0.000000 0.002188 0.000000 0.000000 0.000000 0.000000 0.000000 0.000000 0.000000 6.832569 0.000000 6.832569
0.000000 0.003865 0.000000 0.000000 0.000000 0.000000 0.000000 0.000000 0.000000 6.832309 0.000000 6.832309
0.000000 0.004841 0.000000 0.000000 0.000000 0.000000 0.000000 0.000000 0.000000 6.833726 0.000000 6.833726
0.000000 0.086499 0.000000 0.000000 0.000000 0.000000 0.000000 0.000000 0.000000 6.835451 0.000000 6.835451
0.000000 0.286546 0.000000 0.000000 0.000000 0.000000 0.000000 0.000000 0.000000 6.837360 0.000000 6.837360
0.000000 0.420164 0.000000 0.000000 0.000000 0.000000 0.000000 0.000000 0.000000 6.837277 0.000000 6.837277
0.000000 0.434310 0.000000 0.000000 0.000000 0.000000 0.000000 0.000000 0.000000 6.835382 0.000000 6.835382
0.000000 0.468834 0.000000 0.000000 0.000000 0.000000 0.000000 0.000000 0.000000 6.835852 0.000000 6.835852
0.000000 0.543824 0.000000 0.000000 0.000000 0.000000 0.000000 0.000000 0.000000 6.834754 0.000000 6.834754
0.000000 0.605746 0.000000 0.000000 0.000000 0.000000 0.000000 0.000000 0.000000 6.828908 0.000000 6.828908
0.000000 0.673535 0.000000 0.000000 0.000000 0.000000 0.000000 0.000000 0.000000 6.832873 0.000000 6.832873
0.000000 0.744971 0.000000 0.000000 0.000000 0.000000 0.000000 0.000000 0.000000 6.831135 0.000000 6.831135
0.000000 0.810723 0.000000 0.000000 0.000000 0.000000 0.000000 0.000000 0.000000 6.832750 0.000000 6.832750
0.000000 0.877859 0.000000 0.000000 0.000000 0.000000 0.000000 0.000000 0.000000 6.849105 0.000000 6.849105
0.000000 0.944507 0.000000 0.000000 0.000000 0.000000 0.000000 0.000000 0.000000 6.855213 0.000000 6.855213
0.148430 1.023491 0.000000 0.000000 0.000000 0.000000 0.000000 0.000000 0.000000 6.856392 0.000000 6.856392
0.112564 1.113881 0.000000 0.000000 0.000000 0.000000 0.000000 0.000000 0.000000 6.850156 0.000000 6.850156
0.108497 1.213545 0.000000 0.000000 0.000000 0.000000 0.000000 0.000000 0.000000 6.845569 0.000000 6.845569
0.110802 1.321053 0.000000 0.000000 0.000000 0.000000 0.000000 0.000000 0.000000 6.849286 0.000000 6.849286
0.118638 1.433248 0.000000 0.000000 0.000000 0.000000 0.000000 0.000000 0.000000 6.852942 0.000000 6.852942
0.125283 1.541931 0.000000 0.000000 0.000000 0.000000 0.000000 0.000000 0.000000 6.856201 0.000000 6.856201
0.145225 1.661034 0.000000 0.000000 0.000000 0.000000 0.000000 0.000000 0.000000 6.849789 0.000000 6.849789
0.160654 1.776823 0.000000 0.000000 0.000000 0.000000 0.000000 0.000000 0.000000 6.840418 0.000000 6.840418
0.161070 1.876769 0.000000 0.000000 0.000000 0.000000 0.000000 0.000000 0.000000 6.835695 0.000000 6.835695
0.162037 1.973225 0.000000 0.000000 0.000000 0.000000 0.000000 0.000000 0.000000 6.831913 0.000000 6.831913
0.165906 2.068566 0.000000 0.000000 0.000000 0.000000 0.000000 0.000000 0.000000 6.832955 0.000000 6.832955
0.168569 2.159469 0.000000 0.000000 0.000000 0.000000 0.000000 0.000000 0.000000 6.831293 0.000000 6.831293
0.159418 2.249866 0.000000 0.000000 0.000000 0.000000 0.000000 0.000000 0.000000 6.833526 0.000000 6.833526
0.147767 2.346902 0.000000 0.000000 0.000000 0.000000 0.000000 0.000000 0.000000 6.844422 0.000000 6.844422
0.146499 2.444645 0.000000 0.000000 0.000000 0.000000 0.000000 0.000000 0.000000 6.845896 0.000000 6.845896
0.151909 2.540404 0.000000 0.000000 0.000000 0.000000 0.000000 0.000000 0.000000 6.840012 0.000000 6.840012
0.159800 2.631239 0.000000 0.000000 0.000000 0.000000 0.000000 0.000000 0.000000 6.835097 0.000000 6.835097
0.161680 2.718746 0.000000 0.000000 0.000000 0.000000 0.000000 0.000000 0.000000 6.832315 0.000000 6.832315
0.161332 2.819672 0.000000 0.000000 0.000000 0.000000 0.000000 0.000000 0.000000 6.832910 0.000000 6.832910
0.160395 2.926018 0.000000 0.000000 0.000000 0.000000 0.000000 0.000000 0.000000 6.834264 0.000000 6.834264
0.156430 3.017132 0.000000 0.000000 0.000000 0.000000 0.000000 0.000000 0.000000 6.830224 0.000000 6.830224
0.153082 3.110060 0.000000 0.000000 0.000000 0.000000 0.000000 0.000000 0.000000 6.828434 0.000000 6.828434
0.181258 3.333052 0.000000 0.000000 0.000000 0.000000 0.000000 0.000000 0.000000 6.828792 0.000000 6.828792
0.169930 3.392136 0.000000 0.000000 0.000000 0.000000 0.000000 0.000000 0.000000 6.824314 0.000000 6.824314
0.130763 3.342362 0.000000 0.000000 0.000000 0.000000 0.000000 0.000000 0.000000 6.822490 0.000000 6.822490
0.167020 3.591661 0.000000 0.000000 0.000000 0.000000 0.000000 0.000000 0.000000 6.820164 0.000000 6.820164
0.159305 3.661054 0.000000 0.000000 0.000000 0.000000 0.000000 0.000000 0.000000 6.823626 0.000000 6.823626
0.118803 3.601219 0.000000 0.000000 0.000000 0.000000 0.000000 0.000000 0.000000 6.828392 0.000000 6.828392
0.117537 3.705105 0.000000 0.000000 0.000000 0.000000 0.000000 0.000000 0.000000 6.831063 0.000000 6.831063
0.118134 3.801675 0.000000 0.000000 0.000000 0.000000 0.000000 0.000000 0.000000 6.825367 0.000000 6.825367
0.115740 3.898818 0.000000 0.000000 0.000000 0.000000 0.000000 0.000000 0.000000 6.824258 0.000000 6.824258
0.113537 4.001984 0.000000 0.000000 0.000000 0.000000 0.000000 0.000000 0.000000 6.826870 0.000000 6.826870
0.117555 4.105862 0.000000 0.000000 0.000000 0.000000 0.000000 0.000000 0.000000 6.818798 0.000000 6.818798
0.115496 4.202291 0.000000 0.000000 0.000000 0.000000 0.000000 0.000000 0.000000 6.822245 0.000000 6.822245
0.110157 4.290152 0.000000 0.000000 0.000000 0.000000 0.000000 4.290152 4.290152 6.825575 0.000000 6.825575
0.108610 4.382788 0.000000 -0.000473 0.000000 0.311016 0.000000 4.969327 4.811846 13.602546 8.117636 13.602546
0.107000 4.481543 -0.000045 0.001686 0.012097 0.539564 0.000896 4.503096 -1552.232215 13.519440 14.082843 13.519440
0.107864 4.581389 0.000196 -7.944997 0.052752 0.428326 0.795465 4.601726 -1396.593152 13.444150 11.179470 13.444150
0.121829 4.746547 0.000139 -7.151556 0.052752 0.471855 0.403215 5.032425 -1256.289161 13.393422 12.315592 13.393422
0.136563 4.929694 0.000056 -6.436468 0.052752 0.452616 -0.183666 4.928427 -1130.086357 13.350465 11.813465 13.350465
0.143782 5.064040 0.000100 -5.793094 0.052752 0.457824 1.246515 5.287921 -1016.455927 13.301036 11.949397 13.301036
0.157108 5.213887 0.000025 -5.213960 0.052752 0.455843 0.887308 5.256134 -914.187471 13.235004 11.897677 13.235004
0.176929 5.398115 0.000059 -4.692986 0.052752 0.456424 0.518178 5.612100 -822.128513 13.130559 11.912852 13.130559
0.185291 5.558282 -0.000016 -4.223993 0.052752 0.455547 0.317262 5.606647 -739.268414 12.962995 11.889967 12.962995
0.182716 5.702876 0.000012 -3.801865 0.052752 0.448084 0.603559 5.860416 -664.690727 12.796931 11.695160 12.796931
0.179983 5.849824 -0.000036 -3.422017 0.052752 0.435632 0.859530 5.924066 -597.553956 12.607184 11.370178 12.607184
0.169457 5.980733 -0.000028 -3.080061 0.052752 0.419056 0.971384 6.118935 -537.107619 12.413533 10.937520 12.413533
0.157121 6.120290 -0.000052 -2.772294 0.052752 0.397401 1.008783 6.232185 -482.674016 12.242861 10.372326 12.242861
0.143678 6.239883 -0.000048 -2.495109 0.047732 0.379423 0.817551 6.386471 -433.642196 11.961185 9.903103 11.961185
0.129327 6.341044 -0.000047 -2.245398 0.043190 0.361723 0.473016 6.459212 -389.489361 11.670814 9.441111 11.670814
0.120449 6.468501 -0.000021 -2.020720 0.039080 0.347351 -0.080514 6.643328 -349.726180 11.336658 9.066004 11.336658
0.110684 6.598663 -0.000023 -1.818458 0.035361 0.332331 2.490104 6.733401 -313.923226 11.072188 8.673958 11.072188
0.101981 6.722820 0.000001 -1.636376 0.031996 0.321623 2.185113 6.894403 -281.678574 10.888049 8.394495 10.888049
0.099224 6.868354 0.000006 -1.472562 0.028951 0.315760 1.913330 7.034718 -252.636678 10.712108 8.241448 10.712108
0.101549 7.015600 0.000018 -1.325102 0.026196 0.312839 1.674232 7.185790 -226.485965 10.455618 8.165212 10.455618
0.105574 7.151645 0.000025 -1.192339 0.023703 0.310944 1.467418 7.296281 -202.950252 10.158753 8.115748 10.158753
0.111038 7.312142 0.000040 -1.073047 0.021448 0.308014 1.319143 7.478209 -181.770634 10.098711 8.039284 10.098711
0.112323 7.435174 0.000028 -0.965587 0.019407 0.311868 1.206967 7.555357 -162.695441 10.003906 8.139871 10.003906
0.109907 7.527624 0.000046 -0.868711 0.017560 0.314602 1.096160 7.645379 -145.533192 9.801897 8.211236 9.801897
0.110053 7.641633 0.000055 -0.781708 0.015889 0.311751 1.003250 7.758055 -130.096291 9.602255 8.136833 9.602255
0.110468 7.740432 0.000052 -0.703432 0.014377 0.308073 0.931431 7.836350 -116.202602 9.425637 8.040814 9.425637
0.108015 7.830622 0.000056 -0.632988 0.014938 0.304662 0.883743 7.930006 -103.695314 9.496174 7.951808 9.496174
0.105746 7.928647 0.000053 -0.569658 0.014938 0.306902 0.842134 8.043504 -92.416974 9.587726 8.010270 9.587726
0.102664 8.003555 0.000049 -0.512483 0.014938 0.310840 0.764108 8.090024 -82.256494 9.418812 8.113035 9.418812
0.097286 8.065025 0.000063 -0.460944 0.017055 0.307186 0.665459 8.143057 -73.126310 9.187810 8.017669 9.187810
0.092887 8.137334 0.000070 -0.414719 0.018696 0.299512 0.572315 8.220604 -64.912098 8.945136 7.817375 8.945136
0.088846 8.205575 0.000066 -0.373147 0.018696 0.290776 0.497482 8.278219 -57.515664 8.939383 7.589380 8.828578
0.092204 8.339021 0.000067 -0.336081 0.018696 0.288705 0.451628 8.489015 -50.828843 9.190345 7.535302 8.939353
0.090722 8.405567 0.000031 -0.302295 0.018696 0.296568 0.373452 8.463061 -44.781150 9.107318 7.740547 8.868198
0.084099 8.422197 0.000068 -0.271516 0.018696 0.298741 0.223529 8.492117 -39.358205 9.035570 7.797264 8.778698
0.085392 8.514931 0.000082 -0.244314 0.021988 0.298974 0.027964 8.626149 -34.477925 9.004340 7.803336 8.711425
0.087908 8.596812 0.000063 -0.219826 0.021988 0.300933 -1.924449 8.663508 -30.080286 8.765605 7.854457 8.513935
0.089618 8.666221 0.000071 -0.197738 0.021988 0.297674 -1.711305 8.736795 -26.137231 8.816102 7.769402 8.492927
0.092484 8.733469 0.000063 -0.177958 0.021988 0.301352 -1.522931 8.809389 -22.571580 8.594495 7.865416 8.331852
0.094630 8.798949 0.000059 -0.160095 0.021988 0.299518 -1.349765 8.845333 -19.379791 8.353037 7.817531 8.126761
0.095178 8.861884 0.000058 -0.144128 0.021988 0.294050 -1.209105 8.915329 -16.515421 8.228544 7.674812 7.981944
0.095697 8.917811 0.000045 -0.129795 0.021988 0.290117 -1.087495 8.961368 -13.930526 7.976722 7.572163 7.761905
0.126909 9.293149 0.000039 -0.118519 0.021988 0.281989 -0.991836 9.588946 -11.577786 7.707661 7.360016 7.501753
0.118516 9.259642 -0.000126 -0.106341 0.033803 0.272602 -0.917839 9.022298 -9.467944 7.355655 7.115012 7.177170
0.094250 9.081211 0.000046 -0.094663 0.033803 0.260505 -0.899478 9.146408 -7.594962 7.379960 6.799282 7.088147
0.087868 9.098549 0.000013 -0.085193 0.033803 0.255918 -0.897429 9.103857 -5.882017 7.604730 6.679556 7.185277
0.071327 9.013200 0.000035 -0.076016 0.033803 0.258945 -0.842311 9.010131 -4.323037 7.728856 6.758579 7.270154
0.066811 9.049326 0.000076 -0.068244 0.033803 0.261299 -0.709176 9.153525 -2.912958 7.817458 6.820004 7.325098
0.063524 9.078052 0.000050 -0.061195 0.033803 0.263250 -0.483615 9.092557 -1.638973 7.499438 6.870930 7.110870
0.062443 9.131106 0.000082 -0.054964 0.033803 0.255754 -0.158025 9.209130 -0.514780 7.394738 6.675272 6.962812
0.059810 9.177759 0.000055 -0.049465 0.033803 0.250307 0.479765 9.206676 0.508488 7.598165 6.533121 7.029465
0.059093 9.219493 0.000065 -0.044455 0.033803 0.254279 0.231165 9.309705 1.459547 7.386337 6.636779 6.907440
0.058302 9.261665 0.000053 -0.039817 0.033803 0.251708 -0.186445 9.279506 2.296032 7.055839 6.569685 6.659674
0.056705 9.305440 0.000071 -0.035772 0.033803 0.243238 0.174091 9.362684 3.033471 6.444284 6.348608 6.187173
0.056895 9.355217 0.000052 -0.032262 0.030586 0.225773 -0.190706 9.356425 3.672828 5.797462 5.892758 5.618761
0.062837 9.450418 0.000050 -0.029485 0.027676 0.204741 0.051161 9.518458 4.243433 5.274790 5.343818 5.099346
0.079061 9.653486 -0.000000 -0.027610 0.025042 0.185987 -0.375409 9.756326 4.779256 4.998116 4.854324 4.754486
0.069932 9.592769 -0.000066 -0.024565 0.022659 0.174278 -0.300423 9.472718 5.271402 4.619889 4.548717 4.408414
0.052270 9.433274 0.000020 -0.021240 0.020503 0.162792 -0.187247 9.407062 5.692933 3.824920 4.248925 3.807593
0.055914 9.487205 0.000037 -0.019364 0.018552 0.141003 -0.049753 9.519488 6.040528 3.160003 3.680241 3.200235
0.056730 9.528594 -0.000005 -0.017801 0.016786 0.118228 0.007247 9.496822 6.350278 2.669405 3.085789 2.692833
0.053407 9.533974 -0.000009 -0.016248 0.015189 0.097971 1.099052 9.532435 6.637387 2.157829 2.557092 2.193388
0.049772 9.529763 -0.000026 -0.014761 0.013743 0.078040 0.996499 9.497650 6.896650 1.542606 2.036871 1.632202
0.047207 9.554105 -0.000023 -0.013562 0.012435 0.055355 0.902097 9.562163 7.125288 1.073793 1.444791 1.134621
0.037154 9.516830 -0.000048 -0.012205 0.012850 0.034059 0.814715 9.452711 7.336590 0.789575 0.888940 0.758228
0.025335 9.451632 -0.000021 -0.010794 0.012850 0.017823 0.714768 9.443308 7.540634 0.320082 0.465183 0.313113
0.018254 9.404869 -0.000019 -0.009514 0.012850 0.000179 0.596371 9.363224 7.716164 -0.331546 0.004684 -0.255146
0.011961 9.344128 0.000002 -0.008308 0.012850 -0.020124 0.463342 9.303609 7.853718 -0.857079 -0.525240 -0.770054
0.007472 9.298750 0.000011 -0.007375 0.012850 -0.037382 0.330037 9.269949 7.973309 -1.554730 -0.975676 -1.357644
0.004017 9.250479 0.000012 -0.006518 0.012850 -0.057385 0.190048 9.191431 8.057553 -2.327853 -1.497766 -2.012916
0.004155 9.201109 0.000020 -0.005836 0.012850 -0.079326 0.031204 9.146534 8.109590 -3.036872 -2.070449 -2.643730
0.006981 9.160408 0.000014 -0.005363 0.012850 -0.098908 -0.362394 9.098953 8.142117 -3.849307 -2.581541 -3.311564
0.007723 9.096465 0.000006 -0.004870 0.012850 -0.120511 -0.365749 8.999297 8.142375 -4.196304 -3.145395 -3.707182
0.007778 9.012718 0.000006 -0.004442 0.012850 -0.131512 -0.433240 8.944558 8.150512 -4.302208 -3.432518 -3.854972
0.008133 8.926436 -0.000001 -0.003960 0.012850 -0.133108 -0.497778 8.846647 8.162812 -4.782712 -3.474170 -4.151875
0.006452 8.828698 0.000008 -0.003398 0.011627 -0.142018 -0.549616 8.716100 8.131162 -5.395342 -3.706720 -4.592876
0.005452 8.741314 0.000016 -0.003114 0.010521 -0.158458 -0.597088 8.634712 8.065404 -5.545378 -4.135817 -4.801445
0.006974 8.680810 0.000002 -0.003141 0.009520 -0.166536 -0.634610 8.611866 8.021121 -5.204360 -4.346663 -4.624932
0.005237 8.590263 -0.000020 -0.002905 0.008614 -0.160081 -0.642636 8.508588 8.013644 -5.162722 -4.178186 -4.525666
-0.001381 8.470145 -0.000008 -0.002330 0.007794 -0.157321 -0.615876 8.365476 7.985380 -5.213321 -4.106147 -4.517629
-0.009593 8.360286 0.000012 -0.001913 0.007052 -0.160014 -0.572909 8.273012 7.939749 -5.083373 -4.176421 -4.433969
-0.017007 8.244304 0.000013 -0.001554 0.006381 -0.160037 -0.511051 8.153248 7.902115 -4.811148 -4.177017 -4.235276
-0.019782 8.119112 0.000026 -0.001107 0.006908 -0.152728 -0.431147 8.044196 7.876207 -4.522634 -3.986255 -3.973502
-0.021005 7.987971 0.000040 -0.000570 0.010708 -0.139142 -0.322331 7.902722 7.847115 -4.083676 -3.631650 -3.559579
-0.022866 7.851223 0.000063 -0.000021 0.017031 -0.118648 -0.129896 7.776089 7.813590 -3.878595 -3.096756 -3.266955
-0.024117 7.717113 0.000082 0.000492 0.022135 -0.103202 0.608289 7.611236 7.745246 -3.846126 -2.693607 -3.129149
-0.017634 7.644205 0.000103 0.000516 0.027729 -0.094781 0.388761 7.584054 7.648616 -3.364447 -2.473816 -2.694870
-0.014191 7.512263 0.000077 0.000696 0.027729 -0.074135 0.110029 7.387966 7.568117 -3.009975 -1.934955 -2.283807
-0.016004 7.343187 0.000105 0.001148 0.028180 -0.053333 -0.544060 7.226657 7.464917 -2.503371 -1.392009 -1.752191
-0.011103 7.248556 0.000117 0.001104 0.031345 -0.030424 -0.452969 7.182639 7.359845 -1.807099 -0.794086 -1.060892
-0.004784 7.148754 0.000095 0.001077 0.031345 -0.002459 -0.348704 7.045595 7.262684 -1.425075 -0.064172 -0.589931
-0.000236 7.042960 0.000102 0.001121 0.031345 0.016159 -0.227255 6.938683 7.138542 -1.025326 0.421763 -0.146960
0.036626 7.194476 0.000094 -0.000285 0.031345 0.033647 -0.227044 7.290471 7.035495 -0.424215 0.878211 0.452526
0.032918 7.056378 -0.000039 -0.000107 0.031345 0.053005 -0.245464 6.771324 6.939803 0.045106 1.383452 0.948795
-0.003224 6.723575 0.000078 0.001103 0.031345 0.065015 -0.173594 6.584900 6.817704 0.537804 1.696919 1.431534
-0.002492 6.670233 0.000094 0.000753 0.031345 0.076426 0.019160 6.651479 6.715936 1.025654 1.994754 1.900663
-0.002960 6.595679 0.000043 0.000614 0.031345 0.089081 -4.364358 6.478285 6.631155 1.517189 2.325048 2.371654
-0.008761 6.486372 0.000066 0.000739 0.031345 0.102512 -3.900699 6.432192 6.556027 2.042973 2.675611 2.871400
-0.014794 6.381941 0.000056 0.000888 0.031345 0.118239 -3.471003 6.294245 6.491123 2.388262 3.086088 3.214955
-0.020667 6.297247 0.000075 0.000989 0.031345 0.128020 -3.070779 6.247260 6.419346 2.689505 3.341382 3.505505
-0.027670 6.226344 0.000067 0.000985 0.028362 0.134352 -2.704840 6.160672 6.351106 4.332919 3.506632 5.019388
-0.031352 6.169604 0.000070 0.000926 0.025663 0.190767 -2.371046 6.238784 6.394990 4.728354 4.979087 5.418591
-0.031823 6.128205 0.000059 0.001361 0.023221 0.203531 -2.065119 6.020918 6.349487 5.090143 5.312240 5.757629
-0.034235 6.086937 0.000107 0.001340 0.028888 0.214678 -1.807504 6.123079 6.306558 5.557434 5.603182 6.194021
-0.035707 6.048141 0.000065 0.001319 0.028888 0.230016 -1.572281 5.984756 6.277282 5.974526 6.003517 6.582183
-0.031562 6.053265 0.000095 0.001143 0.028888 0.244286 -1.363284 6.105896 6.252704 6.288371 6.375974 6.871538
-0.033538 6.031638 0.000053 0.001128 0.028888 0.253628 -1.197628 5.965655 6.224021 6.580712 6.619797 7.138002
-0.037059 5.992392 0.000084 0.001182 0.028888 0.262638 -1.066648 6.010848 6.197923 6.791761 6.854958 7.325273
-0.035168 5.992048 0.000063 0.001051 0.028888 0.269122 -0.984228 5.972263 6.172591 7.121051 7.024194 7.625917
-0.030218 6.012247 0.000066 0.000818 0.028888 0.280158 -0.946384 6.051506 6.163828 7.464489 7.312222 7.938087
-0.025374 6.038393 0.000040 0.000640 0.028888 0.291922 -0.908618 6.039334 6.162716 7.731231 7.619269 8.177284
-0.022430 6.062011 0.000043 0.000514 0.028888 0.300055 -0.877710 6.088558 6.161051 7.866758 7.831558 8.291038
-0.017152 6.112305 0.000028 0.000249 0.028888 0.302699 -0.857743 6.133945 6.158819 7.947907 7.900566 8.349394
-0.011962 6.163956 0.000014 -0.000026 0.028888 0.302441 -0.885209 6.191519 6.162887 8.199292 7.893828 8.556745
-0.009886 6.194354 -0.000002 -0.000161 0.026139 0.309106 -0.912077 6.219554 6.188967 8.432627 8.067802 8.752922
-0.011499 6.230489 -0.000003 -0.000212 0.023651 0.314792 -0.918459 6.266627 6.220508 8.593815 8.216185 8.880231
-0.009944 6.285409 -0.000008 -0.000331 0.021401 0.316378 -0.895884 6.328785 6.255349 8.681153 8.257584 8.931021
-0.010676 6.330551 -0.000017 -0.000384 0.019364 0.316252 -0.847097 6.363763 6.294668 8.903433 8.254307 9.095756
-0.013459 6.370941 -0.000016 -0.000389 0.017521 0.320221 -0.793518 6.425418 6.351029 9.070563 8.357905 9.215442
-0.009873 6.435680 -0.000018 -0.000432 0.015854 0.323879 -0.702921 6.497393 6.412997 9.107473 8.453382 9.219022
-0.009557 6.495380 -0.000021 -0.000420 0.014345 0.324059 -0.621307 6.542876 6.470341 9.446115 8.458070 9.475640
-0.011751 6.542632 -0.000018 -0.000369 0.012980 0.333670 -0.542168 6.616615 6.551748 9.613558 8.708921 9.606369
-0.011149 6.608148 -0.000016 -0.000288 0.011745 0.338844 -0.434217 6.669291 6.625303 9.799717 8.843960 9.742135
-0.009786 6.679198 -0.000011 -0.000275 0.010627 0.344087 -0.327373 6.758877 6.702446 9.889603 8.980808 9.796765
-0.007533 6.740881 -0.000014 -0.000196 0.009616 0.347385 -0.202788 6.794712 6.774518 9.737597 9.066878 9.646278
0.000429 6.833758 -0.000004 -0.000302 0.008701 0.343722 -0.129587 6.915350 6.830796 9.686990 8.971287 9.559683
0.007922 6.935721 -0.000023 -0.000535 0.007873 0.342875 -0.210018 7.005750 6.895020 9.713293 8.949179 9.548642
0.013265 7.051904 -0.000031 -0.000801 0.008234 0.343145 -0.315920 7.146193 6.968074 10.003056 8.956209 9.752861
0.011706 7.122604 -0.000050 -0.000789 0.013477 0.350193 -0.371703 7.182325 7.062119 10.338480 9.140172 10.018425
0.004441 7.155498 -0.000034 -0.000477 0.013477 0.359764 -0.353188 7.224000 7.161420 10.534700 9.389982 10.184621
0.002452 7.229306 -0.000018 -0.000346 0.013477 0.364876 -0.246169 7.319490 7.254149 10.817248 9.523402 10.395084
0.004420 7.332199 -0.000019 -0.000398 0.013477 0.372265 -0.002270 7.439502 7.359089 10.903702 9.716265 10.465455
0.005731 7.441347 -0.000023 -0.000420 0.013477 0.370490 14.452854 7.531969 7.456462 10.927399 9.669931 10.436030
0.005537 7.550462 -0.000022 -0.000480 0.013477 0.368663 13.002598 7.659662 7.560267 11.029540 9.622255 10.462721
0.006557 7.670117 -0.000029 -0.000561 0.013477 0.368756 11.697420 7.784133 7.676904 10.980415 9.624676 10.387538
0.008911 7.798683 -0.000031 -0.000621 0.013477 0.365442 10.522470 7.912105 7.790864 10.937877 9.538177 10.296310
0.009788 7.920251 -0.000035 -0.000660 0.013477 0.361901 9.465838 8.031850 7.908885 10.855258 9.445747 10.174728
0.010199 8.040842 -0.000036 -0.000673 0.013477 0.357466 8.515330 8.153856 8.027900 10.561923 9.329994 9.900303
0.008842 8.145216 -0.000037 -0.000599 0.013477 0.347285 7.661475 8.230792 8.132119 10.332615 9.064266 9.632480
0.008619 8.243658 -0.000029 -0.000569 0.012194 0.338181 6.894813 8.349172 8.238494 10.006227 8.826667 9.307467
0.010751 8.357291 -0.000032 -0.000606 0.011034 0.327820 6.207483 8.452342 8.338929 9.849432 8.556235 9.090501
0.013168 8.472934 -0.000033 -0.000684 0.009984 0.321834 5.590863 8.586496 8.449417 9.817454 8.399989 8.991381
0.017658 8.590602 -0.000040 -0.000721 0.010792 0.320937 5.036040 8.700304 8.569952 9.523560 8.376591 8.761747
0.021586 8.705691 -0.000038 -0.000693 0.010792 0.315291 4.536916 8.796109 8.669634 9.441320 8.229220 8.638516
0.026176 8.835232 -0.000037 -0.000845 0.010792 0.312927 4.088973 8.957530 8.777193 9.610129 8.167507 8.706160
0.028802 8.937237 -0.000053 -0.000817 0.014178 0.317829 3.684502 9.029307 8.901502 9.758810 8.295453 8.821728
0.032936 9.035891 -0.000038 -0.000686 0.014178 0.325057 3.315518 9.151020 9.024803 9.637044 8.484105 8.787964
0.034630 9.119530 -0.000037 -0.000483 0.014178 0.326645 2.979116 9.180895 9.120832 9.575247 8.525563 8.749793
0.035292 9.207312 -0.000019 -0.000441 0.014178 0.326655 2.675470 9.307250 9.208285 9.622883 8.525821 8.769007
0.035944 9.285591 -0.000030 -0.000395 0.014178 0.328325 2.399830 9.350626 9.298378 9.585745 8.569422 8.750921
0.061217 9.605694 -0.000016 -0.001568 0.014178 0.327999 2.147469 9.886049 9.405410 9.230204 8.560895 8.519964
0.054973 9.627301 -0.000139 -0.001132 0.037276 0.319535 1.921746 9.470550 9.477848 8.794633 8.339980 8.169923
0.023532 9.396913 0.000000 0.000413 0.037276 0.306119 1.690008 9.372137 9.503887 8.578520 7.989816 7.909019
0.026012 9.470467 0.000036 0.000171 0.037276 0.296391 1.489558 9.593328 9.544742 8.230650 7.735928 7.602374
0.029476 9.542146 -0.000015 0.000013 0.037276 0.286395 1.330612 9.538341 9.581624 8.308739 7.475022 7.551190
0.030872 9.595359 0.000011 -0.000070 0.037276 0.286908 1.216905 9.703565 9.645589 8.624617 7.488419 7.741670
0.034026 9.666783 -0.000018 -0.000108 0.037276 0.296741 1.115072 9.722658 9.733008 8.818835 7.745062 7.949114
0.039612 9.756418 0.000002 -0.000119 0.037276 0.306758 0.998166 9.864039 9.815963 8.644731 8.006509 7.942601
0.042374 9.820631 -0.000015 -0.000024 0.037276 0.308071 0.869524 9.833819 9.864344 8.385553 8.040766 7.806558
0.040975 9.860787 0.000008 0.000018 0.037276 0.303001 0.775687 9.908247 9.889873 8.691522 7.908452 7.942876
0.042792 9.931996 -0.000006 -0.000215 0.037276 0.307739 0.694820 10.009784 9.952875 8.994548 8.032109 8.169710
0.073229 10.307776 -0.000017 -0.001811 0.037276 0.315821 0.565520 10.618425 10.060620 8.932865 8.243061 8.215558
0.065431 10.270554 -0.000160 -0.001071 0.043050 0.317273 0.391094 10.044045 10.133401 8.854990 8.280949 8.187753
0.033953 9.985744 0.000024 0.000754 0.043050 0.316316 0.149998 9.982200 10.161731 9.203946 8.255976 8.382565
0.036568 10.065010 0.000050 0.000494 0.043050 0.323583 -0.313148 10.202428 10.223228 9.525801 8.445651 8.641939
0.044712 10.194969 0.000005 0.000144 0.043050 0.333456 0.006443 10.270094 10.301494 9.654548 8.703346 8.816731
0.045882 10.249036 0.000008 0.000268 0.043050 0.344642 -16.286252 10.303601 10.367660 9.923647 8.995280 9.090292
0.043178 10.255717 0.000018 0.000571 0.043050 0.355430 -14.650660 10.287107 10.426163 10.035803 9.276862 9.271430
0.046342 10.328862 0.000039 0.000497 0.043050 0.362704 -13.176631 10.419243 10.473410 9.826181 9.466716 9.236236
0.048860 10.400564 0.000015 0.000372 0.043050 0.360829 -11.849051 10.412607 10.493113 9.704693 9.417774 9.157528
0.050227 10.460098 0.000023 0.000168 0.043050 0.357104 -10.656079 10.519632 10.511352 9.741410 9.320569 9.147605
0.054670 10.551831 -0.000002 -0.000207 0.043050 0.355979 -9.583192 10.609186 10.546994 9.739967 9.291194 9.142024
0.056427 10.611737 -0.000018 -0.000330 0.043050 0.355343 -8.618809 10.647470 10.587160 9.798958 9.274582 9.174462
0.056813 10.657374 -0.000017 -0.000358 0.038953 0.356264 -7.752619 10.704665 10.633549 9.535784 9.298621 9.044529
0.062177 10.759739 -0.000020 -0.000644 0.035246 0.350675 -6.975229 10.821603 10.663973 9.432015 9.152750 8.933938
0.063561 10.816774 -0.000045 -0.000780 0.031892 0.345893 -6.278845 10.833877 10.700219 9.572385 9.027933 8.964987
0.063086 10.850663 -0.000039 -0.000768 0.028857 0.346935 -5.653516 10.904966 10.756138 9.426466 9.055148 8.900586
0.067114 10.947159 -0.000043 -0.000975 0.026111 0.343925 -5.089930 11.008790 10.803117 9.439566 8.976568 8.879240
0.064291 10.970184 -0.000059 -0.000853 0.023626 0.342135 -4.582499 10.974060 10.854583 9.451887 8.929853 8.869111
0.058523 10.955324 -0.000035 -0.000514 0.021378 0.340833 -4.125122 10.979528 10.903849 9.340321 8.895884 8.796238
0.067275 11.119405 -0.000023 -0.001100 0.019344 0.336852 -3.714049 11.264673 10.958771 9.443027 8.791979 8.807752
0.062692 11.125847 -0.000088 -0.000853 0.023774 0.336257 -3.343309 11.063663 11.024356 9.479693 8.776437 8.819272
0.049678 11.031716 -0.000013 -0.000038 0.023774 0.336248 -3.011295 11.058954 11.077889 9.400363 8.776194 8.775079
0.051137 11.117665 0.000004 -0.000203 0.023774 0.333661 -2.711589 11.211493 11.128726 9.500671 8.708677 8.795997
0.050561 11.175271 -0.000025 -0.000238 0.023774 0.333664 -2.439491 11.205753 11.192840 9.647058 8.708773 8.868534
0.065125 11.395789 -0.000005 -0.001036 0.023774 0.336313 -2.189610 11.618260 11.283576 9.704149 8.777903 8.923778
0.065211 11.430161 -0.000097 -0.000748 0.025990 0.339703 -1.956179 11.349221 11.367773 9.886819 8.866373 9.054282
0.062640 11.425200 0.000004 -0.000293 0.025990 0.346798 -1.741123 11.562593 11.450126 9.884964 9.051577 9.133501
0.065220 11.477570 -0.000033 -0.000140 0.025990 0.351977 -1.539977 11.472117 11.515437 9.806402 9.186731 9.154090
0.063875 11.490502 0.000011 0.000127 0.025990 0.354507 -1.361199 11.551731 11.559465 9.913794 9.252781 9.243047
0.066713 11.558944 0.000001 0.000003 0.025990 0.358766 -1.200868 11.614339 11.609038 9.885126 9.363942 9.282662
0.083465 11.820579 -0.000002 -0.001080 0.025990 0.360160 -1.052361 12.024698 11.669320 9.870688 9.400321 9.296852
0.078969 11.827209 -0.000102 -0.000806 0.027540 0.359313 -0.913373 11.704531 11.720422 10.134167 9.378210 9.425320
0.054718 11.592109 0.000003 0.000655 0.027540 0.362877 -0.765801 11.558924 11.764344 10.074609 9.471228 9.438739
0.074204 11.906790 0.000058 -0.000727 0.027540 0.360987 -0.594907 12.230381 11.823888 9.504631 9.421908 9.128563
0.074399 11.965164 -0.000117 -0.000721 0.031430 0.347265 -0.407531 11.759201 11.844226 8.921295 9.063759 8.671422
0.058142 11.821002 0.000023 0.000119 0.031430 0.328729 -0.252184 11.859748 11.831208 8.841398 8.579950 8.407841
0.054733 11.840937 -0.000009 -0.000050 0.031430 0.317726 -0.222326 11.845516 11.851809 8.729007 8.292780 8.215619
0.048228 11.819209 0.000001 0.000166 0.031430 0.310163 -0.311390 11.830913 11.881299 8.634923 8.095381 8.072917
0.051561 11.919278 0.000014 -0.000194 0.031430 0.304487 -0.411878 12.030477 11.925603 8.541282 7.947237 7.952627
0.049952 11.958149 -0.000031 -0.000166 0.031430 0.300069 -0.474798 11.944884 11.973456 6.175643 7.831909 6.736617
0.048544 11.994613 0.000007 -0.000108 0.031430 0.251708 -0.516156 11.910052 11.851227 6.983139 6.569688 6.534096
0.059052 12.175436 -0.000017 -0.001655 0.031430 0.244328 -0.501537 12.418784 11.914688 6.861714 6.377048 6.377685
0.055317 12.173109 -0.000145 -0.001319 0.038906 0.239123 -0.476175 12.012955 11.976916 7.035538 6.241193 6.391406
0.047045 12.103094 -0.000012 -0.000644 0.038906 0.241015 -0.383841 12.234840 12.049169 6.518470 6.290592 6.160796
0.047536 12.166263 -0.000054 -0.000598 0.038906 0.232696 -0.225202 12.128510 12.077987 6.616974 6.073459 6.101169
0.046403 12.226326 -0.000016 -0.000757 0.038906 0.229704 0.005461 12.345383 12.133625 7.298968 5.995362 6.383938
0.042932 12.249724 -0.000062 -0.000592 0.038906 0.244721 -18.158399 12.271065 12.243103 7.622499 6.387309 6.724961
0.040522 12.259823 -0.000009 -0.000085 0.038906 0.257506 -16.333493 12.343560 12.337507 6.631560 6.721004 6.416968
0.042847 12.303828 -0.000003 0.000172 0.038906 0.246054 -14.684697 12.265327 12.327424 4.956353 6.422117 5.483289
0.043528 12.348866 0.000016 -0.000109 0.038906 0.210026 -13.202455 12.305655 12.219526 4.822418 5.481766 4.966947
0.045128 12.381860 -0.000026 -0.000828 0.038906 0.190167 -11.871658 12.393323 12.186259 4.482266 4.963436 4.556857
0.045183 12.375473 -0.000060 -0.000966 0.038906 0.176083 -10.676879 12.325070 12.169056 4.588817 4.595824 4.431538
0.042052 12.351225 -0.000046 -0.000930 0.038906 0.172725 -9.607331 12.371623 12.186747 5.018119 4.508203 4.594458
0.042147 12.365089 -0.000054 -0.000910 0.035204 0.180070 -8.644284 12.398145 12.242863 4.378860 4.699903 4.392278
0.043327 12.392455 -0.000046 -0.000763 0.031854 0.172351 -7.778082 12.363800 12.233720 4.055519 4.498434 4.148348
0.044177 12.413500 -0.000039 -0.000917 0.028823 0.162623 -7.001023 12.420008 12.218446 4.082258 4.244529 4.042519
0.043658 12.412391 -0.000059 -0.000990 0.026080 0.158504 -6.302004 12.394115 12.225658 4.164645 4.137015 4.033501
0.042845 12.398320 -0.000050 -0.000881 0.023598 0.158420 -5.672154 12.403759 12.244999 3.538004 4.134834 3.743910
0.042833 12.396318 -0.000047 -0.000772 0.021352 0.147324 -5.103230 12.345558 12.215324 2.932314 3.845208 3.324913
0.043911 12.400823 -0.000039 -0.000947 0.019320 0.130800 -4.593703 12.376499 12.165338 3.022081 3.413931 3.162559
0.045192 12.405099 -0.000062 -0.001224 0.017482 0.125056 -4.136418 12.398561 12.159896 3.665426 3.264015 3.396686
0.041155 12.369771 -0.000070 -0.001071 0.018855 0.134335 -3.725569 12.376875 12.211019 4.524100 3.506189 3.921311
0.037179 12.334178 -0.000049 -0.000629 0.018855 0.154177 -3.349464 12.376440 12.299755 4.102784 4.024093 3.980068
0.036439 12.328553 -0.000024 -0.000147 0.018855 0.155679 -3.001835 12.296150 12.308542 3.872149 4.063290 3.895171
0.038548 12.335136 0.000002 -0.000136 0.018855 0.152136 -2.688076 12.351974 12.296852 17.941761 3.970802 10.444809
0.041959 12.343993 -0.000018 -0.000241 0.018855 0.417809 -2.404961 13.386479 13.350437 11.045285 10.904987 10.573442
0.043993 12.342180 -0.000012 0.005146 0.018855 0.423779 -2.149177 11.517274 13.260144 11.580502 11.060797 10.923679
0.051871 12.404575 0.000496 0.004366 0.133450 0.438701 -1.938339 13.153433 13.213604 11.484879 11.450261 11.090535
0.060377 12.472658 0.000018 0.003781 0.133450 0.446272 -1.487507 11.930638 13.142108 11.375681 11.647876 11.159838
0.062710 12.477438 0.000347 0.003392 0.133450 0.449179 -1.087495 12.894443 13.055206 11.727684 11.723760 11.390129
0.065615 12.511665 0.000048 0.002774 0.133450 0.457102 -0.719648 12.205737 13.001147 11.948903 11.930532 11.619653
0.068777 12.552230 0.000230 0.002291 0.133450 0.464011 -0.317927 12.830803 12.957634 10.358654 12.110872 10.973265
0.069192 12.582522 0.000040 0.001914 0.133450 0.435221 -0.129985 12.252349 12.788575 10.952289 11.359433 10.914034
0.072605 12.621578 0.000156 0.000852 0.133450 0.430491 -3.375851 12.886394 12.741309 12.988398 11.235984 11.836771
0.076940 12.631883 -0.000038 0.000558 0.133450 0.467693 -3.223431 12.559837 12.861929 13.422178 12.206974 12.523192
0.075463 12.648492 0.000089 0.001089 0.133450 0.494476 -3.141171 12.810648 12.931817 14.197012 12.906023 13.243186
0.075514 12.690923 0.000038 0.001229 0.133450 0.519568 -3.055410 12.692064 13.004649 12.960489 13.560925 12.986414
0.080440 12.733818 0.000092 0.001382 0.133450 0.507623 -2.924600 12.722143 12.932488 11.059112 13.249159 11.947818
0.084761 12.785121 0.000063 0.000752 0.120750 0.465907 -2.909610 12.671086 12.753333 11.544391 12.160354 11.668318
0.087283 12.811374 0.000027 -0.000296 0.109259 0.454573 -2.975743 12.877361 12.712894 12.436215 11.864531 11.960190
0.086599 12.804311 -0.000044 -0.000467 0.098862 0.466499 -2.988300 12.788791 12.764955 13.634958 12.175813 12.688477
0.086554 12.806703 -0.000004 -0.000213 0.089454 0.494938 -2.894790 12.930578 12.878675 12.840870 12.918086 12.676711
0.089735 12.828387 -0.000013 0.000257 0.080941 0.494642 -2.694593 12.740836 12.867849 11.316917 12.910351 11.959115
0.094438 12.889393 0.000038 -0.000110 0.073239 0.466036 -2.538302 12.888611 12.750376 12.363821 12.163723 12.111446
0.096898 12.908935 -0.000038 -0.000809 0.066269 0.472044 -2.414776 12.940217 12.781254 12.655386 12.320536 12.334963
0.098402 12.899314 -0.000044 -0.000603 0.059963 0.481755 -2.273810 12.891731 12.818199 12.026269 12.573987 12.166131
0.107173 13.007560 -0.000020 -0.000966 0.054257 0.475536 -2.133201 13.059103 12.796015 11.405877 12.411678 11.804110
0.107073 12.995078 -0.000074 -0.001016 0.049093 0.460834 -2.004895 12.868347 12.740411 10.735420 12.027960 11.312040
0.104983 12.913882 -0.000036 -0.000885 0.044422 0.441184 -1.903959 12.853271 12.660721 10.926615 11.515086 11.171676
0.119476 13.054904 -0.000055 -0.002012 0.040194 0.437875 -1.824014 13.172031 12.655959 11.595440 11.428721 11.466644
0.121926 13.051511 -0.000147 -0.002019 0.039642 0.451459 -1.751882 12.967612 12.708031 12.034375 11.783267 11.860293
0.117095 12.952033 -0.000075 -0.001245 0.039642 0.467337 -1.672051 12.958422 12.751283 11.646789 12.197682 11.881412
0.121426 12.988959 -0.000060 -0.001213 0.039642 0.467431 -1.577710 12.972030 12.733692 11.016176 12.200126 11.590727
0.138122 13.199938 -0.000069 -0.002379 0.039642 0.454988 -1.498607 13.293380 12.691432 10.309821 11.875375 11.108648
0.135187 13.122413 -0.000173 -0.002199 0.046615 0.434949 -1.449357 12.868106 12.616996 10.727509 11.352340 11.082649
0.120721 12.875556 -0.000074 -0.001320 0.046615 0.432604 -1.457129 12.834607 12.595943 11.300289 11.291137 11.345398
0.123246 12.872590 -0.000070 -0.001412 0.046615 0.442796 -1.428451 12.903663 12.624294 10.392446 11.557159 11.031004
0.125245 12.870114 -0.000082 -0.001255 0.046615 0.429619 -1.379621 12.755834 12.561435 9.284195 11.213226 10.334959
0.127907 12.867504 -0.000058 -0.001562 0.046615 0.401119 -1.359812 12.812019 12.447220 9.277623 10.469377 9.997939
0.131773 12.863236 -0.000107 -0.002123 0.046615 0.387954 -1.378652 12.814739 12.399351 9.570172 10.125762 9.993229
0.134321 12.850424 -0.000121 -0.002302 0.046615 0.388729 -1.393006 12.837262 12.402747 9.839619 10.145987 10.144228
0.136466 12.836024 -0.000127 -0.002211 0.046615 0.394946 -1.383310 12.812032 12.423074 9.721594 10.308257 10.166096
0.140712 12.823756 -0.000115 -0.002045 0.046615 0.396661 -1.326577 12.789091 12.419099 8.641607 10.353010 9.650563
0.143944 12.801401 -0.000109 -0.001951 0.046615 0.377388 -1.287682 12.682765 12.328845 8.293299 9.849971 9.259415
0.144993 12.750431 -0.000105 -0.002152 0.046615 0.362411 -1.318530 12.687697 12.254137 8.629142 9.459069 9.266987
0.145919 12.696246 -0.000128 -0.002256 0.042179 0.363399 -1.380680 12.640778 12.236041 9.462119 9.484864 9.715475
0.147135 12.641212 -0.000120 -0.002068 0.038165 0.381728 -1.409565 12.639852 12.274850 9.932851 9.963260 10.178941
0.149717 12.588385 -0.000109 -0.001600 0.034533 0.401063 -1.369624 12.544929 12.303921 9.617575 10.467899 10.252895
0.152319 12.538752 -0.000073 -0.001198 0.031247 0.404798 -1.301708 12.469972 12.263566 9.585558 10.565395 10.296413
0.154059 12.484759 -0.000063 -0.001129 0.028273 0.406710 -1.232025 12.423027 12.212124 9.560632 10.615284 10.322767
0.155850 12.435207 -0.000064 -0.001138 0.025583 0.407335 -1.157655 12.365773 12.155254 9.333752 10.631608 10.237363
0.156042 12.367073 -0.000064 -0.001081 0.023148 0.403005 -1.085138 12.270677 12.078999 9.282447 10.518582 10.172545
0.158626 12.330158 -0.000059 -0.001282 0.020945 0.399536 -1.020454 12.284939 12.011312 9.777187 10.428040 10.368560
0.159399 12.259321 -0.000082 -0.001266 0.022053 0.406821 -0.960334 12.189964 11.987250 10.244693 10.618179 10.688900
0.156911 12.158483 -0.000062 -0.000874 0.022053 0.419526 -0.903701 12.105259 11.976334 10.954204 10.949792 11.198244
0.156987 12.089996 -0.000041 -0.000580 0.022053 0.438824 -0.842129 12.078117 11.988031 11.435345 11.453475 11.679242
0.158299 12.022204 -0.000029 -0.000174 0.022053 0.457504 -0.751511 11.976112 11.990088 11.745727 11.941046 12.071824
0.159066 11.967526 0.000001 0.000115 0.022053 0.472657 -0.643072 11.945994 11.973168 12.686074 12.336543 12.718567
0.159261 11.916894 0.000005 0.000287 0.022053 0.497191 -0.488566 11.919856 11.993781 12.467660 12.976887 12.934270
0.157355 11.857712 0.000018 0.000694 0.022053 0.503891 -0.233799 11.769766 11.941944 11.916330 13.151753 12.756524
0.152415 11.790958 0.000047 0.000771 0.022053 0.492012 0.222550 11.715162 11.834096 12.143759 12.841701 12.748301
0.148763 11.719591 0.000032 0.000584 0.022053 0.487439 -0.239124 11.670736 11.770247 12.752787 12.722362 13.039025
0.147546 11.665589 0.000027 0.000534 0.022053 0.497178 0.196487 11.663757 11.762066 13.941601 12.976548 13.800274
0.142111 11.601322 0.000027 0.000820 0.022053 0.525925 -0.416050 11.623826 11.818443 14.831434 13.726851 14.589237
0.134580 11.537098 0.000055 0.001436 0.019954 0.553541 0.028905 11.550641 11.873235 15.341165 14.447639 15.151523
0.133509 11.524747 0.000092 0.001778 0.024608 0.574649 -7.064725 11.571113 11.905468 14.106508 14.998571 14.675561
0.135150 11.543338 0.000095 0.001848 0.025646 0.554341 -6.319097 11.454147 11.802283 12.931157 14.468532 13.801795
0.138241 11.586056 0.000100 0.001103 0.026832 0.518427 -5.654218 11.576165 11.665242 13.132088 13.531141 13.529543
0.141038 11.590747 0.000026 0.000380 0.026832 0.508421 -5.060181 11.572453 11.627833 12.884537 13.269981 13.276053
0.139672 11.558732 0.000017 0.000353 0.026832 0.500445 -4.533646 11.518818 11.591986 13.033793 13.061806 13.267274
0.137393 11.544791 0.000022 0.000241 0.026832 0.500474 -4.067854 11.563465 11.585163 13.013537 13.062582 13.246533
0.133556 11.505667 0.000007 0.000406 0.026832 0.499231 -3.650723 11.455747 11.573532 12.593039 13.030135 12.989072
0.129696 11.463697 0.000034 0.000561 0.026832 0.488503 -3.284205 11.437243 11.529733 12.501238 12.750124 12.815820
0.126953 11.434317 0.000027 0.000487 0.026832 0.481489 -2.965074 11.413291 11.501507 12.459717 12.567061 12.708399
0.122157 11.396028 0.000026 0.000538 0.026832 0.476792 -2.689272 11.374159 11.482900 13.261265 12.444447 13.092277
0.116315 11.358416 0.000032 0.000635 0.026832 0.490667 -2.439521 11.407145 11.531774 14.356306 12.806601 13.829230
0.111054 11.335206 0.000037 0.001003 0.026832 0.518531 -2.171141 11.393999 11.628462 12.942829 13.533865 13.327513
0.103051 11.292832 0.000068 0.001713 0.026832 0.496513 -1.882773 11.167527 11.550527 11.844147 12.959198 12.475263
0.095199 11.252748 0.000111 0.001520 0.029772 0.460422 -1.630163 11.237212 11.437036 12.331902 12.017196 12.336456
0.091025 11.229930 0.000059 0.001057 0.029772 0.454222 -1.396586 11.247731 11.439952 13.669823 11.855380 12.975669
0.085591 11.199396 0.000057 0.001228 0.029772 0.480944 -1.164835 11.296947 11.552116 14.364169 12.552821 13.618084
0.078825 11.188721 0.000075 0.001855 0.029772 0.506531 -0.865616 11.238127 11.651764 13.868411 13.220650 13.607990
0.077302 11.199935 0.000120 0.002306 0.032332 0.505815 -0.483087 11.218012 11.655211 12.461136 13.201975 12.824370
0.084576 11.294011 0.000127 0.001843 0.034242 0.476606 0.102313 11.299192 11.563473 10.938495 12.439614 11.671454
0.085865 11.343694 0.000078 0.001122 0.034242 0.432939 -1.143913 11.266600 11.428798 11.566730 11.299884 11.515491
0.077495 11.254188 0.000049 0.000891 0.034242 0.428474 -1.012671 11.264292 11.431371 12.586112 11.183353 11.996534
0.071812 11.197099 0.000051 0.001196 0.034242 0.450327 -0.872028 11.248657 11.513256 12.222452 11.753717 12.028896
0.068260 11.209605 0.000078 0.001550 0.034242 0.452406 -0.672745 11.213554 11.518081 11.921929 11.807978 11.881338
0.067188 11.228555 0.000090 0.001478 0.034242 0.445816 -0.452813 11.249111 11.497683 12.125385 11.635961 11.904981
0.074319 11.317122 0.000074 0.000921 0.034242 0.447868 -0.156280 11.408275 11.516371 12.383120 11.689527 12.054010
0.075608 11.343749 0.000034 0.000881 0.034242 0.455308 0.557682 11.344200 11.551180 12.831741 11.883730 12.365648
0.081333 11.418879 0.000062 0.000675 0.034242 0.469478 0.265385 11.549794 11.609122 12.642131 12.253572 12.416257
0.076399 11.346963 0.000020 0.001338 0.034242 0.473534 -0.365602 11.213869 11.612077 11.331128 12.359413 11.763272
0.062042 11.181885 0.000117 0.002195 0.034242 0.448971 0.077258 11.079100 11.491859 10.044079 11.718319 10.808404
0.063641 11.203141 0.000121 0.001473 0.032523 0.411284 -0.677469 11.176680 11.337294 10.347560 10.734662 10.549740
0.065061 11.212845 0.000049 0.000635 0.032523 0.402175 -0.649985 11.212715 11.295787 11.743707 10.496934 11.186677
0.060472 11.210093 0.000027 0.000437 0.032523 0.427271 -0.653935 11.301596 11.380819 12.851103 11.151929 12.047462
0.055162 11.216566 0.000026 0.000838 0.032523 0.458363 -0.522119 11.276107 11.491960 13.219787 11.963466 12.584203
0.053690 11.246004 0.000065 0.001255 0.032523 0.476777 -0.160088 11.316239 11.561682 13.459737 12.444081 12.909625
0.052915 11.274874 0.000073 0.001464 0.032523 0.487722 1.373115 11.318033 11.609252 13.794797 12.729735 13.198815
0.054224 11.314722 0.000086 0.001503 0.032523 0.499039 1.026598 11.392034 11.659759 13.773102 13.025117 13.307248
0.056030 11.345046 0.000080 0.001606 0.032523 0.504534 0.635996 11.363611 11.684443 12.990078 13.168532 12.956633
0.056382 11.352093 0.000095 0.001696 0.032523 0.492494 0.177664 11.329481 11.637810 12.132044 12.854280 12.370451
0.055579 11.368978 0.000091 0.001372 0.032523 0.470829 -0.700781 11.346355 11.556705 12.296729 12.288812 12.205816
0.053056 11.383236 0.000063 0.000885 0.032523 0.464105 -0.540008 11.413336 11.539953 12.804052 12.113323 12.386195
0.047444 11.395820 0.000040 0.000736 0.029428 0.469811 -0.416491 11.433663 11.577396 14.065314 12.262260 13.091414
0.042298 11.431677 0.000044 0.000744 0.026628 0.494271 -0.219532 11.565452 11.698188 15.410951 12.900673 14.049219
0.041925 11.478654 0.000041 0.001120 0.024094 0.529934 0.502896 11.597675 11.864694 15.438766 13.831487 14.469174
0.044707 11.521538 0.000079 0.001751 0.021801 0.547426 0.044183 11.581295 11.951045 15.095142 14.288037 14.491466
0.051773 11.588361 0.000109 0.001851 0.029227 0.552505 -4.276079 11.654607 11.975370 13.920797 14.420602 13.953591
0.059697 11.656910 0.000095 0.001625 0.029227 0.535226 -3.797784 11.621229 11.906001 12.545443 13.969619 13.056332
0.065405 11.719211 0.000085 0.000953 0.029227 0.503011 -3.390146 11.690677 11.780402 12.687779 13.128792 12.757687
0.068722 11.768209 0.000029 0.000062 0.029227 0.492966 -3.049722 11.797125 11.746074 13.182899 12.866602 12.897062
0.071245 11.799958 -0.000011 -0.000275 0.029227 0.499387 -2.753343 11.825971 11.775208 12.892527 13.034189 12.831046
0.072270 11.824166 -0.000012 -0.000250 0.029227 0.496970 -2.489602 11.812087 11.769469 13.026692 12.971112 12.877536
0.073888 11.862789 -0.000010 -0.000476 0.029227 0.497944 -2.258852 11.907523 11.782973 13.228389 12.996534 12.996553
0.075978 11.888750 -0.000033 -0.000540 0.029227 0.502087 -2.049073 11.891137 11.810957 13.034707 13.104658 12.952047
0.077078 11.906673 -0.000021 -0.000488 0.029227 0.500131 -1.860737 11.913850 11.815278 13.410993 13.053605 13.124306
0.077250 11.928693 -0.000027 -0.000579 0.029227 0.506291 -1.685451 11.967398 11.853450 13.385248 13.214383 13.187576
0.075328 11.931546 -0.000031 -0.000399 0.029227 0.507458 -1.499333 11.915693 11.874087 12.603376 13.244842 12.810261
0.076302 11.945361 -0.000011 -0.000364 0.026446 0.491236 -1.312321 11.920938 11.833057 12.313303 12.821458 12.474694
0.077660 11.964881 -0.000024 -0.000673 0.023929 0.478201 -1.154654 11.961886 11.808089 13.260820 12.481231 12.799252
0.074793 11.975704 -0.000043 -0.000855 0.021652 0.490413 -1.030275 12.045286 11.883378 14.117721 12.799979 13.372688
0.070763 11.982675 -0.000046 -0.000507 0.019591 0.510954 -0.891749 12.031516 11.992238 14.342619 13.336112 13.726262
0.068072 11.996584 -0.000011 -0.000022 0.017727 0.522745 -0.727901 12.044201 12.068236 14.723012 13.643839 14.051520
0.069032 12.024072 0.000007 0.000225 0.016040 0.534787 -0.541358 12.088988 12.144838 13.467085 13.958157 13.567117
0.072242 12.054465 0.000016 0.000461 0.014514 0.516733 -0.355662 11.989979 12.098934 11.637540 13.486945 12.439763
0.074221 12.085160 0.000031 0.000070 0.013133 0.473542 -0.294502 12.022461 11.958712 11.924985 12.359629 12.064820
0.073687 12.105246 -0.000018 -0.000748 0.011883 0.459614 -0.408055 12.138843 11.940735 12.124510 11.996104 11.994294
0.070860 12.107259 -0.000056 -0.000850 0.015171 0.456641 -0.488807 12.091632 11.967027 11.664813 11.918499 11.728077
0.070340 12.114082 -0.000036 -0.000750 0.015171 0.445588 -0.564116 12.112997 11.962687 10.976078 11.630034 11.251226
0.071825 12.120837 -0.000043 -0.000807 0.015171 0.427707 -0.609691 12.078013 11.929406 10.280805 11.163314 10.689681
0.071242 12.115923 -0.000043 -0.000952 0.015171 0.406847 -0.672311 12.079997 11.881804 10.399410 10.618869 10.495142
0.068684 12.103338 -0.000057 -0.001131 0.015390 0.399704 -0.732600 12.105535 11.887481 10.816307 10.432441 10.611962
0.065917 12.090485 -0.000063 -0.001036 0.016973 0.404149 -0.759113 12.107264 11.936600 11.170593 10.548443 10.836633
0.063493 12.078071 -0.000050 -0.000722 0.016973 0.412742 -0.736396 12.101425 11.997455 11.336671 10.772739 11.018611
0.063528 12.093736 -0.000031 -0.000491 0.016973 0.419774 -0.659573 12.129922 12.049421 11.276865 10.956263 11.071065
0.063528 12.105995 -0.000024 -0.000289 0.016973 0.421922 -0.543489 12.110922 12.079147 11.004469 11.012332 10.960706
0.064477 12.128271 -0.000010 -0.000251 0.016973 0.417733 -0.411500 12.141559 12.083469 10.847711 10.902988 10.830604
0.064891 12.137778 -0.000018 -0.000277 0.016973 0.412974 -0.272682 12.130602 12.084750 11.297024 10.778783 10.990566
0.064992 12.123257 -0.000014 -0.000197 0.016973 0.420492 -0.103971 12.156288 12.127508 11.131430 10.975001 10.999372
0.066483 12.122582 -0.000009 0.000025 0.016973 0.422664 0.330282 12.107361 12.138759 10.198169 11.031690 10.568914
0.067946 12.118662 0.000008 0.000103 0.016973 0.407040 0.220926 12.065126 12.074173 9.476304 10.623909 10.028689
0.069589 12.122294 0.000002 -0.000246 0.016973 0.386840 0.239380 12.081872 11.992828 9.955879 10.096687 10.025728
0.067257 12.078061 -0.000026 -0.000435 0.016973 0.387279 0.374137 12.064441 11.990780 10.666702 10.108133 10.385442
0.064037 12.013338 -0.000022 -0.000115 0.015358 0.402344 0.408136 12.014390 12.034971 10.653313 10.501335 10.564547
0.062386 11.972813 0.000005 0.000317 0.013896 0.409925 0.382458 11.950962 12.040165 10.777480 10.699204 10.722931
0.061781 11.948866 0.000025 0.000466 0.012574 0.416325 0.328228 11.953066 12.036912 10.898512 10.866250 10.866045
0.061201 11.929269 0.000023 0.000549 0.011377 0.421755 0.256429 11.912653 12.028569 10.826777 11.007975 10.901889
0.060740 11.914394 0.000033 0.000583 0.010295 0.422564 0.176213 11.902184 12.003548 10.701704 11.029083 10.855478
0.062547 11.916561 0.000029 0.000444 0.009315 0.420151 0.110508 11.903486 11.970272 10.997638 10.966110 10.979260
0.064829 11.922631 0.000019 0.000243 0.008428 0.425202 0.060622 11.940315 11.967875 11.331264 11.097936 11.211011
0.066643 11.932959 0.000008 0.000178 0.007626 0.434352 -0.072388 11.944591 11.981900 11.447722 11.336751 11.383409
0.067735 11.934777 0.000011 0.000240 0.006901 0.440704 0.128536 11.935257 11.985519 11.684975 11.502545 11.582661
0.069173 11.930286 0.000015 0.000282 0.006244 0.448406 -0.031402 11.940005 11.993692 11.596671 11.703578 11.635132
0.070089 11.912181 0.000016 0.000416 0.005650 0.450658 0.622924 11.881895 11.977514 11.316528 11.762357 11.527191
0.068991 11.884006 0.000028 0.000477 0.007413 0.446516 0.536938 11.852225 11.934693 10.923999 11.654244 11.287465
0.074622 11.959518 0.000024 -0.000127 0.007413 0.436102 0.465548 11.990529 11.882352 10.690059 11.382424 11.052126
0.070269 11.910587 -0.000030 -0.000144 0.008192 0.425131 0.427240 11.794654 11.833196 10.786843 11.096082 10.973723
0.060741 11.782850 0.000011 0.000257 0.008192 0.420720 0.413072 11.750191 11.804946 10.854003 10.980969 10.955935
0.061139 11.767681 0.000016 0.000190 0.008192 0.419881 0.412371 11.772142 11.791687 11.094143 10.959061 11.066990
0.062198 11.754365 0.000006 0.000190 0.008192 0.424996 0.412839 11.750284 11.798096 11.044613 11.092559 11.103105
0.063669 11.745809 0.000014 0.000267 0.008192 0.427514 0.405299 11.738629 11.789268 10.778166 11.158275 11.000528
0.065370 11.742108 0.000015 0.000241 0.008192 0.424219 0.401025 11.716355 11.756015 10.816709 11.072281 10.985089
0.067864 11.738744 0.000012 0.000088 0.008192 0.424456 0.400907 11.737469 11.735101 10.786697 11.078465 10.977048
0.069475 11.725321 -0.000000 0.000050 0.008192 0.425107 0.403009 11.693698 11.712219 11.053384 11.095465 11.126014
0.070564 11.704184 0.000006 0.000041 0.008192 0.431701 0.407126 11.709413 11.708256 11.256474 11.267578 11.312492
0.110540 12.201651 0.000000 -0.002518 0.008192 0.439949 0.399575 12.594608 11.756762 11.527758 11.482840 11.554293
0.101757 12.070364 -0.000239 -0.001600 0.064273 0.448834 0.388995 11.654340 11.791494 11.986221 11.714752 11.898889
0.059571 11.510416 0.000038 0.001434 0.064273 0.461258 0.098551 11.415657 11.783767 12.042987 12.039015 12.077096
0.064670 11.551412 0.000105 0.001186 0.064273 0.468127 -1.706030 11.660315 11.760830 12.010649 12.218295 12.145749
0.069083 11.586883 0.000029 0.000888 0.064273 0.470108 -1.401097 11.512548 11.727846 11.819376 12.270017 12.075771
0.071829 11.601417 0.000062 0.000645 0.064273 0.466651 -1.089758 11.638682 11.681371 11.888256 12.179785 12.076880
0.074046 11.600255 0.000013 0.000414 0.064273 0.466349 -0.777238 11.547628 11.651373 12.104736 12.171896 12.189938
0.076340 11.599067 0.000030 0.000267 0.064273 0.471147 -0.428123 11.635177 11.641100 12.053246 12.297126 12.222670
0.075833 11.595095 0.000002 0.000235 0.064273 0.471884 0.043837 11.544720 11.618191 12.405502 12.316358 12.418102
0.073939 11.583443 0.000021 0.000177 0.064273 0.478650 -3.661774 11.621113 11.621408 12.356318 12.492946 12.472917
0.073441 11.586557 0.000001 0.000178 0.064273 0.478794 -3.243067 11.548655 11.607666 12.086985 12.496713 12.336312
0.071059 11.573386 0.000017 0.000175 0.064273 0.471232 -2.869424 11.562411 11.573477 12.225200 12.299341 12.319992
0.067980 11.555100 0.000004 0.000094 0.058156 0.468781 -2.534090 11.543685 11.566074 12.522438 12.235357 12.441363
0.066027 11.542410 0.000007 0.000121 0.052622 0.472285 -2.234672 11.562943 11.585260 12.672431 12.326813 12.553175
0.064408 11.527070 0.000007 0.000297 0.047615 0.476483 -1.951113 11.524319 11.605388 12.631554 12.436401 12.574475
0.063464 11.513524 0.000024 0.000469 0.043083 0.477592 -1.689814 11.519540 11.610853 12.436796 12.465350 12.481590
0.062682 11.505380 0.000027 0.000538 0.038983 0.474683 -1.457824 11.491908 11.598162 12.613202 12.389417 12.534878
0.064664 11.529861 0.000031 0.000349 0.035274 0.477315 -1.265345 11.577024 11.608132 12.758973 12.458123 12.636357
0.064660 11.525719 0.000010 0.000421 0.031917 0.482263 -1.091608 11.507261 11.622477 12.810639 12.587242 12.717075
0.062714 11.504342 0.000034 0.000603 0.028880 0.485986 -0.946265 11.518779 11.627436 13.183367 12.684423 12.950041
0.064091 11.520084 0.000032 0.000548 0.026131 0.495687 -0.811857 11.558586 11.654159 13.394708 12.937618 13.169021
0.066253 11.544581 0.000028 0.000559 0.023645 0.504808 -0.681601 11.567692 11.677517 13.572737 13.175695 13.365132
0.068708 11.575085 0.000032 0.000523 0.021395 0.512888 -0.557285 11.610807 11.697082 13.702136 13.386574 13.524998
0.071143 11.614637 0.000026 0.000421 0.019359 0.519127 -0.441698 11.641392 11.712528 13.979578 13.549421 13.740265
0.073792 11.655696 0.000021 0.000290 0.017516 0.527184 -0.327508 11.699433 11.739139 13.879274 13.759704 13.781628
0.076503 11.698336 0.000012 0.000208 0.015849 0.528435 -0.202347 11.706435 11.744035 13.530317 13.792369 13.617003
0.076826 11.724994 0.000012 0.000097 0.014341 0.521009 -0.110723 11.720169 11.722458 13.560581 13.598550 13.546546
0.075318 11.737058 0.000002 -0.000075 0.012976 0.516850 -0.090778 11.747719 11.721067 13.803954 13.489985 13.620610
0.075408 11.759357 -0.000007 -0.000195 0.011742 0.518580 -0.095285 11.792239 11.748467 13.547676 13.535138 13.505521
0.078417 11.819432 -0.000012 -0.000362 0.010624 0.513447 -0.071553 11.842128 11.756505 13.259990 13.401160 13.294557
0.074319 11.801457 -0.000024 -0.000229 0.009613 0.504335 -0.117908 11.758322 11.750402 13.027591 13.163347 13.064575
0.066755 11.751082 -0.000002 -0.000003 0.008698 0.494201 -0.162854 11.735099 11.740278 12.746880 12.898834 12.796559
0.065333 11.769839 0.000002 -0.000151 0.007871 0.482369 -0.208913 11.786224 11.731826 12.331511 12.590021 12.438804
0.065037 11.794298 -0.000015 -0.000319 0.007122 0.467930 -0.239514 11.781349 11.718666 12.174933 12.213166 12.180127
0.086304 12.092204 -0.000018 -0.001906 0.006444 0.457666 -0.272918 12.338018 11.753149 12.272312 11.945268 12.097474
0.082678 12.054041 -0.000167 -0.001536 0.044895 0.455689 -0.282832 11.851412 11.807791 11.972996 11.893651 11.914158
0.061300 11.786451 -0.000013 0.000109 0.044895 0.450227 -0.351722 11.740439 11.811614 11.806021 11.751093 11.758363
0.065369 11.836504 0.000020 -0.000127 0.044895 0.445811 -0.394735 11.917480 11.818227 11.357549 11.635854 11.475433
0.068247 11.871567 -0.000029 -0.000272 0.044895 0.436387 -0.447196 11.813943 11.802667 11.084868 11.389864 11.223677
0.070481 11.890888 -0.000004 -0.000450 0.044895 0.427941 -0.556063 11.929547 11.788592 11.071087 11.169424 11.115025
0.072321 11.906315 -0.000041 -0.000601 0.044895 0.425342 -0.647778 11.880346 11.792981 11.206340 11.101604 11.151938
0.071153 11.907072 -0.000026 -0.000582 0.044895 0.427412 -0.725365 11.936315 11.812253 11.648095 11.155622 11.398326
0.069736 11.910087 -0.000036 -0.000499 0.044895 0.436603 -0.731956 11.926076 11.859009 11.827715 11.395511 11.596437
0.069345 11.915530 -0.000020 -0.000288 0.044895 0.443747 -0.648944 11.939541 11.897109 11.628372 11.581968 11.580046
0.068933 11.922358 -0.000013 -0.000129 0.044895 0.442577 -0.496598 11.912095 11.903118 11.749019 11.551423 11.625260
0.068687 11.927196 -0.000003 -0.000123 0.044895 0.443914 -0.281916 11.954111 11.920360 11.860423 11.586335 11.694913
0.069501 11.935330 -0.000010 -0.000076 0.040623 0.446846 0.203926 11.940882 11.942434 11.719669 11.662846 11.657570
0.070654 11.949734 -0.000000 -0.000037 0.036757 0.446062 -0.480461 11.961081 11.947430 11.599463 11.642389 11.587464
0.072095 11.966066 -0.000005 -0.000095 0.033259 0.443702 -0.173842 11.966832 11.946071 11.481110 11.580804 11.500091
0.072879 11.971082 -0.000007 -0.000128 0.030094 0.440687 0.405368 11.966997 11.941088 11.582392 11.502100 11.515324
0.073557 11.970565 -0.000008 -0.000150 0.027230 0.442037 0.194989 11.979447 11.950063 11.658795 11.537341 11.570555
0.074129 11.968029 -0.000009 -0.000092 0.024639 0.445077 -0.060950 11.968012 11.960978 11.847557 11.616679 11.703173
0.074602 11.963762 -0.000003 -0.000014 0.022294 0.450806 0.445987 11.977695 11.978589 12.043584 11.766215 11.871920
0.075684 11.961470 -0.000000 0.000087 0.020173 0.458183 0.337795 11.969314 11.997701 11.850873 11.958757 11.865845
0.076534 11.955497 0.000008 0.000215 0.018253 0.458516 0.225352 11.936345 11.985381 11.919900 11.967450 11.909322
0.078129 11.950520 0.000014 0.000178 0.016516 0.460859 0.115711 11.958290 11.978325 11.833202 12.028602 11.898684
0.079170 11.940963 0.000005 0.000191 0.014944 0.461240 -0.062736 11.912432 11.959919 11.904623 12.038555 11.945881
0.078460 11.926242 0.000013 0.000172 0.013522 0.462997 0.135101 11.927235 11.946497 12.543334 12.084401 12.295825
0.078765 11.922394 0.000005 0.000123 0.012235 0.476349 -0.014986 11.952976 11.978541 12.356366 12.432895 12.363405
0.079402 11.926779 0.000007 0.000264 0.011071 0.477867 1.786059 11.900076 11.967619 12.135258 12.472530 12.274419
0.078000 11.928355 0.000019 0.000200 0.010017 0.472807 1.597059 11.925656 11.938372 12.571024 12.340438 12.438611
0.075063 11.926924 0.000004 0.000058 0.009064 0.476903 1.429148 11.945249 11.954539 13.168873 12.447353 12.788086
0.073939 11.927000 0.000003 0.000141 0.008202 0.488610 1.273523 11.966570 12.005953 12.848904 12.752912 12.762787
0.073263 11.925736 0.000011 0.000409 0.007421 0.486905 1.127966 11.900276 12.005138 12.275816 12.708421 12.452115
0.071247 11.924990 0.000030 0.000409 0.008085 0.473724 1.003245 11.912283 11.964645 12.226109 12.364392 12.267926
0.069918 11.931729 0.000015 0.000168 0.008085 0.465591 0.896149 11.936905 11.950972 12.067542 12.152098 12.087123
0.070282 11.936595 0.000004 0.000073 0.008085 0.458282 0.803352 11.929998 11.943186 11.918035 11.961331 11.920105
0.072973 11.943010 0.000004 0.000001 0.008085 0.453314 0.722157 11.950169 11.939918 11.524925 11.831681 11.660216
0.075780 11.941970 -0.000003 -0.000010 0.008085 0.445793 0.656295 11.912382 11.917094 11.077394 11.635361 11.345612
0.077842 11.933606 0.000002 -0.000084 0.008085 0.436175 0.613309 11.908696 11.876856 10.792833 11.384329 11.091451
0.078790 11.931405 -0.000009 -0.000278 0.008085 0.427943 0.595115 11.905165 11.837904 11.029156 11.169488 11.118597
0.104709 12.264227 -0.000019 -0.002176 0.008085 0.429614 0.589722 12.540942 11.870001 11.051890 11.213104 11.154071
0.098143 12.163881 -0.000192 -0.001500 0.051526 0.431094 0.582186 11.850129 11.887286 11.206725 11.251731 11.254360
0.069622 11.793561 0.000010 0.000478 0.051526 0.434100 0.694783 11.744928 11.874534 11.809464 11.330175 11.598139
0.072156 11.816235 0.000036 0.000298 0.051526 0.446979 0.670049 11.909264 11.904687 11.852355 11.666336 11.772932
0.088302 12.010536 -0.000002 -0.000540 0.051526 0.453776 0.533960 12.105519 11.929237 11.938797 11.843733 11.899106
0.088403 11.992277 -0.000051 -0.000322 0.051526 0.458830 0.324112 11.908821 11.942678 12.108598 11.975650 12.047639
0.080769 11.858020 0.000009 0.000432 0.051526 0.465552 -0.052333 11.827360 11.944193 12.077347 12.151087 12.114304
0.085372 11.897028 0.000033 0.000241 0.051526 0.468575 2.078302 11.947226 11.933941 12.281401 12.230000 12.258860
0.108425 12.199691 -0.000004 -0.001356 0.051526 0.474298 1.824877 12.405521 11.964375 12.047173 12.379361 12.210924
0.102362 12.117596 -0.000126 -0.000782 0.051526 0.471432 1.595686 11.862317 11.954758 12.032755 12.304557 12.174983
0.076365 11.774576 0.000026 0.000920 0.051526 0.468633 1.402772 11.683977 11.916334 12.096337 12.231517 12.177905
0.077110 11.785905 0.000066 0.000666 0.051526 0.467819 1.238026 11.857299 11.893143 12.099252 12.210273 12.171553
0.076355 11.796958 0.000010 0.000491 0.046622 0.466084 1.110043 11.740350 11.875189 12.330079 12.164981 12.268887
0.074512 11.798317 0.000038 0.000392 0.042186 0.468076 0.986403 11.857084 11.879897 12.334303 12.216961 12.291622
0.072573 11.791837 0.000007 0.000449 0.038171 0.467420 0.856840 11.748449 11.879900 12.174677 12.199834 12.198549
0.072971 11.808252 0.000038 0.000366 0.034539 0.462877 0.724079 11.854206 11.870847 11.979460 12.081263 12.041141
0.074506 11.830998 0.000005 0.000203 0.031252 0.456549 0.604058 11.804789 11.859219 12.036485 11.916113 11.990628
0.075968 11.848240 0.000016 0.000056 0.028278 0.455242 0.493266 11.892038 11.867158 12.231038 11.881987 12.068996
0.078995 11.862046 -0.000007 0.000026 0.025587 0.459861 0.383119 11.864257 11.892852 11.790666 12.002565 11.895415
0.082970 11.879411 0.000008 0.000069 0.023152 0.455586 0.285105 11.875626 11.875599 11.375896 11.890978 11.634315
0.084526 11.890797 0.000000 -0.000078 0.020949 0.446968 0.331650 11.864264 11.838449 11.780653 11.666053 11.742972
0.084655 11.889671 -0.000007 -0.000261 0.018955 0.451795 0.434913 11.918600 11.852175 12.293250 11.792019 12.062640
0.085937 11.900538 -0.000019 -0.000247 0.017151 0.464609 0.480651 11.923719 11.894641 12.759719 12.126485 12.451636
0.086328 11.897547 -0.000008 -0.000015 0.015519 0.480003 0.469269 11.924150 11.942472 12.933018 12.528270 12.721166
0.086549 11.886427 0.000005 0.000286 0.014042 0.490784 0.414645 11.886635 11.967254 12.778369 12.809652 12.770257
0.087290 11.883185 0.000023 0.000429 0.012706 0.492840 0.342645 11.878076 11.956498 12.537411 12.863327 12.674889
0.087891 11.882342 0.000023 0.000378 0.011497 0.488905 0.278755 11.861287 11.924615 12.561838 12.760613 12.646321
0.088309 11.877515 0.000018 0.000240 0.010403 0.487545 0.236936 11.875575 11.904982 12.515700 12.725107 12.610803
0.088863 11.876242 0.000009 0.000147 0.009413 0.485968 0.216227 11.861054 11.886386 12.342787 12.683946 12.507442
0.087813 11.868503 0.000008 0.000091 0.008517 0.481222 0.236429 11.848850 11.858985 12.505035 12.560092 12.538808
0.087128 11.859850 0.000003 -0.000004 0.007707 0.481484 0.272358 11.864516 11.854939 12.359378 12.566912 12.468399
0.087849 11.856228 -0.000002 -0.000007 0.006973 0.478457 0.300579 11.834017 11.839487 12.010035 12.487921 12.255218
0.088569 11.854344 0.000002 -0.000076 0.006310 0.470105 0.334503 11.834729 11.805095 11.889086 12.269925 12.098204
0.090685 11.862577 -0.000008 -0.000293 0.005709 0.464220 0.369572 11.856263 11.782252 11.613905 12.116327 11.890163
0.092381 11.869358 -0.000021 -0.000445 0.005639 0.456535 0.398622 11.842115 11.753243 11.548204 11.915737 11.769906
0.106870 12.052223 -0.000025 -0.001526 0.006812 0.451873 0.420089 12.192717 11.755549 11.682458 11.794077 11.787271
0.104917 12.014986 -0.000125 -0.001324 0.033601 0.452567 0.435350 11.864421 11.773113 12.225162 11.812168 12.076692
0.090977 11.828639 -0.000027 -0.000283 0.033601 0.463800 0.483098 11.831018 11.809671 12.789313 12.105357 12.497284
0.091958 11.843452 -0.000007 -0.000172 0.033601 0.479989 0.354909 11.904747 11.864397 12.702223 12.527897 12.637893
0.093452 11.863819 -0.000012 0.000003 0.033601 0.484900 0.040798 11.844164 11.877427 12.606136 12.656079 12.644991
0.094280 11.880825 0.000009 -0.000017 0.033601 0.485129 -2.827141 11.906405 11.874017 12.772105 12.662046 12.734093
0.103173 12.003570 -0.000010 -0.000661 0.033601 0.487747 -2.503411 12.089564 11.895235 13.130404 12.730377 12.948636
0.100820 11.969117 -0.000056 -0.000377 0.033601 0.495944 -2.205029 11.902792 11.932655 13.305017 12.944328 13.131887
0.090283 11.842775 0.000008 0.000459 0.033601 0.502981 -1.928724 11.821840 11.950746 13.209920 13.128006 13.162880
0.089613 11.854920 0.000036 0.000489 0.033601 0.503141 -1.673565 11.887534 11.947313 12.953471 13.132180 13.031236
0.088797 11.859872 0.000017 0.000446 0.033601 0.496891 -1.444046 11.824325 11.925152 13.006116 12.969054 12.983840
0.088450 11.863937 0.000029 0.000312 0.033601 0.494422 -1.246962 11.898409 11.921813 13.103049 12.904620 13.001598
0.089033 11.881557 0.000007 0.000205 0.030403 0.495145 -1.069199 11.882973 11.932685 13.130206 12.923479 13.020098
0.087719 11.874457 0.000014 0.000297 0.027510 0.495862 -0.915443 11.883164 11.942382 12.839701 12.942199 12.875633
0.086047 11.857622 0.000017 0.000433 0.024892 0.490422 -0.777820 11.829492 11.926211 12.352370 12.800198 12.559774
0.085941 11.865837 0.000028 0.000308 0.022523 0.478091 -0.682960 11.861291 11.886553 12.382323 12.478364 12.429581
0.085987 11.876946 0.000007 0.000049 0.020380 0.473078 -0.629906 11.882259 11.878382 12.528587 12.347513 12.442871
0.083124 11.867345 -0.000001 0.000056 0.018440 0.473432 -0.595070 11.869008 11.890872 13.113892 12.356753 12.741696
0.080531 11.853622 0.000006 0.000190 0.016686 0.484592 -0.548095 11.898155 11.943989 13.044752 12.648049 12.830937
0.080613 11.861051 0.000013 0.000423 0.015098 0.488314 -0.461221 11.861151 11.965478 12.579464 12.745191 12.632837
0.085006 11.921598 0.000030 0.000224 0.013661 0.480737 -0.382557 11.957514 11.948648 12.442954 12.547428 12.471621
0.088090 11.946803 -0.000002 0.000009 0.012361 0.475489 -0.315252 11.930390 11.940620 11.941452 12.410456 12.152368
0.088633 11.937581 0.000003 0.000016 0.011185 0.464470 -0.279174 11.908122 11.905106 11.878555 12.122854 11.991800
0.091469 11.962683 -0.000001 -0.000294 0.010120 0.459549 -0.282547 11.987990 11.892523 11.880345 11.994420 11.936172
0.094224 11.985237 -0.000027 -0.000473 0.009157 0.458510 -0.290754 11.974470 11.893230 11.669153 11.967298 11.817626
0.094725 11.992187 -0.000023 -0.000505 0.008286 0.454341 -0.305127 11.983977 11.880742 11.926883 11.858493 11.903518
0.093803 11.981372 -0.000030 -0.000514 0.007933 0.457444 -0.316406 11.984422 11.895940 11.805282 11.939476 11.878699
0.092482 11.963801 -0.000025 -0.000346 0.007933 0.456160 -0.316516 11.937230 11.892651 11.747387 11.905956 11.835601
0.090684 11.943640 -0.000013 -0.000260 0.007933 0.453789 -0.325784 11.936863 11.885845 12.085854 11.844069 11.981859
0.093362 11.971769 -0.000015 -0.000438 0.007933 0.459353 -0.322773 12.017845 11.912590 11.944432 11.989301 11.973809
0.091804 11.946951 -0.000030 -0.000175 0.008176 0.459061 -0.299654 11.886868 11.912657 11.802736 11.981664 11.898268
0.087202 11.889218 0.000007 0.000120 0.008176 0.455778 -0.265428 11.877665 11.896880 11.810843 11.895996 11.864577
0.087882 11.888330 0.000005 0.000044 0.008176 0.454307 -0.213171 11.890470 11.889633 11.669468 11.857579 11.774907
0.103114 12.070663 -0.000001 -0.000924 0.008176 0.451370 -0.145107 12.200695 11.893613 11.495116 11.780940 11.652061
0.098554 12.009299 -0.000088 -0.000590 0.023664 0.446955 -0.078911 11.834724 11.883724 12.045147 11.665701 11.884363
0.084112 11.834664 0.000013 0.000250 0.023664 0.455520 0.280068 11.863104 11.907305 12.351286 11.889262 12.139836
0.113895 12.245178 0.000012 -0.001724 0.023664 0.464773 0.064787 12.585523 11.975778 12.127457 12.130763 12.131151
0.105113 12.139579 -0.000175 -0.000836 0.046954 0.463623 -0.869022 11.782576 11.991910 12.049905 12.100736 12.076803
0.092396 11.967800 0.000059 0.000123 0.046954 0.460801 -0.632119 12.112163 11.985683 11.725573 12.027083 11.876075
0.090610 11.948026 -0.000037 0.000192 0.046954 0.452961 -0.419493 11.794081 11.959282 12.031144 11.822463 11.939510
0.073311 11.731595 0.000046 0.001162 0.046954 0.455307 -0.247832 11.697274 11.952180 12.011024 11.883689 11.953593
0.075992 11.763166 0.000072 0.000965 0.046954 0.456174 0.097699 11.825439 11.942838 11.674814 11.906332 11.789488
0.077036 11.785792 0.000033 0.000801 0.046954 0.449944 -0.599140 11.736693 11.909752 11.811155 11.743719 11.785122
0.080714 11.844944 0.000049 0.000331 0.046954 0.449529 -0.442271 11.936607 11.908334 11.877641 11.732886 11.811765
0.079063 11.837310 -0.000008 0.000362 0.046954 0.450218 -0.277696 11.768740 11.912099 12.486679 11.750870 12.127205
0.076218 11.798490 0.000041 0.000580 0.046954 0.462749 0.004883 11.877532 -37020.525770 12.640169 12.077920 12.347867
0.079377 11.820850 0.000023 -188.989800 0.046954 0.373492 18.903951 11.817716 -33317.248897 14.748060 9.748289 12.270742
0.082793 11.849731 0.000048 -170.090752 0.046954 0.386792 17.006155 12.250702 -29983.963676 14.666354 10.095437 12.278563
0.085794 11.869163 0.000028 -153.079861 0.042485 0.401672 15.298472 11.907094 -26984.037230 14.486038 10.483788 12.271803
0.089187 11.889992 0.000211 -137.770230 0.056632 0.414434 13.758748 12.176780 -24284.144038 14.375870 10.816893 12.292366
0.093176 11.920274 0.000199 -123.991828 0.056632 0.426604 12.373511 11.982260 -21854.270417 14.437480 11.134527 12.408157
0.106775 12.081337 0.000305 -111.592103 0.081880 0.441021 11.123761 12.408567 -19667.387272 14.418045 11.510835 12.520081
0.106986 12.067076 0.000227 -100.431555 0.081880 0.453633 9.990760 12.012143 -17699.223578 14.415398 11.840005 12.630124
0.099883 11.957577 0.000372 -90.386727 0.099919 0.464722 8.963917 12.107273 -15927.912115 14.432260 12.129437 12.741241
0.101267 11.963947 0.000363 -81.347100 0.099919 0.474735 8.027858 12.022171 -14333.751624 14.465261 12.390768 12.855466
0.100528 11.943914 0.000398 -73.211405 0.106964 0.483909 7.180072 12.037052 -12899.026328 14.513539 12.630216 12.973927
0.101269 11.945074 0.000398 -65.889476 0.107000 0.492496 6.406693 12.012882 -11607.787797 14.573364 12.854347 13.096662
0.102042 11.947908 0.000405 -59.299821 0.108825 0.500636 5.704763 12.024984 -10445.685171 14.642613 13.066805 13.223425
0.101458 11.956484 0.000398 -53.369224 0.108825 0.507914 5.064915 12.019988 -9399.802702 14.585951 13.256759 13.278392
0.105649 12.048844 0.000393 -48.032169 0.108825 0.510451 4.482557 12.171718 -8458.517758 14.480878 13.322964 13.255264
0.104915 12.069838 0.000342 -43.228550 0.108825 0.509312 3.955513 12.075264 -7611.372068 14.426358 13.293248 13.216017
0.099572 12.028150 0.000359 -38.905039 0.108825 0.507810 3.479742 12.075527 -6848.946978 14.512226 13.254042 13.244646
0.099975 12.066659 0.000347 -35.014297 0.108825 0.509207 3.053034 12.154022 -6162.751156 14.334462 13.290498 13.171966
0.100383 12.097388 0.000319 -31.512542 0.108825 0.506829 2.663885 12.130457 -5545.187926 14.115048 13.228445 13.035228
0.100666 12.120178 0.000316 -28.361004 0.108825 0.502546 2.314275 12.178517 -4989.390554 14.287416 13.116655 13.077467
0.100494 12.140798 0.000291 -25.524670 0.108825 0.505609 1.983470 12.198517 -4489.149524 14.277345 13.196602 13.113487
0.100011 12.153245 0.000281 -22.971818 0.108825 0.508359 1.642853 12.198163 -4038.938110 13.980982 13.268359 13.002226
0.098666 12.162454 0.000277 -20.674269 0.108825 0.505085 1.301086 12.187387 -3633.774553 13.869682 13.182927 12.916358
0.095659 12.158658 0.000268 -18.606549 0.098469 0.501974 0.969665 12.187233 -3269.129674 13.926216 13.101729 12.917442
0.091938 12.151227 0.000256 -16.745593 0.089098 0.501918 0.642893 12.184321 -2940.939685 13.862878 13.100269 12.893603
0.088929 12.144195 0.000249 -15.070682 0.080619 0.500631 0.243004 12.169347 -2645.574044 13.468919 13.066671 12.688902
0.087834 12.144211 0.000245 -13.563322 0.072947 0.493199 -0.631259 12.154300 -2379.772020 12.982708 12.872693 12.366354
0.088111 12.157744 0.000234 -12.206905 0.066006 0.481391 -0.340761 12.168758 -2140.570784 12.630094 12.564502 12.060014
0.089149 12.180266 0.000210 -10.986287 0.059724 0.470471 -0.091466 12.194397 -1925.290755 12.450304 12.279486 11.851713
0.091190 12.209862 0.000184 -9.887784 0.054041 0.463423 0.128640 12.235059 -1731.527869 12.338348 12.095535 11.724177
0.092791 12.236383 0.000159 -8.899076 0.048898 0.459677 0.114146 12.255672 -1557.133215 12.137317 11.997760 11.592411
0.094435 12.260558 0.000143 -8.009199 0.044245 0.455210 0.197710 12.274945 -1400.183360 11.743693 11.881159 11.356496
0.095708 12.269464 0.000127 -7.208271 0.040034 0.446772 0.300854 12.254759 -1258.948398 11.506222 11.660916 11.152611
0.095514 12.256339 0.000118 -6.487429 0.036225 0.439582 0.446550 12.245989 -1131.839538 11.459020 11.473271 11.059553
0.102014 12.343302 0.000106 -5.839189 0.032777 0.436528 0.553142 12.420082 -1017.422324 11.894880 11.393547 11.257950
0.097694 12.292924 0.000049 -5.255019 0.029658 0.444174 0.608346 12.228835 -914.413161 12.595825 11.593113 11.715095
0.086582 12.143825 0.000106 -4.728564 0.028432 0.461890 0.553829 12.151096 -821.682184 12.556556 12.055517 11.920431
0.085598 12.119859 0.000137 -4.255201 0.036827 0.469888 0.398596 12.132484 -738.264364 12.032945 12.264261 11.768482
0.086190 12.109530 0.000139 -3.829436 0.037400 0.464033 0.046955 12.073802 -663.244341 11.703884 12.111437 11.550787
0.087424 12.105090 0.000137 -3.446559 0.037400 0.456451 -2.733855 12.099523 -595.739995 11.562000 11.913554 11.407764
0.090018 12.100320 0.000109 -3.102035 0.037400 0.451446 -2.414920 12.074564 -534.982356 10.804319 11.782919 10.984843
0.093093 12.089327 0.000098 -2.791910 0.037400 0.436116 -2.136424 12.027669 -480.348657 9.883910 11.382795 10.359087
0.095122 12.074578 0.000082 -2.513018 0.037400 0.412458 -1.924996 11.999576 -431.218862 9.296242 10.765310 9.805511
0.097567 12.065103 0.000051 -2.262242 0.037400 0.391014 -1.789910 12.007235 -387.000756 8.575004 10.205630 9.209101
0.096743 12.033574 0.000014 -2.036420 0.037400 0.367022 -1.727213 11.932226 -347.219742 9.139138 9.579407 9.238745
0.095371 11.992120 0.000000 -1.833191 0.037400 0.366774 -1.704576 12.006982 -311.331609 9.958371 9.572936 9.671346
0.094899 11.952314 -0.000029 -1.649838 0.037400 0.383432 -1.644140 11.937516 -278.974280 10.262421 10.007727 10.034309
0.092099 11.899993 0.000000 -1.484439 0.037400 0.396765 -1.532510 11.889095 -249.867732 10.107548 10.355716 10.122454
0.088516 11.841733 0.000019 -1.335600 0.037400 0.398583 -1.371069 11.785212 -223.715417 9.498153 10.403177 9.842933
0.083458 11.775476 0.000040 -1.201797 0.033841 0.385343 -1.201986 11.699743 -200.234272 10.152600 10.057605 10.038799
0.077339 11.705881 0.000041 -1.081609 0.030621 0.390793 -1.037891 11.717924 -179.033125 11.339699 10.199844 10.719385
0.071431 11.638792 0.000034 -0.973070 0.027707 0.415863 -0.828898 11.661061 -159.880359 11.949353 10.854178 11.326011
0.067175 11.586224 0.000069 -0.875058 0.025070 0.438532 -0.533730 11.608575 -142.651480 12.012031 11.445857 11.623301
0.065746 11.557623 0.000099 -0.786986 0.026576 0.449694 -0.097770 11.559367 -127.188064 12.160689 11.737192 11.832778
0.065716 11.533960 0.000114 -0.707950 0.030700 0.457880 2.223176 11.545428 -113.284068 12.943653 11.950854 12.335391
0.066548 11.515419 0.000116 -0.636898 0.031095 0.479325 1.881828 11.565947 -100.729584 13.676898 12.510582 12.966488
0.067859 11.506101 0.000119 -0.572780 0.032054 0.505977 1.540244 11.545786 -89.418455 13.410118 13.206193 13.141885
0.069578 11.511648 0.000137 -0.515084 0.036817 0.513675 1.188714 11.499648 -79.310135 12.800273 13.407114 12.925330
0.071689 11.529527 0.000140 -0.463588 0.037770 0.504729 0.828549 11.507871 -70.271727 12.573222 13.173632 12.718128
0.074250 11.537830 0.000113 -0.417505 0.037770 0.496024 0.510625 11.516721 -62.135847 12.663135 12.946424 12.677554
0.075669 11.528627 0.000087 -0.375937 0.037770 0.494737 0.263020 11.516885 -54.790668 13.281125 12.912829 12.996460
0.073971 11.521677 0.000073 -0.338416 0.037770 0.506840 0.096367 11.553161 -48.131783 14.004070 13.228724 13.520324
0.071157 11.520179 0.000064 -0.304426 0.037770 0.525107 -0.353288 11.552003 -42.108378 13.916701 13.705501 13.690316
0.069420 11.518759 0.000074 -0.273679 0.037770 0.528982 -0.089623 11.508020 -36.729808 13.217264 13.806650 13.377258
0.067812 11.522720 0.000083 -0.246251 0.037770 0.514028 0.621463 11.490232 -31.948804 13.134661 13.416340 13.166545
0.065541 11.524358 0.000068 -0.221860 0.037770 0.503630 0.539837 11.530511 -27.622635 13.621566 13.144954 13.298243
0.064010 11.530736 0.000045 -0.199814 0.037770 0.507513 0.486628 11.566698 -23.671516 13.959123 13.246287 13.513873
0.064354 11.542726 0.000041 -0.179711 0.037770 0.515744 0.379213 11.577066 -20.096575 13.613566 13.461130 13.427700
0.067931 11.581061 0.000048 -0.161663 0.037770 0.513240 0.193673 11.595701 -16.917368 13.040072 13.395767 13.102408
0.069514 11.595230 0.000042 -0.145510 0.034176 0.501674 0.003270 11.568149 -17.950752 12.972361 13.093891 12.935077
0.068065 11.582280 0.000038 -0.150718 0.030923 0.496169 0.005243 11.584462 -15.006573 13.386464 12.950212 13.086047
0.066792 11.580952 0.000028 -0.135686 0.027981 0.501751 3.124861 11.610896 -12.315069 13.313656 13.095906 13.112952
0.063769 11.579673 0.000027 -0.121944 0.025318 0.502304 2.810720 11.571042 -9.909247 12.827935 13.110340 12.870271
0.060093 11.579921 0.000039 -0.109667 0.022909 0.490726 2.526524 11.565823 -7.781532 12.031762 12.808137 12.327363
0.056633 11.574890 0.000031 -0.098783 0.020729 0.467386 2.273953 11.523858 -5.904176 11.327194 12.198969 11.692552
0.052236 11.560434 0.000024 -0.089128 0.018756 0.440775 2.061506 11.524245 -4.223164 11.880105 11.504406 11.654639
0.053754 11.597134 0.000004 -0.080737 0.016971 0.438909 1.877864 11.683650 -2.612928 12.097934 11.455700 11.733714
0.052820 11.597788 -0.000032 -0.072523 0.015356 0.443206 1.704862 11.577315 -1.143641 11.786102 11.567860 11.618210
0.045626 11.536126 0.000013 -0.064710 0.013895 0.439525 1.541340 11.519560 0.140720 11.900547 11.471773 11.625960
0.045385 11.524043 0.000032 -0.058093 0.012573 0.441083 1.387496 11.559820 1.311243 11.716413 11.512448 11.545763
0.049791 11.553048 0.000026 -0.052268 0.011376 0.440804 1.245048 11.562943 2.350736 12.163239 11.505161 11.766704
0.051249 11.564571 0.000027 -0.047022 0.010294 0.452059 1.124732 11.615278 3.321525 13.087357 11.798907 12.367180
0.054697 11.580187 0.000024 -0.042147 0.009314 0.478168 1.011590 11.648845 4.244121 13.220623 12.480364 12.743367
0.059383 11.611383 0.000039 -0.037598 0.010368 0.495526 0.900577 11.636988 5.036423 13.286301 12.933424 12.986856
0.063531 11.646692 0.000053 -0.033735 0.014273 0.506418 0.798446 11.680948 5.723942 13.303786 13.217718 13.132701
0.068476 11.695438 0.000043 -0.030475 0.014273 0.512697 0.707988 11.713492 6.327553 14.071642 13.381603 13.608622
0.071239 11.721569 0.000032 -0.027528 0.014273 0.531357 0.638160 11.779835 6.918759 15.063234 13.868615 14.342318
0.074096 11.739145 0.000025 -0.024600 0.014273 0.560398 0.550297 11.796279 7.490484 15.160793 14.626602 14.740188
0.077320 11.759143 0.000043 -0.021785 0.014273 0.576153 0.437340 11.769540 7.957454 15.210796 15.037816 14.961041
0.079969 11.778633 0.000057 -0.019501 0.015198 0.584668 0.314955 11.798895 8.352559 14.467233 15.260074 14.691815
0.081114 11.791665 0.000047 -0.017551 0.015198 0.572874 0.202549 11.726359 8.636947 13.713872 14.952251 14.182610
0.080690 11.791501 0.000046 -0.016099 0.015198 0.550742 0.213334 11.750643 8.859431 13.634172 14.374580 13.896801
0.080116 11.798095 0.000010 -0.014997 0.015198 0.537372 0.335777 11.780471 9.097711 13.257256 14.025622 13.556282
0.076941 11.802439 -0.000014 -0.013803 0.015198 0.521052 0.440416 11.762329 9.310499 13.326554 13.599661 13.405228
0.074320 11.810465 -0.000024 -0.012758 0.015198 0.511602 0.512843 11.828471 9.539992 6.676314 13.353017 9.913796
0.074096 11.823385 -0.000045 -0.011653 0.015198 0.369594 0.545965 11.318063 9.267077 -2.278898 9.646550 3.707465
0.073530 11.836122 -0.000038 -0.013111 0.015198 0.120121 0.584196 11.355265 8.628678 -7.172399 3.135207 -1.701426
0.069966 11.794202 -0.000286 -0.016155 0.076878 -0.096385 0.632426 11.371508 8.171386 -10.321028 -2.515684 -5.854661
0.058509 11.649950 -0.000472 -0.017752 0.126878 -0.260747 0.795048 11.286717 7.933255 -13.618661 -6.805589 -9.482973
0.042709 11.450637 -0.000562 -0.017951 0.151160 -0.403736 0.753899 11.070281 7.773502 -15.534380 -10.537660 -12.166985
0.024827 11.219657 -0.000588 -0.017587 0.158175 -0.507759 0.484704 10.964029 7.742988 -17.016518 -13.252716 -14.178417
-0.001241 10.931206 -0.000605 -0.016271 0.162623 -0.585405 0.387566 10.622380 7.779242 -16.552562 -15.279314 -14.893590
-0.035717 10.557815 -0.000531 -0.014180 0.162623 -0.613910 -0.219827 10.410574 7.961510 -14.962746 -16.023296 -14.382401
-0.074087 10.118294 -0.000449 -0.011007 0.162623 -0.590269 6.114815 9.964090 8.256809 -10.143538 -15.406267 -11.351644
-0.105595 9.753653 -0.000265 -0.007639 0.162623 -0.455356 5.000141 9.980403 8.801594 -2.094400 -11.884974 -5.139946
-0.109947 9.628999 -0.000137 -0.004223 0.162623 -0.197496 3.600594 10.082904 9.619362 -6.076309 -5.154732 -5.674850
-0.093846 9.663595 0.000046 -0.000226 0.162623 -0.210413 1.806550 9.258959 9.554598 -13.040232 -5.491853 -10.191478
-0.082432 9.737010 0.000246 -0.000931 0.162623 -0.381437 -1.219031 9.552755 9.006144 -13.057812 -9.955655 -11.666746
-0.087309 9.751843 -0.000010 -0.003806 0.162623 -0.445449 3.385401 9.678218 8.847819 -11.531651 -11.626404 -11.260534
-0.107475 9.639923 -0.000106 -0.004042 0.162623 -0.438525 1.415218 9.616400 8.934143 -10.936824 -11.445670 -10.829841
-0.131033 9.492801 -0.000077 -0.002851 0.162623 -0.431562 -2.804569 9.432124 9.028211 -10.659763 -11.263944 -10.613234
-0.146422 9.397302 -0.000010 -0.001884 0.162623 -0.431745 -0.412533 9.414803 9.110479 -10.916523 -11.268723 -10.823520
-0.156250 9.349977 0.000008 -0.001222 0.147148 -0.446800 12.859284 9.324558 9.160870 -11.250586 -11.661665 -11.200630
-0.168659 9.279224 0.000039 -0.000604 0.133145 -0.460803 11.282205 9.273819 9.203567 -11.400295 -12.027153 -11.472431
-0.179520 9.186858 0.000057 0.000085 0.120474 -0.470766 9.946917 9.164351 9.248958 -10.858838 -12.287180 -11.380932
-0.187969 9.131629 0.000094 0.000599 0.109010 -0.464744 8.806525 9.212684 9.344458 -10.236402 -12.129998 -11.067655
-0.201860 9.034387 0.000101 0.001582 0.098636 -0.451820 7.808951 9.033912 9.455613 -10.655341 -11.792688 -11.059930
-0.214809 8.916594 0.000178 0.002751 0.089250 -0.449321 6.919692 8.908125 9.487097 -10.408940 -11.727461 -10.970763
-0.224658 8.840321 0.000218 0.003301 0.080756 -0.444059 6.142397 8.885065 9.521408 -8.984601 -11.590122 -10.488904
-0.232888 8.768218 0.000230 0.003844 0.073071 -0.424421 5.445028 8.870349 9.641698 -7.485469 -11.077557 -9.757985
-0.239039 8.700560 0.000265 0.004803 0.071253 -0.394222 4.788427 8.834404 9.817261 -6.455684 -10.289360 -8.969702
-0.247847 8.639350 0.000322 0.006011 0.086642 -0.362979 4.150989 8.771120 9.987283 -8.009838 -9.473894 -8.788543
-0.290509 8.612814 0.000386 0.007014 0.103865 -0.359996 3.481050 8.596083 9.959750 -20.390008 -9.396036 -10.812452
-0.333709 8.797707 0.000426 0.005930 0.114649 -0.422976 2.786247 8.133633 9.018173 -43.864017 -11.039832 -14.915015
-0.377874 8.739936 0.000288 0.001420 0.114649 -0.548476 2.085281 6.760701 6.526071 -48.943087 -14.315451 -18.159082
-0.429642 8.405894 -0.000034 -0.009593 0.114649 -0.647273 1.379723 7.122375 4.114381 -57.594512 -16.894091 -20.934525
-0.480555 7.977219 -0.000830 -0.019713 0.223108 -0.734860 0.578649 5.605506 1.445077 -82.706035 -19.180126 -24.123315
-0.552920 7.121148 -0.001166 -0.028967 0.313498 -0.829274 -2.688890 3.564449 -2.756528 -106.147451 -21.644372 -27.085185
-0.646064 5.840784 -0.001791 -0.043875 0.481575 -0.916141 -1.380965 1.317777 -8.240872 -143.839000 -23.911646 -29.968472
-0.754439 4.189085 -0.002726 -0.063435 0.732987 -1.002802 2.129618 -2.517423 -16.001431 -75.075191 -26.173537 -30.697248
-0.874322 2.202655 -0.003861 -0.092902 1.038159 -1.027959 -1.696839 2.307422 -17.852318 -87.334689 -26.830148 -31.285807
-1.004821 -0.086487 -0.005786 -0.090666 1.555703 -1.052223 5.461856 -6.543997 -20.618118 -99.229424 -27.463432 -31.812715
-1.137135 -2.508194 -0.004072 -0.092422 1.555703 -1.073034 1.122874 -4.667389 -24.194963 -122.521971 -28.006611 -32.312463
-1.261895 -4.851934 -0.005644 -0.098715 1.555703 -1.090670 -15.822734 -12.095318 -29.356407 -132.095938 -28.466915 -32.620293
-1.381392 -7.103248 -0.005017 -0.113566 1.555703 -1.106990 -13.216909 -10.889548 -34.911048 -94.789691 -28.892882 -32.667826
-1.503459 -9.379525 -0.006964 -0.130297 1.872629 -1.114738 -10.781592 -13.118714 -37.305104 -71.463987 -29.095115 -32.595230
-1.631195 -11.760670 -0.007034 -0.130363 1.891543 -1.118384 -8.087683 -13.855081 -37.931507 -52.590853 -29.190256 -32.458596
-1.759073 -14.147766 -0.007024 -0.121377 1.891543 -1.119747 -5.233612 -16.138716 -37.309934 -37.171013 -29.225843 -32.292948
-1.878649 -16.326876 -0.006213 -0.107084 1.891543 -1.120258 -1.126835 -17.073888 -35.808113 -35.738048 -29.239165 -32.156464
-1.975789 -18.020220 -0.005531 -0.090778 1.891543 -1.125307 17.609436 -19.265189 -34.517227 13.792624 -29.370955 -32.032116
-1.964413 -19.027105 -0.004544 -0.079052 1.891543 -1.125195 14.712664 -15.596129 -29.727706 31.485719 -29.368040 -31.862942
-1.937519 -19.454212 -0.004227 -0.052429 1.891543 -1.122998 12.084861 -17.972078 -24.131756 48.937502 -29.310685 -31.648786
-1.930718 -19.516804 -0.001951 -0.023552 1.891543 -1.118667 9.499062 -14.878097 -17.795773 33.276321 -29.197658 -31.458759
-1.945437 -19.180043 -0.001015 0.007064 1.891543 -1.114929 6.767088 -17.931361 -13.243961 -8.977537 -29.100076 -31.347363
-1.986097 -18.372166 0.001170 0.026171 1.891543 -1.114012 3.350743 -17.214108 -12.246080 -37.821856 -29.076163 -31.283276
-1.946120 -17.122623 0.001273 0.024887 1.891543 -1.114404 -2.338171 -17.706019 -13.390318 -39.775366 -29.086384 -31.193220
-1.870704 -15.718783 0.001107 0.011883 1.891543 -1.116936 5.125473 -14.931470 -14.425641 -5.539401 -29.152473 -31.066596
-1.832572 -14.984343 0.000037 0.002851 1.711539 -1.114751 1.608281 -13.253889 -12.708758 3.605539 -29.095450 -30.892840
-1.810099 -14.510325 0.000059 0.009194 1.548664 -1.109556 -5.851765 -13.060445 -10.433885 -2.029751 -28.959843 -30.688375
-1.803290 -14.308167 0.000664 0.019772 1.401289 -1.105563 -3.579174 -13.284565 -8.799535 4.968534 -28.855625 -30.481593
-1.819332 -14.517805 0.001206 0.029182 1.267939 -1.101444 -1.038054 -12.965046 -6.832010 11.722726 -28.748128 -30.277385
-1.816688 -14.386306 0.001690 0.038552 1.147279 -1.098183 5.638115 -12.484962 -4.549088 23.560777 -28.663005 -30.085041
-1.796054 -13.921565 0.002220 0.047831 1.038101 -1.092943 3.978181 -11.150143 -1.565631 29.974857 -28.526235 -29.861621
-1.757004 -13.125445 0.002706 0.058994 0.939312 -1.086110 2.134701 -10.313713 1.670362 30.522769 -28.347908 -29.618529
-1.699297 -12.019042 0.003408 0.069862 0.916334 -1.077886 -0.935706 -8.963585 4.721142 18.794696 -28.133262 -29.384323
-1.628397 -10.696579 0.003912 0.078682 1.051791 -1.072579 6.670450 -8.559855 6.702490 35.392599 -27.994748 -29.124186
-1.549302 -9.269845 0.004381 0.081513 1.177966 -1.063147 4.513932 -5.079027 9.864066 27.178910 -27.748566 -28.859758
-1.478387 -8.028380 0.004308 0.091312 1.177966 -1.053381 1.378407 -6.264178 12.198506 10.557267 -27.493653 -28.630223
-1.415615 -6.947650 0.005331 0.097710 1.433390 -1.043777 -7.771463 -4.637752 13.140566 -11.350218 -27.242982 -28.437981
-1.350817 -5.846559 0.005155 0.096898 1.433390 -1.039073 -4.837296 -5.620454 12.435004 -14.399248 -27.120224 -28.276066
-1.298125 -4.958161 0.005251 0.088764 1.433390 -1.035760 -1.047187 -3.473297 11.650716 -14.463116 -27.033756 -28.135471
-1.273405 -4.538326 0.004430 0.082619 1.433390 -1.035768 12.680897 -4.446607 10.975553 -1.069064 -27.033949 -27.998527
-1.273111 -4.524423 0.004525 0.079102 1.433390 -1.031779 10.445757 -2.637359 11.374871 -4.132363 -26.929840 -27.868559
-1.281584 -4.658113 0.004132 0.081822 1.433390 -1.028151 8.448769 -4.563194 11.483095 -7.895121 -26.835157 -27.753332
-1.280689 -4.638783 0.004720 0.082276 1.433390 -1.025017 6.625414 -3.277330 11.292832 -11.428600 -26.753341 -27.650489
-1.268390 -4.429228 0.004308 0.080236 1.433390 -1.022280 4.926769 -4.200241 10.871132 -13.628262 -26.681917 -27.550899
-1.257664 -4.245029 0.004457 0.077143 1.433390 -1.019628 3.189973 -3.300855 10.339520 -13.997468 -26.612691 -27.443155
-1.255457 -4.198258 0.004054 0.074192 1.433390 -1.016520 0.983374 -3.969091 9.832831 -16.210233 -26.531565 -27.337553
-1.259177 -4.250115 0.004104 0.071870 1.433390 -1.012067 -6.874892 -3.700060 9.199411 -27.106807 -26.415361 -27.255041
-1.265050 -4.335111 0.003850 0.069072 1.296985 -1.011012 -4.899600 -4.895062 7.794049 -23.707670 -26.387802 -27.165579
-1.272627 -4.438368 0.003792 0.062427 1.173560 -1.009655 -2.636732 -3.871802 6.772018 -12.166613 -26.352408 -27.018896
-1.286422 -4.642609 0.003209 0.058253 1.061881 -1.006169 0.486997 -4.194255 6.695555 -1.960958 -26.261412 -26.832000
-1.305588 -4.936084 0.003278 0.059361 0.960830 -0.996891 -13.027035 -3.705188 7.356749 -17.444840 -26.019253 -26.659858
-1.317422 -5.118327 0.003326 0.063665 0.894377 -0.992004 -11.242599 -5.605113 6.752966 -23.911617 -25.891702 -26.541897
-1.311244 -5.016759 0.003696 0.060065 0.993769 -0.989134 -9.586912 -4.397421 5.724649 -28.190246 -25.816796 -26.462760
-1.301034 -4.848069 0.003058 0.053957 0.993769 -0.987781 -7.835368 -5.386775 4.489190 -24.768027 -25.781464 -26.375527
-1.309246 -4.972204 0.002986 0.048285 0.993769 -0.986002 -6.129586 -4.564463 3.619135 -19.804471 -25.735049 -26.270464
-1.334908 -5.375712 0.002500 0.045904 0.993769 -0.983497 -4.362296 -5.579473 3.164888 -19.150693 -25.669663 -26.176082
