0.000000 0.000000 0.000000 0.000000 0.000000 0.000000 0.000000 0.000000 0.000000 10.411178 0.000000 10.411178
0.000000 0.000000 0.000000 0.000000 0.000000 0.000000 0.000000 0.000000 0.000000 10.410635 0.000000 10.410635
0.000000 0.000000 0.000000 0.000000 0.000000 0.000000 0.000000 0.000000 0.000000 10.411254 0.000000 10.411254
0.000000 0.000000 0.000000 0.000000 0.000000 0.000000 0.000000 0.000000 0.000000 10.412496 0.000000 10.412496
0.000000 0.000000 0.000000 0.000000 0.000000 0.000000 0.000000 0.000000 0.000000 10.412746 0.000000 10.412746
0.000000 0.043211 0.000000 0.000000 0.000000 0.000000 0.000000 0.000000 0.000000 10.412702 0.000000 10.412702
0.000000 0.263407 0.000000 0.000000 0.000000 0.000000 0.000000 0.000000 0.000000 10.412794 0.000000 10.412794
0.000000 0.487775 0.000000 0.000000 0.000000 0.000000 0.000000 0.000000 0.000000 10.412554 0.000000 10.412554
0.000000 0.509621 0.000000 0.000000 0.000000 0.000000 0.000000 0.000000 0.000000 10.413040 0.000000 10.413040
0.000000 0.520892 0.000000 0.000000 0.000000 0.000000 0.000000 0.000000 0.000000 10.412154 0.000000 10.412154
0.000000 0.537736 0.000000 0.000000 0.000000 0.000000 0.000000 0.000000 0.000000 10.410693 0.000000 10.410693
0.000000 0.535260 0.000000 0.000000 0.000000 0.000000 0.000000 0.000000 0.000000 10.412804 0.000000 10.412804
0.000000 0.572710 0.000000 0.000000 0.000000 0.000000 0.000000 0.000000 0.000000 10.406040 0.000000 10.406040
0.000000 0.603244 0.000000 0.000000 0.000000 0.000000 0.000000 0.000000 0.000000 10.399769 0.000000 10.399769
0.000000 0.624612 0.000000 0.000000 0.000000 0.000000 0.000000 0.000000 0.000000 10.407820 0.000000 10.407820
0.000000 0.662884 0.000000 0.000000 0.000000 0.000000 0.000000 0.000000 0.000000 10.408358 0.000000 10.408358
0.000000 0.708814 0.000000 0.000000 0.000000 0.000000 0.000000 0.000000 0.000000 10.410739 0.000000 10.410739
0.000000 0.750796 0.000000 0.000000 0.000000 0.000000 0.000000 0.000000 0.000000 10.426329 0.000000 10.426329
0.000000 0.808702 0.000000 0.000000 0.000000 0.000000 0.000000 0.000000 0.000000 10.426068 0.000000 10.426068
0.000000 0.870336 0.000000 0.000000 0.000000 0.000000 0.000000 0.000000 0.000000 10.425799 0.000000 10.425799
0.000000 0.935198 0.000000 0.000000 0.000000 0.000000 0.000000 0.000000 0.000000 10.428045 0.000000 10.428045
0.046501 1.010315 0.000000 0.000000 0.000000 0.000000 0.000000 0.000000 0.000000 10.418395 0.000000 10.418395
0.076182 1.091274 0.000000 0.000000 0.000000 0.000000 0.000000 0.000000 0.000000 10.411330 0.000000 10.411330
0.110807 1.180464 0.000000 0.000000 0.000000 0.000000 0.000000 0.000000 0.000000 10.409808 0.000000 10.409808
0.141285 1.284871 0.000000 0.000000 0.000000 0.000000 0.000000 0.000000 0.000000 10.410335 0.000000 10.410335
0.136094 1.353589 0.000000 0.000000 0.000000 0.000000 0.000000 0.000000 0.000000 10.411064 0.000000 10.411064
0.120927 1.393085 0.000000 0.000000 0.000000 0.000000 0.000000 0.000000 0.000000 10.409989 0.000000 10.409989
0.127145 1.460232 0.000000 0.000000 0.000000 0.000000 0.000000 0.000000 0.000000 10.406083 0.000000 10.406083
0.132671 1.540456 0.000000 0.000000 0.000000 0.000000 0.000000 0.000000 0.000000 10.401642 0.000000 10.401642
0.146600 1.643011 0.000000 0.000000 0.000000 0.000000 0.000000 0.000000 0.000000 10.398765 0.000000 10.398765
0.109815 1.674209 0.000000 0.000000 0.000000 0.000000 0.000000 0.000000 0.000000 10.405455 0.000000 10.405455
0.061794 1.679780 0.000000 0.000000 0.000000 0.000000 0.000000 0.000000 0.000000 10.409039 0.000000 10.409039
0.064651 1.754862 0.000000 0.000000 0.000000 0.000000 0.000000 0.000000 0.000000 10.408439 0.000000 10.408439
0.068508 1.831742 0.000000 0.000000 0.000000 0.000000 0.000000 0.000000 0.000000 10.409133 0.000000 10.409133
0.057093 1.890627 0.000000 0.000000 0.000000 0.000000 0.000000 0.000000 0.000000 10.411066 0.000000 10.411066
0.050989 1.953727 0.000000 0.000000 0.000000 0.000000 0.000000 0.000000 0.000000 10.409772 0.000000 10.409772
0.054632 2.023557 0.000000 0.000000 0.000000 0.000000 0.000000 0.000000 0.000000 10.405730 0.000000 10.405730
0.049812 2.082322 0.000000 0.000000 0.000000 0.000000 0.000000 0.000000 0.000000 10.407143 0.000000 10.407143
0.054359 2.148538 0.000000 0.000000 0.000000 0.000000 0.000000 0.000000 0.000000 10.401069 0.000000 10.401069
0.060938 2.227924 0.000000 0.000000 0.000000 0.000000 0.000000 0.000000 0.000000 10.397970 0.000000 10.397970
0.049304 2.286643 0.000000 0.000000 0.000000 0.000000 0.000000 0.000000 0.000000 10.403453 0.000000 10.403453
0.039568 2.350852 0.000000 0.000000 0.000000 0.000000 0.000000 0.000000 0.000000 10.407064 0.000000 10.407064
0.042305 2.429618 0.000000 0.000000 0.000000 0.000000 0.000000 0.000000 0.000000 10.404705 0.000000 10.404705
0.037752 2.491058 0.000000 0.000000 0.000000 0.000000 0.000000 0.000000 0.000000 10.404783 0.000000 10.404783
0.028637 2.550836 0.000000 0.000000 0.000000 0.000000 0.000000 0.000000 0.000000 10.411195 0.000000 10.411195
0.027399 2.619858 0.000000 0.000000 0.000000 0.000000 0.000000 0.000000 0.000000 10.416226 0.000000 10.416226
0.018725 2.680836 0.000000 0.000000 0.000000 0.000000 0.000000 0.000000 0.000000 10.427322 0.000000 10.427322
0.013680 2.744161 0.000000 0.000000 0.000000 0.000000 0.000000 0.000000 0.000000 10.430009 0.000000 10.430009
0.020234 2.814143 0.000000 0.000000 0.000000 0.000000 0.000000 0.000000 0.000000 10.418019 0.000000 10.418019
0.019952 2.882914 0.000000 0.000000 0.000000 0.000000 0.000000 0.000000 0.000000 10.419321 0.000000 10.419321
0.017528 2.950214 0.000000 0.000000 0.000000 0.000000 0.000000 0.000000 0.000000 20.922137 0.000000 20.922137
0.024663 3.023328 0.000000 0.000000 0.000000 0.000000 0.000000 0.000000 0.000000 20.948546 0.000000 20.948546
0.010112 3.049519 0.000000 0.000000 0.000000 0.000000 0.000000 0.000000 0.000000 20.816425 0.000000 20.816425
0.001753 3.094989 0.000000 0.000000 0.000000 0.000000 0.000000 0.000000 0.000000 20.690346 0.000000 20.690346
0.026972 3.200009 0.000000 0.000000 0.000000 0.000000 0.000000 0.000000 0.000000 20.791866 0.000000 20.791866
0.045544 3.260043 0.000000 0.000000 0.000000 0.000000 0.000000 0.000000 0.000000 20.939628 0.000000 20.939628
0.046220 3.279751 0.000000 0.000000 0.000000 0.000000 0.000000 0.000000 0.000000 20.925729 0.000000 20.925729
0.050156 3.314315 0.000000 0.000000 0.000000 0.000000 0.000000 0.000000 0.000000 20.886409 0.000000 20.886409
0.086902 3.441721 0.000000 0.000000 0.000000 0.000000 0.000000 0.000000 0.000000 20.950579 0.000000 20.950579
0.103573 3.519409 0.000000 0.000000 0.000000 0.000000 0.000000 0.000000 0.000000 20.911368 0.000000 20.911368
0.103021 3.537965 0.000000 0.000000 0.000000 0.000000 0.000000 0.000000 0.000000 20.864569 0.000000 20.864569
0.118212 3.612642 0.000000 0.000000 0.000000 0.000000 0.000000 0.000000 0.000000 20.863809 0.000000 20.863809
0.132410 3.722373 0.000000 0.000000 0.000000 0.000000 0.000000 0.000000 0.000000 20.716327 0.000000 20.716327
0.143045 3.830149 0.000000 0.000000 0.000000 0.000000 0.000000 0.000000 0.000000 20.541945 0.000000 20.541945
0.155407 3.931888 0.000000 0.000000 0.000000 0.000000 0.000000 0.000000 0.000000 20.429936 0.000000 20.429936
0.166718 4.062504 0.000000 0.000000 0.000000 0.000000 0.000000 0.000000 0.000000 20.228558 0.000000 20.228558
0.169971 4.197869 0.000000 0.000000 0.000000 0.000000 0.000000 0.000000 0.000000 19.922945 0.000000 19.922945
0.170455 4.328534 0.000000 0.000000 0.000000 0.000000 0.000000 0.000000 0.000000 19.576701 0.000000 19.576701
0.176981 4.479822 0.000000 0.000000 0.000000 0.000000 0.000000 0.000000 0.000000 19.228078 0.000000 19.228078
0.176401 4.633106 0.000000 0.000000 0.000000 0.000000 0.000000 4.633106 4.633106 18.808043 0.000000 18.808043
0.189834 4.921550 0.000000 -0.001143 0.000000 0.690941 0.000000 6.625136 6.134781 18.348505 22.259733 18.348505
0.189521 5.116365 -0.000109 0.004037 0.029256 0.463293 0.000109 3.603067 -6962.329311 17.979191 14.925698 17.979191
0.162811 5.154101 0.000471 -27.617707 0.126559 0.490137 2.761527 6.634044 -6265.341855 17.649768 15.790517 17.649768
0.153519 5.279408 -0.000159 -24.855485 0.126559 0.459654 1.728025 4.341295 -5638.134134 17.238739 14.808488 17.238739
0.147455 5.424212 0.000367 -22.369933 0.126559 0.452227 0.302142 6.480854 -5073.587990 16.809469 14.569203 16.809469
0.126174 5.564364 -0.000076 -20.132741 0.126559 0.435695 -5.216130 5.006604 -4565.497323 16.278978 14.036584 16.278978
0.096536 5.707510 0.000277 -18.119339 0.126559 0.410789 -4.475426 6.443833 -4108.201241 15.624617 13.234201 15.624617
0.067358 5.851326 -0.000014 -16.307279 0.126559 0.381442 -3.843219 5.564510 -3696.608794 14.908147 12.288765 14.908147
0.045584 6.001981 0.000211 -14.676406 0.126559 0.352595 -3.317949 6.557077 -3326.142597 14.186691 11.359409 14.186691
0.034781 6.160944 0.000026 -13.208583 0.126559 0.328324 -2.876588 6.065438 -2992.690842 13.497940 10.577476 13.497940
0.028679 6.319014 0.000173 -11.887473 0.126559 0.310269 -2.533208 6.750573 -2692.561159 12.900802 9.995816 12.900802
0.029052 6.545877 0.000060 -10.698719 0.126559 0.296117 -2.281670 6.609606 -2422.422971 12.544922 9.539878 12.544922
0.018697 6.700125 0.000132 -9.628557 0.126559 0.288613 -2.022007 7.007861 -2179.275340 12.285119 9.298122 12.285119
0.003289 6.773941 0.000085 -8.665061 0.114515 0.285643 -1.608237 6.820712 -1960.436505 12.012940 9.202438 12.012940
-0.000789 6.915594 0.000165 -7.798189 0.103617 0.283211 -1.092907 7.211586 -1763.481209 11.915669 9.124091 11.915669
0.001446 7.081753 0.000114 -7.018156 0.093757 0.285080 -0.395907 7.196492 -1586.206308 11.809469 9.184299 11.809469
0.004526 7.216524 0.000152 -6.316008 0.084835 0.288464 1.496396 7.438124 -1426.658452 11.518589 9.293329 11.518589
0.006396 7.342450 0.000130 -5.684092 0.076762 0.288579 0.914335 7.440168 -1283.084105 11.373789 9.297015 11.373789
0.012460 7.498805 0.000154 -5.115612 0.069457 0.290654 0.258263 7.708344 -1153.863185 11.346688 9.363874 11.346688
0.016373 7.621498 0.000117 -4.603892 0.062847 0.295954 -1.586714 7.707292 -1037.559445 11.173002 9.534632 11.173002
0.016233 7.717008 0.000139 -4.143266 0.056866 0.297228 -1.158064 7.853078 -932.903501 10.944890 9.575656 10.944890
0.018071 7.820096 0.000122 -3.728840 0.051455 0.295111 -0.751851 7.900933 -838.723919 10.517751 9.507468 10.517751
0.020772 7.906126 0.000123 -3.355872 0.046558 0.287721 -0.369731 7.989395 -753.981801 9.881194 9.269394 9.881194
0.029102 8.087070 0.000109 -3.020688 0.042128 0.273146 -0.188424 8.213119 -677.727004 9.605465 8.799834 9.605465
0.035805 8.280167 0.000062 -2.719195 0.038119 0.262112 -0.532747 8.396892 -609.063200 9.364512 8.444354 9.364512
0.012930 8.194533 0.000031 -2.446686 0.034491 0.253310 -0.591252 8.104701 -547.265370 9.020758 8.160787 9.020758
0.002653 8.195093 0.000104 -2.201734 0.031209 0.243231 -0.614835 8.334750 -491.651981 8.709903 7.836054 8.709903
0.001850 8.261556 0.000060 -1.981557 0.028239 0.234796 -0.605501 8.271430 -441.592197 8.418226 7.564326 8.418226
-0.008290 8.256027 0.000082 -1.783108 0.025552 0.227599 -0.602695 8.310573 -396.540507 8.324136 7.332444 8.324136
-0.006763 8.333805 0.000080 -1.604841 0.023120 0.225073 -0.584540 8.430050 -355.975418 8.160684 7.251090 8.160684
-0.005233 8.409463 0.000064 -1.444349 0.020920 0.222575 -0.541535 8.464223 -319.465701 8.099335 7.170589 8.099335
-0.004064 8.479843 0.000065 -1.299910 0.018929 0.221991 -0.493458 8.565068 -286.598418 8.182019 7.151801 8.182019
-0.000728 8.534195 0.000053 -1.169846 0.017128 0.225783 -0.411388 8.590172 -257.004482 7.758155 7.273946 7.884088
0.002908 8.616728 0.000060 -1.052869 0.016058 0.220201 -0.328292 8.675891 -230.404443 7.846944 7.094121 7.856381
0.007247 8.728345 0.000044 -0.947874 0.016058 0.220779 -0.300544 8.829260 -206.432212 8.286171 7.112744 8.119988
0.005530 8.757172 0.000020 -0.852968 0.016058 0.230777 -0.212032 8.791391 -184.821384 8.109145 7.434830 8.061999
-0.001877 8.750535 0.000045 -0.767280 0.016058 0.230567 -0.039810 8.770655 -165.411387 8.503418 7.428070 8.291448
0.001168 8.796821 0.000056 -0.690526 0.016058 0.239148 0.960937 8.901963 -147.906358 8.222627 7.704536 8.159283
0.004445 8.848971 0.000041 -0.621347 0.016058 0.238271 0.807625 8.847147 -132.190254 8.097473 7.676274 8.045632
0.004970 8.896549 0.000057 -0.559240 0.016058 0.236078 0.690891 8.969053 -118.048590 8.337115 7.605635 8.160518
0.047672 9.322341 0.000033 -0.504873 0.016058 0.241164 0.574527 9.662252 -105.254216 8.045290 7.769477 8.000513
0.040932 9.273012 -0.000103 -0.453963 0.027764 0.237609 0.476052 8.983218 -93.779895 7.834468 7.654930 7.812233
0.002683 8.894599 0.000053 -0.406981 0.027764 0.234735 0.346533 8.837763 -83.498386 7.084893 7.562363 7.282982
0.010372 8.952750 0.000082 -0.366458 0.027764 0.220992 0.350476 9.007349 -74.290662 6.695020 7.119608 6.888119
0.014451 9.000880 0.000031 -0.330151 0.027764 0.210031 0.576835 8.962456 -65.994757 6.698532 6.766473 6.778986
0.014691 9.017690 0.000030 -0.297334 0.027764 0.207150 0.735331 9.056557 -58.498833 6.608424 6.673671 6.687345
0.023055 9.138151 0.000006 -0.268099 0.027764 0.203519 0.829102 9.198317 -51.740244 6.781171 6.556674 6.757770
0.018550 9.139616 -0.000025 -0.241316 0.027764 0.203770 0.853165 9.110236 -45.634677 6.905034 6.564754 6.831072
0.005584 9.063609 -0.000000 -0.216813 0.027764 0.204690 0.792700 9.052955 -40.138202 6.837564 6.594418 6.785603
0.001719 9.085572 0.000017 -0.195113 0.027764 0.201377 0.677664 9.130706 -35.196784 6.907502 6.487660 6.782632
-0.001640 9.092574 0.000003 -0.175554 0.027764 0.200095 0.503625 9.094946 -30.734971 6.588356 6.446387 6.549930
-0.005498 9.109770 0.000017 -0.157937 0.027764 0.192236 0.262610 9.132747 -26.739380 6.676000 6.193173 6.509808
-0.007209 9.129374 0.000010 -0.142177 0.025122 0.190523 -0.126086 9.164486 -23.114695 6.493471 6.138012 6.358136
-0.006364 9.152480 0.000010 -0.127901 0.022731 0.186819 0.665732 9.170710 -19.860142 6.112027 6.018666 6.061299
-0.006727 9.179063 0.000014 -0.115106 0.020568 0.178600 0.506312 9.193057 -16.948910 6.144167 5.753863 5.983198
-0.004924 9.216665 0.000009 -0.103715 0.018611 0.177433 0.374605 9.266115 -14.301789 5.810162 5.716276 5.747400
-0.004403 9.238339 -0.000000 -0.093308 0.016840 0.171263 0.272970 9.223470 -11.940424 5.642529 5.517500 5.566763
-0.003164 9.254233 0.000010 -0.084011 0.015237 0.167003 0.211417 9.288635 -9.811167 5.446611 5.380276 5.390324
0.000583 9.277843 -0.000002 -0.075665 0.013787 0.163468 0.183822 9.274403 -7.897072 5.207486 5.266386 5.197689
0.006854 9.307019 0.000002 -0.068194 0.012475 0.159857 0.212395 9.328499 -6.181275 4.899989 5.150043 4.964778
0.023934 9.436928 -0.000011 -0.061907 0.011288 0.155363 0.273833 9.504091 -4.639036 4.587079 5.005276 4.723052
0.026069 9.436030 -0.000050 -0.055791 0.013576 0.149730 0.358682 9.348833 -3.264278 4.582562 4.823771 4.666586
0.014474 9.313708 -0.000020 -0.049857 0.013576 0.148952 0.446509 9.266720 -2.025368 4.632786 4.798713 4.696540
0.009366 9.281459 -0.000005 -0.044818 0.013576 0.149446 0.497656 9.280257 -0.907679 5.040923 4.814647 4.964525
0.025125 9.462457 -0.000010 -0.041105 0.013576 0.156061 0.499883 9.625937 0.147054 5.661078 5.027750 5.426195
0.014579 9.397893 -0.000078 -0.036668 0.020901 0.168407 0.425861 9.265053 1.121733 5.906769 5.425482 5.709817
-0.011991 9.173545 0.000016 -0.031916 0.020901 0.175456 0.186281 9.138027 1.964603 5.403782 5.652577 5.456590
-0.014611 9.193073 0.000049 -0.028652 0.020901 0.165706 -0.406653 9.217627 2.667967 4.963807 5.338466 5.071297
-0.017103 9.214421 0.000023 -0.025949 0.020901 0.150733 -0.142642 9.182516 3.293274 3.722060 4.856097 4.115777
0.008030 9.487447 0.000022 -0.024552 0.020901 0.119484 0.501836 9.642587 3.823886 2.846941 3.849362 3.225336
-0.005039 9.406997 -0.000095 -0.022130 0.025502 0.089602 0.314980 9.140027 4.303699 2.486359 2.886678 2.665149
-0.016697 9.299210 0.000003 -0.019801 0.025502 0.071721 -0.027756 9.395208 4.771902 1.460178 2.310596 1.814372
-0.015799 9.300598 -0.000057 -0.017951 0.025502 0.045653 3.483487 9.158315 5.158176 0.509705 1.470785 0.928135
-0.019540 9.262896 -0.000016 -0.016270 0.025502 0.019284 3.116153 9.271299 5.493388 -0.421579 0.621261 0.052284
-0.024045 9.223374 -0.000054 -0.014785 0.025502 -0.007040 2.794677 9.103370 5.784723 -1.361283 -0.226799 -0.827679
-0.018772 9.261270 -0.000031 -0.013780 0.025502 -0.033617 2.513519 9.298751 6.043538 -2.174730 -1.083009 -1.628007
-0.004673 9.363738 -0.000087 -0.013161 0.025502 -0.056438 2.266475 9.330236 6.290067 -2.875969 -1.818232 -2.316147
-0.033314 9.060631 -0.000104 -0.010982 0.027869 -0.077526 2.049973 8.762116 6.484293 -3.527618 -2.497628 -2.953475
-0.050946 8.856325 0.000008 -0.009402 0.027869 -0.096288 1.854108 8.851035 6.640840 -4.320703 -3.102058 -3.666265
-0.025533 9.070977 -0.000028 -0.009633 0.027869 -0.116248 1.688042 9.151501 6.788423 -4.965528 -3.745112 -4.283613
-0.041928 8.922804 -0.000109 -0.008460 0.029210 -0.136961 1.547930 8.644277 6.906292 -2.774686 -4.412398 -2.987839
-0.055108 8.815858 -0.000012 -0.007569 0.029210 -0.095171 1.410776 9.081370 7.225495 -3.466800 -3.066069 -3.127399
-0.070745 8.683047 -0.000076 -0.005777 0.029210 -0.102020 1.259626 8.333009 7.339870 -3.582063 -3.286743 -3.269449
-0.093752 8.460695 0.000082 -0.004443 0.029210 -0.108283 1.082094 8.539719 7.428826 -3.877550 -3.488515 -3.542871
-0.092801 8.439392 0.000026 -0.004006 0.029210 -0.116504 0.889885 8.328665 7.499418 -4.279398 -3.753359 -3.908822
-0.114494 8.201737 0.000061 -0.002784 0.029210 -0.126987 0.715185 8.059000 7.528457 -4.415526 -4.091075 -4.078290
-0.115854 8.155458 0.000103 -0.002485 0.029210 -0.130091 0.586086 8.207217 7.565750 -4.360924 -4.191091 -4.054656
-0.114599 8.135996 0.000057 -0.002260 0.029210 -0.127375 0.499351 8.065721 7.609475 -4.190543 -4.103590 -3.906981
-0.115232 8.086042 0.000079 -0.001889 0.029210 -0.120813 0.415071 8.095489 7.650322 -3.907891 -3.892180 -3.647228
-0.100459 8.172001 0.000063 -0.002068 0.029210 -0.110398 0.285096 8.231980 7.701260 -3.661858 -3.556647 -3.393912
-0.087899 8.257505 0.000028 -0.002205 0.029210 -0.101119 0.054757 8.269686 7.748646 -3.572078 -3.257701 -3.263647
-0.081533 8.300423 0.000016 -0.002187 0.026431 -0.097179 -1.349649 8.300394 7.779205 -3.550538 -3.130780 -3.216544
-0.076205 8.316288 0.000003 -0.002129 0.023915 -0.096742 -1.150701 8.296132 7.800043 -3.611483 -3.116706 -3.254972
-0.069117 8.337258 -0.000003 -0.002129 0.021639 -0.097951 -0.963298 8.331414 7.815019 -3.509142 -3.155650 -3.181840
-0.038561 8.551393 -0.000018 -0.002919 0.019580 -0.094796 -0.802719 8.699694 7.860975 -3.384124 -3.054010 -3.062476
-0.037832 8.504000 -0.000100 -0.002549 0.026805 -0.089459 -0.670820 8.321594 7.899427 -3.079804 -2.882069 -2.796378
-0.026039 8.553630 -0.000016 -0.002593 0.026805 -0.080253 -0.567493 8.723774 7.949362 -2.566813 -2.585481 -2.353344
-0.022103 8.514527 -0.000102 -0.002240 0.027520 -0.064546 -0.487108 8.348591 8.007341 -1.888242 -2.079453 -1.738286
-0.041304 8.261914 -0.000014 -0.001009 0.027520 -0.042232 -0.439473 8.207545 8.047772 -1.212671 -1.360579 -1.067340
-0.027723 8.271475 0.000020 -0.000887 0.027520 -0.017969 -0.392363 8.334202 8.081724 -0.916585 -0.578910 -0.649524
-0.016473 8.270621 -0.000006 -0.000749 0.027520 -0.001879 -0.405837 8.193313 8.074171 -0.481192 -0.060537 -0.186902
-0.008286 8.270599 0.000019 -0.000779 0.027520 0.013773 -0.501291 8.299487 8.060873 0.140598 0.443719 0.406410
-0.002110 8.258275 -0.000012 -0.000782 0.027520 0.031755 -0.565974 8.201569 8.056876 0.580262 1.023042 0.889303
0.001621 8.246993 0.000005 -0.000754 0.027520 0.045178 -0.578602 8.248658 8.041214 1.225833 1.455468 1.478110
0.017961 8.343785 -0.000013 -0.001199 0.027520 0.061003 -0.561832 8.401905 8.053489 1.757305 1.965298 2.002167
0.015087 8.282347 -0.000048 -0.000907 0.027520 0.074898 -0.473209 8.170413 8.060087 2.220152 2.412950 2.458857
0.022089 8.317814 0.000002 -0.001022 0.027520 0.086261 -0.374824 8.420637 8.070762 2.946456 2.779044 3.079384
0.018783 8.254321 -0.000054 -0.000728 0.027520 0.103622 -0.200344 8.134377 8.102228 3.459116 3.338343 3.591012
-0.001700 8.052403 0.000014 0.000197 0.024901 0.118102 0.189617 7.996282 8.106703 3.884169 3.804827 4.015598
0.002324 8.056681 0.000044 0.000198 0.022531 0.130557 -0.173224 8.111213 8.107914 4.341142 4.206110 4.446993
0.007140 8.061297 0.000017 0.000185 0.020387 0.143480 0.126338 8.031939 8.113827 4.796906 4.622434 4.880401
0.052926 8.420734 0.000034 -0.001217 0.018447 0.157553 -0.137146 8.745432 8.158180 5.492449 5.075817 5.497458
0.081611 8.651510 -0.000116 -0.001955 0.031178 0.177086 0.016726 8.608998 8.240139 6.253986 5.705115 6.203124
0.043277 8.261289 -0.000069 -0.000084 0.031178 0.200654 -3.891410 8.026103 8.285235 6.829339 6.464382 6.803835
0.046886 8.257178 0.000068 0.000111 0.031178 0.220283 -3.486601 8.470617 8.311009 7.427319 7.096747 7.394718
0.061482 8.347829 -0.000025 -0.000146 0.031178 0.239403 -3.118386 8.275484 8.340577 7.849583 7.712747 7.853232
0.051663 8.259264 0.000023 0.000322 0.031178 0.253248 -2.792405 8.257004 8.343161 8.337878 8.158777 8.323842
0.065023 8.385684 0.000027 -0.000169 0.031178 0.265393 -2.506384 8.502654 8.361439 8.797688 8.550044 8.757908
0.076806 8.514969 -0.000024 -0.000609 0.031178 0.276460 -2.240036 8.544214 8.396185 9.323156 8.906579 9.229076
0.100977 8.773653 -0.000026 -0.001496 0.031178 0.287487 -1.995701 8.989826 8.466553 9.869425 9.261857 9.709312
0.110996 8.875431 -0.000110 -0.001621 0.031178 0.300656 -1.746028 8.831492 8.555018 10.080105 9.686111 9.955404
0.104718 8.848178 -0.000057 -0.001162 0.031178 0.306861 -1.514392 8.892379 8.615187 10.574616 9.885991 10.357990
0.102708 8.861626 -0.000058 -0.000977 0.031178 0.317489 -1.302860 8.890949 8.693757 10.794758 10.228401 10.588817
0.092965 8.792064 -0.000040 -0.000390 0.028211 0.323886 -1.092893 8.757306 8.747938 10.794552 10.434510 10.627845
0.083978 8.740458 0.000001 0.000030 0.025526 0.324153 -0.934754 8.755173 8.775384 10.988224 10.443081 10.761180
0.084236 8.745643 0.000007 0.000118 0.023097 0.328497 -0.824222 8.780708 8.815099 10.829699 10.583060 10.670031
0.082532 8.767911 0.000010 0.000187 0.020899 0.326513 -0.776433 8.776988 8.829695 11.073782 10.519116 10.823837
0.078015 8.789080 0.000014 0.000161 0.018910 0.329816 -0.794722 8.842189 8.869068 11.100198 10.625553 10.858540
0.077748 8.821205 0.000008 0.000190 0.017111 0.329827 -0.789010 8.841586 8.901451 10.400694 10.625879 10.349282
0.070090 8.861284 0.000015 0.000159 0.015482 0.311697 -0.811751 8.859409 8.879800 10.572925 10.041811 10.310245
0.061136 8.915114 0.000006 -0.000140 0.014009 0.304968 -0.844559 9.001268 8.924922 10.810980 9.825015 10.395572
0.056910 8.977683 -0.000015 -0.000209 0.012676 0.303783 -0.811600 9.036024 9.007408 10.651246 9.786847 10.247032
0.052502 9.028897 -0.000005 -0.000085 0.011470 0.296923 -0.748647 9.090885 9.077246 10.701762 9.565841 10.188035
0.048207 9.080110 -0.000002 -0.000011 0.010378 0.294893 -0.669246 9.160442 9.166485 10.639815 9.500451 10.095325
0.041663 9.136125 0.000002 0.000120 0.009391 0.291825 -0.588623 9.205893 9.252671 10.623782 9.401596 10.022958
0.034074 9.193713 0.000011 0.000234 0.008497 0.288790 -0.504352 9.279677 9.342483 10.723457 9.303830 10.024441
0.026874 9.248609 0.000015 0.000372 0.007688 0.288194 -0.406933 9.334923 9.444264 10.780766 9.284637 10.020190
0.023780 9.318085 0.000025 0.000500 0.006957 0.288376 -0.285751 9.421774 9.548806 10.453720 9.290487 9.778946
0.024021 9.403151 0.000029 0.000577 0.007826 0.282432 -0.137164 9.479343 9.625332 9.855102 9.098985 9.307118
0.019046 9.470500 0.000033 0.000614 0.008970 0.269253 0.094586 9.522635 9.669059 9.483452 8.674395 8.905639
0.010592 9.520735 0.000034 0.000588 0.009013 0.256840 -0.123337 9.582571 9.717582 8.985944 8.274501 8.434684
0.002623 9.560546 0.000031 0.000622 0.009013 0.241998 0.008746 9.598637 9.757591 8.555995 7.796333 7.978191
-0.002042 9.601939 0.000036 0.000617 0.009787 0.228601 -1.044450 9.664069 9.801514 8.219979 7.364724 7.595731
-0.001973 9.664460 0.000032 0.000543 0.009787 0.219002 -0.934391 9.731746 9.854782 7.785102 7.055508 7.200019
-0.000085 9.750732 0.000029 0.000412 0.009787 0.209424 -0.846565 9.823055 9.901510 7.598757 6.746938 6.957212
-0.001476 9.815545 0.000019 0.000341 0.009787 0.204162 -0.777786 9.876241 9.959619 7.378210 6.577406 6.747505
0.008254 9.999749 0.000020 -0.000159 0.009787 0.198727 -0.718569 10.161266 10.026342 7.251633 6.402288 6.592651
0.004155 10.035682 -0.000029 -0.000037 0.009787 0.194767 -0.657721 10.001727 10.093787 7.169361 6.274724 6.482283
-0.008529 9.953872 0.000021 0.000555 0.009787 0.193026 -0.589626 9.985645 10.149853 6.994472 6.218633 6.346553
0.020215 10.287171 0.000037 -0.000544 0.010048 0.190740 -0.516880 10.589146 10.224339 6.958043 6.144998 6.288217
0.015129 10.295162 -0.000080 -0.000281 0.021492 0.190872 -0.446127 10.123642 10.295090 7.067337 6.149238 6.345677
-0.012312 10.071954 0.000039 0.000884 0.021492 0.194115 -0.332607 10.102498 10.344671 6.915709 6.253712 6.291614
-0.012651 10.142838 0.000054 0.000800 0.021492 0.192714 -0.170047 10.226950 10.376328 7.046436 6.208583 6.346438
-0.010756 10.222447 0.000034 0.000610 0.021492 0.193877 0.121940 10.284456 10.426551 6.825971 6.246064 6.229542
-0.010868 10.266662 0.000032 0.000634 0.021492 0.190891 -0.389797 10.297838 10.455974 6.431644 6.149857 5.964005
-0.012219 10.298869 0.000036 0.000623 0.021492 0.182820 -0.257303 10.321759 10.462330 6.464324 5.889832 5.879562
-0.010230 10.361501 0.000032 0.000400 0.021492 0.181080 -0.162270 10.438282 10.497234 6.529131 5.833787 5.892293
-0.009257 10.423207 0.000014 0.000293 0.021492 0.182026 -0.171859 10.465598 10.544283 7.151744 5.864265 6.252261
-0.005383 10.482391 0.000019 0.000245 0.021492 0.194416 -0.160175 10.596646 10.638914 7.562574 6.263412 6.639426
0.014489 10.708748 0.000010 -0.000277 0.021492 0.208527 -0.027941 10.900165 10.747633 7.946702 6.718023 7.037430
0.013210 10.726512 -0.000033 0.000084 0.021492 0.222339 0.937835 10.683805 10.841737 8.180861 7.163006 7.351784
0.029008 10.951174 0.000036 -0.000434 0.019446 0.232687 0.798459 11.244777 10.932388 8.236831 7.496365 7.524988
0.047822 11.234493 -0.000068 -0.001197 0.018412 0.236979 0.667186 11.284251 11.020583 8.569689 7.634642 7.767309
0.007534 10.816835 -0.000058 0.000808 0.018412 0.244131 0.521099 10.516125 11.073430 8.083399 7.865062 7.604539
-0.019255 10.562329 0.000124 0.002026 0.033279 0.238778 0.355471 10.616389 11.039418 7.906664 7.692613 7.442098
0.011474 10.931965 0.000095 0.000426 0.033279 0.233358 0.112468 11.201188 11.045435 8.301014 7.518001 7.584512
0.009923 10.941956 -0.000033 0.000410 0.033279 0.238406 -0.293876 10.795886 11.096403 8.412972 7.680621 7.716865
-0.013445 10.702186 0.000067 0.001563 0.033279 0.243651 -0.182680 10.684576 11.114331 8.763571 7.849594 7.983797
-0.007805 10.773209 0.000096 0.001352 0.033279 0.253295 -0.089269 10.915689 11.151791 9.096288 8.160286 8.300038
-0.000127 10.872229 0.000054 0.001108 0.033279 0.264173 0.021621 10.910759 11.197132 9.045212 8.510743 8.429799
0.006668 10.972081 0.000065 0.000892 0.033279 0.268732 -0.204313 11.062993 11.216480 8.980274 8.657610 8.467905
0.009790 11.028644 0.000036 0.000745 0.033279 0.269673 -0.223837 11.026432 11.222964 8.811629 8.687952 8.401693
0.012175 11.074107 0.000045 0.000590 0.033279 0.267406 -0.284040 11.121932 11.217763 8.763367 8.614892 8.355400
0.021191 11.188269 0.000023 0.000117 0.033279 0.265709 -0.396567 11.252965 11.226441 8.990017 8.560220 8.461947
0.026373 11.256682 -0.000004 -0.000120 0.033279 0.269454 -0.474295 11.293313 11.263122 9.395869 8.680890 8.738083
0.023281 11.242932 -0.000005 0.000080 0.030112 0.278340 -0.524502 11.258617 11.317092 9.706866 8.967174 9.034684
0.023022 11.261621 0.000014 0.000220 0.027247 0.287491 -0.517679 11.321948 11.369469 9.782637 9.261967 9.210906
0.025389 11.327810 0.000012 0.000165 0.024654 0.292357 -0.483504 11.373273 11.406076 10.011508 9.418743 9.407955
0.027193 11.395922 0.000008 0.000040 0.022308 0.297116 -0.432356 11.460460 11.451479 10.181846 9.572062 9.570684
0.037679 11.558997 -0.000001 -0.000426 0.020185 0.300924 -0.350921 11.685579 11.509982 10.286597 9.694728 9.684082
0.047839 11.718626 -0.000038 -0.000827 0.018264 0.303528 -0.248359 11.791413 11.577195 6.999763 9.778639 8.017930
0.035513 11.609818 -0.000047 -0.000129 0.016526 0.248853 -0.130415 11.246932 11.362848 8.136448 8.017201 7.840144
0.023350 11.522435 0.000026 -0.000633 0.014953 0.242359 0.062914 11.752176 11.388144 7.805135 7.807982 7.576485
0.020132 11.553443 -0.000080 -0.000655 0.021586 0.232655 -0.221367 11.394234 11.404451 7.418321 7.495336 7.236899
0.015977 11.570048 0.000002 -0.000656 0.021586 0.220337 -0.077116 11.704669 11.414980 7.152603 7.098491 6.919101
0.016353 11.618752 -0.000064 -0.000808 0.021586 0.209368 0.281087 11.554256 11.439595 6.505686 6.745123 6.425434
0.013510 11.654113 -0.000026 -0.000850 0.021586 0.193493 0.179928 11.715248 11.442297 6.249339 6.233693 6.057801
0.009328 11.676061 -0.000061 -0.000927 0.021586 0.180867 0.127373 11.645935 11.466898 5.520308 5.826928 5.497965
0.007881 11.723899 -0.000040 -0.001019 0.021586 0.162709 0.008464 11.762259 11.468587 4.802403 5.241926 4.862416
0.007318 11.796569 -0.000066 -0.001300 0.021586 0.141838 -0.396946 11.789600 11.466967 4.931163 4.569545 4.604552
0.037783 12.202210 -0.000073 -0.002914 0.021586 0.133412 -0.318370 12.560617 11.568809 4.319227 4.298084 4.163384
0.027556 12.085547 -0.000221 -0.002048 0.059505 0.121569 -0.203122 11.707147 11.622139 4.177528 3.916540 3.906515
-0.008851 11.669733 -0.000021 -0.000189 0.059505 0.115803 0.267125 11.660239 11.647336 4.465126 3.730763 3.958378
-0.004071 11.740419 -0.000005 -0.000369 0.059505 0.119677 -0.080744 11.862070 11.714151 4.389093 3.855579 3.972815
-0.001674 11.783289 -0.000035 -0.000274 0.059505 0.121626 1.105958 11.762044 11.762843 4.513617 3.918387 4.060442
-0.001390 11.792592 -0.000002 -0.000118 0.059505 0.125989 0.890594 11.863642 11.812430 4.087332 4.058932 3.915297
-0.000614 11.798164 -0.000013 0.000057 0.059505 0.122808 0.640711 11.748005 11.813227 3.389412 3.956457 3.527021
0.003935 11.871155 0.000013 -0.000230 0.059505 0.111213 0.392986 11.925270 11.774615 3.108090 3.582909 3.219119
-0.001219 11.844872 -0.000035 -0.000278 0.059505 0.100924 0.146104 11.743371 11.744459 2.717408 3.251415 2.875957
-0.011373 11.754531 -0.000001 -0.000040 0.059505 0.088950 -0.393852 11.721642 11.703649 2.393158 2.865673 2.538757
-0.015993 11.731258 -0.000005 -0.000109 0.059505 0.077076 -0.157058 11.701949 11.669408 2.435130 2.483114 2.384878
-0.013240 11.774062 -0.000008 -0.000415 0.059505 0.071595 0.451975 11.827994 11.676116 2.203670 2.306548 2.185610
-0.015062 11.749771 -0.000035 -0.000292 0.053842 0.065963 0.157067 11.679135 11.675425 2.000327 2.125102 1.998959
-0.024269 11.640633 -0.000002 0.000138 0.048718 0.060921 -0.366113 11.600061 11.662175 2.098634 1.962664 1.975557
-0.014760 11.741560 0.000013 -0.000315 0.044082 0.061251 -0.151477 11.865407 11.680761 1.976197 1.973291 1.918915
-0.015775 11.711144 -0.000042 -0.000120 0.039887 0.060724 0.247207 11.587961 11.684027 -18.194817 1.956317 -8.227793
-0.022923 11.595207 0.000020 0.000352 0.036091 -0.274196 0.022145 10.022997 10.097139 -9.656859 -8.833639 -8.646840
-0.020251 11.598655 0.000016 -0.005952 0.032657 -0.284148 -3.945585 12.794717 10.182825 -10.203195 -9.154278 -9.091466
-0.030952 11.460474 -0.000580 -0.005064 0.156002 -0.297434 -3.536458 10.310941 10.228451 -10.395192 -9.582296 -9.399322
-0.054482 11.172063 -0.000022 -0.003740 0.156002 -0.307246 -3.039021 11.797304 10.259156 -10.410201 -9.898423 -9.558976
-0.074043 10.924181 -0.000344 -0.002636 0.156002 -0.312149 -2.534089 10.185607 10.285582 -10.301887 -10.056374 -9.580554
-0.104047 10.576350 0.000018 -0.001153 0.156002 -0.312683 -2.006815 10.869719 10.295433 -10.053604 -10.073568 -9.458058
-0.130942 10.332322 -0.000131 -0.000146 0.156002 -0.310704 -1.350910 9.903968 10.300685 -9.459310 -10.009820 -9.081233
-0.135680 10.342095 0.000084 -0.000164 0.156002 -0.302940 -0.214256 10.735707 10.347936 -11.025117 -9.759696 -10.052546
-0.121758 10.516798 -0.000089 -0.000669 0.156002 -0.337592 8.694937 10.242578 10.265729 -14.068312 -10.876068 -12.363858
-0.135179 10.425038 0.000002 -0.000631 0.156002 -0.414433 7.601435 10.321027 10.031680 -15.265008 -13.351614 -13.946585
-0.166457 10.134866 -0.000067 -0.000409 0.156002 -0.471229 6.605305 9.836103 9.892163 -16.884541 -15.181393 -15.603813
-0.181887 9.997625 0.000009 -0.000418 0.156002 -0.524028 5.645776 9.993471 9.769338 -18.671458 -16.882394 -17.342166
-0.201148 9.823405 -0.000052 -0.000214 0.156002 -0.569415 4.761759 9.547253 9.634646 -19.051214 -18.344587 -18.194149
-0.209284 9.793443 0.000017 -0.000629 0.141156 -0.594212 3.948797 9.935060 9.595191 -19.507810 -19.143475 -18.829575
-0.239058 9.485571 -0.000078 0.000435 0.127724 -0.609206 3.198643 9.097450 9.555698 -20.336719 -19.626528 -19.458859
-0.284825 8.967195 0.000099 0.002333 0.115569 -0.622484 2.489853 8.807377 9.441234 -20.616076 -20.054299 -19.855159
-0.311681 8.686827 0.000139 0.002990 0.104571 -0.632213 1.798388 8.546394 9.321801 -20.684865 -20.367738 -20.124119
-0.327678 8.498860 0.000171 0.003262 0.094620 -0.638951 1.013165 8.435999 9.214673 -23.901665 -20.584810 -20.950429
-0.343025 8.290832 0.000173 0.003662 0.085616 -0.661696 -0.121742 7.914960 8.862551 -24.026341 -21.317561 -21.555033
-0.363622 8.020528 0.000211 0.003338 0.077468 -0.679552 6.894742 7.892862 8.566228 -21.809479 -21.892830 -21.665907
-0.389462 7.695417 0.000151 0.003452 0.070096 -0.681569 6.103189 7.543988 8.485674 -20.333882 -21.957820 -21.523797
-0.416316 7.356221 0.000211 0.004477 0.063426 -0.676787 5.391878 7.333175 8.499897 -18.177169 -21.803739 -21.142466
-0.443553 6.999045 0.000262 0.005949 0.070437 -0.665148 4.744655 7.015733 8.633803 -16.431341 -21.428786 -20.649197
-0.467681 6.683828 0.000363 0.007729 0.097621 -0.650014 4.131927 6.809647 8.830148 -13.494343 -20.941206 -19.957560
-0.483121 6.471223 0.000454 0.009350 0.121992 -0.628145 3.500686 6.783637 9.177409 -16.058405 -20.236680 -19.602346
-0.495319 6.305053 0.000538 0.011385 0.144703 -0.616423 2.819776 6.249381 9.217368 -18.771229 -19.859020 -19.527550
-0.503255 6.199702 0.000667 0.011961 0.179468 -0.613467 2.074459 6.245142 9.000785 -19.330183 -19.763784 -19.504064
-0.509834 6.107855 0.000623 0.011467 0.179468 -0.612127 1.103569 6.031980 8.745446 -22.436743 -19.720614 -19.736230
-0.524430 5.928329 0.000615 0.011166 0.179468 -0.618653 -0.329608 5.632711 8.251038 -21.088418 -19.930890 -19.822827
-0.547409 5.645159 0.000596 0.010329 0.179468 -0.622048 3.606604 5.564472 7.899806 -20.454885 -20.040238 -19.883573
-0.583666 5.189505 0.000534 0.010743 0.179468 -0.623492 2.907158 4.857061 7.596306 -23.918649 -20.086762 -20.155176
-0.625353 4.681937 0.000625 0.011552 0.179468 -0.630900 2.254641 4.241768 7.004799 -16.364913 -20.325422 -19.959407
-0.664094 4.207614 0.000631 0.011087 0.179468 -0.625011 1.637504 4.490433 7.035223 -14.429378 -20.135702 -19.701658
-0.700321 3.755314 0.000584 0.013001 0.179468 -0.617095 0.893631 3.614073 7.154086 -15.828527 -19.880675 -19.540083
-0.722938 3.467981 0.000806 0.014611 0.216691 -0.611615 -0.247579 3.668425 7.102793 -13.049561 -19.704131 -19.272183
-0.731395 3.349929 0.000784 0.014876 0.216691 -0.603969 4.553170 3.616242 7.248616 -17.033889 -19.457815 -19.217915
-0.742153 3.204651 0.000830 0.016029 0.223108 -0.601776 3.868350 3.065192 7.034034 -13.356944 -19.387146 -19.016213
-0.751970 3.076702 0.000906 0.015686 0.243614 -0.594944 3.269192 3.558127 7.110517 -4.094962 -19.167065 -18.465210
-0.764540 2.919108 0.000815 0.016614 0.243614 -0.577213 2.706477 3.588167 7.871650 3.232525 -18.595811 -17.675258
-0.784182 2.667077 0.000979 0.020630 0.263195 -0.552347 2.098127 3.639549 9.060538 0.225696 -17.794736 -17.053518
-0.781710 2.687445 0.001233 0.025262 0.331562 -0.531458 1.282997 3.336916 9.834382 -3.945277 -17.121762 -16.589956
-0.745067 3.128657 0.001475 0.026580 0.396566 -0.514219 -0.207117 3.993881 10.195641 -11.442128 -16.566360 -16.379491
-0.697662 3.696948 0.001413 0.025760 0.396566 -0.509127 10.843168 3.860672 9.947043 -16.318207 -16.402329 -16.453358
-0.667714 4.050721 0.001390 0.023372 0.396566 -0.511109 9.564369 4.209347 9.363998 -16.451931 -16.466188 -16.518262
-0.669438 4.017700 0.001186 0.021192 0.396566 -0.512913 8.422199 3.865498 8.830485 -13.251756 -16.524303 -16.412136
-0.699212 3.640855 0.001146 0.020571 0.396566 -0.509650 7.404410 3.717408 8.567790 -10.234862 -16.419168 -16.179289
-0.729189 3.262933 0.001121 0.021027 0.396566 -0.502552 6.509777 3.383637 8.521588 -8.210413 -16.190489 -15.886234
-0.741552 3.107633 0.001186 0.021460 0.396566 -0.493146 5.745001 3.511738 8.605101 -2.838093 -15.887468 -15.390381
-0.738094 3.148552 0.001177 0.021629 0.396566 -0.476676 5.096344 3.879881 9.081323 0.556300 -15.356862 -14.765200
-0.721761 3.347985 0.001202 0.022726 0.396566 -0.455270 4.489583 4.168605 9.754126 2.163130 -14.667235 -14.064179
-0.692579 3.695333 0.001288 0.024016 0.396566 -0.430381 3.845867 4.634677 10.466208 -8.601930 -13.865409 -13.833560
-0.653805 4.153477 0.001344 0.025022 0.396566 -0.421984 3.116115 4.180693 10.247110 -16.644408 -13.594874 -14.002873
-0.611567 4.644481 0.001398 0.022208 0.375851 -0.428440 2.421341 4.776707 9.448043 -21.216400 -13.802865 -14.455317
-0.582955 4.963830 0.001090 0.017775 0.375851 -0.444803 1.878504 4.532985 8.419078 -21.729038 -14.330013 -14.950426
-0.594575 4.811750 0.000915 0.014299 0.375851 -0.460482 1.745765 4.455354 7.478939 -10.259874 -14.835151 -14.654269
-0.637050 4.289145 0.000723 0.012644 0.375851 -0.452295 1.961849 4.514461 7.518243 -2.572336 -14.571381 -13.980525
-0.676181 3.807058 0.000717 0.014710 0.375851 -0.432898 2.139936 4.180763 8.086752 0.523375 -13.946471 -13.259455
-0.686400 3.673157 0.000916 0.017495 0.375851 -0.410070 2.227955 4.400184 8.778505 4.148411 -13.211031 -12.415134
-0.663060 3.941460 0.001020 0.019173 0.375851 -0.380553 2.181599 4.933873 9.654193 4.476083 -12.260124 -11.534897
-0.622345 4.427819 0.001096 0.020716 0.375851 -0.348228 1.885859 5.333563 10.442143 4.410566 -11.218701 -10.593926
-0.579438 4.945900 0.001182 0.021786 0.375851 -0.313389 1.060502 5.859674 11.116424 -1.369537 -10.096333 -9.974032
-0.534056 5.455937 0.001216 0.022437 0.375851 -0.289862 -1.409720 5.816330 11.233758 -16.380394 -9.338359 -10.498682
-0.489664 5.932474 0.001253 0.021013 0.375851 -0.311975 0.901291 5.473937 10.152178 -17.245515 -10.050754 -11.170641
-0.460079 6.265836 0.001089 0.015405 0.340084 -0.336719 -1.618731 6.335945 9.200133 -9.145302 -10.847945 -10.935055
-0.454857 6.310703 0.000687 0.011453 0.307721 -0.329573 -0.710656 6.423841 9.044521 -10.263735 -10.617709 -10.852944
-0.469120 6.127269 0.000631 0.011563 0.278437 -0.327708 0.264120 5.917731 8.780515 -9.416552 -10.557637 -10.697873
-0.479260 6.008798 0.000683 0.010987 0.251940 -0.323526 0.857482 6.171008 8.592700 -3.541045 -10.422908 -9.970739
-0.477246 6.040187 0.000584 0.010118 0.227965 -0.300359 1.311077 6.474440 8.876357 -5.782008 -9.676534 -9.552856
-0.471159 6.125923 0.000577 0.010902 0.206271 -0.287180 1.481769 6.152084 8.906289 -9.558167 -9.251955 -9.575916
-0.455972 6.310010 0.000654 0.010291 0.186642 -0.288733 1.545000 6.412371 8.622682 -10.529653 -9.301976 -9.713841
-0.417190 6.751439 0.000532 0.007417 0.168881 -0.294693 1.550456 6.926555 8.339420 -10.876890 -9.493992 -9.907063
-0.409617 6.815838 0.000354 0.006039 0.152810 -0.301453 1.530172 6.618972 8.078769 -11.593047 -9.711772 -10.174747
-0.425194 6.613469 0.000362 0.005808 0.138268 -0.309621 1.544776 6.461748 7.784919 -11.250061 -9.974934 -10.337062
-0.424209 6.618955 0.000329 0.004622 0.125110 -0.315079 1.628004 6.644867 7.568469 -7.365877 -10.150776 -9.964926
-0.427129 6.618033 0.000239 0.003767 0.113204 -0.303616 1.706396 6.814647 7.691507 -1.278344 -9.781465 -8.870792
-0.434579 6.579375 0.000226 0.004408 0.102431 -0.270203 1.653599 7.057025 8.246161 0.488837 -8.705024 -7.752720
-0.432670 6.599025 0.000293 0.006529 0.092684 -0.233999 1.373526 6.952584 8.801405 -6.014873 -7.538643 -7.584209
-0.414268 6.811182 0.000438 0.007889 0.117801 -0.228180 0.953922 6.817385 8.721707 -5.974031 -7.351176 -7.414440
-0.390356 7.114438 0.000450 0.006371 0.120928 -0.222311 0.354608 7.459922 8.668822 -6.621061 -7.162094 -7.349494
-0.370270 7.346167 0.000295 0.005243 0.120928 -0.219991 -1.419369 7.297531 8.578924 -13.491033 -7.087341 -8.440025
-0.359541 7.472493 0.000310 0.004386 0.120928 -0.258047 -0.913790 7.110998 7.966817 -13.463476 -8.313385 -9.376894
-0.357947 7.511636 0.000214 0.001804 0.120928 -0.289005 -0.671549 7.428850 7.518003 -9.924089 -9.310735 -9.505181
-0.362389 7.477344 0.000043 0.000161 0.120928 -0.293261 -0.768466 7.468109 7.465906 -8.999596 -9.447850 -9.446632
-0.374412 7.362364 0.000020 0.000410 0.120928 -0.291642 -0.976729 7.312871 7.490654 -7.617856 -9.395711 -9.176617
-0.385284 7.265619 0.000058 0.000892 0.120928 -0.283636 -1.155771 7.367039 7.607372 -7.419618 -9.137776 -8.938316
-0.385561 7.290809 0.000071 0.001255 0.120928 -0.276192 -1.217776 7.364371 7.710262 -8.002244 -8.897961 -8.834082
-0.379844 7.391183 0.000093 0.001265 0.120928 -0.273016 -1.186094 7.482774 7.748496 -6.667228 -8.795643 -8.540956
-0.368129 7.525359 0.000074 0.000884 0.120928 -0.263010 -0.994449 7.726100 7.892856 -9.996188 -8.473286 -8.842490
-0.354562 7.634067 0.000051 0.001026 0.120928 -0.273144 -0.609817 7.441185 7.747721 -14.730990 -8.799772 -9.953111
-0.338300 7.806890 0.000080 -0.000235 0.109420 -0.311980 -0.421173 7.634989 7.289173 -12.227423 -10.050910 -10.397382
-0.338410 7.831516 -0.000065 -0.002150 0.099008 -0.325760 -1.010413 7.818298 7.172967 -9.538951 -10.494882 -10.200009
-0.353733 7.676894 -0.000133 -0.001997 0.089586 -0.319935 -1.213675 7.638629 7.298218 -9.879253 -10.307216 -10.122439
-0.365187 7.568561 -0.000067 -0.001072 0.081061 -0.317767 -1.282723 7.546020 7.358765 -8.644361 -10.237366 -9.863245
-0.368949 7.545980 -0.000034 -0.000742 0.073347 -0.309727 -1.265856 7.670695 7.502233 -8.595119 -9.978339 -9.656885
-0.367738 7.572623 -0.000031 -0.000279 0.066367 -0.303017 -1.163965 7.602484 7.617590 -11.143180 -9.762157 -9.917522
-0.366531 7.606472 0.000009 0.000044 0.060051 -0.311501 -1.034130 7.501517 7.508332 -12.137031 -10.035487 -10.304236
-0.363438 7.655429 0.000007 -0.000583 0.054336 -0.324224 -0.914493 7.613990 7.358473 -13.385980 -10.445370 -10.844158
-0.365033 7.646816 -0.000052 -0.001143 0.049166 -0.341353 -0.803509 7.442802 7.157032 -13.811142 -10.997213 -11.355664
-0.371345 7.584657 -0.000059 -0.001695 0.044487 -0.357169 -0.744930 7.477787 6.979440 -12.843675 -11.506774 -11.608082
-0.379311 7.494922 -0.000107 -0.002043 0.040253 -0.364725 -0.709309 7.403939 6.926298 -11.767176 -11.750173 -11.641215
-0.388619 7.406079 -0.000104 -0.001902 0.036423 -0.365496 -0.692559 7.406459 6.972944 -8.511636 -11.775036 -11.186386
-0.397250 7.340405 -0.000095 -0.001457 0.032957 -0.351385 -0.649497 7.543114 7.265242 -7.197424 -11.320428 -10.638855
-0.384412 7.512319 -0.000061 -0.000979 0.029821 -0.332446 -0.507738 7.810549 7.612816 -10.413038 -10.710263 -10.634832
-0.384223 7.491655 -0.000043 0.000480 0.026983 -0.332057 -0.257050 7.259815 7.623975 -13.576506 -10.697748 -11.104086
-0.389809 7.387919 0.000081 0.000936 0.024415 -0.346368 0.099801 7.264971 7.374938 -14.875956 -11.158779 -11.669002
-0.376587 7.515685 0.000025 -0.000558 0.022092 -0.365265 -0.246115 7.425170 7.097926 -15.100174 -11.767586 -12.192684
-0.377872 7.475291 -0.000072 -0.001496 0.019989 -0.381521 -0.296108 7.254418 6.874693 -16.063781 -12.291301 -12.765489
-0.390359 7.321385 -0.000084 -0.001771 0.022560 -0.398591 -0.466764 7.079541 6.623945 -14.708643 -12.841248 -13.011343
-0.404475 7.159229 -0.000101 -0.002122 0.027204 -0.406010 -0.646741 7.076747 6.531240 -10.228181 -13.080237 -12.593337
-0.419654 6.993548 -0.000122 -0.001832 0.032697 -0.393505 -0.772075 7.150328 6.800811 -6.512581 -12.677383 -11.791556
-0.423559 6.963689 -0.000079 -0.000646 0.032697 -0.368138 -0.803561 7.297134 7.299856 -7.573499 -11.860127 -11.250828
-0.427517 6.909404 -0.000001 0.001548 0.032697 -0.350933 -0.708676 6.934899 7.596490 -11.940252 -11.305853 -11.328824
-0.429339 6.889934 0.000146 0.002801 0.039143 -0.353416 -0.556027 6.804283 7.476155 -12.460118 -11.385843 -11.461168
-0.417892 7.038754 0.000149 0.001734 0.039977 -0.358027 -0.372912 7.142205 7.348290 -13.424473 -11.534389 -11.710599
-0.408278 7.152641 0.000046 0.000776 0.039977 -0.366535 -0.090152 7.012979 7.180716 -15.240826 -11.808487 -12.183286
-0.411342 7.105213 0.000038 0.000299 0.039977 -0.381719 0.785617 6.910218 6.904384 -14.074791 -12.297690 -12.435476
-0.421687 6.971358 -0.000001 -0.000265 0.039977 -0.389201 0.651575 6.881108 6.771919 -12.404860 -12.538726 -12.428877
-0.427931 6.900642 -0.000024 -0.000510 0.039977 -0.388761 0.584306 6.926751 6.795274 -11.086247 -12.524542 -12.260238
-0.438785 6.780367 -0.000029 0.000059 0.039977 -0.383467 0.553039 6.775891 6.906414 -10.548766 -12.353992 -12.059618
-0.446052 6.696437 0.000029 0.000832 0.039977 -0.377085 0.504620 6.774238 7.026781 -11.598364 -12.148367 -12.009137
-0.444957 6.702036 0.000056 0.001287 0.039977 -0.375270 0.423800 6.687344 7.037377 -13.590475 -12.089908 -12.189256
-0.441569 6.721280 0.000078 0.001253 0.039977 -0.380960 0.327560 6.630921 6.888260 -14.744183 -12.273209 -12.479644
-0.438161 6.722314 0.000058 0.000658 0.039977 -0.390165 0.272932 6.601929 6.678167 -16.432214 -12.569767 -12.930179
-0.442681 6.650258 0.000018 0.000111 0.039977 -0.404147 0.407830 6.386458 6.372913 -11.642517 -13.020216 -12.757484
-0.453421 6.531932 -0.000002 -0.000630 0.036173 -0.398721 0.609465 6.756197 6.496701 -5.590887 -12.845437 -11.948391
-0.465890 6.390800 -0.000057 0.000420 0.032731 -0.373827 0.613366 6.666575 7.054204 -5.716572 -12.043422 -11.285687
-0.471544 6.322625 0.000087 0.002900 0.029616 -0.352728 0.467081 6.542911 7.476492 -6.660851 -11.363694 -10.807119
-0.465995 6.380363 0.000208 0.004345 0.055954 -0.336602 0.185269 6.618597 7.735152 -9.303469 -10.844165 -10.643667
-0.452503 6.537597 0.000250 0.004747 0.067114 -0.330523 -1.292259 6.593446 7.736046 -11.968456 -10.648305 -10.773763
-0.439037 6.693106 0.000256 0.004134 0.068940 -0.335155 -0.917935 6.669455 7.528373 -15.498870 -10.797538 -11.314585
-0.430345 6.777213 0.000194 0.002977 0.068940 -0.353553 -0.534975 6.495266 7.085103 -18.028143 -11.390262 -12.120364
-0.433494 6.725831 0.000135 0.001424 0.068940 -0.379300 -0.250766 6.390481 6.529373 -15.461851 -12.219756 -12.503500
-0.442071 6.616478 0.000035 -0.000345 0.068940 -0.391094 -0.413889 6.543393 6.284200 -13.741245 -12.599712 -12.624848
-0.460451 6.403620 -0.000053 -0.000473 0.068940 -0.394552 -0.740738 6.202411 6.206750 -11.715458 -12.711101 -12.505366
-0.484875 6.131197 0.000005 0.000299 0.068940 -0.391038 -0.986378 6.152194 6.277162 -6.236727 -12.597887 -11.883444
-0.493330 6.038977 0.000031 0.000944 0.068940 -0.371492 -1.094566 6.446536 6.751477 -4.396432 -11.968186 -11.174910
-0.493627 6.036540 0.000071 0.002834 0.068940 -0.348403 -1.065557 6.301476 7.272916 -6.414026 -11.224338 -10.725908
-0.485998 6.126434 0.000219 0.004544 0.068940 -0.333289 -0.933694 6.363089 7.534956 -8.931764 -10.737412 -10.551330
-0.467027 6.337466 0.000264 0.004747 0.070953 -0.327105 -0.720614 6.458365 7.556605 -13.687862 -10.538204 -10.877648
-0.447962 6.544594 0.000248 0.004011 0.070953 -0.338588 -0.459436 6.366932 7.208759 -15.738060 -10.908136 -11.422408
-0.442626 6.616393 0.000192 0.002348 0.070953 -0.356619 -0.321951 6.437738 6.771298 -12.120309 -11.489045 -11.490631
-0.449515 6.543120 0.000080 0.000904 0.070953 -0.358769 -0.338996 6.577992 6.699047 -11.636040 -11.558316 -11.497502
-0.462931 6.377481 0.000032 0.001275 0.070953 -0.358939 -0.225817 6.210986 6.660804 -12.109295 -11.563779 -11.555570
-0.476215 6.221745 0.000105 0.001740 0.070953 -0.360676 -0.069522 6.187633 6.574179 -9.821497 -11.619727 -11.376634
-0.479209 6.193220 0.000091 0.001510 0.070953 -0.354982 0.333005 6.338506 6.676900 -9.102176 -11.436290 -11.151709
-0.478779 6.210620 0.000080 0.001848 0.070953 -0.347600 0.142206 6.291092 6.813053 -8.809761 -11.198482 -10.922045
-0.468229 6.357398 0.000121 0.001806 0.070953 -0.339713 -0.527276 6.597500 6.954545 -8.199627 -10.944401 -10.644394
-0.463251 6.413998 0.000084 0.002143 0.070953 -0.330642 -0.166307 6.482136 7.115429 -12.599839 -10.652140 -10.861234
-0.462849 6.403356 0.000145 0.002823 0.070953 -0.337900 1.053965 6.187810 6.891701 -13.404830 -10.885975 -11.145590
-0.451790 6.531249 0.000161 0.001429 0.064201 -0.347388 0.864004 6.608752 6.658408 -10.138865 -11.191655 -11.041736
-0.450545 6.564865 0.000016 0.000371 0.058092 -0.343868 0.780555 6.612198 6.731496 -6.928051 -11.078245 -10.590114
-0.457631 6.499211 0.000031 0.000921 0.052563 -0.329750 0.724361 6.733817 7.033263 -5.926986 -10.623419 -10.099673
-0.456829 6.501142 0.000071 0.002109 0.047561 -0.313639 0.560373 6.682772 7.347822 -8.510531 -10.104369 -9.941452
-0.431157 6.786039 0.000152 0.002227 0.043035 -0.307587 0.325975 6.993465 7.416454 -10.027898 -9.909402 -9.963042
-0.418017 6.913555 0.000099 0.001993 0.038940 -0.307959 0.059523 6.840347 7.356885 -11.259856 -9.921384 -10.131400
-0.418287 6.891482 0.000119 0.001845 0.035234 -0.313077 -0.307254 6.827576 7.205531 -10.674182 -10.086253 -10.188351
-0.407359 6.998299 0.000089 0.000821 0.031881 -0.314859 -0.358171 7.088837 7.138768 -10.941409 -10.143683 -10.269871
-0.403492 7.015744 0.000016 0.000488 0.028847 -0.317364 -0.456804 6.894801 7.063997 -9.661569 -10.224369 -10.152411
-0.397732 7.051999 0.000042 0.000048 0.026102 -0.313229 -0.569593 7.221830 7.106869 -9.263757 -10.091161 -9.983999
-0.399885 7.026757 -0.000021 0.000318 0.023618 -0.307789 -0.645150 6.935492 7.163651 -8.260273 -9.915919 -9.694242
-0.406905 6.962517 0.000054 0.000797 0.021371 -0.299167 -0.698229 7.113788 7.273189 -8.045132 -9.638127 -9.435721
-0.404576 6.990761 0.000039 0.001119 0.019337 -0.291104 -0.678572 7.017085 7.369691 -10.660375 -9.378381 -9.590163
-0.399438 7.053315 0.000082 0.001254 0.021945 -0.296648 -0.634712 6.981909 7.237662 -10.528987 -9.556982 -9.713944
-0.375072 7.322170 0.000060 -0.000335 0.021945 -0.301458 -0.585393 7.518263 7.169997 -11.810303 -9.711939 -10.046214
-0.373270 7.335670 -0.000074 -0.000657 0.021945 -0.312308 -0.540003 7.025276 7.022244 -11.229110 -10.061476 -10.225503
-0.390465 7.151676 0.000002 -0.000513 0.021945 -0.317758 -0.543486 7.161360 6.943752 -9.306049 -10.237073 -10.076040
-0.391986 7.152129 -0.000046 -0.000826 0.021945 -0.313206 -0.537274 7.217650 7.037497 -9.281235 -10.090409 -9.955275
-0.394550 7.145100 -0.000038 -0.000427 0.021945 -0.309646 -0.506248 7.150424 7.111622 -8.093240 -9.975741 -9.689051
-0.393146 7.172893 -0.000007 -0.000243 0.021945 -0.301185 -0.438874 7.338283 7.265165 -8.011672 -9.703161 -9.458396
-0.386173 7.249922 -0.000015 0.000060 0.021945 -0.293419 -0.317586 7.311691 7.396099 -9.545661 -9.452941 -9.493754
-0.375775 7.374952 0.000020 0.000084 0.021945 -0.294551 -0.159256 7.418301 7.386723 -9.616110 -9.489407 -9.533785
-0.366367 7.481720 -0.000006 -0.000377 0.021945 -0.295862 0.057253 7.522532 7.386301 -10.750416 -9.531668 -9.760261
-0.360698 7.542981 -0.000029 -0.000621 0.021945 -0.303115 -0.368263 7.463902 7.306531 -10.199368 -9.765316 -9.844790
-0.358331 7.565698 -0.000034 -0.001027 0.019857 -0.305742 -0.328128 7.613145 7.298457 -8.212805 -9.849960 -9.555695
-0.356097 7.573178 -0.000069 -0.001089 0.018632 -0.295895 -0.306708 7.669408 7.454133 -7.798750 -9.532716 -9.234910
-0.351230 7.618844 -0.000048 -0.000653 0.018632 -0.284864 -0.302459 7.714178 7.606388 -7.062876 -9.177353 -8.822702
-0.349610 7.647521 -0.000024 -0.000163 0.018632 -0.271358 -0.310013 7.759777 7.776083 -5.989500 -8.742214 -8.284363
-0.347733 7.687416 0.000003 0.000351 0.018632 -0.254086 -0.279842 7.845089 7.982777 -6.912329 -8.185780 -8.030423
-0.341357 7.777805 0.000030 0.000812 0.018632 -0.246077 -0.157479 7.823699 8.062002 -8.245669 -7.927741 -8.092522
-0.334074 7.865981 0.000053 0.000777 0.018632 -0.248714 0.138663 7.874911 8.017504 -10.132313 -8.012696 -8.539204
-0.327267 7.930223 0.000032 0.000346 0.018632 -0.263848 -0.249078 7.808488 7.842791 -12.934014 -8.500286 -9.497364
-0.324378 7.964792 0.000008 -0.000484 0.018632 -0.295467 -0.112450 7.742636 7.507793 -12.480780 -9.518918 -10.147646
-0.326719 7.963412 -0.000052 -0.001806 0.018632 -0.316382 -0.204953 7.908094 7.321416 -10.917367 -10.192754 -10.312366
-0.337910 7.866691 -0.000130 -0.002161 0.034978 -0.321752 -0.313155 7.776826 7.319200 -9.764396 -10.365744 -10.215368
-0.352589 7.707065 -0.000102 -0.001537 0.034978 -0.319177 -0.384633 7.698348 7.405077 -8.728358 -10.282801 -9.965435
-0.357245 7.649782 -0.000066 -0.000970 0.034978 -0.311161 -0.340817 7.732656 7.551274 -8.683480 -10.024533 -9.760270
-0.356316 7.667369 -0.000041 -0.000460 0.034978 -0.304268 -0.246742 7.720155 7.667899 -9.113265 -9.802481 -9.667356
-0.353440 7.704540 -0.000013 -0.000145 0.034978 -0.301049 -0.099691 7.746019 7.725535 -10.302072 -9.698762 -9.804873
-0.340114 7.865607 -0.000006 -0.000555 0.034978 -0.305741 0.194813 7.914033 7.692298 -10.707157 -9.849917 -10.000775
-0.338495 7.887913 -0.000050 -0.000775 0.034978 -0.311959 0.122837 7.799887 7.644730 -10.473895 -10.050255 -10.108110
-0.346848 7.783692 -0.000036 -0.000551 0.034978 -0.315051 0.133085 7.737562 7.625451 -11.040339 -10.149850 -10.293006
-0.354663 7.695434 -0.000026 -0.000277 0.034978 -0.320635 0.278842 7.591999 7.562717 -10.863365 -10.329754 -10.401754
-0.363390 7.618755 -0.000008 -0.000222 0.034978 -0.324105 0.411031 7.598374 7.526534 -9.667683 -10.441546 -10.286395
-0.365726 7.626097 -0.000017 -0.000395 0.034978 -0.320761 0.461374 7.708876 7.597091 -9.367716 -10.333814 -10.153727
-0.366914 7.630659 -0.000026 -0.000133 0.031649 -0.316755 0.400554 7.643740 7.676101 -10.815794 -10.204773 -10.296087
-0.366480 7.635438 0.000006 0.000161 0.028637 -0.321337 0.253648 7.580947 7.624187 -12.225164 -10.352389 -10.650137
-0.360991 7.693089 0.000009 -0.000273 0.025912 -0.332872 0.066764 7.636147 7.484423 -13.026025 -10.724008 -11.081564
-0.358386 7.725895 -0.000035 -0.000957 0.023446 -0.346626 -0.232404 7.617426 7.328302 -12.745183 -11.167113 -11.381063
-0.359879 7.717869 -0.000065 -0.001544 0.021215 -0.356033 -0.234989 7.674647 7.243683 -12.021646 -11.470147 -11.496133
-0.362293 7.702800 -0.000097 -0.001820 0.026028 -0.359570 -0.275268 7.682135 7.246407 -11.113831 -11.584113 -11.434582
-0.365599 7.665306 -0.000098 -0.001660 0.026406 -0.357505 -0.301841 7.688669 7.325124 -10.823487 -11.517572 -11.337689
-0.365965 7.655420 -0.000083 -0.001309 0.026406 -0.354083 -0.267356 7.683173 7.412507 -10.826599 -11.407346 -11.254982
-0.363372 7.686077 -0.000062 -0.001084 0.026406 -0.351116 -0.210847 7.733877 7.485341 -10.714120 -11.311763 -11.163788
-0.346599 7.872523 -0.000057 -0.001535 0.026406 -0.347562 -0.083447 8.030240 7.570860 -12.408285 -11.197259 -11.394243
-0.345247 7.855915 -0.000104 -0.001130 0.028001 -0.354726 0.271860 7.621621 7.504532 -12.880876 -11.428038 -11.661364
-0.353907 7.710129 -0.000028 -0.000815 0.028001 -0.362373 0.190071 7.667165 7.411322 -12.181929 -11.674403 -11.725592
-0.347688 7.735073 -0.000059 -0.001283 0.028001 -0.363801 0.206270 7.749656 7.403953 -12.400195 -11.720424 -11.801669
-0.346125 7.720950 -0.000079 -0.001257 0.028001 -0.365751 0.351123 7.644753 7.382421 -11.248039 -11.783225 -11.628354
-0.333347 7.869235 -0.000061 -0.001930 0.028001 -0.359610 0.495634 8.090730 7.473012 -9.010619 -11.585391 -11.017410
-0.341845 7.780246 -0.000140 -0.001218 0.037552 -0.341297 0.554011 7.733485 7.705362 -8.042638 -10.995431 -10.380498
-0.362406 7.544923 -0.000009 0.000636 0.037552 -0.323515 0.490045 7.625302 7.920547 -8.534867 -10.422536 -10.022209
-0.358461 7.573417 0.000063 0.001376 0.037552 -0.311807 0.281789 7.679729 8.033655 -11.015127 -10.045344 -10.173481
-0.349138 7.646483 0.000076 0.001535 0.037552 -0.316761 -0.128092 7.543944 7.918995 -13.303930 -10.204959 -10.729045
-0.326046 7.907050 0.000082 0.000047 0.037552 -0.337331 0.348670 7.954860 7.675125 -12.903335 -10.867637 -11.136232
-0.334245 7.828337 -0.000063 -0.000607 0.037552 -0.350023 0.350549 7.567706 7.531033 -11.685523 -11.276532 -11.197481
-0.363069 7.501655 -0.000009 0.000116 0.037552 -0.352047 0.444862 7.416786 7.496068 -10.688840 -11.341757 -11.081511
-0.371425 7.409251 0.000016 0.000344 0.037552 -0.348588 0.493002 7.454352 7.538515 -9.316487 -11.230315 -10.772781
-0.373100 7.391544 0.000018 0.000583 0.037552 -0.338613 0.494849 7.491168 7.673687 -8.807101 -10.908954 -10.442229
-0.372204 7.414559 0.000040 0.001027 0.037552 -0.327724 0.444656 7.517865 7.812368 -9.047470 -10.558155 -10.211360
-0.372470 7.439961 0.000065 0.001476 0.037552 -0.320339 0.351148 7.495937 7.893426 -9.573932 -10.320207 -10.115598
-0.370810 7.477790 0.000088 0.001647 0.033979 -0.317302 0.129930 7.521713 7.910303 -11.292718 -10.222376 -10.328120
-0.358506 7.601723 0.000087 0.001223 0.030745 -0.324352 -0.612065 7.581915 7.795628 -14.295004 -10.449515 -11.042952
-0.353755 7.632825 0.000048 0.000645 0.027819 -0.347633 -0.428921 7.372418 7.478213 -13.640358 -11.199549 -11.507737
-0.358184 7.569462 0.000024 -0.000362 0.025172 -0.361761 -0.372611 7.535961 7.296202 -11.283254 -11.654695 -11.445610
-0.362742 7.507109 -0.000052 -0.000836 0.022776 -0.359234 -0.400885 7.513114 7.346379 -10.020138 -11.573271 -11.167993
-0.373268 7.399064 -0.000036 -0.000209 0.020609 -0.350501 -0.451932 7.429448 7.473271 -6.744109 -11.291954 -10.413651
-0.380302 7.322139 0.000010 0.000599 0.018648 -0.326884 -0.448435 7.592426 7.814293 -6.789066 -10.531081 -9.822117
-0.377869 7.342539 0.000050 0.001870 0.016873 -0.307205 -0.364360 7.435661 8.060149 -8.239522 -9.897087 -9.556368
-0.370950 7.438640 0.000139 0.002464 0.037400 -0.298211 -0.252311 7.570825 8.127800 -7.775912 -9.607326 -9.253941
-0.362778 7.553658 0.000125 0.002276 0.037400 -0.288239 0.166616 7.683340 8.213801 -9.289858 -9.286066 -9.267612
-0.354682 7.649490 0.000119 0.002237 0.037400 -0.288601 -0.712941 7.622112 8.157073 -12.180830 -9.297725 -9.802287
-0.349615 7.713298 0.000121 0.001759 0.037400 -0.306533 -0.444849 7.560475 7.886924 -11.787444 -9.875435 -10.174817
-0.347186 7.749856 0.000075 0.000543 0.037400 -0.318821 -0.181009 7.751634 7.723490 -10.342427 -10.271317 -10.208559
-0.346974 7.755232 -0.000004 -0.000126 0.037400 -0.319862 0.241875 7.752543 7.721096 -10.037108 -10.304862 -10.181001
-0.353392 7.676777 -0.000005 0.000176 0.037400 -0.318728 0.002976 7.637133 7.737632 -9.488504 -10.268314 -10.056961
-0.347693 7.741928 0.000024 -0.000017 0.037400 -0.312664 -6.409082 7.886830 7.799127 -8.910768 -10.072951 -9.799597
-0.349126 7.727039 -0.000018 0.000286 0.037400 -0.304382 -5.765243 7.690215 7.882927 -8.531539 -9.806147 -9.524800
-0.358577 7.611942 0.000044 0.001074 0.037400 -0.295881 -5.186539 7.649137 7.955641 -10.706017 -9.532260 -9.698214
-0.352860 7.667702 0.000070 0.001141 0.037400 -0.301740 -4.663473 7.590639 7.834932 -12.815545 -9.721015 -10.231143
-0.346863 7.729748 0.000056 0.000417 0.033841 -0.319629 -4.198444 7.598707 7.582086 -12.303113 -10.297360 -10.576422
-0.345191 7.761452 -0.000002 -0.000711 0.030621 -0.330957 -3.789470 7.734581 7.442955 -10.804057 -10.662285 -10.571174
-0.351310 7.707914 -0.000063 -0.001050 0.027707 -0.331000 -3.424100 7.675478 7.458349 -10.774171 -10.663696 -10.571153
-0.360142 7.612122 -0.000047 -0.000610 0.025070 -0.331171 -3.089906 7.552786 7.465075 -11.455119 -10.669203 -10.699440
-0.367724 7.536801 -0.000019 -0.000284 0.022684 -0.335249 -2.782990 7.462470 7.410704 -11.023670 -10.800562 -10.734938
-0.370699 7.525452 -0.000011 -0.000455 0.020526 -0.336542 -2.501211 7.558368 7.404707 -11.157904 -10.842215 -10.794951
-0.369127 7.548920 -0.000033 -0.000572 0.018572 -0.338601 -2.239594 7.516641 7.394407 -12.522011 -10.908576 -11.078805
-0.367252 7.554066 -0.000027 -0.000633 0.016805 -0.347672 -2.000595 7.457661 7.284028 -13.675824 -11.200796 -11.507615
-0.366506 7.562602 -0.000038 -0.001104 0.015206 -0.361243 -1.791794 7.452739 7.118069 -12.222708 -11.638022 -11.611457
-0.367135 7.560202 -0.000074 -0.001753 0.019963 -0.364361 -1.612404 7.600387 7.116497 -11.749684 -11.738456 -11.616848
-0.372217 7.508629 -0.000108 -0.001554 0.028963 -0.364318 -1.450611 7.434343 7.154831 -10.328658 -11.737060 -11.389575
-0.378663 7.450223 -0.000063 -0.001171 0.028963 -0.357168 -1.305828 7.573217 7.294660 -8.449999 -11.506727 -10.916533
-0.379160 7.466276 -0.000063 -0.000680 0.028963 -0.341898 -1.150619 7.620091 7.551189 -8.657418 -11.014767 -10.562067
-0.378535 7.492109 -0.000017 0.000234 0.028963 -0.330477 -0.977279 7.574324 7.729882 -10.134644 -10.646834 -10.504539
-0.374262 7.537209 0.000033 0.000764 0.028963 -0.328503 -0.778706 7.547625 7.750723 -13.067792 -10.583235 -10.928016
-0.366800 7.613488 0.000044 0.000544 0.028963 -0.342538 -0.585615 7.471616 7.542438 -13.049901 -11.035402 -11.285190
-0.360576 7.664652 0.000015 -0.000484 0.028963 -0.354067 -0.439398 7.661328 7.396907 -13.857210 -11.406826 -11.720352
-0.360946 7.631144 -0.000059 -0.000928 0.028963 -0.367518 -0.373617 7.415110 7.228444 -13.721375 -11.840161 -12.039824
-0.367468 7.540054 -0.000042 -0.001235 0.028963 -0.376968 -0.484203 7.492695 7.112290 -10.876913 -12.144624 -11.805768
-0.374663 7.449549 -0.000085 -0.001337 0.028963 -0.369312 -0.620431 7.514304 7.245289 -8.863948 -11.897955 -11.289608
-0.383162 7.356719 -0.000061 -0.000442 0.028963 -0.353189 -0.685149 7.468239 7.494020 -7.438033 -11.378543 -10.659166
-0.386758 7.317002 0.000004 0.000702 0.026206 -0.333151 -0.667762 7.504587 7.784894 -9.256658 -10.732969 -10.421209
-0.381408 7.368889 0.000061 0.001649 0.023713 -0.325159 -0.573996 7.375938 7.858901 -11.441196 -10.475514 -10.559666
-0.358202 7.639558 0.000106 0.000869 0.028605 -0.330208 -0.464550 7.774833 7.761346 -12.834324 -10.638182 -10.936186
-0.353065 7.689093 -0.000003 0.000286 0.028605 -0.342754 -0.344597 7.448524 7.582144 -15.809461 -11.042358 -11.795422
-0.364976 7.537194 0.000029 0.000178 0.028605 -0.368751 -0.288175 7.234825 7.204344 -16.569024 -11.879884 -12.583754
-0.365126 7.539737 -0.000007 -0.001329 0.028605 -0.394286 -0.416284 7.416467 6.870684 -14.369394 -12.702529 -12.856687
-0.375531 7.424390 -0.000121 -0.002195 0.032578 -0.402653 -0.553813 7.300199 6.795524 -13.023623 -12.972100 -12.858387
-0.392647 7.232525 -0.000113 -0.001732 0.032578 -0.402724 -0.651608 7.174352 6.835190 -11.385180 -12.974372 -12.624409
-0.407237 7.072498 -0.000076 -0.000941 0.032578 -0.395683 -0.680984 7.115462 6.983368 -9.711073 -12.747545 -12.216460
-0.415650 6.981704 -0.000031 0.000007 0.032578 -0.382929 -0.639124 7.112480 7.220983 -10.459889 -12.336653 -11.982785
-0.415704 6.989842 0.000023 0.000916 0.032578 -0.375262 -0.529378 7.038699 7.344836 -11.211916 -12.089637 -11.883301
-0.411114 7.055110 0.000067 0.001148 0.032578 -0.371900 -0.358987 7.136972 7.384596 -11.113535 -11.981335 -11.786150
-0.408190 7.074831 0.000054 0.001228 0.032578 -0.368545 -0.061312 7.093075 7.421576 -13.251995 -11.873262 -11.992362
-0.406797 7.073283 0.000073 0.001381 0.032578 -0.375283 1.619944 6.949483 7.278780 -12.313368 -12.090332 -12.045379
-0.403303 7.105978 0.000073 0.000685 0.032578 -0.376592 1.417485 7.213709 7.244034 -9.930514 -12.132493 -11.751137
-0.392235 7.225368 0.000007 0.000074 0.032578 -0.365999 1.244009 7.407129 7.414601 -9.110211 -11.791241 -11.357218
-0.394897 7.184697 0.000002 0.000911 0.032578 -0.353093 1.093462 7.216699 7.601559 -8.324031 -11.375435 -10.907989
-0.398481 7.128021 0.000086 0.001877 0.029478 -0.338530 0.956157 7.296030 7.793156 -9.297430 -10.906265 -10.668394
-0.379128 7.361271 0.000111 0.001712 0.029852 -0.329805 0.839987 7.539449 7.875953 -9.650684 -10.625187 -10.499298
-0.367068 7.529303 0.000076 0.001374 0.029852 -0.324295 0.739587 7.597498 7.917600 -9.551956 -10.447656 -10.341056
-0.362588 7.580850 0.000072 0.001335 0.029852 -0.319422 0.606999 7.637673 7.954066 -12.576756 -10.290671 -10.739419
-0.354512 7.654491 0.000072 0.001187 0.029852 -0.332996 0.437661 7.488925 7.745088 -13.167350 -10.728001 -11.183189
-0.349223 7.707672 0.000059 0.000148 0.029852 -0.347680 0.313864 7.691648 7.550325 -10.811912 -11.201048 -11.105030
-0.350232 7.683879 -0.000029 -0.000529 0.029852 -0.344955 0.233790 7.708136 7.594153 -11.196403 -11.113251 -11.109851
-0.355767 7.609855 -0.000024 -0.000062 0.029852 -0.344931 0.155633 7.524719 7.589212 -10.813561 -11.112495 -11.040148
-0.362650 7.534211 0.000016 0.000218 0.029852 -0.342802 0.163582 7.565214 7.607121 -8.577508 -11.043916 -10.598005
-0.364745 7.509834 0.000011 0.000386 0.029852 -0.328705 0.125406 7.658671 7.790533 -8.526810 -10.589758 -10.234451
-0.362016 7.532250 0.000030 0.001024 0.029852 -0.316660 -0.126421 7.592659 7.926251 -9.081370 -10.201694 -10.028046
-0.356533 7.572717 0.000075 0.001401 0.029852 -0.309702 0.215809 7.644495 7.978629 -10.259838 -9.977531 -10.065695
-0.351667 7.609771 0.000076 0.001462 0.027012 -0.310670 0.016570 7.559884 7.919636 -11.070747 -10.008715 -10.237937
-0.349476 7.631666 0.000081 0.001141 0.024441 -0.316273 -0.215315 7.605926 7.807673 -11.093388 -10.189216 -10.377730
-0.350148 7.632368 0.000047 0.000695 0.022115 -0.321003 -0.274104 7.582717 7.719338 -10.986566 -10.341601 -10.472460
-0.355940 7.581395 0.000032 0.000547 0.020011 -0.324399 -0.351505 7.529831 7.655037 -10.358536 -10.451010 -10.441923
-0.363103 7.504835 0.000030 0.000595 0.018106 -0.323835 -0.383432 7.492080 7.647259 -10.562314 -10.432852 -10.462827
-0.367602 7.457788 0.000036 0.000751 0.016383 -0.324719 -0.384080 7.420217 7.618173 -10.815165 -10.461345 -10.527964
-0.364016 7.518597 0.000046 0.000395 0.014824 -0.327106 -0.383181 7.569594 7.580509 -10.293404 -10.538217 -10.498326
-0.368353 7.491448 0.000004 0.000353 0.013414 -0.326447 -0.372931 7.448102 7.590774 -9.660446 -10.516988 -10.376202
-0.383098 7.326095 0.000033 0.001049 0.012137 -0.322932 -0.333967 7.295564 7.631380 -10.703959 -10.403764 -10.449151
-0.386117 7.286130 0.000076 0.001369 0.020490 -0.325191 -0.265687 7.255074 7.573347 -12.024362 -10.476550 -10.710438
-0.381329 7.353698 0.000073 0.000871 0.020490 -0.333770 -0.159353 7.311389 7.430176 -11.464869 -10.752933 -10.844908
-0.380609 7.377952 0.000028 0.000207 0.020490 -0.338159 -0.047209 7.375452 7.369203 -12.073806 -10.894336 -11.055199
-0.386331 7.340814 0.000001 0.000113 0.020490 -0.344897 0.312268 7.220741 7.274001 -10.247765 -11.111387 -10.955140
-0.392747 7.299819 0.000014 -0.000102 0.020490 -0.341974 0.213867 7.430711 7.344212 -9.191026 -11.017232 -10.728046
-0.395800 7.270820 -0.000018 0.000291 0.020490 -0.334670 -0.068758 7.285914 7.479880 -13.011281 -10.781923 -11.088250
-0.394661 7.284208 0.000044 0.000776 0.020490 -0.346533 0.989857 7.108265 7.285735 -14.046105 -11.164088 -11.549992
-0.392896 7.300478 0.000041 -0.000058 0.020490 -0.361322 0.834727 7.228562 7.061523 -14.131378 -11.640562 -11.951101
-0.396712 7.251407 -0.000036 -0.000753 0.020490 -0.373683 0.717643 7.074631 6.885459 -13.838832 -12.038794 -12.235798
-0.405975 7.146539 -0.000041 -0.001035 0.020490 -0.382222 0.651389 7.063107 6.770609 -11.092790 -12.313865 -12.089475
-0.416509 7.018074 -0.000064 -0.000981 0.020490 -0.377482 0.616497 7.077669 6.890976 -8.527954 -12.161178 -11.634863
-0.422411 6.931989 -0.000041 -0.000163 0.018540 -0.362761 0.572399 7.099958 7.179590 -7.954873 -11.686917 -11.173186
-0.422967 6.916938 0.000018 0.001041 0.016776 -0.347438 0.509145 7.062773 7.445576 -7.895369 -11.193247 -10.758727
-0.416934 6.982567 0.000085 0.001835 0.022923 -0.333359 0.435541 7.176655 7.657527 -9.040071 -10.739697 -10.533476
-0.408040 7.089035 0.000107 0.002253 0.028876 -0.325616 0.322514 7.152034 7.733773 -9.218604 -10.490217 -10.351865
-0.398213 7.185653 0.000130 0.002173 0.035014 -0.319373 0.137136 7.312126 7.778539 -12.260580 -10.289113 -10.620514
-0.388471 7.262632 0.000105 0.002045 0.035014 -0.328206 -0.423492 7.068653 7.572565 -14.459628 -10.573676 -11.178158
-0.380504 7.326788 0.000114 0.000974 0.035014 -0.346941 -0.352514 7.228994 7.243684 -13.503523 -11.177232 -11.506625
-0.378639 7.334065 0.000006 -0.000358 0.035014 -0.357495 -0.477205 7.235954 7.070554 -12.322134 -11.517259 -11.587843
-0.390597 7.214208 -0.000035 -0.000569 0.035014 -0.360125 -0.680814 7.133783 7.021891 -9.168472 -11.602002 -11.184358
-0.403910 7.080829 -0.000023 -0.000234 0.035014 -0.348350 -0.785498 7.229032 7.218351 -8.510370 -11.222654 -10.786001
-0.410286 7.015701 -0.000001 0.000803 0.035014 -0.336162 -0.771616 7.057431 7.410481 -9.786565 -10.829993 -10.639477
-0.407502 7.047061 0.000080 0.001441 0.035014 -0.331520 -0.688991 7.120474 7.455848 -11.438413 -10.680426 -10.745625
-0.398038 7.154803 0.000076 0.001193 0.035014 -0.335148 -0.569966 7.122909 7.366387 -12.693882 -10.797306 -11.022901
-0.391571 7.230230 0.000056 0.000540 0.035014 -0.344412 -0.463674 7.167569 7.204253 -13.125598 -11.095768 -11.330397
-0.393891 7.211511 0.000010 -0.000029 0.035014 -0.354198 -0.391476 7.087712 7.046026 -11.111691 -11.411034 -11.293293
-0.401136 7.126874 -0.000008 -0.000320 0.031682 -0.352990 -0.355695 7.181644 7.077552 -9.994351 -11.372113 -11.107690
-0.407381 7.045065 -0.000022 0.000129 0.028667 -0.346937 -0.277777 7.043693 7.182194 -10.225380 -11.177104 -10.983667
-0.411217 7.005173 0.000032 0.000702 0.025939 -0.342844 -0.200779 7.048885 7.239020 -9.603537 -11.045261 -10.795176
-0.409695 7.032322 0.000043 0.000819 0.023471 -0.336648 -0.102756 7.131970 7.331249 -10.193857 -10.845630 -10.714282
-0.408026 7.062505 0.000046 0.001065 0.021237 -0.334054 0.097220 7.057972 7.355414 -10.293223 -10.762071 -10.661882
-0.406378 7.082462 0.000067 0.001082 0.019216 -0.332257 -0.165877 7.138769 7.364834 -12.189925 -10.704182 -10.877022
-0.404706 7.085268 0.000052 0.001108 0.017387 -0.339200 0.023203 6.926120 7.220531 -15.244152 -10.927854 -11.485110
-0.403972 7.081835 0.000067 0.000550 0.018026 -0.358696 -0.393542 6.868404 6.868658 -15.286770 -11.555939 -12.005009
-0.407098 7.042553 0.000002 -0.000689 0.018026 -0.375138 -0.412706 6.889715 6.593892 -14.291016 -12.085660 -12.303794
-0.417227 6.940859 -0.000064 -0.001375 0.018026 -0.384285 -0.486059 6.809076 6.455890 -11.476467 -12.380346 -12.182558
-0.430287 6.818163 -0.000077 -0.001436 0.020746 -0.380758 -0.544065 6.896214 6.562899 -7.295610 -12.266701 -11.581965
-0.438355 6.736727 -0.000073 -0.000689 0.020746 -0.362099 -0.533589 6.998417 6.969561 -7.329875 -11.665598 -11.088013
-0.439428 6.719154 -0.000006 0.000993 0.020746 -0.346033 -0.435019 6.835268 7.284044 -9.221070 -11.147993 -10.879344
-0.433013 6.787759 0.000100 0.001967 0.026839 -0.338847 -0.280411 6.900646 7.385310 -10.318256 -10.916475 -10.820687
-0.424492 6.895768 0.000108 0.001940 0.029103 -0.336739 -0.022118 6.938711 7.383202 -10.230655 -10.848573 -10.754880
-0.419443 6.966656 0.000100 0.001651 0.029103 -0.335196 2.766581 7.037399 7.389935 -10.449214 -10.798870 -10.743999
-0.418289 6.971220 0.000080 0.001660 0.029103 -0.334640 2.466476 6.945657 7.375445 -11.464780 -10.780958 -10.861985
-0.418922 6.948185 0.000097 0.001694 0.029103 -0.338147 2.195878 6.896659 7.279170 -10.790631 -10.893927 -10.869664
-0.419845 6.932058 0.000087 0.001376 0.029103 -0.338113 1.961930 6.968466 7.252547 -10.597798 -10.892854 -10.845127
-0.422891 6.893075 0.000065 0.001425 0.029103 -0.337171 1.760678 6.855867 7.239706 -12.223647 -10.862484 -11.026701
-0.443297 6.845957 0.000088 0.001561 0.029103 -0.343022 1.591757 6.731438 7.093740 10.680259 -11.051006 -8.623350
-0.469512 6.813436 0.000083 0.001111 0.029103 -0.278191 1.448871 8.580778 8.767453 44.260080 -8.962369 -3.642590
-0.484530 6.797714 0.000044 0.007808 0.029103 -0.130898 1.292709 9.539035 12.738251 29.828985 -4.217091 -0.825569
-0.482166 6.972957 0.000712 0.022852 0.191576 -0.040156 1.114960 7.586194 14.827820 30.552814 -1.293703 1.746320
-0.449249 7.547299 0.001613 0.028859 0.433606 0.054856 0.620551 10.010037 16.593622 16.871655 1.767267 3.025589
-0.400363 8.383733 0.001474 0.032542 0.433606 0.106520 -2.451615 8.265492 16.955436 18.591911 3.431702 4.636839
-0.351052 9.259929 0.001947 0.030503 0.523497 0.170871 -1.391489 11.242652 17.373059 28.241757 5.504883 7.817747
-0.293716 10.002537 0.001386 0.029215 0.523497 0.316997 1.189674 10.790937 18.416498 22.198111 10.212539 10.035640
-0.233443 10.550540 0.001722 0.031179 0.523497 0.439467 -2.006398 11.296796 18.568475 17.310044 14.158109 10.804855
-0.179654 10.989270 0.001649 0.030042 0.523497 0.497689 -0.660425 10.990073 18.057378 17.111818 16.033827 11.543115
-0.135131 11.208097 0.001608 0.027149 0.523497 0.540628 1.665888 11.466932 17.456866 17.288288 17.417191 12.418837
-0.102536 11.167153 0.001373 0.024931 0.523497 0.586917 3.289872 10.917236 16.817800 19.541896 18.908458 14.588909
-0.067808 11.148492 0.001355 0.022472 0.523497 0.669084 5.313524 11.383100 16.300473 23.129377 21.555588 17.966068
-0.014174 11.236964 0.001139 0.020071 0.523497 0.783025 6.850897 11.243296 15.917363 26.879020 25.226366 21.849031
0.050286 11.311734 0.001085 0.018256 0.523497 0.927110 7.956167 11.495902 15.586217 30.698771 29.868286 26.208290
0.103996 11.394355 0.000956 0.016616 0.523497 1.086041 9.048842 11.378151 15.232065 32.985487 34.988494 29.894498
0.152718 11.579751 0.000904 0.014477 0.523497 1.209310 9.979097 11.584179 14.709981 33.934964 38.959813 32.323605
0.199292 11.816791 0.000742 0.011468 0.473680 1.262033 10.532714 11.609393 14.027174 35.796146 40.658377 34.413203
0.242186 12.099614 0.000583 0.007640 0.428603 1.293628 10.926717 12.111037 13.453663 39.296645 41.676258 36.445337
0.284643 12.516405 0.000343 0.003715 0.387816 1.325855 11.127816 12.654356 13.173594 42.717804 42.714483 38.187211
0.320091 12.976343 0.000157 0.000782 0.350911 1.355364 11.003813 13.234193 13.154129 44.024676 43.665161 39.402730
0.347092 13.547071 0.000021 -0.001558 0.317517 1.374503 10.594111 13.825527 13.221576 41.787626 44.281781 39.913610
0.367115 14.210057 -0.000099 -0.003918 0.287301 1.376104 9.954873 14.322367 13.125110 38.418621 44.333351 39.867516
0.387978 14.835011 -0.000235 -0.006778 0.259961 1.364292 9.044177 14.781951 12.832927 30.684319 43.952815 39.154624
0.408563 15.429548 -0.000406 -0.010292 0.235222 1.336617 7.974302 14.908588 12.053552 -3.790480 43.061198 36.406076
0.424147 15.945164 -0.000611 -0.015426 0.212838 1.251196 7.001441 13.105538 8.773827 -7.032166 40.309225 33.944430
0.433926 16.257294 -0.000944 -0.029663 0.253897 1.170833 6.186247 15.071464 5.814939 -13.139326 37.720224 31.482583
0.430710 16.249033 -0.002043 -0.041359 0.549398 1.082663 5.589686 13.208352 2.875611 -5.859440 34.879685 29.455930
0.409674 15.804621 -0.002293 -0.051248 0.616532 0.998580 5.215276 14.691415 0.978291 3.794176 32.170802 27.749314
0.378571 15.007319 -0.003054 -0.055608 0.821168 0.921374 4.959627 13.037910 0.159062 4.333815 29.683490 25.709051
0.354948 14.309539 -0.002882 -0.056090 0.821168 0.837134 4.556016 13.341746 -0.410986 5.574462 26.969598 23.567037
0.340755 13.914806 -0.003088 -0.056785 0.830228 0.757486 4.741918 12.697832 -0.653829 11.924413 24.403605 22.146824
0.322416 13.614003 -0.003010 -0.056555 0.830228 0.702701 5.367613 13.369713 -0.204273 18.582057 22.638603 21.579783
0.294480 13.232701 -0.003069 -0.053261 0.830228 0.677286 5.247971 12.805429 0.821762 20.174237 21.819818 21.212258
0.274893 12.914295 -0.002725 -0.047932 0.830228 0.661297 3.410146 12.872524 1.902152 20.745902 21.304716 20.944447
0.268173 12.762283 -0.002507 -0.043047 0.830228 0.653390 -1.804472 12.630330 2.944406 22.244506 21.049981 21.084918
0.261006 12.674207 -0.002226 -0.038567 0.830228 0.655450 11.235383 12.802850 4.010927 20.771929 21.116354 20.793443
0.247490 12.621268 -0.002031 -0.034130 0.830228 0.644925 7.603322 12.449031 4.844990 21.596112 20.777262 20.775930
0.230043 12.632815 -0.001769 -0.030869 0.830228 0.640762 2.684602 12.843966 5.687895 23.926297 20.643150 21.409376
0.210496 12.683115 -0.001670 -0.027728 0.830228 0.660837 -11.111791 12.811533 6.644516 25.109784 21.289899 22.223546
0.191729 12.746465 -0.001450 -0.024187 0.830228 0.679939 -6.173795 12.993540 7.553840 24.537751 21.905314 22.240594
0.184850 12.851340 -0.001288 -0.020998 0.830228 0.670460 2.277317 12.943723 8.289733 21.860849 21.599907 20.728792
0.189158 13.005519 -0.001112 -0.018692 0.751221 0.630340 -19.401175 13.075389 8.781745 17.717950 20.307377 18.134685
0.189173 13.186802 -0.001029 -0.017461 0.679733 0.550647 -15.602341 13.073158 9.019477 16.147436 17.739969 16.133923
0.184865 13.342164 -0.000973 -0.017134 0.615048 0.483562 -12.490805 13.432660 9.327036 14.714166 15.578701 14.401066
0.177352 13.347478 -0.000982 -0.015936 0.556518 0.424598 -9.861016 13.211633 9.661380 12.590206 13.679099 12.439137
0.160815 13.208170 -0.000856 -0.014059 0.503559 0.366816 -7.654615 13.120130 9.930790 12.905128 11.817540 11.774501
0.145422 13.064143 -0.000773 -0.012420 0.455639 0.350463 -5.866936 13.104521 10.329292 13.020580 11.290703 11.583092
0.137892 12.998500 -0.000679 -0.010580 0.412279 0.350340 -4.245463 13.049148 10.731677 11.968136 11.286749 11.023026
0.128408 12.909153 -0.000574 -0.008631 0.373045 0.337973 -2.736783 12.850516 11.002783 11.726547 10.888344 10.717944
0.113654 12.813096 -0.000467 -0.007176 0.337545 0.331702 -1.161023 12.848799 11.249453 11.505697 10.686313 10.514425
0.099013 12.779190 -0.000408 -0.006064 0.305424 0.323857 1.679109 12.787667 11.466591 11.048463 10.433567 10.166947
0.090456 12.756692 -0.000343 -0.005114 0.276359 0.311705 -0.540355 12.780063 11.643753 9.789893 10.042072 9.355100
0.083671 12.726148 -0.000299 -0.004290 0.250060 0.284997 6.021158 12.663268 11.732245 8.976655 9.181628 8.550828
0.074419 12.687230 -0.000250 -0.003785 0.226263 0.260694 4.927521 12.690349 11.811692 8.273133 8.398681 7.837112
0.065833 12.654233 -0.000235 -0.003340 0.204732 0.239037 3.948332 12.615509 11.886115 7.244114 7.700955 7.003725
0.056411 12.628827 -0.000199 -0.002944 0.185249 0.213031 3.095189 12.603706 11.924611 6.967237 6.863122 6.471880
0.044930 12.616726 -0.000185 -0.002743 0.167620 0.195497 2.346882 12.635296 12.001976 7.769133 6.298254 6.582926
0.034968 12.607056 -0.000172 -0.002398 0.151669 0.197745 1.581326 12.699647 12.177666 8.120485 6.370680 6.774650
0.032714 12.604141 -0.000145 -0.001690 0.137236 0.204887 0.546973 12.664761 12.357339 7.018569 6.600747 6.352382
0.035972 12.616029 -0.000096 -0.001025 0.124176 0.195893 -1.919077 12.609762 12.415927 5.866796 6.310989 5.663734
0.039435 12.660441 -0.000068 -0.000969 0.112359 0.178319 -1.241943 12.666201 12.405594 5.443498 5.744836 5.196473
0.038605 12.683471 -0.000081 -0.001101 0.101667 0.166051 -0.693579 12.673689 12.409784 5.790948 5.349599 5.180294
0.036020 12.675435 -0.000080 -0.001053 0.091992 0.166825 -0.159026 12.711392 12.470911 6.327161 5.374514 5.455755
0.036936 12.670336 -0.000073 -0.000790 0.083238 0.176715 1.725943 12.712091 12.565454 6.165200 5.693165 5.542297
0.040344 12.671539 -0.000050 -0.000421 0.075317 0.182124 1.384767 12.676061 12.613027 5.725957 5.867395 5.431369
0.041914 12.690330 -0.000030 -0.000306 0.068149 0.180498 1.116051 12.690670 12.609681 6.032592 5.815014 5.570862
0.038987 12.698989 -0.000033 -0.000354 0.061664 0.184437 0.930847 12.722682 12.635650 6.537552 5.941924 5.888910
0.034377 12.683371 -0.000033 -0.000189 0.055796 0.192514 0.732947 12.698564 12.687065 6.488477 6.202150 6.005314
0.031090 12.658563 -0.000015 0.000113 0.050486 0.194456 0.447669 12.648983 12.706637 6.165176 6.264696 5.894933
0.030476 12.640281 0.000002 0.000263 0.045682 0.190338 0.018291 12.625526 12.692208 5.754910 6.132021 5.648606
0.031108 12.624947 0.000005 0.000267 0.041335 0.184931 -7.713836 12.594953 12.655951 5.312296 5.957842 5.370280
