0.000000 -0.001094 0.000000 0.000000 0.000000 0.000000 0.000000 0.000000 0.000000 6.834013 0.000000 6.834013
0.000000 -0.001933 0.000000 0.000000 0.000000 0.000000 0.000000 0.000000 0.000000 6.834370 0.000000 6.834370
0.000000 -0.001600 0.000000 0.000000 0.000000 0.000000 0.000000 0.000000 0.000000 6.833964 0.000000 6.833964
0.000000 -0.001324 0.000000 0.000000 0.000000 0.000000 0.000000 0.000000 0.000000 6.833149 0.000000 6.833149
0.000000 -0.001096 0.000000 0.000000 0.000000 0.000000 0.000000 0.000000 0.000000 6.832984 0.000000 6.832984
0.000000 -0.000908 0.000000 0.000000 0.000000 0.000000 0.000000 0.000000 0.000000 6.833014 0.000000 6.833014
0.000000 -0.000751 0.000000 0.000000 0.000000 0.000000 0.000000 0.000000 0.000000 6.832953 0.000000 6.832953
0.000000 -0.000622 0.000000 0.000000 0.000000 0.000000 0.000000 0.000000 0.000000 6.833110 0.000000 6.833110
0.000000 -0.000515 0.000000 0.000000 0.000000 0.000000 0.000000 0.000000 0.000000 6.832792 0.000000 6.832792
0.000000 0.000121 0.000000 0.000000 0.000000 0.000000 0.000000 0.000000 0.000000 6.833373 0.000000 6.833373
0.000000 0.000614 0.000000 0.000000 0.000000 0.000000 0.000000 0.000000 0.000000 6.834332 0.000000 6.834332
0.000000 0.000508 0.000000 0.000000 0.000000 0.000000 0.000000 0.000000 0.000000 6.832947 0.000000 6.832947
0.000000 0.047460 0.000000 0.000000 0.000000 0.000000 0.000000 0.000000 0.000000 6.837386 0.000000 6.837386
0.000000 0.159485 0.000000 0.000000 0.000000 0.000000 0.000000 0.000000 0.000000 6.841502 0.000000 6.841502
0.000000 0.273423 0.000000 0.000000 0.000000 0.000000 0.000000 0.000000 0.000000 6.836218 0.000000 6.836218
0.000000 0.369749 0.000000 0.000000 0.000000 0.000000 0.000000 0.000000 0.000000 6.835865 0.000000 6.835865
0.000000 0.471993 0.000000 0.000000 0.000000 0.000000 0.000000 0.000000 0.000000 6.834302 0.000000 6.834302
0.000000 0.572652 0.000000 0.000000 0.000000 0.000000 0.000000 0.000000 0.000000 6.824069 0.000000 6.824069
0.000000 0.662441 0.000000 0.000000 0.000000 0.000000 0.000000 0.000000 0.000000 6.824241 0.000000 6.824241
0.000000 0.752877 0.000000 0.000000 0.000000 0.000000 0.000000 0.000000 0.000000 6.824417 0.000000 6.824417
0.000000 0.842901 0.000000 0.000000 0.000000 0.000000 0.000000 0.000000 0.000000 6.822943 0.000000 6.822943
0.000000 0.930283 0.000000 0.000000 0.000000 0.000000 0.000000 0.000000 0.000000 6.829277 0.000000 6.829277
0.016584 1.024510 0.000000 0.000000 0.000000 0.000000 0.000000 0.000000 0.000000 6.833914 0.000000 6.833914
0.059229 1.119180 0.000000 0.000000 0.000000 0.000000 0.000000 0.000000 0.000000 6.834913 0.000000 6.834913
0.093623 1.219192 0.000000 0.000000 0.000000 0.000000 0.000000 0.000000 0.000000 6.834567 0.000000 6.834567
0.092551 1.288301 0.000000 0.000000 0.000000 0.000000 0.000000 0.000000 0.000000 6.834088 0.000000 6.834088
0.084776 1.340814 0.000000 0.000000 0.000000 0.000000 0.000000 0.000000 0.000000 6.834794 0.000000 6.834794
0.091576 1.417276 0.000000 0.000000 0.000000 0.000000 0.000000 0.000000 0.000000 6.837358 0.000000 6.837358
0.089969 1.495251 0.000000 0.000000 0.000000 0.000000 0.000000 0.000000 0.000000 6.840273 0.000000 6.840273
0.107856 1.607632 0.000000 0.000000 0.000000 0.000000 0.000000 0.000000 0.000000 6.842161 0.000000 6.842161
0.094170 1.660830 0.000000 0.000000 0.000000 0.000000 0.000000 0.000000 0.000000 6.837770 0.000000 6.837770
0.060553 1.682426 0.000000 0.000000 0.000000 0.000000 0.000000 0.000000 0.000000 6.835417 0.000000 6.835417
0.062643 1.757779 0.000000 0.000000 0.000000 0.000000 0.000000 0.000000 0.000000 6.835812 0.000000 6.835812
0.063763 1.827346 0.000000 0.000000 0.000000 0.000000 0.000000 0.000000 0.000000 6.835356 0.000000 6.835356
0.056153 1.888216 0.000000 0.000000 0.000000 0.000000 0.000000 0.000000 0.000000 6.834088 0.000000 6.834088
0.048361 1.951531 0.000000 0.000000 0.000000 0.000000 0.000000 0.000000 0.000000 6.834936 0.000000 6.834936
0.047216 2.022486 0.000000 0.000000 0.000000 0.000000 0.000000 0.000000 0.000000 6.837590 0.000000 6.837590
0.049589 2.092688 0.000000 0.000000 0.000000 0.000000 0.000000 0.000000 0.000000 6.836662 0.000000 6.836662
0.046551 2.158840 0.000000 0.000000 0.000000 0.000000 0.000000 0.000000 0.000000 6.840649 0.000000 6.840649
0.045639 2.228581 0.000000 0.000000 0.000000 0.000000 0.000000 0.000000 0.000000 6.842683 0.000000 6.842683
0.045674 2.298840 0.000000 0.000000 0.000000 0.000000 0.000000 0.000000 0.000000 6.839084 0.000000 6.839084
0.041639 2.366645 0.000000 0.000000 0.000000 0.000000 0.000000 0.000000 0.000000 6.836714 0.000000 6.836714
0.033917 2.425655 0.000000 0.000000 0.000000 0.000000 0.000000 0.000000 0.000000 6.838262 0.000000 6.838262
0.028060 2.482909 0.000000 0.000000 0.000000 0.000000 0.000000 0.000000 0.000000 6.838211 0.000000 6.838211
0.024485 2.538901 0.000000 0.000000 0.000000 0.000000 0.000000 0.000000 0.000000 6.834002 0.000000 6.834002
0.025386 2.599606 0.000000 0.000000 0.000000 0.000000 0.000000 0.000000 0.000000 6.830701 0.000000 6.830701
0.032934 2.674564 0.000000 0.000000 0.000000 0.000000 0.000000 0.000000 0.000000 6.823417 0.000000 6.823417
0.034526 2.750267 0.000000 0.000000 0.000000 0.000000 0.000000 0.000000 0.000000 6.821654 0.000000 6.821654
-0.020850 2.680815 0.000000 0.000000 0.000000 0.000000 0.000000 0.000000 0.000000 6.829524 0.000000 6.829524
-0.154420 2.369669 0.000000 0.000000 0.000000 0.000000 0.000000 0.000000 0.000000 6.828669 0.000000 6.828669
-0.298648 2.013633 0.000000 0.000000 0.000000 0.000000 0.000000 0.000000 0.000000 14.222771 0.000000 14.222771
-0.347491 1.931056 0.000000 0.000000 0.000000 0.000000 0.000000 0.000000 0.000000 14.022989 0.000000 14.022989
-0.318243 2.065262 0.000000 0.000000 0.000000 0.000000 0.000000 0.000000 0.000000 13.924443 0.000000 13.924443
-0.287998 2.204113 0.000000 0.000000 0.000000 0.000000 0.000000 0.000000 0.000000 13.825366 0.000000 13.825366
-0.270065 2.308126 0.000000 0.000000 0.000000 0.000000 0.000000 0.000000 0.000000 13.653080 0.000000 13.653080
-0.245335 2.405243 0.000000 0.000000 0.000000 0.000000 0.000000 0.000000 0.000000 13.561738 0.000000 13.561738
-0.206396 2.522154 0.000000 0.000000 0.000000 0.000000 0.000000 0.000000 0.000000 13.601971 0.000000 13.601971
-0.173363 2.629853 0.000000 0.000000 0.000000 0.000000 0.000000 0.000000 0.000000 13.632973 0.000000 13.632973
-0.130260 2.777397 0.000000 0.000000 0.000000 0.000000 0.000000 0.000000 0.000000 13.623489 0.000000 13.623489
-0.108948 2.855621 0.000000 0.000000 0.000000 0.000000 0.000000 0.000000 0.000000 13.653482 0.000000 13.653482
-0.107210 2.890183 0.000000 0.000000 0.000000 0.000000 0.000000 0.000000 0.000000 13.642991 0.000000 13.642991
-0.053216 3.099417 0.000000 0.000000 0.000000 0.000000 0.000000 0.000000 0.000000 13.606189 0.000000 13.606189
0.049347 3.469644 0.000000 0.000000 0.000000 0.000000 0.000000 0.000000 0.000000 13.631994 0.000000 13.631994
0.145943 3.893152 0.000000 0.000000 0.000000 0.000000 0.000000 0.000000 0.000000 13.657492 0.000000 13.657492
0.222804 4.309600 0.000000 0.000000 0.000000 0.000000 0.000000 0.000000 0.000000 13.668508 0.000000 13.668508
0.281560 4.709552 0.000000 0.000000 0.000000 0.000000 0.000000 0.000000 0.000000 13.679108 0.000000 13.679108
0.301787 4.965535 0.000000 0.000000 0.000000 0.000000 0.000000 0.000000 0.000000 13.618370 0.000000 13.618370
0.282509 5.011418 0.000000 0.000000 0.000000 0.000000 0.000000 0.000000 0.000000 13.496524 0.000000 13.496524
0.259557 5.029025 0.000000 0.000000 0.000000 0.000000 0.000000 0.000000 0.000000 13.392455 0.000000 13.392455
0.245202 5.095013 0.000000 0.000000 0.000000 0.000000 0.000000 5.095013 5.095013 13.289978 0.000000 13.289978
0.250484 5.300581 0.000000 -0.001049 0.000000 0.177026 0.000000 6.462782 6.113316 13.132664 4.620446 13.132664
0.242501 5.397530 -0.000100 0.003653 0.026844 0.283747 0.000100 5.184384 2183.473297 12.952923 7.405906 12.952923
0.211563 5.359129 0.000427 11.115724 0.114818 0.369062 -1.111325 5.915367 1966.078322 12.695991 9.632669 12.695991
0.191279 5.432674 0.000301 10.005902 0.114818 0.400100 -1.322557 5.276500 1770.243737 12.462467 10.442762 12.462467
0.175884 5.555448 0.000507 9.005859 0.136384 0.395321 -1.460880 5.930236 1593.926537 12.209138 10.318047 12.209138
0.150524 5.686455 0.000323 8.105378 0.136384 0.370106 -1.179546 5.633404 1435.244503 11.772365 9.659920 11.772365
0.116185 5.812853 0.000411 7.294920 0.136384 0.338855 -0.340769 6.115003 1292.459930 11.230016 8.844238 11.230016
0.089595 5.989777 0.000285 6.565334 0.136384 0.302464 2.945577 6.068708 1163.992027 10.699768 7.894432 10.699768
0.064251 6.138780 0.000318 5.908955 0.136384 0.271504 2.233044 6.405449 1048.417313 10.258066 7.086351 10.258066
0.042882 6.260307 0.000254 5.318514 0.136384 0.250687 1.417639 6.382309 944.439729 9.951277 6.543041 9.951277
0.034176 6.422098 0.000300 4.787052 0.136384 0.240212 0.278225 6.709802 850.893840 9.687130 6.269641 9.687130
0.038551 6.652835 0.000252 4.308475 0.136384 0.236245 -5.168798 6.863829 766.726307 9.245965 6.166100 9.245965
0.031942 6.802865 0.000256 3.878171 0.136384 0.228378 -4.382813 6.985316 690.965184 8.744671 5.960765 8.744671
0.019232 6.885457 0.000261 3.491113 0.136384 0.219625 -3.704661 7.014571 622.766213 8.354959 5.732304 8.354959
0.020807 7.036688 0.000285 3.142296 0.136384 0.214152 -3.123773 7.251278 561.390157 7.910560 5.589456 7.910560
0.024764 7.195683 0.000247 2.828260 0.123405 0.208078 -2.628221 7.325463 506.144967 7.518026 5.430916 7.518026
0.026282 7.330192 0.000251 2.545637 0.111661 0.202901 -2.280396 7.490665 456.420179 7.319904 5.295794 7.319904
0.029067 7.452632 0.000224 2.291248 0.101035 0.203463 -1.998332 7.574166 411.675385 7.061278 5.310453 7.061278
0.035230 7.583831 0.000222 2.062229 0.091421 0.203075 -1.746927 7.723005 371.397673 6.756369 5.300346 6.756369
0.036526 7.681477 0.000196 1.856179 0.082721 0.200763 -1.556937 7.757565 335.135364 6.571277 5.240004 6.571277
0.033745 7.756946 0.000197 1.670733 0.074849 0.199568 -1.420776 7.856396 302.497468 6.398162 5.208813 6.398162
0.030319 7.847608 0.000179 1.503708 0.067726 0.196506 -1.287308 7.929868 273.121772 6.334352 5.128875 6.334352
0.024952 7.929347 0.000166 1.353375 0.061281 0.193460 -1.130678 8.019432 246.693031 6.434216 5.049375 6.434216
0.032326 8.106906 0.000150 1.217593 0.055449 0.194072 -0.863539 8.280851 222.938385 6.232769 5.065362 6.232769
0.040805 8.304691 0.000094 1.095355 0.050173 0.186753 -0.474904 8.411406 201.562659 5.957822 4.874328 5.957822
0.017095 8.216075 0.000073 0.986719 0.045398 0.176752 0.028688 8.141153 182.309344 5.812104 4.613306 5.812104
0.004466 8.205021 0.000161 0.888519 0.043313 0.172213 -6.084471 8.346116 164.988912 5.704947 4.494819 5.704947
0.000858 8.260676 0.000115 0.799842 0.043313 0.169237 -5.451422 8.283174 149.406939 5.616238 4.417165 5.616238
-0.009521 8.245274 0.000145 0.720400 0.043313 0.168293 -4.880147 8.304974 135.380793 5.410758 4.392515 5.410758
-0.008109 8.324077 0.000150 0.648418 0.043313 0.165087 -4.364696 8.415804 122.751566 5.277389 4.308840 5.277389
-0.005018 8.406133 0.000126 0.583547 0.043313 0.163116 -3.902762 8.471109 111.389736 5.098592 4.257399 5.098592
-0.001866 8.473704 0.000119 0.525219 0.043313 0.161024 -3.487548 8.538932 101.161286 4.853910 4.202777 4.853910
-0.002878 8.521756 0.000106 0.472774 0.043313 0.156847 -3.121924 8.556899 91.946217 5.014062 4.093759 4.889871
0.000049 8.595112 0.000105 0.425372 0.043313 0.161231 -2.793539 8.694774 83.680198 4.747482 4.208187 4.720107
0.007200 8.692388 0.000076 0.382691 0.043313 0.157702 -2.482394 8.730967 76.221904 4.251690 4.116084 4.343747
0.004853 8.717068 0.000070 0.344502 0.043313 0.145417 -2.216103 8.716130 69.481601 4.240970 3.795447 4.210748
0.001528 8.713028 0.000070 0.310125 0.043313 0.142547 -1.987891 8.743994 63.438192 3.823696 3.720523 3.897426
0.001713 8.749017 0.000065 0.279099 0.039191 0.132821 -1.791877 8.760781 57.977020 3.938197 3.466673 3.869453
0.002124 8.786166 0.000056 0.251039 0.035462 0.133084 -1.634469 8.841874 53.093334 3.893662 3.473536 3.824568
0.003619 8.822768 0.000039 0.225929 0.032087 0.133237 -1.467466 8.839024 48.697819 3.584143 3.477543 3.613720
0.044130 9.234651 0.000044 0.201395 0.029034 0.125499 -1.324735 9.559155 44.759505 3.675312 3.275576 3.589760
0.035128 9.179477 -0.000152 0.181578 0.040904 0.125435 -1.184794 8.905746 41.231512 3.734344 3.273904 3.611203
-0.011055 8.795146 0.000047 0.165535 0.040904 0.127455 -1.034880 8.741234 38.022443 4.195222 3.326631 3.908563
-0.009072 8.846230 0.000096 0.148897 0.040904 0.139393 -0.832308 8.995437 35.170032 4.364656 3.638200 4.102342
-0.004310 8.908895 0.000036 0.134020 0.040904 0.147737 -0.511097 8.894200 32.598457 4.257938 3.855996 4.094794
-0.001263 8.955466 0.000074 0.120659 0.040904 0.148498 -0.001752 9.034654 -155.892780 4.226401 3.875859 4.071359
0.012959 9.102484 0.000038 -0.842032 0.040904 0.148192 0.093288 9.183064 -139.366937 3.965829 3.867867 3.897876
0.012867 9.118955 0.000001 -0.757779 0.040904 0.143044 -1.946310 9.075022 -124.510993 3.767483 3.733493 3.722590
0.002588 9.052389 0.000032 -0.681623 0.040904 0.136816 -1.694831 9.036834 -111.152103 3.681052 3.570952 3.607400
0.002531 9.084255 0.000040 -0.613611 0.040904 0.132083 -1.494092 9.130457 -99.120202 3.476421 3.447414 3.432407
-0.000380 9.097781 0.000013 -0.552277 0.040904 0.124579 -1.343769 9.073817 -88.296226 3.591312 3.251566 3.427098
-0.001537 9.119416 0.000028 -0.497148 0.040904 0.123571 -1.230024 9.181402 -78.529155 3.385198 3.225262 3.282727
-0.003028 9.138253 0.000003 -0.447399 0.037011 0.117763 -1.128410 9.115741 -69.750407 3.414756 3.073663 3.238860
-0.004272 9.160510 0.000024 -0.402712 0.033489 0.115753 -1.056877 9.221932 -61.833708 3.596472 3.021195 3.321159
-0.004673 9.181168 -0.000000 -0.362415 0.030302 0.119527 -0.965429 9.191746 -54.689031 3.440504 3.119701 3.250675
-0.004740 9.211183 0.000020 -0.326106 0.027419 0.117234 -0.870177 9.250818 -48.274926 3.551188 3.059854 3.287934
-0.004026 9.239304 0.000008 -0.293516 0.024809 0.119304 -0.771675 9.266980 -42.486616 3.571339 3.113892 3.310652
-0.002432 9.267246 0.000013 -0.264119 0.022448 0.121449 -0.667681 9.301801 -37.276887 3.640169 3.169860 3.364980
0.001357 9.305717 0.000012 -0.237728 0.020312 0.125190 -0.564658 9.344158 -32.583318 3.769169 3.267507 3.472079
0.006034 9.346928 0.000009 -0.213986 0.018379 0.131628 -0.452495 9.386807 -28.352631 3.961852 3.435553 3.645116
0.021145 9.488709 0.000006 -0.193118 0.016630 0.140415 -0.322851 9.609743 -24.528985 4.131733 3.664893 3.828913
0.023444 9.500552 -0.000044 -0.173665 0.015048 0.149595 -0.133835 9.448248 -21.090983 4.079195 3.904494 3.885770
0.013999 9.398243 0.000014 -0.155598 0.013616 0.153457 0.270850 9.371355 -18.028945 3.986176 4.005298 3.871265
0.016113 9.398782 0.000037 -0.139974 0.012320 0.154309 0.077054 9.419288 -15.287608 3.625455 4.027533 3.669813
0.041009 9.615374 0.000020 -0.127089 0.011148 0.147982 -0.292855 9.742056 -12.827496 3.139813 3.862387 3.328606
0.036643 9.568554 -0.000077 -0.114295 0.020799 0.135073 -0.261717 9.375505 -10.642138 2.867389 3.525468 3.055976
0.009244 9.339590 0.000014 -0.101974 0.020799 0.122403 -0.391160 9.261454 -8.693371 3.110485 3.194767 3.092134
0.005320 9.340284 0.000030 -0.092032 0.020799 0.120297 -0.504363 9.397020 -6.896333 2.875361 3.139800 2.934325
0.000135 9.332453 -0.000011 -0.082822 0.020799 0.110741 -0.546387 9.260946 -5.293307 2.032378 2.890386 2.341299
0.025243 9.605626 0.000022 -0.076035 0.020799 0.083814 -0.575463 9.816954 -3.867828 1.501944 2.187574 1.766913
0.017224 9.535628 -0.000148 -0.068403 0.039763 0.060029 -0.561383 9.259093 -2.578957 0.662584 1.566789 1.036584
0.004779 9.431444 0.000003 -0.061294 0.039763 0.031297 -0.579041 9.501442 -1.445800 0.459581 0.816869 0.635618
0.004347 9.440137 -0.000081 -0.055555 0.039763 0.015934 -0.588311 9.364270 -0.384029 0.165395 0.415895 0.306395
-0.001854 9.394014 -0.000044 -0.049901 0.039763 0.003788 -0.526706 9.399004 0.574969 -0.226641 0.098880 -0.049855
-0.008853 9.339918 -0.000054 -0.044731 0.039763 -0.009818 -0.396870 9.268212 1.427025 -0.630108 -0.256243 -0.426909
-0.004276 9.379324 -0.000020 -0.040584 0.039763 -0.023579 -0.159080 9.440146 2.194187 -0.902640 -0.615427 -0.726419
0.010947 9.501998 -0.000072 -0.037294 0.039763 -0.033467 0.442510 9.529916 2.903406 -1.095789 -0.873496 -0.940826
-0.015756 9.224448 -0.000095 -0.032259 0.039763 -0.039199 0.152841 8.963386 3.518821 -1.338868 -1.023120 -1.144430
-0.031326 9.059796 0.000062 -0.028278 0.039763 -0.044908 -0.601493 9.113220 4.049214 -1.490436 -1.172126 -1.289281
0.003465 9.369141 0.000009 -0.027150 0.039763 -0.048730 -0.327541 9.549980 4.557309 -1.917321 -1.271876 -1.578105
-0.002035 9.305301 -0.000116 -0.024231 0.039763 -0.059731 0.123571 9.061100 4.983652 -0.606467 -1.558999 -0.894658
-0.001392 9.299973 0.000014 -0.022028 0.035979 -0.031778 -0.867651 9.562582 5.486795 -1.675995 -0.829412 -1.272948
-0.004793 9.257054 -0.000103 -0.019241 0.032555 -0.047331 -0.703821 8.949075 5.800264 -2.025840 -1.235364 -1.623945
-0.020013 9.108758 0.000055 -0.016884 0.029457 -0.062377 -0.622399 9.177159 6.071768 -2.095825 -1.628066 -1.797294
-0.013646 9.160834 -0.000028 -0.015765 0.026654 -0.069779 -0.586697 9.112658 6.345558 -1.964054 -1.821268 -1.782632
-0.033817 8.950674 -0.000017 -0.013295 0.024117 -0.069272 -0.540044 8.810367 6.595350 -1.954656 -1.808030 -1.773701
-0.027746 8.970779 0.000063 -0.012123 0.021822 -0.067683 -0.457289 9.088101 6.821885 -2.045589 -1.766554 -1.818200
-0.021415 8.983496 -0.000021 -0.011032 0.019746 -0.067515 -0.351346 8.878863 7.017097 -2.196368 -1.762160 -1.909408
-0.027548 8.863855 0.000032 -0.009425 0.017866 -0.068569 -0.252685 8.819249 7.169175 -2.247085 -1.789686 -1.944869
-0.022088 8.849065 0.000036 -0.008573 0.016166 -0.066729 -0.187527 8.838578 7.302825 -2.208265 -1.741663 -1.895365
-0.016334 8.853791 0.000018 -0.007915 0.014628 -0.062678 -0.175618 8.830931 7.422891 -2.356171 -1.635934 -1.944110
-0.015234 8.828727 0.000009 -0.007175 0.013236 -0.064455 -0.214334 8.772892 7.509403 -2.524160 -1.682300 -2.053517
-0.017768 8.773055 0.000009 -0.006449 0.011976 -0.069968 -0.277146 8.709982 7.572565 -2.352739 -1.826191 -1.976447
-0.018986 8.719858 0.000008 -0.005855 0.010837 -0.067989 -0.320922 8.688229 7.647764 -2.147038 -1.774547 -1.817597
0.001521 8.857303 0.000003 -0.006173 0.009805 -0.062053 -0.331167 8.964598 7.740753 -1.809527 -1.619608 -1.545919
-0.006742 8.739717 -0.000080 -0.005098 0.021407 -0.051604 -0.317666 8.545554 7.826391 -1.658508 -1.346878 -1.354590
-0.001808 8.729633 0.000037 -0.004610 0.021407 -0.043983 -0.233045 8.853500 7.893320 -1.502576 -1.147970 -1.182715
-0.006586 8.616552 -0.000056 -0.003691 0.021407 -0.036326 -0.099323 8.400371 7.939021 -1.124782 -0.948134 -0.865724
-0.034308 8.296477 0.000065 -0.001824 0.021407 -0.021302 0.252039 8.200100 7.961505 -0.608582 -0.555996 -0.391484
-0.027610 8.278216 0.000109 -0.001616 0.029290 -0.000188 0.083294 8.336760 7.989228 0.062112 -0.004900 0.234320
-0.020193 8.263920 0.000061 -0.001402 0.029290 0.026561 -0.850311 8.210679 8.021728 0.576403 0.693246 0.794928
-0.012365 8.253486 0.000090 -0.001183 0.029290 0.049828 -0.641556 8.278960 8.036132 0.869632 1.300534 1.183329
-0.004802 8.257504 0.000061 -0.001130 0.029290 0.065007 -0.408919 8.207989 8.025919 1.263186 1.696711 1.583314
0.000626 8.245286 0.000065 -0.001120 0.029290 0.079217 -0.146240 8.242577 8.015309 1.465216 2.067603 1.845757
0.016496 8.331407 0.000041 -0.001613 0.029290 0.087880 0.399131 8.357248 8.001694 1.753437 2.293707 2.124541
0.015482 8.287082 -0.000006 -0.001456 0.029290 0.095699 0.256025 8.190388 7.989672 2.074461 2.497783 2.416306
0.029401 8.357780 0.000029 -0.001879 0.029290 0.104893 0.090960 8.459912 7.994702 2.255472 2.737759 2.619780
0.031116 8.331714 -0.000055 -0.001720 0.029290 0.110919 -0.057923 8.192948 7.992196 2.641368 2.895034 2.940012
0.011094 8.133352 0.000012 -0.000720 0.029290 0.121038 -0.174501 8.066630 7.987267 3.038468 3.159148 3.293841
0.011179 8.107894 0.000040 -0.000616 0.029290 0.132866 -0.195911 8.131846 7.990270 3.399293 3.467852 3.632248
0.008568 8.060835 0.000016 -0.000360 0.026502 0.144214 -0.165551 7.998880 7.992179 3.835518 3.764047 4.017958
0.048998 8.363595 0.000049 -0.001895 0.023980 0.158887 -0.084067 8.660732 8.034687 4.145274 4.147003 4.337694
0.076169 8.561161 -0.000133 -0.002687 0.035683 0.172077 0.131105 8.481375 8.087204 4.468703 4.491284 4.658248
0.034982 8.157350 -0.000072 -0.000358 0.035683 0.184705 -0.065558 7.896434 8.092523 4.960257 4.820881 5.094193
0.033565 8.111872 0.000092 -0.000099 0.035683 0.202001 0.228858 8.294685 8.104922 5.380186 5.272296 5.510281
0.037706 8.128031 -0.000021 -0.000118 0.035683 0.217955 0.085574 8.002808 8.115333 5.895088 5.688719 5.985319
0.015461 7.936934 0.000062 0.000910 0.035683 0.234724 -0.417022 7.899729 8.112986 6.161019 6.126390 6.286767
0.018928 7.965546 0.000088 0.000752 0.035683 0.244187 -0.214180 8.020799 8.100842 6.445635 6.373388 6.552871
0.024476 8.010742 0.000048 0.000460 0.035683 0.251948 0.040941 8.008120 8.097256 6.661759 6.575939 6.756524
0.040844 8.150017 0.000048 -0.000269 0.035683 0.258313 -0.984138 8.269978 8.108975 6.848404 6.742076 6.928637
0.038495 8.148421 -0.000025 -0.000201 0.035683 0.262711 -0.891017 8.059157 8.120902 7.343962 6.856860 7.304541
0.028384 8.077170 0.000036 0.000223 0.035683 0.275417 -0.815044 8.128149 8.153098 7.492358 7.188487 7.485140
0.033949 8.156572 0.000024 -0.000018 0.035683 0.280622 -0.734553 8.202125 8.176259 7.779887 7.324333 7.713804
0.035747 8.221627 0.000008 -0.000232 0.032287 0.286452 -0.680232 8.271430 8.214996 8.196406 7.476501 8.032676
0.035478 8.264601 -0.000002 -0.000253 0.029215 0.296285 -0.586782 8.313185 8.274004 8.471420 7.733167 8.275645
0.037586 8.341357 0.000001 -0.000344 0.026434 0.303375 -0.459575 8.419319 8.336163 9.098122 7.918220 8.740503
0.043442 8.437173 -0.000013 -0.000515 0.023919 0.319768 -0.258739 8.540037 8.434845 9.290599 8.346084 8.967178
0.046031 8.525900 -0.000020 -0.000465 0.021643 0.327896 0.175413 8.585500 8.514860 9.411225 8.558216 9.087231
0.044227 8.623248 -0.000011 -0.000553 0.019583 0.329587 -0.319235 8.717486 8.589739 10.013668 8.602352 9.482511
0.046051 8.732615 -0.000029 -0.000729 0.017720 0.341314 0.012028 8.850672 8.709981 9.699131 8.908424 9.332789
0.048463 8.843946 -0.000033 -0.000684 0.016033 0.335703 -8.669206 8.897928 8.782740 9.291687 8.761987 8.993835
0.050349 8.960499 -0.000027 -0.000907 0.014508 0.320464 -7.795867 9.050324 8.840283 9.366179 8.364247 8.893364
0.051469 9.057855 -0.000055 -0.001110 0.014691 0.315986 -7.012232 9.139100 8.937261 9.333593 8.247358 8.805792
0.050524 9.137473 -0.000053 -0.001022 0.014691 0.313071 -6.309625 9.217720 9.038831 9.288327 8.171289 8.722855
0.049944 9.228521 -0.000047 -0.000968 0.014691 0.310451 -5.678463 9.321023 9.141662 8.972703 8.102883 8.471535
0.050510 9.327502 -0.000048 -0.000948 0.014691 0.301015 -5.111858 9.397987 9.225547 8.579975 7.856624 8.115842
0.050952 9.419331 -0.000047 -0.000989 0.014691 0.287960 -4.604920 9.490711 9.299231 8.285832 7.515872 7.791713
0.049468 9.503965 -0.000053 -0.001045 0.014691 0.276215 -4.152983 9.572372 9.377510 8.279708 7.209327 7.656783
0.046106 9.585110 -0.000054 -0.001059 0.014691 0.271123 -3.749303 9.675660 9.478629 8.409134 7.076411 7.661963
0.039901 9.641043 -0.000055 -0.000829 0.014787 0.271014 -3.383585 9.713404 9.594924 8.105968 7.073582 7.450992
0.031498 9.685577 -0.000033 -0.000463 0.014787 0.262144 -3.050063 9.740822 9.681496 7.779031 6.842073 7.144995
0.024391 9.735863 -0.000016 -0.000277 0.014787 0.249290 -2.747990 9.802237 9.757275 7.609116 6.506565 6.891916
0.019210 9.785080 -0.000012 -0.000142 0.014787 0.239891 -2.473398 9.854128 9.842830 7.620047 6.261246 6.776585
0.016407 9.846753 -0.000003 -0.000020 0.014787 0.237135 -2.224355 9.942865 9.945234 7.765556 6.189321 6.804843
0.017012 9.929723 0.000001 0.000079 0.014787 0.241013 -1.994142 10.037545 10.062019 7.646015 6.290545 6.751103
0.016347 9.998945 0.000007 0.000322 0.014787 0.242063 -1.781084 10.069827 10.157473 7.442522 6.317935 6.626148
0.029028 10.201648 0.000025 -0.000225 0.014787 0.239585 -1.587595 10.391534 10.246319 7.183429 6.253272 6.437761
0.028584 10.258444 -0.000041 -0.000062 0.014787 0.235035 -1.414245 10.221803 10.317363 7.044165 6.134517 6.298787
0.017501 10.191815 0.000027 0.000641 0.014787 0.232757 -1.268388 10.236116 10.373100 7.204752 6.075040 6.353582
0.046385 10.543185 0.000039 -0.000868 0.014787 0.237479 -1.141567 10.873653 10.474922 7.240277 6.198305 6.415101
0.042877 10.547171 -0.000113 -0.000369 0.030509 0.242834 -1.024121 10.364211 10.560373 6.961974 6.338067 6.314465
0.015699 10.310116 0.000056 0.001277 0.030509 0.241133 -0.917046 10.313681 10.582187 6.865090 6.293677 6.242462
0.017347 10.378616 0.000077 0.001039 0.030509 0.238850 -0.831494 10.473463 10.604729 6.529341 6.234081 6.034873
0.018413 10.454777 0.000038 0.000765 0.030509 0.230813 -0.759614 10.461995 10.611901 6.516328 6.024321 5.941110
0.015375 10.495524 0.000043 0.000594 0.030509 0.225990 -0.718187 10.559284 10.637200 6.671777 5.898424 5.970425
0.012050 10.520584 0.000023 0.000595 0.030509 0.226467 -0.643652 10.547684 10.683598 6.583650 5.910874 5.925687
0.011654 10.568716 0.000040 0.000586 0.030509 0.224373 -0.544154 10.636051 10.722619 6.526006 5.856213 5.868734
0.014191 10.622068 0.000026 0.000513 0.030509 0.222981 -0.402422 10.661165 10.762848 6.152128 5.819881 5.652721
0.018909 10.681973 0.000030 0.000413 0.030509 0.216621 -0.254933 10.723563 10.779704 6.257735 5.653885 5.638664
0.039077 10.910088 0.000017 -0.000665 0.030509 0.218801 -0.142461 11.104642 10.838077 6.257703 5.710803 5.666128
0.037809 10.913311 -0.000075 -0.000384 0.030509 0.222428 -0.042533 10.801304 10.886659 6.105272 5.805447 5.632181
0.051704 11.108442 0.000025 -0.001132 0.027605 0.221831 -0.156972 11.376661 10.931346 5.952142 5.789867 5.552309
0.070143 11.364065 -0.000127 -0.002208 0.034049 0.218207 -0.232458 11.366171 10.986801 5.661567 5.695293 5.366001
0.027617 10.923648 -0.000108 0.000322 0.034049 0.210005 -0.348737 10.567098 10.977954 6.011035 5.481201 5.462346
-0.002793 10.650135 0.000117 0.001673 0.034049 0.211822 -0.427064 10.756341 10.984949 6.159292 5.528633 5.563417
0.025293 10.995453 0.000065 -0.000054 0.034049 0.214124 -0.385622 11.234089 11.033346 6.066230 5.588724 5.542462
0.021492 10.986773 -0.000057 0.000238 0.034049 0.212836 -0.286671 10.824770 11.064538 6.188792 5.555094 5.591749
-0.002781 10.738773 0.000069 0.001663 0.034049 0.215480 -0.124894 10.717550 11.079536 6.290553 5.624102 5.676003
0.000871 10.789821 0.000104 0.001479 0.034049 0.220045 0.276470 10.897673 11.100599 6.395268 5.743255 5.785244
0.004935 10.861108 0.000059 0.001222 0.034049 0.225495 0.058189 10.880806 11.125599 6.561441 5.885496 5.937788
0.009591 10.948294 0.000071 0.000905 0.034049 0.231857 -0.913167 11.053031 11.158616 6.684952 6.051569 6.079564
0.010952 11.005324 0.000031 0.000782 0.034049 0.236897 -0.748533 11.014709 11.190838 6.965411 6.183102 6.285775
0.012954 11.065229 0.000052 0.000641 0.034049 0.244160 -0.575126 11.164376 11.237009 7.245916 6.372681 6.516716
0.019710 11.164390 0.000022 0.000371 0.030809 0.253029 -0.356368 11.229959 11.295305 7.484669 6.604156 6.745026
0.024071 11.223235 0.000020 0.000368 0.027877 0.262670 -0.079525 11.283961 11.354203 7.646845 6.855789 6.944578
0.024381 11.240799 0.000021 0.000579 0.025224 0.271553 0.878159 11.265657 11.402251 7.671883 7.087632 7.067428
0.026827 11.293959 0.000040 0.000553 0.022824 0.276889 0.729858 11.360463 11.435284 7.864899 7.226917 7.234835
0.030859 11.370301 0.000023 0.000332 0.020652 0.283450 0.607859 11.426068 11.476683 7.838430 7.398167 7.306026
0.033646 11.437313 0.000016 0.000201 0.018686 0.285574 0.508704 11.479362 11.505798 7.861793 7.453600 7.349726
0.045024 11.609650 0.000009 -0.000530 0.016908 0.286339 0.441330 11.744525 11.546829 8.050065 7.473549 7.458967
0.056483 11.786344 -0.000055 -0.001222 0.015299 0.289683 0.398343 11.863080 11.614062 5.840571 7.560832 6.399537
0.045710 11.691541 -0.000070 -0.000395 0.018911 0.246527 0.365142 11.425160 11.492661 6.631229 6.434443 6.283018
0.034628 11.613651 0.000020 -0.000617 0.018911 0.240909 0.322687 11.779218 11.519534 6.325688 6.287813 6.064855
0.032249 11.653144 -0.000074 -0.000682 0.019828 0.230402 0.295644 11.555129 11.535739 6.008508 6.013571 5.780077
0.028335 11.667876 -0.000005 -0.000674 0.019828 0.217309 0.260488 11.757694 11.548572 5.765170 5.671860 5.497690
0.026306 11.710272 -0.000060 -0.000825 0.019828 0.204827 0.228500 11.679341 11.571747 5.848202 5.346061 5.379382
0.024356 11.749297 -0.000031 -0.000906 0.019828 0.199118 0.176802 11.842961 11.627201 5.374800 5.197051 5.071570
0.021477 11.788379 -0.000062 -0.000823 0.019828 0.186423 0.065993 11.758058 11.656663 5.174840 4.865720 4.809485
0.020551 11.851261 -0.000030 -0.000993 0.019828 0.175108 -0.116352 11.949030 11.699330 5.050491 4.570398 4.598670
0.023576 11.936004 -0.000072 -0.001208 0.019828 0.166862 0.061855 11.961627 11.759040 4.378781 4.355171 4.164499
0.053845 12.365180 -0.000059 -0.003093 0.019828 0.150222 -0.112100 12.689795 11.821427 4.594306 3.920864 4.047850
0.044140 12.269486 -0.000249 -0.002287 0.067023 0.147524 -0.074074 11.983797 11.916791 4.488059 3.850428 3.954403
0.010249 11.860111 -0.000021 0.000289 0.067023 0.146610 1.584710 11.809032 11.958994 3.955753 3.826589 3.684968
0.016022 11.938996 0.000041 0.000102 0.067023 0.138672 1.344840 12.052663 11.966691 3.719738 3.619398 3.470890
0.019342 11.977413 -0.000026 -0.000055 0.067023 0.132833 1.123472 11.924746 11.975296 3.406621 3.466989 3.249541
0.018260 11.969776 0.000013 0.000028 0.067023 0.126464 0.922770 12.001268 11.970212 3.428629 3.300755 3.182656
0.018825 11.996232 -0.000010 -0.000133 0.067023 0.124909 0.751635 12.001803 11.982414 3.618162 3.260165 3.256306
0.023153 12.072441 -0.000007 -0.000459 0.067023 0.128077 0.549158 12.155828 12.018293 3.326093 3.342859 3.162636
0.016823 12.026978 -0.000041 -0.000044 0.067023 0.123802 0.257483 11.922640 12.017903 3.040281 3.231269 2.977773
0.006841 11.936995 0.000026 0.000413 0.067023 0.115542 -0.294975 11.934142 11.995474 2.885924 3.015684 2.802952
0.004032 11.921877 0.000016 0.000376 0.067023 0.107765 0.199621 11.902323 11.978373 2.539573 2.812712 2.543026
0.007784 11.980608 0.000021 -0.000011 0.067023 0.097501 -0.437920 12.022731 11.958090 2.557798 2.544824 2.421695
0.006614 11.973398 -0.000019 -0.000078 0.060645 0.092970 -0.156890 11.934906 11.960595 2.573215 2.426558 2.371733
-0.000294 11.883569 0.000007 0.000393 0.054874 0.091876 0.468040 11.853510 11.963903 2.357092 2.398000 2.258074
0.012034 12.017949 0.000031 -0.000276 0.049652 0.088842 0.253102 12.146429 11.966236 2.420099 2.318807 2.252079
0.014116 12.021301 -0.000052 -0.000281 0.044927 0.090345 -0.004218 11.928804 11.979347 16.628283 2.358048 8.936327
0.006804 11.915322 0.000014 0.000327 0.040651 0.358878 9.374766 12.975875 13.044283 10.102038 9.366863 9.277894
0.008017 11.919890 0.000019 0.005738 0.036783 0.373062 8.428239 11.130295 12.987037 10.363465 9.737078 9.601233
0.010963 11.943924 0.000530 0.005323 0.142534 0.385981 7.568593 12.641853 12.929752 10.338688 10.074260 9.774657
0.018124 12.009743 0.000084 0.004695 0.142534 0.392730 6.734873 11.523906 12.857603 10.356724 10.250401 9.890578
0.034021 12.173374 0.000383 0.003492 0.142534 0.397688 5.962598 12.700931 12.797162 10.415160 10.379801 10.003586
0.036890 12.170614 0.000032 0.003198 0.142534 0.402772 5.279890 11.749014 12.737162 10.107083 10.512500 9.945291
0.034199 12.102330 0.000286 0.003240 0.142534 0.400842 4.663939 12.354546 12.643242 8.910533 10.462139 9.377152
0.038213 12.163782 0.000087 0.002447 0.142534 0.377127 4.175361 11.894685 12.478809 9.811695 9.843156 9.531715
0.054789 12.421969 0.000172 0.000290 0.142534 0.379830 3.824677 12.841435 12.470763 12.173542 9.913711 10.701249
0.049814 12.382498 -0.000101 0.000450 0.142534 0.422751 3.531588 12.185006 12.631594 11.982393 11.033976 11.164785
0.029048 12.173982 0.000132 0.002335 0.142534 0.437775 3.222943 12.236366 12.657035 12.106305 11.426090 11.424614
0.028583 12.234035 0.000124 0.002159 0.142534 0.443602 2.991468 12.283238 12.665802 12.842908 11.578198 11.850026
0.030070 12.275437 0.000114 0.001992 0.142534 0.458099 2.757687 12.364145 12.721714 12.304350 11.956572 11.787610
0.054151 12.611796 0.000107 0.000561 0.128970 0.454724 2.534986 12.836027 12.736832 11.797683 11.868471 11.512618
0.049895 12.579502 -0.000024 0.000803 0.116697 0.443626 2.384834 12.368968 12.715784 11.532836 11.578816 11.251440
0.025980 12.268786 0.000103 0.002281 0.105592 0.434222 2.291252 12.185188 12.667633 11.158665 11.333365 10.961737
0.028980 12.287702 0.000142 0.001939 0.095543 0.424657 2.247303 12.356598 12.616524 10.645063 11.083726 10.606889
0.033149 12.324465 0.000079 0.001490 0.086451 0.412758 2.260859 12.265826 12.554385 11.217158 10.773159 10.730551
0.039011 12.353176 0.000087 0.001027 0.078224 0.420219 2.289806 12.456390 12.567598 11.791132 10.967894 11.104793
0.048185 12.398488 0.000036 0.000863 0.070780 0.439180 2.267409 12.413972 12.612491 11.630200 11.462774 11.284419
0.058757 12.464533 0.000061 0.000755 0.064045 0.450156 2.217040 12.517551 12.610265 11.136821 11.749247 11.210100
0.073181 12.579664 0.000030 0.000156 0.057950 0.450297 2.160474 12.583376 12.561227 10.691329 11.752930 11.025425
0.082747 12.638120 -0.000003 -0.000392 0.052435 0.444907 2.118717 12.602215 12.489217 10.471363 11.612253 10.881392
0.091458 12.664715 -0.000029 -0.000896 0.047445 0.440429 2.073300 12.629063 12.421114 10.192222 11.495366 10.720968
0.101863 12.715631 -0.000057 -0.001503 0.042930 0.435636 2.020378 12.687052 12.352732 10.588393 11.370261 10.886319
0.106177 12.702843 -0.000093 -0.001787 0.038845 0.442418 1.968261 12.656777 12.329044 10.796575 11.547278 11.101630
0.108775 12.671320 -0.000092 -0.001747 0.035148 0.450095 1.901868 12.626596 12.306913 10.876800 11.747654 11.264119
0.110723 12.656625 -0.000090 -0.001785 0.031804 0.454296 1.830135 12.615269 12.276505 11.235010 11.857304 11.519484
0.111526 12.630686 -0.000096 -0.001808 0.028777 0.461038 1.749086 12.596301 12.265204 11.037018 12.033265 11.526403
0.112087 12.608507 -0.000095 -0.001752 0.026039 0.457859 1.656791 12.543479 12.224741 10.961039 11.950295 11.471038
0.110944 12.589860 -0.000092 -0.001863 0.024614 0.451444 1.567446 12.552696 12.186984 11.154227 11.782877 11.505425
0.113447 12.609684 -0.000105 -0.002157 0.028328 0.448781 1.472971 12.608078 12.182058 10.328263 11.713355 11.073196
0.113504 12.590919 -0.000123 -0.002087 0.033073 0.428800 1.384146 12.473207 12.118959 9.902537 11.191857 10.629850
0.111209 12.533767 -0.000103 -0.002117 0.033073 0.409018 1.325089 12.485419 12.063644 9.920803 10.675528 10.406890
0.113693 12.525443 -0.000123 -0.002357 0.033073 0.399810 1.275963 12.500800 12.053162 9.955339 10.435212 10.316913
0.115720 12.516444 -0.000130 -0.002364 0.035045 0.396675 1.238267 12.492932 12.063464 10.440384 10.353372 10.525252
0.117873 12.503545 -0.000126 -0.002246 0.035045 0.405690 1.190786 12.518568 12.114005 10.511351 10.588666 10.669591
0.121957 12.502513 -0.000119 -0.001983 0.035045 0.412743 1.114597 12.483864 12.147051 10.145618 10.772758 10.571577
0.149707 12.832721 -0.000100 -0.003499 0.035045 0.411047 1.029808 13.064724 12.168535 9.662574 10.728502 10.316163
0.147289 12.716490 -0.000260 -0.002796 0.069794 0.402946 0.979567 12.357878 12.143306 9.947335 10.517039 10.378572
0.124832 12.315338 -0.000066 -0.000878 0.069794 0.406917 0.985027 12.238535 12.117739 10.241985 10.620690 10.587267
0.128302 12.300096 -0.000039 -0.000931 0.069794 0.416551 1.001165 12.320914 12.107543 10.404811 10.872153 10.794395
0.129749 12.276014 -0.000065 -0.000860 0.069794 0.424512 1.020745 12.205007 12.089304 10.895870 11.079924 11.153186
0.129929 12.240383 -0.000037 -0.000771 0.069794 0.437401 0.991482 12.254865 12.090594 11.190845 11.416349 11.464500
0.129737 12.203484 -0.000051 -0.000576 0.069794 0.447923 0.904033 12.145449 12.084954 11.317372 11.690955 11.659351
0.130432 12.175374 -0.000021 -0.000461 0.069794 0.453791 0.755998 12.171266 12.065949 11.552976 11.844116 11.857278
0.132470 12.170287 -0.000033 -0.000532 0.069794 0.460212 0.532147 12.147647 12.054525 11.754441 12.011724 12.042075
0.131317 12.131477 -0.000030 -0.000393 0.069794 0.465874 0.126666 12.099225 12.042905 11.422362 12.159506 11.935442
0.128894 12.073631 -0.000019 -0.000157 0.069794 0.460236 -1.805677 11.997815 11.990636 11.012466 12.012337 11.660164
0.128686 12.036825 -0.000005 -0.000236 0.069794 0.447893 -1.496916 11.992968 11.920190 10.608779 11.690179 11.311589
0.126914 11.997792 -0.000023 -0.000396 0.063153 0.433042 -1.236706 11.920466 11.846764 10.896652 11.302563 11.300252
0.123055 11.950546 -0.000023 -0.000530 0.057143 0.430655 -1.062160 11.944137 11.826668 11.371533 11.240256 11.522825
0.117018 11.892266 -0.000036 -0.000335 0.051705 0.437089 -0.891548 11.860625 11.843084 12.046685 11.408186 11.945653
0.111392 11.844736 -0.000007 -0.000008 0.046785 0.450813 -0.677464 11.879959 11.891184 12.727928 11.766393 12.448774
0.113546 11.851682 0.000001 0.000202 0.042332 0.469612 -0.293174 11.901248 11.959421 12.524279 12.257058 12.539792
0.119730 11.884879 0.000015 0.000380 0.038304 0.474877 0.611033 11.891845 11.972029 12.496139 12.394488 12.575836
0.122584 11.871590 0.000021 0.000513 0.034659 0.479484 0.182031 11.863018 11.969616 12.543438 12.514713 12.648530
0.126564 11.869984 0.000029 0.000508 0.031361 0.486010 -0.872228 11.877713 11.961810 12.310277 12.685061 12.596284
0.133074 11.896534 0.000023 0.000333 0.028376 0.486876 -0.619204 11.883454 11.927145 11.962568 12.707667 12.423639
0.141023 11.930912 0.000012 -0.000019 0.025676 0.482998 -0.418637 11.912941 11.871583 11.368799 12.606427 12.068929
0.144405 11.915059 -0.000013 -0.000222 0.023233 0.471319 -0.366357 11.823839 11.783016 11.137803 12.301616 11.829938
0.140343 11.856447 -0.000012 -0.000375 0.021022 0.461485 -0.556401 11.795160 11.702986 12.549108 12.044942 12.504881
0.136402 11.809381 -0.000027 -0.000543 0.019021 0.484893 -0.690926 11.858608 11.751476 13.743588 12.655911 13.411809
0.135272 11.767192 -0.000031 -0.000080 0.017211 0.518674 -0.679198 11.775717 11.834705 13.391250 13.537603 13.583753
0.132012 11.742293 0.000016 0.000472 0.015573 0.522889 -0.603716 11.704567 11.814476 13.619495 13.647611 13.756012
0.127815 11.719227 0.000031 0.000486 0.014091 0.525155 -0.508729 11.728845 11.802840 13.790868 13.706747 13.870990
0.126433 11.698346 0.000021 0.000533 0.012750 0.526851 -0.355300 11.680262 11.798706 13.278718 13.751019 13.604951
0.121995 11.662743 0.000034 0.000694 0.011537 0.514554 -0.153984 11.613270 11.749652 13.079357 13.430060 13.356918
0.114770 11.614402 0.000039 0.000690 0.010448 0.502092 0.187842 11.588978 11.709798 13.115112 13.104795 13.230213
0.111836 11.611445 0.000035 0.000502 0.010448 0.494988 -0.046107 11.630193 11.700737 13.346172 12.919390 13.263187
0.138584 11.986458 0.000020 -0.001458 0.010448 0.495176 0.737735 12.303511 11.761350 13.866332 12.924278 13.528946
0.131127 11.885877 -0.000155 -0.000636 0.041560 0.507120 0.620145 11.622495 11.844528 14.523026 13.236025 13.997463
0.104725 11.539499 0.000063 0.001557 0.041560 0.527993 0.242785 11.569723 11.910646 14.879124 13.780816 14.404524
0.109871 11.605782 0.000097 0.001556 0.041560 0.546316 -0.715047 11.717084 11.962616 14.472918 14.259064 14.377435
0.116384 11.672853 0.000071 0.001479 0.041560 0.547151 -0.308259 11.653523 11.949694 13.132020 14.280852 13.659609
0.121466 11.725450 0.000085 0.001144 0.041560 0.520595 0.293724 11.696743 11.841021 12.038973 13.587737 12.780389
0.122865 11.757660 0.000042 0.000425 0.041560 0.486419 0.189560 11.690120 11.716412 12.740146 12.695719 12.785055
0.126476 11.788897 0.000009 -0.000370 0.041560 0.486898 0.599963 11.871255 11.726996 12.899634 12.708239 12.872608
0.124687 11.761067 -0.000040 -0.000174 0.041560 0.491992 0.668080 11.687287 11.744772 12.613089 12.841194 12.771350
0.117277 11.752459 0.000017 -0.000039 0.041560 0.485752 0.773759 11.787471 11.728415 13.709542 12.678316 13.286193
0.112932 11.786440 -0.000016 -0.000296 0.041560 0.500639 0.790848 11.863035 11.811637 14.143217 13.066877 13.669779
0.106575 11.749494 -0.000014 0.000317 0.041560 0.512302 0.617329 11.739467 11.886229 13.708158 13.371294 13.554128
0.102380 11.747996 0.000042 0.000705 0.037605 0.506011 0.294245 11.780108 11.897696 13.424192 13.207085 13.318122
0.100409 11.777975 0.000034 0.000611 0.034026 0.495587 -0.304890 11.792568 11.902023 12.832069 12.935006 12.872943
0.095974 11.772038 0.000032 0.000663 0.030788 0.477512 0.245967 11.747886 11.881297 12.346760 12.463245 12.397065
0.096143 11.812560 0.000039 0.000351 0.027858 0.459112 -0.278289 11.855554 11.865678 12.106917 11.982997 12.045060
0.098809 11.845930 0.000004 0.000101 0.025207 0.447305 0.059231 11.847534 11.873006 11.654853 11.674850 11.659063
0.100361 11.875849 0.000008 -0.000015 0.022808 0.435809 -0.530114 11.897000 11.871789 12.344286 11.374798 11.874284
0.099012 11.905364 -0.000006 -0.000171 0.020638 0.446349 -0.487722 11.984840 11.947931 13.933652 11.649888 12.806284
0.107230 12.041186 -0.000010 -0.000476 0.018674 0.484266 -0.375587 12.257717 12.128710 13.817340 12.639522 13.169303
0.104665 12.025643 -0.000036 0.000526 0.016897 0.500124 -0.105424 11.928409 12.206828 12.858868 13.053429 12.849861
0.093186 11.918369 0.000080 0.001472 0.021479 0.487513 0.701261 11.895730 12.163376 12.475356 12.724270 12.502456
0.092861 11.947606 0.000077 0.001101 0.021479 0.473228 0.499373 11.970419 12.123112 11.943875 12.351447 12.058869
0.091153 11.945608 0.000045 0.000906 0.021479 0.455906 0.306941 11.895160 12.074763 11.670466 11.899325 11.712130
0.087190 11.929674 0.000052 0.000740 0.021479 0.442545 0.140881 11.940103 12.043072 11.884814 11.550591 11.659580
0.083425 11.918024 0.000031 0.000638 0.021479 0.440437 -0.049402 11.925453 12.055659 11.857972 11.495569 11.613699
0.081563 11.932994 0.000038 0.000626 0.021479 0.438492 0.403672 11.966234 12.070600 12.091442 11.444815 11.701396
0.078905 11.939508 0.000031 0.000669 0.021479 0.441762 0.311641 11.966673 12.106036 12.168898 11.530171 11.770543
0.079137 11.974565 0.000041 0.000671 0.021479 0.444630 0.169928 12.028832 12.140842 11.944551 11.605025 11.683208
0.078720 11.990269 0.000033 0.000768 0.021479 0.441764 -0.078646 11.984909 12.151274 11.761729 11.530221 11.550355
0.079600 12.000230 0.000049 0.000771 0.021479 0.437844 0.478333 12.029867 12.153550 10.888534 11.427900 11.059332
0.083341 12.040937 0.000037 0.000575 0.021479 0.420629 0.364221 12.009300 12.101796 9.987816 10.978591 10.400362
0.106727 12.359400 0.000028 -0.001315 0.019435 0.396234 0.355946 12.565097 12.053174 10.167307 10.341853 10.201890
0.099478 12.263537 -0.000145 -0.001074 0.038914 0.389703 0.454436 12.009185 12.061106 11.066105 10.171396 10.575995
0.072281 11.902083 0.000016 0.000812 0.038914 0.405904 0.558521 11.883571 12.112374 11.792275 10.594263 11.132199
0.073919 11.920458 0.000066 0.000979 0.038914 0.429134 0.495050 12.039908 12.183123 12.263509 11.200573 11.644916
0.073411 11.937156 0.000042 0.001255 0.038914 0.449775 0.263286 11.934754 12.238327 12.600286 11.739304 12.061051
0.073072 11.961391 0.000088 0.001413 0.038914 0.465100 -0.401457 12.047339 12.275271 12.333844 12.139282 12.111784
0.075582 11.984113 0.000066 0.001486 0.038914 0.466299 0.214139 11.948140 12.260762 11.673748 12.170589 11.797676
0.078756 11.990731 0.000091 0.001378 0.038914 0.455184 -0.846940 11.987503 12.196459 10.839846 11.880479 11.251835
0.097814 12.221426 0.000062 -0.000127 0.038914 0.435171 -0.581166 12.330439 12.120830 10.425205 11.358134 10.813693
0.094468 12.181084 -0.000058 -0.000307 0.038914 0.418292 -0.444029 11.991560 12.056816 10.884127 10.917583 10.852097
0.077800 11.959632 0.000020 0.000496 0.038914 0.419435 -0.428803 11.931578 12.044586 10.874742 10.947426 10.865298
0.077538 11.958891 0.000034 0.000437 0.038914 0.419676 -0.418286 11.975285 12.030559 10.866339 10.953721 10.868102
0.079717 12.002744 0.000017 0.000142 0.035211 0.418684 -0.447314 12.018151 12.021218 11.284331 10.927830 11.069540
0.078199 11.989788 0.000002 0.000160 0.031860 0.425658 -0.441678 11.993862 12.044839 11.448148 11.109848 11.235661
0.072070 11.910724 0.000016 0.000684 0.028828 0.431716 -0.376264 11.869612 12.056825 11.358051 11.267947 11.263010
0.073218 11.926972 0.000055 0.000663 0.026085 0.432582 -0.247545 11.979624 12.050605 10.970746 11.290554 11.079832
0.071426 11.908828 0.000022 0.000724 0.023602 0.424962 -0.065913 11.828182 12.012417 10.614115 11.091667 10.811730
0.067614 11.858800 0.000054 0.000784 0.021356 0.414009 0.355816 11.847442 11.961203 10.651924 10.805799 10.701823
0.066946 11.842766 0.000034 0.000604 0.019324 0.410013 0.282835 11.827473 11.937808 11.025827 10.701500 10.842900
0.067711 11.840186 0.000033 0.000498 0.017485 0.416395 0.230779 11.874705 11.952394 11.560232 10.868087 11.187873
0.069096 11.848601 0.000024 0.000530 0.015821 0.431055 0.153991 11.879682 11.993978 12.398174 11.250705 11.784601
0.074120 11.875493 0.000034 0.000605 0.014316 0.456123 -0.062566 11.958288 12.068276 12.093977 11.904984 11.929170
0.081689 11.908898 0.000033 0.000813 0.012953 0.464488 0.696630 11.883575 12.066527 11.135702 12.123334 11.548639
0.087522 11.931202 0.000054 0.000691 0.014448 0.451943 0.593113 11.895157 11.978848 10.790748 11.795879 11.239621
0.092080 11.945536 0.000025 0.000170 0.014448 0.441335 0.550811 11.910379 11.900056 10.717216 11.519006 11.093397
0.094450 11.945903 -0.000001 -0.000234 0.014448 0.435992 0.571371 11.914127 11.844446 10.952090 11.379560 11.166456
0.095380 11.946406 -0.000019 -0.000520 0.014448 0.437904 0.611691 11.940137 11.822550 11.175102 11.429460 11.315496
0.093421 11.937871 -0.000032 -0.000589 0.014448 0.441244 0.637761 11.916963 11.814986 11.694853 11.516635 11.630151
0.091113 11.941386 -0.000028 -0.000645 0.014448 0.449682 0.636236 11.974304 11.841006 12.554104 11.736873 12.172077
0.087472 11.908501 -0.000037 -0.000344 0.014448 0.467675 0.585488 11.917212 11.909109 12.749271 12.206490 12.480661
0.090127 11.965669 -0.000002 -0.000289 0.014448 0.477591 0.478526 12.045183 11.955515 12.691701 12.465305 12.564974
0.085726 11.940618 -0.000025 0.000076 0.014448 0.478486 0.331542 11.873964 11.971022 12.291156 12.488667 12.367868
0.077850 11.843556 0.000028 0.000651 0.014448 0.469344 0.109049 11.804401 11.943447 11.461515 12.250072 11.834373
0.081108 11.866820 0.000040 0.000391 0.014448 0.448715 -0.412065 11.857553 11.876583 11.079118 11.711634 11.395230
0.084435 11.886211 0.000006 -0.000049 0.013073 0.433085 -0.289727 11.861651 11.830060 11.034037 11.303688 11.187593
0.087463 11.904864 -0.000009 -0.000382 0.011829 0.426999 -0.234153 11.919191 11.817296 11.103587 11.144836 11.151072
0.088294 11.916990 -0.000029 -0.000509 0.010704 0.427034 -0.244764 11.912133 11.824169 11.730964 11.145760 11.472026
0.089307 11.944765 -0.000025 -0.000615 0.009685 0.439695 -0.263252 12.014804 11.880162 12.327323 11.476202 11.922740
0.089462 11.941841 -0.000038 -0.000315 0.010327 0.457409 -0.221184 11.947369 11.950228 11.906147 11.938545 11.912406
0.089465 11.938396 0.000001 0.000060 0.010327 0.457120 -0.138479 11.928786 11.946613 11.811237 11.931012 11.861461
0.089595 11.943913 0.000005 0.000014 0.010327 0.454784 -0.080389 11.947024 11.937351 12.037750 11.870032 11.950677
0.089338 11.939444 -0.000003 -0.000011 0.010327 0.458160 -0.005267 11.945972 11.950152 11.752604 11.958151 11.844233
0.089216 11.937244 0.000001 0.000066 0.010327 0.453501 1.063464 11.914830 11.933429 11.498374 11.836543 11.660282
0.088914 11.934303 0.000005 -0.000004 0.010327 0.446057 0.955053 11.924493 11.908129 11.188321 11.642267 11.415244
0.101301 12.098306 -0.000005 -0.000971 0.010327 0.436163 0.863528 12.203277 11.893066 10.723882 11.384024 11.062453
0.094150 12.024599 -0.000089 -0.000671 0.023845 0.421637 0.794405 11.832096 11.856659 11.219122 11.004897 11.144597
0.076856 11.819894 0.000007 0.000188 0.023845 0.423581 0.755828 11.826215 11.869066 11.649486 11.055640 11.381971
0.079195 11.855077 0.000012 0.000071 0.023845 0.432662 0.677579 11.922750 11.912250 11.365010 11.292651 11.338044
0.080090 11.862195 -0.000003 0.000255 0.023845 0.431060 0.564679 11.819183 11.912677 10.587492 11.250826 10.919504
0.080948 11.859058 0.000026 0.000274 0.023845 0.415424 0.445553 11.841157 11.857515 10.119345 10.842739 10.496580
0.085836 11.908888 0.000005 -0.000262 0.023845 0.399762 0.402202 11.908763 11.808343 10.483153 10.433952 10.498538
0.105777 12.157464 -0.000029 -0.001782 0.023845 0.401282 0.414267 12.360119 11.846949 10.923269 10.473608 10.739762
0.098800 12.048567 -0.000147 -0.001029 0.039480 0.412162 0.413789 11.833083 11.900869 11.423684 10.757582 11.121803
0.078012 11.761021 0.000018 0.000714 0.039480 0.428344 0.276854 11.753380 11.936892 11.535693 11.179943 11.367815
0.080651 11.784050 0.000052 0.000780 0.039480 0.438795 -0.068079 11.835294 11.948316 11.844323 11.452714 11.650028
0.082324 11.780020 0.000032 0.000859 0.039480 0.449945 1.649125 11.765201 11.960887 12.100773 11.743731 11.913885
0.090938 11.865688 0.000056 0.000486 0.039480 0.461552 1.391105 11.972883 11.978172 12.357031 12.046690 12.184689
0.090887 11.852685 0.000002 0.000640 0.039480 0.472555 1.132820 11.779826 11.988922 11.939219 12.333875 12.101822
0.081718 11.734698 0.000060 0.001297 0.039480 0.468658 0.863127 11.668967 11.933871 11.529930 12.232153 11.852581
0.080210 11.730744 0.000076 0.001037 0.039480 0.456956 0.641582 11.727445 11.860839 11.938586 11.926736 11.932907
0.080589 11.739329 0.000039 0.000620 0.039480 0.458480 0.446036 11.749725 11.849577 12.063073 11.966521 12.015996
0.103825 12.051017 0.000029 -0.001028 0.039480 0.460755 0.246186 12.299300 11.876970 12.685857 12.025885 12.362835
0.097647 11.978783 -0.000120 -0.000520 0.039480 0.473573 -0.060997 11.771917 11.936699 12.751613 12.360451 12.543195
0.072662 11.666564 0.000047 0.001379 0.035723 0.479633 1.733464 11.611647 11.939052 12.217152 12.518622 12.336992
0.074369 11.706698 0.000094 0.001186 0.032323 0.470509 1.508652 11.760105 11.893184 11.981135 12.280470 12.108584
0.076472 11.743490 0.000039 0.000764 0.029247 0.460706 1.321975 11.707726 11.855742 11.555229 12.024602 11.773799
0.077015 11.748879 0.000043 0.000545 0.026464 0.447432 1.174127 11.746564 11.809817 11.484459 11.678158 11.580530
0.076344 11.742683 0.000019 0.000343 0.023946 0.440366 1.067501 11.725036 11.788562 11.801737 11.493735 11.657733
0.076901 11.753387 0.000019 0.000180 0.021667 0.444001 0.979534 11.799192 11.808167 11.758531 11.588598 11.674088
0.075910 11.755192 0.000004 0.000270 0.019605 0.444990 0.894033 11.732750 11.815628 12.022282 11.614418 11.817522
0.075913 11.762022 0.000025 0.000274 0.017739 0.450509 0.809825 11.816060 11.840887 12.088914 11.758453 11.912322
0.077899 11.772398 0.000008 0.000350 0.016051 0.455114 0.712751 11.762278 11.858848 11.872601 11.878644 11.852969
0.080612 11.789639 0.000028 0.000353 0.014524 0.454075 0.620772 11.811074 11.851473 11.967147 11.851526 11.889432
0.087269 11.855439 0.000012 -0.000020 0.013142 0.457046 0.533996 11.899612 11.860550 11.783317 11.929080 11.830983
0.088506 11.847552 -0.000010 0.000066 0.011891 0.456105 0.451369 11.794961 11.848307 11.259985 11.904509 11.554495
0.084977 11.793795 0.000016 0.000278 0.010760 0.445928 0.390168 11.744475 11.794468 11.048487 11.638889 11.333404
0.085727 11.803076 0.000015 -0.000044 0.009736 0.436745 0.372501 11.805632 11.751005 11.157843 11.399230 11.287972
0.085013 11.806016 -0.000015 -0.000281 0.008809 0.434154 0.381706 11.788200 11.738384 11.666154 11.331586 11.521835
0.081692 11.806895 -0.000014 -0.000350 0.007971 0.441232 0.394295 11.846969 11.770352 12.624865 11.516341 12.094100
0.079666 11.818062 -0.000021 -0.000243 0.007212 0.461171 0.372130 11.878159 11.858346 12.755389 12.036757 12.387854
0.080688 11.863239 -0.000005 -0.000025 0.006526 0.470845 0.309304 11.905255 11.912787 12.229714 12.289230 12.227217
0.077753 11.857031 0.000002 0.000285 0.005905 0.462813 0.236565 11.813984 11.902743 11.654565 12.079591 11.834835
0.074406 11.822006 0.000026 0.000412 0.006889 0.446754 0.172953 11.796515 11.862760 11.498075 11.660448 11.560699
0.076751 11.849068 0.000019 0.000070 0.006889 0.436930 0.130347 11.878920 11.849201 11.543222 11.404046 11.462184
0.077853 11.869821 -0.000008 -0.000105 0.006889 0.434503 0.112521 11.872990 11.861712 11.358965 11.340692 11.334697
0.077455 11.883760 -0.000003 -0.000113 0.006889 0.430243 0.114289 11.893747 11.865288 11.453077 11.229512 11.327832
0.087650 12.036095 -0.000008 -0.000872 0.006889 0.430092 0.113002 12.166758 11.899153 11.522523 11.225568 11.356336
0.085277 12.018226 -0.000076 -0.000608 0.020496 0.431442 0.082270 11.921695 11.933354 11.475399 11.260806 11.343724
0.073989 11.890985 0.000003 0.000216 0.020496 0.431227 -0.199701 11.882527 11.945228 11.627217 11.255207 11.413600
0.074297 11.919075 0.000018 0.000133 0.020496 0.433756 -0.019658 11.976242 11.970541 11.458586 11.321211 11.353919
0.075049 11.948491 -0.000002 0.000113 0.020496 0.430571 2.279127 11.936604 11.978650 10.840394 11.238076 11.000262
0.074210 11.956433 0.000012 0.000113 0.020496 0.416490 2.033076 11.942440 11.946572 10.319746 10.870558 10.567212
0.072689 11.958538 0.000001 -0.000061 0.020496 0.399275 1.821734 11.930065 11.906416 10.401488 10.421231 10.398388
0.071313 11.957426 -0.000007 -0.000260 0.020496 0.392741 1.643228 11.977833 11.910035 10.788663 10.250706 10.507961
0.071327 11.973715 -0.000019 -0.000325 0.020496 0.397677 1.484892 12.010809 11.956790 11.116746 10.379540 10.724093
0.068110 11.952579 -0.000016 0.000021 0.020496 0.406720 1.333625 11.961341 12.011715 11.021242 10.615559 10.778350
0.063236 11.908257 0.000014 0.000528 0.020496 0.409190 1.181655 11.896247 12.031826 10.746330 10.680033 10.666051
0.061739 11.896980 0.000039 0.000688 0.020496 0.405163 1.036403 11.902544 12.023319 10.407566 10.574909 10.445310
0.061149 11.886271 0.000035 0.000699 0.018546 0.397382 0.904513 11.860690 11.997051 10.348869 10.371830 10.320281
0.062284 11.886538 0.000039 0.000564 0.016781 0.393933 0.797844 11.905493 11.984276 10.384084 10.281807 10.295135
0.063071 11.876513 0.000023 0.000550 0.015184 0.394938 0.708274 11.861007 11.981178 10.262919 10.308027 10.247135
0.082434 12.113163 0.000035 -0.000674 0.013739 0.394722 0.639167 12.311502 11.990990 10.735330 10.302395 10.483349
0.080159 12.053603 -0.000091 -0.000320 0.024455 0.405633 0.584999 11.879786 12.029754 11.337495 10.587190 10.918551
0.063883 11.795780 0.000043 0.001194 0.024455 0.425231 0.499077 11.784904 12.062686 11.777139 11.098699 11.378124
0.070234 11.836089 0.000080 0.001156 0.024455 0.445775 0.382083 11.927970 12.090960 12.291947 11.634899 11.890220
0.074733 11.860171 0.000047 0.001178 0.024455 0.467441 0.198979 11.855259 12.117209 12.241082 12.200395 12.131521
0.100299 12.154659 0.000076 -0.000191 0.024455 0.477920 -0.221184 12.397233 12.124008 11.574574 12.473890 11.930749
0.098246 12.085863 -0.000077 0.000195 0.024455 0.469943 0.123496 11.769250 12.052678 11.098343 12.265703 11.611789
0.075643 11.763828 0.000082 0.001474 0.024455 0.456429 -0.120652 11.671850 11.936153 11.036306 11.912974 11.438715
0.077203 11.772486 0.000076 0.000835 0.024455 0.448121 -0.263246 11.787179 11.853970 11.736001 11.696130 11.713164
0.077035 11.774263 0.000020 0.000407 0.024455 0.456832 -0.381375 11.766924 11.848993 12.711569 11.923493 12.322214
0.095963 12.040688 0.000025 -0.000978 0.024455 0.478314 -0.363991 12.318864 11.927327 12.777240 12.484191 12.611276
0.089955 11.982347 -0.000111 -0.000281 0.029754 0.486424 -0.214299 11.735135 11.954830 12.352831 12.695867 12.492831
0.066954 11.700009 0.000063 0.001300 0.029754 0.478958 0.157485 11.646154 11.903594 12.187907 12.500992 12.322867
0.070225 11.742329 0.000074 0.000823 0.029754 0.470775 -0.300297 11.795763 11.863963 11.977385 12.287426 12.119332
0.073927 11.785391 0.000021 0.000401 0.029754 0.462340 -0.079929 11.753818 11.832829 11.831677 12.067268 11.945075
0.075363 11.803690 0.000024 0.000149 0.029754 0.455421 0.403306 11.825900 11.812228 11.579592 11.886675 11.733910
0.074632 11.798453 -0.000003 0.000070 0.029754 0.447276 0.310190 11.753440 11.787797 11.229226 11.674071 11.458480
0.073663 11.795532 0.000011 -0.000039 0.029754 0.436252 0.317240 11.795809 11.755173 11.408461 11.386343 11.418442
0.080746 11.909265 -0.000011 -0.000786 0.029754 0.434213 0.421713 12.001690 11.772243 12.482634 11.333138 11.935814
0.078911 11.892700 -0.000065 -0.000615 0.029754 0.454323 0.457616 11.891807 11.870587 12.906832 11.858003 12.380926
0.071650 11.786586 -0.000006 0.000429 0.029754 0.473019 0.336466 11.781151 11.940928 12.681891 12.345977 12.482035
0.075774 11.828732 0.000046 0.000573 0.029754 0.478247 0.107280 11.892016 11.954927 12.474605 12.482438 12.437334
0.080211 11.860424 0.000018 0.000482 0.026922 0.478049 -0.632955 11.834563 11.944889 11.564792 12.477272 11.973616
0.081770 11.857651 0.000032 0.000445 0.024360 0.461106 -0.491282 11.807618 11.867661 11.344770 12.035053 11.668756
0.083646 11.863293 0.000018 0.000022 0.022042 0.449901 -0.437831 11.856010 11.815401 11.557606 11.742601 11.651971
0.086320 11.874293 -0.000011 -0.000301 0.019945 0.450192 -0.430198 11.875031 11.807402 11.156218 11.750191 11.454453
0.086774 11.875575 -0.000019 -0.000348 0.018047 0.442567 -0.460870 11.831417 11.769626 11.122720 11.551179 11.354311
0.084507 11.871800 -0.000017 -0.000521 0.016329 0.437219 -0.522624 11.871940 11.747677 11.733440 11.411583 11.607621
0.083056 11.872204 -0.000035 -0.000636 0.014775 0.444972 -0.554815 11.896579 11.784293 11.850903 11.613954 11.757325
0.083156 11.877528 -0.000032 -0.000476 0.013369 0.449535 -0.540097 11.880076 11.811406 11.684166 11.733044 11.723771
0.083320 11.888131 -0.000020 -0.000392 0.012097 0.447292 -0.510219 11.890906 11.815409 11.645065 11.674491 11.675576
0.083290 11.895235 -0.000022 -0.000407 0.010946 0.444792 -0.471274 11.896488 11.821182 11.577670 11.609241 11.609181
0.100522 12.118395 -0.000022 -0.001517 0.009904 0.442057 -0.425337 12.293550 11.848533 11.433344 11.537859 11.500624
0.098098 12.069314 -0.000127 -0.001127 0.034274 0.438634 -0.371382 11.882079 11.862765 11.279636 11.448533 11.380213
0.079714 11.836186 -0.000006 0.000136 0.034274 0.434663 -0.251477 11.786791 11.847427 11.579816 11.344887 11.485782
0.078015 11.843616 0.000016 0.000019 0.034274 0.438115 -0.125602 11.906713 11.864683 12.134749 11.434977 11.805660
0.076932 11.845792 -0.000013 0.000096 0.034274 0.449718 0.323345 11.849590 11.915330 12.324991 11.737825 12.033644
0.077013 11.848553 0.000018 0.000341 0.034274 0.458667 -0.015450 11.891805 11.952734 11.956907 11.971396 11.947485
0.077147 11.857469 0.000017 0.000486 0.034274 0.453715 7.003510 11.828913 11.942119 11.773137 11.842152 11.791697
0.077854 11.877510 0.000032 0.000330 0.034274 0.447767 6.291786 11.911207 11.930477 11.869682 11.686899 11.766566
0.079418 11.903612 0.000005 0.000137 0.034274 0.447195 5.655140 11.911258 11.941513 11.669485 11.671973 11.653918
0.079672 11.918388 0.000008 0.000118 0.034274 0.443093 5.084649 11.923905 11.939014 11.393328 11.564899 11.462066
0.079604 11.934022 0.000004 0.000025 0.034274 0.435422 4.576904 11.929235 11.925634 11.708142 11.364693 11.527246
0.079389 11.945582 -0.000001 -0.000102 0.034274 0.437956 4.123522 11.984445 11.953413 12.294342 11.430834 11.848368
0.081055 11.965318 -0.000009 -0.000061 0.031013 0.451212 3.709424 12.014845 12.019432 12.099177 11.776800 11.901041
0.081482 11.975298 0.000001 0.000225 0.028061 0.454259 3.328125 11.967863 12.039221 11.905552 11.856329 11.836691
0.081487 11.975449 0.000020 0.000325 0.025391 0.452098 2.986001 11.985214 12.036539 11.526370 11.799945 11.618207
0.082679 11.978268 0.000015 0.000297 0.022975 0.444482 2.678879 11.952173 12.010173 10.908174 11.601164 11.216021
0.083782 11.987520 0.000017 0.000116 0.020788 0.429320 2.411608 11.963771 11.955882 10.493881 11.205416 10.829233
0.081637 11.968750 -0.000002 -0.000066 0.018810 0.414245 2.182086 11.919314 11.903750 10.379628 10.811950 10.594804
0.076653 11.925385 -0.000004 -0.000110 0.017020 0.404176 1.985133 11.897785 11.873457 11.004327 10.549162 10.790124
0.075350 11.911526 -0.000007 -0.000194 0.015400 0.411375 1.805696 11.956690 11.911435 11.368532 10.737041 11.055469
0.073469 11.896851 -0.000013 0.000074 0.013935 0.422045 1.632789 11.896389 11.957386 11.861081 11.015531 11.426682
0.072628 11.896277 0.000017 0.000312 0.012609 0.436467 1.464552 11.959666 12.014755 12.224582 11.391973 11.777029
0.075612 11.915831 0.000016 0.000505 0.011409 0.451128 1.295591 11.943271 12.067371 11.890381 11.774608 11.779777
0.078774 11.924908 0.000036 0.000727 0.010323 0.452982 1.133087 11.918909 12.061816 11.482841 11.823020 11.597361
0.082081 11.933950 0.000041 0.000653 0.011058 0.447818 0.990258 11.920443 12.023490 10.918572 11.688224 11.255503
0.083324 11.930541 0.000030 0.000474 0.011058 0.435748 0.871118 11.880838 11.956414 10.956226 11.373194 11.140237
0.082203 11.908070 0.000022 0.000247 0.011058 0.431486 0.784283 11.898551 11.920276 11.413654 11.261956 11.329158
0.100237 12.151053 0.000007 -0.001178 0.011058 0.438607 0.715362 12.364442 11.954742 11.723802 11.447809 11.574970
0.092007 12.075202 -0.000116 -0.000615 0.031314 0.446419 0.653036 11.864529 11.987508 12.492475 11.651708 12.058985
0.066724 11.784611 0.000035 0.001035 0.031314 0.462679 0.535307 11.783797 12.030339 12.960311 12.076110 12.485932
0.068986 11.830379 0.000071 0.001020 0.031314 0.477574 0.312313 11.934026 12.076725 12.764365 12.464858 12.560247
0.067104 11.815642 0.000041 0.001332 0.031314 0.479656 -0.106981 11.743419 12.073102 12.534821 12.519206 12.466969
0.065156 11.793501 0.000095 0.001427 0.031314 0.475559 0.999920 11.834738 12.046314 12.151437 12.412273 12.223219
0.067137 11.810662 0.000061 0.001203 0.031314 0.466571 0.806221 11.771819 12.003166 11.693709 12.177684 11.885118
0.069072 11.827965 0.000067 0.000894 0.031314 0.454264 0.657723 11.836547 11.949312 11.563018 11.856480 11.673968
0.071832 11.853346 0.000034 0.000490 0.031314 0.446945 0.575056 11.844753 11.917684 11.490913 11.665436 11.551675
0.074366 11.870155 0.000022 0.000243 0.031314 0.443343 0.552892 11.877374 11.899828 11.340075 11.571418 11.434344
0.076333 11.888058 0.000008 0.000060 0.031314 0.439601 0.588788 11.879237 11.881283 11.909236 11.473760 11.680586
0.078062 11.895854 0.000002 -0.000074 0.031314 0.450012 0.628132 11.941841 11.915434 12.077122 11.745502 11.889870
0.081051 11.911986 -0.000006 0.000018 0.028334 0.459284 0.599413 11.912999 11.939985 11.782289 11.987490 11.852537
0.100622 12.148617 0.000009 -0.001065 0.025638 0.458540 0.550221 12.321707 11.945443 11.658724 11.968088 11.786598
0.098090 12.091164 -0.000107 -0.000744 0.028644 0.456494 0.492264 11.883504 11.936790 11.461162 11.914677 11.668393
0.079950 11.837918 0.000016 0.000505 0.028644 0.451843 0.422943 11.767401 11.892855 11.602706 11.793275 11.692843
0.087228 11.920418 0.000036 -0.000141 0.028644 0.452557 0.345847 12.028525 11.881304 11.412018 11.811926 11.609390
0.086132 11.896704 -0.000042 -0.000079 0.028644 0.448696 0.258248 11.761225 11.852821 11.008927 11.711156 11.363779
0.076591 11.787326 0.000026 0.000334 0.028644 0.437655 0.260816 11.755486 11.793552 11.665507 11.422971 11.574352
0.075930 11.780058 0.000011 0.000069 0.028644 0.444334 0.339476 11.817924 11.810411 12.355915 11.597287 12.004851
0.077840 11.774034 -0.000002 0.000186 0.028644 0.461671 0.296947 11.795877 11.863727 12.219293 12.049788 12.136504
0.078870 11.775552 0.000020 0.000450 0.028644 0.467648 0.189632 11.772018 11.867635 12.368103 12.205799 12.284697
0.081176 11.801695 0.000028 0.000337 0.028644 0.473387 0.048170 11.837621 11.873226 12.352640 12.355582 12.346063
0.084337 11.820914 0.000011 0.000267 0.028644 0.476099 -0.741407 11.807328 11.867774 11.879544 12.426383 12.138154
0.086761 11.833363 0.000018 0.000176 0.028644 0.468161 -0.626590 11.813136 11.823279 11.793523 12.219191 12.006980
0.089768 11.850097 0.000003 -0.000137 0.025918 0.463189 -0.552318 11.847709 11.794004 11.990207 12.089406 12.055449
0.091788 11.858761 -0.000015 -0.000330 0.023452 0.465623 -0.507931 11.860154 11.793032 12.488237 12.152935 12.344721
0.091965 11.858842 -0.000019 -0.000336 0.021220 0.476835 -0.466810 11.882965 11.824786 12.811764 12.445595 12.644173
0.090730 11.853339 -0.000016 -0.000146 0.019201 0.487649 -0.382545 11.857129 11.855131 12.811137 12.727839 12.771153
0.088342 11.844296 -0.000000 0.000055 0.017374 0.490648 -0.264890 11.840282 11.860301 12.693058 12.806108 12.746338
0.086703 11.841051 0.000006 0.000098 0.015720 0.487524 -0.104724 11.833180 11.849889 12.462909 12.724570 12.591302
0.085292 11.841514 0.000005 0.000043 0.014224 0.479662 0.181771 11.828537 11.829407 12.518992 12.519370 12.526462
0.084343 11.853864 0.000000 -0.000125 0.012871 0.475778 0.052143 11.874096 11.831825 12.523210 12.418000 12.478798
0.093079 11.988675 -0.000012 -0.000800 0.011646 0.472938 -0.295994 12.088237 11.855408 12.225873 12.343871 12.287724
0.091366 11.974604 -0.000066 -0.000608 0.017866 0.465105 -0.217468 11.874839 11.858469 11.904435 12.139424 12.026215
0.082009 11.861217 -0.000005 -0.000014 0.017866 0.455239 -0.147190 11.832678 11.841102 12.050894 11.881911 11.980209
0.083521 11.892579 0.000002 -0.000263 0.017866 0.453978 -0.167538 11.953186 11.858936 12.403084 11.849004 12.138911
0.084684 11.919794 -0.000027 -0.000311 0.017866 0.460936 -0.179763 11.934677 11.906619 12.192547 12.030606 12.107031
0.083592 11.932184 -0.000008 -0.000130 0.017866 0.459774 -0.155855 11.942347 11.921334 12.084478 12.000295 12.033575
0.083663 11.942854 -0.000006 -0.000110 0.017866 0.456625 -0.145279 11.949580 11.929806 11.509745 11.918085 11.699751
0.083746 11.940847 -0.000006 -0.000056 0.017866 0.444249 -0.159300 11.903205 11.900254 10.973566 11.595067 11.278891
0.081764 11.939207 -0.000001 -0.000199 0.017866 0.427995 -0.357935 11.921349 11.857490 11.462517 11.170850 11.332482
0.083536 11.988730 -0.000019 -0.000670 0.017866 0.429725 -0.454790 12.064531 11.892511 11.760217 11.215982 11.497625
0.079066 11.954374 -0.000050 -0.000316 0.017866 0.436000 -0.482589 11.907107 11.939556 11.965940 11.379781 11.669168
0.071098 11.876093 0.000009 0.000324 0.017866 0.442421 -0.457044 11.895287 11.977215 12.001352 11.547370 11.756413
0.072175 11.890313 0.000023 0.000443 0.016166 0.446148 -0.373676 11.920415 12.002608 11.582911 11.644637 11.584025
0.075905 11.909913 0.000023 0.000473 0.014628 0.441008 -0.266257 11.896878 11.988704 11.310574 11.510480 11.383004
0.080426 11.930322 0.000026 0.000298 0.013236 0.435951 -0.175859 11.942069 11.967858 11.306877 11.378506 11.322059
0.084408 11.948850 0.000007 0.000097 0.011976 0.436480 -0.123608 11.948896 11.960580 11.096705 11.392292 11.224806
0.087115 11.960746 0.000003 -0.000001 0.010837 0.434653 -0.121324 11.948034 11.938405 11.075707 11.344613 11.198678
0.089992 11.968832 -0.000003 -0.000155 0.009805 0.434768 -0.173752 11.965282 11.921259 10.991720 11.347608 11.164255
0.090784 11.965320 -0.000013 -0.000225 0.008872 0.434050 -0.218559 11.938632 11.898947 11.686672 11.328866 11.518703
0.090830 11.968363 -0.000011 -0.000354 0.008028 0.447227 -0.256551 12.019010 11.932751 12.602183 11.672794 12.145419
0.090495 11.966753 -0.000025 -0.000174 0.007264 0.470865 -0.219511 11.994721 12.005925 12.901942 12.289771 12.577969
0.089572 11.962672 0.000003 0.000221 0.006573 0.486270 -0.120647 11.982992 12.047559 12.855966 12.691830 12.737762
0.088358 11.944740 0.000018 0.000525 0.005947 0.491094 0.107409 11.926460 12.049599 12.004869 12.817750 12.363036
0.088367 11.945317 0.000035 0.000532 0.009441 0.475194 -0.114149 11.899376 11.978144 11.547776 12.402748 11.948214
0.087923 11.942633 0.000023 0.000181 0.009441 0.457677 0.072351 11.913050 11.910406 11.600658 11.945562 11.772823
0.085974 11.921214 -0.000001 -0.000055 0.009441 0.450175 -0.007185 11.901852 11.885593 11.902350 11.749755 11.838895
0.085355 11.923435 -0.000004 -0.000193 0.009441 0.452376 -0.423961 11.952157 11.900833 12.191987 11.807198 12.010377
0.086678 11.957657 -0.000015 -0.000290 0.009441 0.458533 -0.384433 11.990945 11.935404 12.336805 11.967901 12.153324
0.086218 11.952693 -0.000016 -0.000088 0.009441 0.463695 -0.336870 11.949787 11.964828 12.041543 12.102627 12.060507
0.085028 11.926381 0.000004 0.000196 0.009441 0.460586 -0.283019 11.903071 11.956398 11.946349 12.021468 11.974209
0.085988 11.931654 0.000015 0.000126 0.009441 0.457926 -0.249894 11.948881 11.948284 12.037513 11.952046 11.988843
0.085713 11.927981 -0.000000 0.000104 0.009441 0.459227 -0.220407 11.917677 11.952670 11.713710 11.986008 11.838799
0.085825 11.936760 0.000010 0.000081 0.009441 0.453180 -0.200980 11.931584 11.930636 11.577670 11.828190 11.699078
0.085141 11.924943 -0.000000 0.000029 0.009441 0.447514 -0.193795 11.900823 11.911259 11.493722 11.680294 11.589895
0.085377 11.932065 0.000003 -0.000106 0.008542 0.443294 -0.205459 11.943053 11.899333 11.796598 11.570151 11.694308
0.081791 11.912498 -0.000012 -0.000067 0.007730 0.446750 -0.226277 11.905055 11.917650 12.523220 11.660339 12.101832
0.077524 11.887579 0.000004 0.000153 0.006994 0.461526 -0.207339 11.938379 11.979423 12.799576 12.046001 12.411095
0.075576 11.884678 0.000012 0.000484 0.006328 0.472613 -0.127181 11.898292 12.026524 12.795020 12.335389 12.534458
0.073824 11.874734 0.000037 0.000775 0.009876 0.476918 0.034312 11.890394 12.045851 12.176028 12.447754 12.267907
0.076050 11.897618 0.000045 0.000756 0.012012 0.466892 -0.908732 11.882997 12.010628 11.183557 12.186077 11.645465
0.079763 11.932123 0.000037 0.000401 0.012012 0.443325 -0.795421 11.896160 11.927514 10.945450 11.570954 11.246837
0.082199 11.952362 0.000010 -0.000127 0.012012 0.428965 -0.722787 11.950363 11.883039 11.137977 11.196147 11.174783
0.082673 11.951653 -0.000019 -0.000350 0.012012 0.427472 -0.678143 11.948318 11.885533 11.239468 11.157178 11.208007
0.083166 11.955442 -0.000018 -0.000357 0.012012 0.429577 -0.641415 11.967320 11.898702 10.987184 11.212139 11.104823
0.083720 11.963234 -0.000019 -0.000329 0.012012 0.425725 -0.604611 11.943078 11.888266 10.841160 11.111602 10.986343
0.084280 11.969104 -0.000015 -0.000413 0.012012 0.420896 -0.575517 11.969622 11.876047 11.201308 10.985546 11.112697
0.085145 11.969108 -0.000027 -0.000475 0.012012 0.426167 -0.544989 11.984894 11.901551 11.370534 11.123125 11.260278
0.085088 11.968797 -0.000024 -0.000343 0.012012 0.432346 -0.499563 11.974494 11.926850 11.254578 11.284396 11.274370
0.080745 11.938803 -0.000014 -0.000061 0.012012 0.431966 -0.442817 11.908013 11.925807 11.337690 11.274478 11.312022
0.049776 11.900662 0.000005 0.000128 0.012012 0.425688 -0.370146 11.899527 11.928038 1.398792 11.110617 6.344077
0.006937 11.887712 0.000008 0.000206 0.010869 0.212330 -0.283152 11.149143 11.194889 -12.634487 5.541897 -2.981093
-0.025119 11.867559 0.000013 -0.003433 0.009835 -0.189626 -0.205461 11.077699 9.897563 -16.874844 -4.949317 -10.064842
-0.056496 11.764610 -0.000337 -0.009528 0.090663 -0.495484 -0.102982 11.418829 9.188958 -21.841460 -12.932335 -16.294546
-0.091418 11.533031 -0.000639 -0.011963 0.171733 -0.759246 3.421730 10.955539 8.754512 -25.158184 -19.816612 -21.127288
-0.140079 11.146839 -0.000633 -0.012209 0.171733 -0.958393 2.765688 10.898860 8.592726 -28.029758 -25.014434 -24.914438
-0.201997 10.577071 -0.000666 -0.010127 0.179066 -1.035604 2.098870 10.093263 8.564784 -33.364247 -27.029684 -27.978789
-0.251013 9.978492 -0.000446 -0.007215 0.179066 -1.110624 1.573147 9.411108 8.230587 -32.313551 -28.987725 -29.281737
-0.279652 9.519703 -0.000348 -0.006579 0.179066 -1.147251 0.969047 9.356892 8.109812 -24.481632 -29.943706 -28.776863
-0.308059 9.057209 -0.000368 -0.004835 0.179066 -1.124427 -0.654670 9.227529 8.614618 -24.291805 -29.347985 -28.292306
-0.344427 8.467702 -0.000187 0.000750 0.179066 -1.104949 3.221859 8.239434 8.979519 -22.732796 -28.839606 -27.717525
-0.375844 7.918272 0.000200 0.005416 0.179066 -1.081297 1.821989 8.119811 9.331864 -13.053716 -28.222276 -26.293197
-0.391535 7.508210 0.000337 0.009307 0.179066 -1.023082 -0.801294 8.157709 10.288279 -2.762798 -26.702833 -24.076598
-0.399154 7.195008 0.000602 0.015786 0.179066 -0.933032 5.700017 8.222146 11.776252 3.212720 -24.352514 -21.528014
-0.391902 7.068085 0.001012 0.024028 0.272090 -0.820216 4.197984 8.214298 13.374897 6.693911 -21.407963 -18.666813
-0.355719 7.239352 0.001476 0.031312 0.396892 -0.672260 1.621349 8.569146 14.871093 -0.404895 -17.546244 -16.247369
-0.306686 7.597793 0.001809 0.037118 0.486422 -0.535171 -7.559150 8.107598 15.430651 -8.468525 -13.968170 -14.653023
-0.262995 7.928212 0.002108 0.038288 0.566960 -0.452281 -4.425788 8.197589 15.093293 -9.910604 -11.804711 -13.281515
-0.229713 8.112125 0.001995 0.035627 0.566960 -0.387788 0.853343 8.185953 14.537377 -9.598411 -10.121412 -11.947723
-0.206970 8.193271 0.001846 0.032376 0.566960 -0.323835 -23.944317 8.238390 13.942230 -9.523271 -8.452225 -10.804444
-0.194350 8.233831 0.001667 0.029132 0.566960 -0.285624 -20.728113 8.149774 13.290982 -9.232705 -7.454896 -10.006637
-0.182592 8.319755 0.001511 0.025370 0.566960 -0.267400 -17.812772 8.322271 12.660390 -9.279241 -6.979243 -9.671321
-0.172242 8.427834 0.001284 0.021600 0.566960 -0.272939 -15.178374 8.339612 12.064462 -9.448436 -7.123827 -9.701575
-0.174666 8.476207 0.001111 0.018312 0.566960 -0.293703 -12.894530 8.410962 11.531116 -8.713530 -7.665777 -9.427336
-0.182712 8.492671 0.000939 0.015506 0.566960 -0.301643 -10.998880 8.479378 11.148611 -5.399818 -7.873013 -7.823618
-0.191218 8.498563 0.000810 0.013524 0.566960 -0.257034 -9.275512 8.699586 11.069282 -3.804536 -6.708687 -6.470784
-0.200171 8.494175 0.000723 0.013142 0.566960 -0.217513 -7.588135 8.547875 11.029800 -1.622059 -5.677169 -4.990353
-0.205089 8.514596 0.000754 0.012836 0.566960 -0.167561 -5.772704 8.792411 11.082718 -0.661303 -4.373405 -3.848842
-0.204903 8.583682 0.000698 0.012754 0.513006 -0.126115 -3.605621 8.695385 11.111500 -0.283833 -3.291644 -3.056459
-0.201057 8.683293 0.000733 0.012392 0.464187 -0.096000 -1.024153 8.899432 11.094491 2.047518 -2.505649 -1.683147
-0.193091 8.803798 0.000669 0.011690 0.420014 -0.038781 5.928886 9.069121 11.207251 4.733717 -1.012204 0.270058
-0.178276 8.953899 0.000652 0.011500 0.380044 0.055352 4.108733 9.293097 11.413292 5.584731 1.444711 1.876863
-0.152295 9.180008 0.000646 0.011397 0.343878 0.149345 1.846350 9.400348 11.500776 5.783502 3.897955 2.782212
-0.126048 9.398461 0.000639 0.010729 0.311154 0.192211 -2.069236 9.538509 11.432102 6.079735 5.016777 3.397791
-0.097765 9.607107 0.000579 0.009314 0.281544 0.220393 -0.026780 9.741787 11.329404 7.153346 5.752344 4.427118
-0.059893 9.871872 0.000491 0.007438 0.254751 0.255833 38.027157 10.081120 11.288831 8.139097 6.677355 5.451595
-0.026715 10.132633 0.000381 0.005901 0.230509 0.299828 34.244249 10.283583 11.282952 7.715641 7.825625 5.772830
-0.004979 10.349630 0.000320 0.004763 0.208573 0.310922 30.872492 10.394212 11.181362 6.951770 8.115193 5.591847
0.012810 10.545524 0.000257 0.003245 0.188724 0.297476 27.861310 10.579230 11.030435 5.553025 7.764238 4.801895
0.026443 10.731477 0.000159 0.001526 0.170765 0.257325 25.180186 10.687267 10.834532 4.285254 6.716290 3.778120
0.032893 10.892352 0.000070 -0.000295 0.154515 0.205679 22.800383 10.873910 10.657803 3.720962 5.368294 2.983354
0.032456 11.025805 -0.000036 -0.001878 0.139811 0.161819 20.686875 11.023647 10.570930 4.726979 4.223550 3.072232
0.024658 11.112444 -0.000106 -0.002764 0.126506 0.152358 18.783923 11.221276 10.662876 6.807816 3.976601 4.073283
0.013494 11.154221 -0.000139 -0.002508 0.114467 0.180691 17.029931 11.313131 10.924565 6.661852 4.716102 4.361126
0.003113 11.210257 -0.000094 -0.001458 0.103574 0.183561 15.396377 11.274035 11.099211 6.298529 4.791017 4.235086
-0.004468 11.293542 -0.000035 -0.000992 0.093718 0.172092 13.895707 11.422325 11.231821 7.091597 4.491671 4.502008
-0.003562 11.388307 -0.000041 -0.000799 0.084799 0.180260 12.517238 11.556282 11.442659 6.303221 4.704847 4.224358
0.001838 11.497855 -0.000020 -0.000282 0.076730 0.172042 11.254874 11.571112 11.568177 5.711807 4.490375 3.850300
0.010935 11.663768 0.000010 -0.000488 0.069428 0.160971 10.117200 11.829591 11.669435 5.869406 4.201411 3.806869
0.017061 11.773205 -0.000036 -0.000530 0.062821 0.163588 9.091724 11.853320 11.805037 5.521100 4.269722 3.693962
0.018906 11.836285 -0.000005 -0.000159 0.056843 0.163330 8.165890 11.916605 11.902109 4.659519 4.262966 3.305665
0.022856 11.949742 0.000004 -0.000243 0.051433 0.150088 7.338947 12.006023 11.936643 3.718453 3.917365 2.722337
0.026352 12.063264 -0.000013 -0.000646 0.046539 0.127180 6.611703 12.094125 11.934372 4.126183 3.319459 2.657002
0.028980 12.157185 -0.000039 -0.001137 0.042110 0.124294 5.970621 12.268198 12.017218 4.260696 3.244136 2.711977
0.028650 12.227295 -0.000066 -0.001072 0.038103 0.125890 5.393831 12.270891 12.114544 3.722730 3.285784 2.507847
0.026486 12.290188 -0.000040 -0.000896 0.034477 0.116021 4.871429 12.338430 12.164913 3.437916 3.028187 2.274657
0.025212 12.352410 -0.000046 -0.000957 0.031196 0.104807 4.396024 12.394355 12.214423 2.655846 2.735499 1.792056
0.025963 12.415550 -0.000048 -0.001026 0.028227 0.084546 3.963439 12.426526 12.228555 1.072598 2.206696 0.823773
0.027481 12.474594 -0.000054 -0.001256 0.025541 0.046119 3.578430 12.427906 12.168017 0.164521 1.203719 -0.069893
0.028719 12.525011 -0.000072 -0.001822 0.023111 0.011288 3.245243 12.524678 12.125698 0.859525 0.294619 -0.185795
0.028858 12.550885 -0.000112 -0.002170 0.030217 0.008040 2.951151 12.614261 12.210627 1.614871 0.209846 0.135231
0.028597 12.570536 -0.000114 -0.001837 0.030763 0.022366 2.683083 12.641039 12.352101 1.319826 0.583761 0.208348
0.027198 12.561389 -0.000082 -0.001068 0.030763 0.026502 2.420075 12.552929 12.428289 0.507549 0.691719 -0.084190
0.026549 12.540257 -0.000036 -0.000571 0.030763 0.016453 2.171878 12.516294 12.425660 -0.075653 0.429439 -0.455574
0.027641 12.542761 -0.000026 -0.000598 0.030763 0.003320 1.952359 12.526016 12.399450 -0.044327 0.086654 -0.585800
0.029748 12.564559 -0.000037 -0.000843 0.030763 -0.000813 1.760402 12.585559 12.406127 0.135220 -0.021228 -0.530675
0.032769 12.598323 -0.000052 -0.000981 0.030763 0.001790 1.576427 12.620280 12.437092 -0.518692 0.046730 -0.767569
0.034041 12.615535 -0.000053 -0.000911 0.030763 -0.007993 1.394562 12.569290 12.412488 -1.451120 -0.208616 -1.292816
0.034014 12.624780 -0.000046 -0.001083 0.030763 -0.030128 1.236584 12.575891 12.340436 -1.755208 -0.786348 -1.694262
0.032960 12.620813 -0.000068 -0.001431 0.030763 -0.047716 1.118357 12.584014 12.295736 -1.620429 -1.245410 -1.839778
0.030045 12.592657 -0.000084 -0.001515 0.030763 -0.055006 1.030368 12.571416 12.297274 -1.371209 -1.435667 -1.801839
0.026532 12.558049 -0.000080 -0.001331 0.030763 -0.054871 0.948842 12.552195 12.328191 -1.217313 -1.432159 -1.712551
