0.000000 -0.001641 0.000000 0.000000 0.000000 0.000000 0.000000 0.000000 0.000000 10.410859 0.000000 10.410859
0.000000 -0.002899 0.000000 0.000000 0.000000 0.000000 0.000000 0.000000 0.000000 10.410181 0.000000 10.410181
0.000000 -0.001853 0.000000 0.000000 0.000000 0.000000 0.000000 0.000000 0.000000 10.411130 0.000000 10.411130
0.000000 0.087589 0.000000 0.000000 0.000000 0.000000 0.000000 0.000000 0.000000 10.411281 0.000000 10.411281
0.000000 0.334020 0.000000 0.000000 0.000000 0.000000 0.000000 0.000000 0.000000 10.411320 0.000000 10.411320
0.000000 0.522696 0.000000 0.000000 0.000000 0.000000 0.000000 0.000000 0.000000 10.412512 0.000000 10.412512
0.000000 0.540557 0.000000 0.000000 0.000000 0.000000 0.000000 0.000000 0.000000 10.413859 0.000000 10.413859
0.000000 0.573394 0.000000 0.000000 0.000000 0.000000 0.000000 0.000000 0.000000 10.414203 0.000000 10.414203
0.000000 0.612221 0.000000 0.000000 0.000000 0.000000 0.000000 0.000000 0.000000 10.415950 0.000000 10.415950
0.000000 0.644911 0.000000 0.000000 0.000000 0.000000 0.000000 0.000000 0.000000 10.421516 0.000000 10.421516
0.000000 0.708749 0.000000 0.000000 0.000000 0.000000 0.000000 0.000000 0.000000 10.402239 0.000000 10.402239
0.000000 0.773282 0.000000 0.000000 0.000000 0.000000 0.000000 0.000000 0.000000 10.362081 0.000000 10.362081
0.000000 0.835646 0.000000 0.000000 0.000000 0.000000 0.000000 0.000000 0.000000 10.349265 0.000000 10.349265
0.000000 0.892494 0.000000 0.000000 0.000000 0.000000 0.000000 0.000000 0.000000 10.368612 0.000000 10.368612
0.000000 0.963019 0.000000 0.000000 0.000000 0.000000 0.000000 0.000000 0.000000 10.390851 0.000000 10.390851
0.375640 1.048974 0.000000 0.000000 0.000000 0.000000 0.000000 0.000000 0.000000 10.400399 0.000000 10.400399
0.251598 1.140044 0.000000 0.000000 0.000000 0.000000 0.000000 0.000000 0.000000 10.408458 0.000000 10.408458
0.174274 1.227612 0.000000 0.000000 0.000000 0.000000 0.000000 0.000000 0.000000 10.408703 0.000000 10.408703
0.141386 1.313408 0.000000 0.000000 0.000000 0.000000 0.000000 0.000000 0.000000 10.398230 0.000000 10.398230
0.124348 1.411858 0.000000 0.000000 0.000000 0.000000 0.000000 0.000000 0.000000 10.398872 0.000000 10.398872
0.116966 1.524391 0.000000 0.000000 0.000000 0.000000 0.000000 0.000000 0.000000 10.403546 0.000000 10.403546
0.107393 1.630486 0.000000 0.000000 0.000000 0.000000 0.000000 0.000000 0.000000 10.407771 0.000000 10.407771
0.114069 1.734620 0.000000 0.000000 0.000000 0.000000 0.000000 0.000000 0.000000 10.405438 0.000000 10.405438
0.127721 1.850005 0.000000 0.000000 0.000000 0.000000 0.000000 0.000000 0.000000 10.405584 0.000000 10.405584
0.140071 1.956618 0.000000 0.000000 0.000000 0.000000 0.000000 0.000000 0.000000 10.401937 0.000000 10.401937
0.135719 2.046168 0.000000 0.000000 0.000000 0.000000 0.000000 0.000000 0.000000 10.404138 0.000000 10.404138
0.130368 2.155036 0.000000 0.000000 0.000000 0.000000 0.000000 0.000000 0.000000 10.412388 0.000000 10.412388
0.133021 2.265166 0.000000 0.000000 0.000000 0.000000 0.000000 0.000000 0.000000 10.412206 0.000000 10.412206
0.118597 2.344286 0.000000 0.000000 0.000000 0.000000 0.000000 0.000000 0.000000 10.421437 0.000000 10.421437
0.110544 2.430800 0.000000 0.000000 0.000000 0.000000 0.000000 0.000000 0.000000 10.428701 0.000000 10.428701
0.114861 2.528809 0.000000 0.000000 0.000000 0.000000 0.000000 0.000000 0.000000 10.429233 0.000000 10.429233
0.121400 2.620681 0.000000 0.000000 0.000000 0.000000 0.000000 0.000000 0.000000 10.422529 0.000000 10.422529
0.119551 2.717049 0.000000 0.000000 0.000000 0.000000 0.000000 0.000000 0.000000 10.417318 0.000000 10.417318
0.112381 2.815166 0.000000 0.000000 0.000000 0.000000 0.000000 0.000000 0.000000 10.416933 0.000000 10.416933
0.108336 2.920634 0.000000 0.000000 0.000000 0.000000 0.000000 0.000000 0.000000 10.420157 0.000000 10.420157
0.106355 3.019385 0.000000 0.000000 0.000000 0.000000 0.000000 0.000000 0.000000 10.415043 0.000000 10.415043
0.106984 3.120643 0.000000 0.000000 0.000000 0.000000 0.000000 0.000000 0.000000 10.406893 0.000000 10.406893
0.105172 3.228636 0.000000 0.000000 0.000000 0.000000 0.000000 0.000000 0.000000 10.408594 0.000000 10.408594
0.108266 3.354646 0.000000 0.000000 0.000000 0.000000 0.000000 0.000000 0.000000 10.409528 0.000000 10.409528
0.105248 3.446909 0.000000 0.000000 0.000000 0.000000 0.000000 0.000000 0.000000 10.409648 0.000000 10.409648
0.099266 3.515149 0.000000 0.000000 0.000000 0.000000 0.000000 0.000000 0.000000 10.407899 0.000000 10.407899
0.096469 3.615994 0.000000 0.000000 0.000000 0.000000 0.000000 0.000000 0.000000 10.412754 0.000000 10.412754
0.093457 3.712447 0.000000 0.000000 0.000000 0.000000 0.000000 0.000000 0.000000 10.414341 0.000000 10.414341
0.093252 3.797080 0.000000 0.000000 0.000000 0.000000 0.000000 0.000000 0.000000 10.408261 0.000000 10.408261
0.095546 3.888304 0.000000 0.000000 0.000000 0.000000 0.000000 0.000000 0.000000 10.400625 0.000000 10.400625
0.091897 3.986204 0.000000 0.000000 0.000000 0.000000 0.000000 0.000000 0.000000 10.407304 0.000000 10.407304
0.083754 4.083901 0.000000 0.000000 0.000000 0.000000 0.000000 0.000000 0.000000 10.429081 0.000000 10.429081
0.081413 4.172245 0.000000 0.000000 0.000000 0.000000 0.000000 0.000000 0.000000 10.432065 0.000000 10.432065
0.081219 4.256549 0.000000 0.000000 0.000000 0.000000 0.000000 4.256549 4.256549 10.424464 0.000000 10.424464
0.084342 4.357706 0.000000 -0.000401 0.000000 0.432006 0.000000 5.254956 5.082989 10.419433 13.917761 10.419433
0.084402 4.452409 -0.000038 0.002499 0.010260 0.211862 0.000760 3.536423 -1279.147607 16.627605 6.825477 16.627605
0.082367 4.539343 0.000268 -5.088278 0.072116 0.597551 0.509363 6.109269 -1150.011322 16.406571 19.251045 16.406571
0.083508 4.630163 -0.000136 -4.576767 0.072116 0.414663 -0.569030 3.224131 -1034.769920 16.196291 13.359008 16.196291
0.091448 4.766237 0.000435 -4.120513 0.117021 0.483759 0.361729 6.222105 -930.594121 15.976334 15.585047 15.976334
0.098674 4.911608 -0.000188 -3.708157 0.117021 0.446959 -2.593448 3.893852 -837.012907 15.764194 14.399477 15.764194
0.099230 5.016158 0.000324 -3.337634 0.117021 0.450541 -1.955992 6.020873 -752.703131 15.558574 14.514869 15.558574
0.103346 5.133202 -0.000130 -3.003911 0.117021 0.440259 -1.236426 4.504796 -676.837767 15.332128 14.183625 15.332128
0.112998 5.272659 0.000217 -2.703749 0.117021 0.434469 -0.289691 5.976888 -608.536787 15.103028 13.997107 15.103028
0.114335 5.409013 -0.000093 -2.433558 0.117021 0.426427 3.240874 5.041317 -547.055604 14.809736 13.738018 14.809736
0.111421 5.541757 0.000130 -2.190385 0.117021 0.413036 2.594860 6.026035 -491.711943 14.358628 13.306608 14.358628
0.109300 5.678671 -0.000071 -1.971557 0.117021 0.394830 1.921771 5.483162 -441.890499 13.831063 12.720077 13.831063
0.102582 5.819616 0.000067 -1.774633 0.117021 0.373608 1.280602 6.175778 -397.032488 13.361958 12.036379 13.361958
0.093128 5.945234 -0.000067 -1.597323 0.117021 0.354229 0.628162 5.864603 -356.630912 12.959083 11.412048 12.959083
0.079517 6.055538 0.000027 -1.437616 0.117021 0.337804 -0.440830 6.329432 -320.241121 12.595388 10.882874 12.595388
0.076123 6.227131 -0.000048 -1.294055 0.105885 0.321088 1.155617 6.279395 -287.460191 12.141842 10.344365 12.141842
0.066998 6.340291 -0.000005 -1.164566 0.095809 0.305086 0.497479 6.529765 -257.939385 11.606708 9.828835 11.606708
0.050811 6.410202 -0.000027 -1.047829 0.086691 0.288711 -0.425239 6.453774 -231.365204 11.121248 9.301266 11.121248
0.057845 6.617801 0.000020 -0.943317 0.078441 0.272849 0.276170 6.891542 -207.424383 10.626363 8.790254 10.626363
0.053896 6.734470 -0.000043 -0.848883 0.070977 0.260073 -0.422133 6.752595 -185.864715 10.265431 8.378648 10.265431
0.041240 6.787531 0.000020 -0.763635 0.064222 0.252201 -0.167323 6.963231 -166.451739 10.142721 8.125035 10.142721
0.065563 7.085991 0.000005 -0.687869 0.058111 0.249627 0.580186 7.342202 -148.939964 9.965151 8.042140 9.965151
0.064853 7.176982 -0.000042 -0.618816 0.052581 0.249274 0.193794 7.195395 -133.177681 9.693849 8.030759 9.693849
0.043747 7.115878 0.000024 -0.556096 0.047577 0.248233 -0.739040 7.182498 -119.018091 9.435451 7.997201 9.435451
0.042847 7.230926 0.000052 -0.500426 0.043050 0.244421 -0.485936 7.382296 -106.280562 9.266766 7.874395 9.266766
0.051520 7.435883 0.000029 -0.450749 0.038953 0.239876 -0.187658 7.587787 -94.799883 9.161412 7.727965 9.161412
0.042668 7.495101 0.000006 -0.405477 0.035246 0.236281 0.714127 7.533203 -84.458134 9.036136 7.612172 9.036136
0.027728 7.466768 0.000040 -0.364372 0.031892 0.233905 0.345671 7.525129 -75.154135 8.705965 7.535616 8.705965
0.028158 7.549114 0.000062 -0.327819 0.028857 0.227901 -0.303082 7.659950 -66.792162 8.324334 7.342198 8.324334
0.025343 7.631501 0.000047 -0.295000 0.026111 0.219133 0.202778 7.685651 -59.272886 8.163205 7.059719 8.163205
0.022854 7.707038 0.000053 -0.265495 0.023626 0.214600 -0.325590 7.810560 -52.488481 7.875979 6.913682 7.875979
0.027820 7.826272 0.000040 -0.239076 0.021378 0.207720 -0.021647 7.914199 -46.381650 7.463159 6.692017 7.462903
0.025770 7.879053 0.000030 -0.215079 0.019343 0.197348 2.593485 7.911323 -40.895192 7.057284 6.357874 7.037899
0.017670 7.879893 0.000040 -0.193335 0.017503 0.187763 2.323812 7.909518 -35.962914 6.705896 6.049085 6.664837
0.017359 7.943400 0.000048 -0.174036 0.015837 0.179051 2.091846 8.021939 -31.520849 6.509897 5.768419 6.417706
0.020386 8.018823 0.000031 -0.156727 0.014330 0.174259 1.886879 8.074394 -27.508817 6.201850 5.614034 6.119047
0.052658 8.339754 0.000029 -0.142097 0.012966 0.167389 1.702271 8.598073 -23.877929 5.919526 5.392703 5.828932
0.047073 8.337668 -0.000074 -0.127696 0.019782 0.161227 1.539493 8.170599 -20.615115 5.739995 5.194166 5.623484
0.017796 8.122467 0.000032 -0.113910 0.019782 0.157994 1.386517 8.126704 -17.698614 5.425326 5.090029 5.345981
0.021390 8.191281 0.000047 -0.102622 0.019782 0.151644 1.248682 8.269199 -15.083368 5.177852 4.885458 5.098207
0.022910 8.255469 0.000018 -0.092510 0.019782 0.145103 1.131521 8.267381 -12.726587 5.079267 4.674727 4.957911
0.022206 8.298724 0.000021 -0.083340 0.019782 0.141312 1.023212 8.355478 -10.592377 4.971695 4.552579 4.832687
0.019645 8.325321 0.000008 -0.074986 0.019782 0.137817 0.917752 8.334015 -8.667787 4.962360 4.439990 4.780070
0.016917 8.348944 0.000018 -0.067451 0.019782 0.136577 0.809151 8.401794 -6.925208 4.996737 4.400038 4.776402
0.012192 8.370074 0.000011 -0.060627 0.019782 0.136710 0.689540 8.391425 -5.348953 4.935883 4.404313 4.717108
0.006253 8.387532 0.000022 -0.054449 0.019782 0.134161 0.556627 8.426044 -3.933678 4.760919 4.322215 4.555551
0.001747 8.417879 0.000021 -0.048959 0.019782 0.128362 0.420740 8.445702 -2.664168 4.696919 4.135375 4.442310
-0.002578 8.444734 0.000022 -0.044033 0.019782 0.124142 0.292554 8.487934 -1.509304 4.576344 3.999443 4.302327
-0.005952 8.468893 0.000021 -0.039552 0.017899 0.119957 0.153731 8.498836 -0.466308 4.432025 3.864597 4.146538
-0.007860 8.502759 0.000026 -0.035552 0.016196 0.115757 0.025042 8.550331 0.475033 4.422490 3.729287 4.084200
-0.006743 8.541185 0.000022 -0.031973 0.014655 0.115414 -0.468845 8.588152 1.335932 4.077837 3.718241 3.828378
-0.004340 8.600256 0.000023 -0.028794 0.013260 0.109347 -0.409676 8.638098 2.090524 3.371858 3.522794 3.282192
-0.002929 8.656838 0.000016 -0.026028 0.011998 0.092860 -0.387407 8.660010 2.735335 2.547611 2.991646 2.565726
-0.003408 8.697100 0.000008 -0.023631 0.010856 0.070743 -0.358803 8.692000 3.296740 1.768017 2.279086 1.828631
-0.005247 8.727047 -0.000007 -0.021525 0.009823 0.047250 -0.329058 8.715063 3.799750 1.105941 1.522233 1.156493
-0.005987 8.740104 -0.000020 -0.019583 0.008889 0.026506 -0.275533 8.727537 4.261186 0.022983 0.853934 0.229029
-0.008439 8.739860 -0.000027 -0.017753 0.008043 -0.001797 -0.219556 8.684648 4.643983 -0.830656 -0.057879 -0.614128
0.009535 8.906751 -0.000029 -0.016897 0.007843 -0.027117 -0.191516 9.023919 5.009745 -1.757159 -0.873624 -1.476138
-0.000766 8.805823 -0.000110 -0.015047 0.029624 -0.052333 -0.180702 8.562159 5.320164 -2.924493 -1.686004 -2.493591
-0.030337 8.540467 -0.000017 -0.012765 0.029624 -0.084570 -0.338429 8.426129 5.545210 -3.909710 -2.724549 -3.456363
-0.041575 8.468157 -0.000008 -0.011586 0.029624 -0.114725 -0.537691 8.408971 5.744697 -4.547972 -3.696041 -4.155083
-0.056069 8.374302 -0.000023 -0.010423 0.029624 -0.138616 -0.678921 8.279853 5.940944 -5.239685 -4.465744 -4.845754
-0.064408 8.306554 -0.000007 -0.009377 0.029624 -0.161481 -0.713205 8.267309 6.116898 -6.329476 -5.202356 -5.827617
-0.072900 8.251959 -0.000017 -0.008463 0.029624 -0.193407 -0.722210 8.151417 6.242141 -7.054676 -6.230911 -6.596620
-0.078614 8.216632 -0.000009 -0.007826 0.029624 -0.218657 -0.729466 8.204296 6.375083 -7.858583 -7.044378 -7.385355
-0.048004 8.483804 -0.000033 -0.008359 0.029624 -0.241653 -0.704404 8.643651 6.522195 -8.980171 -7.785244 -8.383147
-0.051239 8.469706 -0.000135 -0.007720 0.036412 -0.272900 -0.710051 8.236977 6.623374 -9.563507 -8.791904 -9.056062
-0.085696 8.180432 -0.000057 -0.006172 0.036412 -0.295915 -0.755291 8.074773 6.718656 -9.955821 -9.533364 -9.514435
-0.094355 8.129613 -0.000030 -0.005593 0.036412 -0.310766 -0.748564 8.140403 6.826670 -9.979231 -10.011825 -9.635641
-0.097915 8.100552 -0.000048 -0.005049 0.036412 -0.314744 -0.669616 8.071223 6.956611 -10.246482 -10.139985 -9.892014
-0.100603 8.056091 -0.000028 -0.004358 0.036412 -0.320772 -0.448188 8.035645 7.058219 -10.346446 -10.334182 -10.022655
-0.107539 7.990604 -0.000020 -0.003696 0.036412 -0.322773 -0.040992 7.953611 7.150497 -10.030740 -10.398621 -9.793026
-0.111502 7.941751 -0.000001 -0.003136 0.036412 -0.314814 6.571376 7.961071 7.258431 -9.874226 -10.142232 -9.647497
-0.103629 7.954178 0.000003 -0.002758 0.036412 -0.306722 5.855897 7.969652 7.348993 -10.011880 -9.881520 -9.734116
-0.101701 7.888636 0.000006 -0.002139 0.036412 -0.303680 5.196328 7.813615 7.392749 -10.432692 -9.783519 -10.067390
-0.106243 7.780675 0.000036 -0.001538 0.036412 -0.309194 4.605997 7.703488 7.380706 -10.860747 -9.961162 -10.440186
-0.105129 7.733946 0.000045 -0.001400 0.036412 -0.317687 4.091754 7.687868 7.345584 -11.318366 -10.234799 -10.845059
-0.083203 7.894862 0.000029 -0.002177 0.032947 -0.328836 3.650810 7.975604 7.315660 -11.334120 -10.593959 -10.900224
-0.091550 7.766000 -0.000052 -0.001785 0.029811 -0.331556 3.272229 7.540355 7.302733 -11.141236 -10.681597 -10.742864
-0.119194 7.432857 0.000032 -0.000516 0.026974 -0.324498 2.921949 7.310865 7.279752 -11.069430 -10.454210 -10.650268
-0.117700 7.367895 0.000070 -0.000349 0.024407 -0.318729 2.606666 7.365343 7.240389 -10.880007 -10.268360 -10.451897
-0.112398 7.313946 0.000042 -0.000292 0.022085 -0.310167 2.325469 7.224931 7.199847 -10.881849 -9.992521 -10.415184
-0.105258 7.252985 0.000057 -0.000211 0.019983 -0.305321 2.072713 7.205786 7.135519 -11.121669 -9.836381 -10.592489
-0.103018 7.171757 0.000041 -0.000144 0.018081 -0.308504 1.868228 7.043886 7.038494 -11.381948 -9.938927 -10.801117
-0.080833 7.250920 0.000050 -0.000842 0.016361 -0.313461 1.713110 7.303546 6.946736 -11.254011 -10.098650 -10.669672
-0.086116 7.112009 -0.000033 -0.000655 0.014804 -0.309441 1.595772 6.868305 6.872788 -10.764695 -9.969124 -10.192175
-0.110635 6.816176 0.000042 0.000224 0.013395 -0.294496 1.486659 6.712174 6.804827 -10.337563 -9.487654 -9.752026
-0.108700 6.729539 0.000058 0.000298 0.015612 -0.280069 1.380359 6.676876 6.730743 -9.716106 -9.022874 -9.123288
-0.101519 6.699324 0.000046 0.000125 0.015612 -0.260882 1.288154 6.662995 6.673315 -8.850650 -8.404735 -8.262270
-0.098312 6.619879 0.000033 0.000212 0.015612 -0.234313 1.182882 6.550467 6.633053 -8.027368 -7.548764 -7.444818
-0.100099 6.499042 0.000046 0.000531 0.015612 -0.207812 1.057923 6.420423 6.582173 -7.162098 -6.694976 -6.584603
-0.091993 6.449587 0.000061 0.000526 0.016467 -0.180180 0.926293 6.436337 6.532334 -6.364951 -5.804776 -5.791736
-0.082226 6.423788 0.000044 0.000430 0.016467 -0.154858 0.787153 6.369882 6.477613 -5.620084 -4.989006 -5.046278
-0.074018 6.399417 0.000045 0.000310 0.016467 -0.133004 0.659609 6.373626 6.420375 -4.892725 -4.284945 -4.316706
-0.062918 6.381364 0.000029 0.000155 0.016467 -0.111598 0.532042 6.339960 6.368879 -4.335049 -3.595303 -3.753434
-0.053282 6.371276 0.000024 -0.000009 0.016467 -0.095605 0.421703 6.338400 6.311191 -3.690623 -3.080067 -3.106553
-0.041370 6.370895 0.000010 -0.000237 0.016467 -0.077834 0.340937 6.349080 6.269349 -3.132636 -2.507556 -2.546562
-0.026903 6.370860 -0.000003 -0.000402 0.016467 -0.061181 0.243962 6.339336 6.230551 -2.807872 -1.971054 -2.206121
-0.017715 6.366689 -0.000011 -0.000540 0.016467 -0.052015 0.252996 6.323042 6.178635 -2.302236 -1.675754 -1.704732
-0.008574 6.363270 -0.000021 -0.000732 0.016467 -0.039114 0.372505 6.346393 6.148040 -1.907821 -1.260104 -1.307207
-0.002506 6.358765 -0.000034 -0.000835 0.016467 -0.029434 0.441576 6.317941 6.118391 -1.592911 -0.948272 -0.990320
-0.002295 6.335479 -0.000035 -0.000860 0.016467 -0.024300 0.525955 6.299028 6.089619 0.790138 -0.782848 1.210153
-0.005920 6.291563 -0.000039 -0.000800 0.014900 0.043330 0.543706 6.408769 6.232991 1.401444 1.395947 1.841712
-0.009068 6.254069 -0.000032 -0.000084 0.013482 0.059140 0.508006 6.130740 6.235529 1.965672 1.905300 2.381149
-0.009633 6.226460 0.000029 0.000036 0.012199 0.073541 0.439863 6.307763 6.239350 2.505030 2.369245 2.893303
-0.014987 6.201584 -0.000010 0.000150 0.011038 0.087147 0.366830 6.127273 6.246207 3.101840 2.807570 3.457016
-0.018934 6.180411 0.000031 0.000261 0.009988 0.101576 0.274910 6.245965 6.262671 3.587396 3.272421 3.910729
-0.022611 6.159669 0.000008 0.000408 0.009037 0.114235 0.118690 6.115298 6.277036 4.026371 3.680256 4.318142
-0.026736 6.145368 0.000040 0.000522 0.010793 0.125232 -0.154531 6.196527 6.290973 4.566391 4.034533 4.822003
-0.020724 6.181362 0.000025 0.000434 0.010793 0.140285 0.166820 6.210878 6.321661 5.079657 4.519489 5.296561
-0.021522 6.191565 0.000028 0.000516 0.010793 0.155292 -0.155023 6.219980 6.352517 5.629849 5.002967 5.806849
-0.030504 6.172505 0.000033 0.000714 0.010793 0.170247 0.198021 6.183615 6.383606 6.205965 5.484764 6.341700
-0.028177 6.205826 0.000048 0.000705 0.012822 0.185577 -0.152497 6.280072 6.422304 6.562414 5.978658 6.662723
-0.016018 6.268722 0.000035 0.000609 0.012822 0.196289 0.456218 6.305355 6.452659 6.810102 6.323768 6.883735
-0.003660 6.345593 0.000036 0.000424 0.012822 0.205640 0.269700 6.415867 6.480037 7.178448 6.625012 7.219818
0.006275 6.426062 0.000017 0.000214 0.012822 0.217509 0.145976 6.477557 6.517978 7.717347 7.007405 7.715910
0.017580 6.514153 0.000012 0.000015 0.012822 0.233870 0.027294 6.599024 6.573190 8.297457 7.534489 8.257271
0.026594 6.602002 -0.000003 -0.000114 0.012822 0.251240 -0.704528 6.664131 6.635818 8.564972 8.094103 8.519075
0.033537 6.693287 -0.000004 -0.000228 0.012822 0.257947 -0.605103 6.753485 6.678438 8.631930 8.310165 8.581331
0.040110 6.803305 -0.000015 -0.000495 0.012822 0.257160 -0.550822 6.868357 6.716122 8.826488 8.284807 8.738205
0.048887 6.925580 -0.000032 -0.000830 0.012822 0.258681 -0.544763 7.013777 6.779486 8.906066 8.333821 8.792517
0.055216 7.051606 -0.000051 -0.001079 0.013604 0.257786 -0.563242 7.126681 6.851510 8.962727 8.304967 8.816202
0.055588 7.176595 -0.000060 -0.001289 0.016146 0.254017 -0.614943 7.268033 6.935526 9.172676 8.183554 8.953756
0.055517 7.299117 -0.000073 -0.001441 0.019671 0.253351 -0.641304 7.401440 7.049342 9.255948 8.162102 8.983655
0.057861 7.419117 -0.000078 -0.001466 0.020951 0.250735 -0.614101 7.518916 7.171977 9.288920 8.077808 8.957457
0.059492 7.538091 -0.000077 -0.001451 0.020951 0.248711 -0.539701 7.648270 7.303429 9.317334 8.012604 8.926886
0.060697 7.662197 -0.000077 -0.001422 0.020951 0.246907 -0.452552 7.775510 7.441477 9.461529 7.954485 8.988124
0.064168 7.786937 -0.000075 -0.001369 0.020951 0.249257 -0.320436 7.914093 7.594038 9.430906 8.030216 8.930062
0.067848 7.899609 -0.000072 -0.001211 0.020951 0.249279 -0.127396 7.997707 7.734281 9.422671 8.030905 8.880878
0.068526 7.992164 -0.000060 -0.001022 0.020951 0.250502 0.245174 8.096717 7.869056 9.299323 8.070314 8.753121
0.061319 8.040540 -0.000052 -0.000680 0.020951 0.248584 0.091214 8.091839 7.982446 9.180685 8.008529 8.615171
0.050257 8.058053 -0.000026 -0.000300 0.020951 0.245160 -0.141244 8.122814 8.081797 9.128738 7.898211 8.520163
0.044154 8.085065 -0.000011 -0.000013 0.020951 0.243376 0.103292 8.151226 8.178484 8.847045 7.840749 8.264947
0.040943 8.127509 0.000005 0.000202 0.020951 0.238078 -0.261343 8.187337 8.252189 8.447877 7.670047 7.904197
0.047600 8.259984 0.000013 -0.000031 0.020951 0.228778 -0.200739 8.379012 8.313879 8.295754 7.370429 7.702076
0.044151 8.287117 -0.000016 0.000106 0.018957 0.225105 -0.232368 8.286062 8.383663 8.059714 7.252111 7.481845
0.031589 8.261713 0.000021 0.000483 0.017153 0.220809 -0.313276 8.305476 8.434711 7.672611 7.113700 7.152370
0.024803 8.309589 0.000028 0.000496 0.015521 0.210357 -0.401518 8.356648 8.465966 7.328404 6.776973 6.808452
0.017746 8.339157 0.000024 0.000503 0.014044 0.198939 -0.442574 8.368347 8.496467 6.999830 6.409142 6.466895
0.011985 8.384278 0.000028 0.000445 0.012708 0.187869 -0.452447 8.443278 8.531504 6.678205 6.052505 6.132000
0.015674 8.522717 0.000019 0.000035 0.011498 0.176387 -0.447604 8.635266 8.579623 6.434063 5.682567 5.845171
0.006450 8.563966 -0.000013 0.000062 0.010404 0.166347 -0.413453 8.565774 8.636906 6.347030 5.359132 5.674993
-0.012546 8.519136 0.000016 0.000467 0.009414 0.159834 -0.348095 8.559186 8.702489 6.508176 5.149299 5.705670
-0.018104 8.570817 0.000032 0.000522 0.008520 0.160491 -0.222853 8.686534 8.795734 6.454288 5.170482 5.648667
-0.020717 8.631228 0.000024 0.000652 0.008520 0.159498 0.006508 8.687517 8.879816 6.092391 5.138465 5.367719
-0.022210 8.684898 0.000043 0.000773 0.011517 0.154582 -7.950330 8.757504 8.935025 5.833723 4.980100 5.129992
-0.024685 8.736370 0.000040 0.000787 0.011517 0.149312 -7.147512 8.786309 8.982006 5.483540 4.810316 4.830383
-0.026763 8.795568 0.000044 0.000739 0.011812 0.141306 -6.426452 8.855694 9.016081 5.178165 4.552384 4.539379
-0.027289 8.847186 0.000036 0.000669 0.011812 0.133635 -5.778733 8.889383 9.048195 4.813190 4.305246 4.213513
-0.024715 8.901869 0.000036 0.000580 0.011812 0.125757 -5.197972 8.951633 9.073339 4.311397 4.051451 3.798556
-0.018942 8.969487 0.000028 0.000412 0.011812 0.115898 -4.679481 9.004125 9.083310 3.818074 3.733830 3.377272
0.013457 9.294849 0.000018 -0.000839 0.011812 0.105639 -4.220827 9.534026 9.111061 3.710872 3.403313 3.204857
0.010036 9.302408 -0.000093 -0.000758 0.024990 0.101944 -3.815055 9.141198 9.154280 3.956126 3.284294 3.324509
-0.022244 9.073465 0.000003 0.000320 0.024990 0.106557 -3.483597 9.071889 9.198809 4.507110 3.432916 3.734034
-0.027315 9.118444 0.000029 0.000319 0.024990 0.117649 -3.182174 9.239807 9.274891 5.293170 3.790236 4.357133
-0.031539 9.161395 0.000008 0.000450 0.024990 0.135255 -2.883891 9.216357 9.381234 5.717792 4.357438 4.804217
-0.033160 9.207274 0.000037 0.000690 0.024990 0.147858 -2.579829 9.306536 9.470365 5.699480 4.763462 4.912739
-0.034157 9.235935 0.000037 0.000929 0.024990 0.151387 -2.271917 9.252752 9.520220 5.586757 4.877161 4.872244
-0.034350 9.276077 0.000060 0.000968 0.024990 0.151102 -1.977641 9.350303 9.551373 5.570791 4.867996 4.858914
-0.034538 9.316568 0.000046 0.000931 0.024990 0.151642 -1.706040 9.344615 9.582928 5.470197 4.885393 4.800728
-0.029073 9.419927 0.000054 0.000646 0.024990 0.150489 -1.463735 9.525972 9.612423 5.405026 4.848241 4.749855
-0.033830 9.446244 0.000020 0.000659 0.024990 0.148543 -1.254455 9.426062 9.639406 5.325650 4.785533 4.681249
-0.044429 9.406928 0.000049 0.000921 0.024990 0.145312 -1.070641 9.433917 9.658454 5.073509 4.681442 4.486683
-0.042061 9.454524 0.000051 0.000808 0.022611 0.139069 -0.900641 9.501712 9.668763 4.483866 4.480329 4.046251
-0.038494 9.505970 0.000038 0.000645 0.020460 0.126689 -0.772134 9.509653 9.652761 4.043395 4.081472 3.641681
-0.033481 9.561997 0.000033 0.000360 0.018513 0.115657 -0.710573 9.600890 9.640703 3.540271 3.726065 3.214595
-0.028349 9.621450 0.000010 0.000076 0.016751 0.104366 -0.695256 9.623349 9.624228 3.053598 3.362330 2.799012
-0.024931 9.702156 0.000002 -0.000309 0.015157 0.091750 -0.726621 9.741025 9.607844 3.375280 2.955883 2.865401
-0.017565 9.811566 -0.000028 -0.000808 0.013715 0.093167 -0.746772 9.900841 9.661059 3.558352 3.001535 2.997974
0.018433 10.210719 -0.000052 -0.002179 0.014042 0.096732 -0.730183 10.502225 9.759629 3.889894 3.116389 3.238283
0.013924 10.215851 -0.000164 -0.001808 0.044135 0.103529 -0.691967 10.047324 9.865823 4.724079 3.335349 3.805346
-0.012433 9.969042 -0.000040 -0.000409 0.044135 0.121933 -0.533446 10.015166 9.984894 4.995359 3.928249 4.186560
-0.004233 10.069995 -0.000007 -0.000337 0.044135 0.134489 -0.151206 10.197421 10.076968 5.125507 4.332784 4.420226
0.004921 10.162707 -0.000027 -0.000340 0.044135 0.142258 1.281596 10.197013 10.147619 4.945658 4.583052 4.419862
0.010309 10.238461 -0.000011 -0.000360 0.044135 0.143675 0.985839 10.300015 10.185099 5.286212 4.628700 4.641932
0.010712 10.309889 -0.000026 -0.000495 0.044135 0.149835 0.736888 10.369276 10.249066 6.099380 4.827174 5.189015
0.013808 10.378908 -0.000027 -0.000515 0.044135 0.165933 0.445266 10.486237 10.361675 6.260919 5.345789 5.488243
0.013343 10.418405 -0.000028 -0.000225 0.044135 0.174849 -0.023377 10.435802 10.439011 6.327811 5.633023 5.644479
0.010303 10.447927 0.000000 -0.000035 0.044135 0.176701 6.414398 10.512035 10.494310 6.582920 5.692709 5.813138
0.008383 10.485105 -0.000005 0.000036 0.044135 0.180981 5.753769 10.533272 10.563101 6.300796 5.830573 5.711189
0.031067 10.812985 0.000006 -0.000990 0.044135 0.175962 5.162171 11.073578 10.624912 5.956288 5.668903 5.454077
0.019409 10.773005 -0.000100 -0.000587 0.039935 0.165808 4.637122 10.555051 10.662226 5.861578 5.341766 5.264667
-0.012345 10.488318 0.000023 0.000689 0.036135 0.158886 4.162102 10.475637 10.685541 5.421921 5.118750 4.924131
0.000976 10.649246 0.000046 0.000144 0.032696 0.148784 3.738342 10.811873 10.705652 4.814542 4.793315 4.454393
0.002606 10.672309 -0.000024 0.000132 0.029585 0.136012 3.371449 10.562320 10.703980 4.448810 4.381831 4.083955
-0.003848 10.608218 0.000031 0.000380 0.026769 0.126879 3.057051 10.650182 10.699649 4.154674 4.087603 3.803962
0.002699 10.681962 0.000011 0.000070 0.024222 0.120374 2.791284 10.712638 10.703132 4.056014 3.878050 3.668237
0.031280 11.031385 -0.000002 -0.001301 0.021917 0.117365 2.561811 11.300319 10.749894 4.803361 3.781100 4.039112
0.027512 11.045780 -0.000122 -0.001173 0.032898 0.128891 2.354724 10.922200 10.859534 5.933691 4.152437 4.807610
0.004962 10.813919 -0.000015 0.000181 0.032898 0.153263 2.146344 10.866782 10.994460 6.079470 4.937596 5.217238
0.006909 10.876600 0.000028 0.000467 0.032898 0.166550 1.913712 10.973874 11.072092 6.501963 5.365679 5.629006
0.005834 10.957123 0.000021 0.000456 0.032898 0.177831 1.676272 11.032703 11.149576 7.542601 5.729101 6.340146
0.008684 11.033818 0.000026 0.000459 0.032898 0.198621 1.407735 11.176722 11.280013 7.265929 6.398877 6.479407
0.009862 11.089335 0.000023 0.000756 0.032898 0.202812 1.104416 11.087323 11.328843 7.187115 6.533914 6.497746
0.009522 11.132824 0.000053 0.000777 0.032898 0.202838 0.816233 11.220377 11.360392 7.257852 6.534734 6.537032
0.043248 11.539023 0.000031 -0.000708 0.032898 0.204495 0.524523 11.850566 11.434882 6.608617 6.588115 6.221503
0.059462 11.792611 -0.000092 -0.001418 0.032898 0.194996 0.285568 11.747852 11.472260 6.904565 6.282115 6.247456
0.043941 11.667699 -0.000061 -0.000775 0.032898 0.195239 0.166919 11.652320 11.540547 7.139294 6.289933 6.374800
0.013831 11.363250 -0.000025 0.000703 0.032898 0.199094 0.155323 11.198506 11.589330 7.187704 6.414117 6.455760
-0.000378 11.234587 0.000086 0.001406 0.029768 0.201560 0.263046 11.324031 11.614434 7.119580 6.493582 6.457086
0.003436 11.317608 0.000064 0.001177 0.026935 0.202131 0.350800 11.361490 11.633772 7.296756 6.511968 6.558794
-0.001440 11.333177 0.000061 0.001192 0.024372 0.204958 0.440165 11.371981 11.665168 4.018849 6.603051 4.922545
0.022911 11.687482 0.000066 -0.000088 0.022052 0.150737 0.444571 11.737518 11.465035 4.871264 4.856216 4.574701
0.015589 11.678878 -0.000060 -0.000848 0.019954 0.138456 0.386458 11.633144 11.487597 4.770245 4.460585 4.340971
-0.009066 11.428312 -0.000032 0.000235 0.018055 0.130535 0.275898 11.288696 11.505918 3.732762 4.205396 3.691179
-0.007192 11.476270 0.000048 0.000118 0.016337 0.110924 0.105928 11.589318 11.465942 2.833681 3.573586 2.947922
-0.006315 11.549247 -0.000027 -0.000330 0.014782 0.087629 -0.037861 11.459249 11.416331 2.599264 2.823117 2.487822
-0.000761 11.653074 -0.000009 -0.000938 0.013375 0.073097 -0.037739 11.790603 11.422476 1.889867 2.354937 1.915564
0.002845 11.719670 -0.000081 -0.001178 0.021913 0.055764 -0.362828 11.626504 11.415776 2.158870 1.796514 1.788355
0.002309 11.744383 -0.000047 -0.001303 0.021913 0.052831 -0.440855 11.867062 11.477013 2.726250 1.702034 2.021590
0.002487 11.771551 -0.000087 -0.001167 0.023386 0.061500 -0.489772 11.775346 11.586671 2.731523 1.981322 2.150434
0.007051 11.855814 -0.000043 -0.001067 0.023386 0.066526 -0.511607 11.978935 11.672333 2.820626 2.143232 2.268452
0.008578 11.899403 -0.000069 -0.000900 0.023386 0.070855 -0.503650 11.888824 11.748086 2.562845 2.282689 2.206823
0.007529 11.901212 -0.000032 -0.000607 0.023386 0.069564 -0.458992 11.933061 11.785337 2.206572 2.241110 2.014467
0.009381 11.936652 -0.000034 -0.000600 0.023386 0.064057 -0.391441 11.936820 11.797764 2.019129 2.063709 1.842937
0.019133 12.041391 -0.000032 -0.000966 0.023386 0.059493 -0.302453 12.121557 11.818635 1.883170 1.916665 1.711845
0.016217 12.024053 -0.000068 -0.000814 0.023386 0.056565 -0.207963 11.943427 11.836554 2.811117 1.822320 2.128054
0.008371 11.955146 -0.000025 -0.000470 0.023386 0.069621 -0.120576 12.041952 11.925845 3.019006 2.242938 2.430131
0.006713 11.965416 -0.000027 -0.000157 0.023386 0.079042 0.265387 11.964960 11.990575 2.952858 2.546471 2.544504
0.010580 12.035527 0.000004 -0.000178 0.023386 0.081649 0.040104 12.123804 12.026893 2.990879 2.630459 2.606217
0.011693 12.027257 -0.000023 -0.000001 0.023386 0.084639 -1.877581 11.978243 12.055154 2.279294 2.726783 2.309832
0.005200 11.949272 0.000016 0.000420 0.021160 0.075970 -1.653633 11.891054 12.009523 2.428730 2.447503 2.259401
0.010042 11.969000 0.000025 0.000161 0.019147 0.075224 -1.459835 12.029886 12.004001 1.520596 2.423448 1.811932
0.014154 11.980387 -0.000007 0.000094 0.017324 0.062914 -1.289968 11.870086 11.930938 1.318493 2.026885 1.539898
0.049460 12.438068 0.000013 -0.002010 0.015676 0.054623 -1.164382 12.836981 11.926178 2.333362 1.759760 1.924315
0.042060 12.317859 -0.000203 -0.001553 0.054512 0.066836 -1.045502 11.947480 12.010264 2.056480 2.153221 1.980737
0.004759 11.813037 0.000012 0.000782 0.054512 0.069260 -0.852343 11.697906 11.982966 -18.698694 2.231310 -8.201489
0.010426 11.851635 0.000062 0.000521 0.054512 -0.262789 -0.685897 10.335620 10.330835 -9.336037 -8.466149 -8.490457
0.015350 11.883746 -0.000002 -0.006155 0.054512 -0.271237 -0.453369 13.054127 10.418006 -9.450757 -8.738319 -8.683496
0.010326 11.781563 -0.000586 -0.005405 0.157499 -0.276672 -0.335472 10.707723 10.498572 -9.763167 -8.913421 -8.929449
-0.003582 11.578763 -0.000050 -0.004282 0.157499 -0.284042 1.229467 12.209054 10.540049 -10.054546 -9.150845 -9.193210
-0.014363 11.442664 -0.000374 -0.003578 0.157499 -0.292388 0.739123 10.758784 10.559543 -10.096260 -9.419740 -9.343361
-0.028154 11.338983 -0.000049 -0.003090 0.157499 -0.298906 0.032687 11.750165 10.584510 -9.664040 -9.629740 -9.219280
-0.050994 11.198074 -0.000263 -0.002432 0.157499 -0.294874 -20.218849 10.753715 10.643180 -9.390617 -9.499813 -9.030652
-0.075662 11.036059 -0.000030 -0.001557 0.157499 -0.296296 -18.138468 11.270486 10.691019 -10.625613 -9.545652 -9.774347
-0.081982 11.066689 -0.000134 -0.001489 0.157499 -0.326775 -16.212499 10.819081 10.644016 -12.338346 -10.527570 -11.162225
-0.096977 10.914037 -0.000044 -0.001070 0.157499 -0.375861 -14.435171 10.848202 10.529219 -14.304541 -12.108939 -12.939639
-0.120697 10.638379 -0.000076 -0.000433 0.157499 -0.433931 -12.797196 10.298586 10.368200 -15.805640 -13.979772 -14.541872
-0.134484 10.491132 0.000011 -0.000487 0.157499 -0.484287 -11.316518 10.502188 10.237512 -17.881709 -15.602054 -16.426986
-0.159652 10.266828 -0.000063 -0.000116 0.157499 -0.545549 -9.981593 9.900024 10.061928 -18.649496 -17.575727 -17.551438
-0.168573 10.273824 0.000032 -0.000840 0.142511 -0.583888 -8.805288 10.488779 9.999032 -17.947915 -18.810873 -17.473869
-0.202843 9.911715 -0.000112 0.000346 0.128949 -0.581340 -7.724655 9.517642 10.057877 -17.875322 -18.728764 -17.460457
-0.249378 9.318359 0.000116 0.002931 0.116678 -0.578436 -6.730559 9.225765 10.050757 -19.609948 -18.635212 -18.067649
-0.265515 9.035790 0.000180 0.004023 0.105574 -0.591600 -5.823640 8.807479 9.872930 -24.376630 -19.059311 -19.872775
-0.286775 8.794609 0.000235 0.004274 0.095528 -0.638121 -5.068110 8.367921 9.348707 -24.114619 -20.558078 -20.863272
-0.312673 8.522872 0.000217 0.003273 0.086437 -0.664110 -4.485967 8.368326 8.987616 -23.478590 -21.395343 -21.357366
-0.342929 8.153960 0.000138 0.003304 0.078211 -0.676624 -3.979902 7.819331 8.741114 -24.971930 -21.798504 -21.964342
-0.380445 7.712822 0.000206 0.004076 0.070769 -0.692020 -3.543875 7.379109 8.389779 -21.737523 -22.294498 -21.892589
-0.417201 7.275345 0.000226 0.004417 0.064034 -0.689667 -3.139161 7.235950 8.321951 -22.336531 -22.218703 -21.919914
-0.450381 6.876408 0.000244 0.005730 0.065611 -0.690009 -2.747614 6.579548 8.168170 -24.968718 -22.229722 -22.224459
-0.484096 6.500998 0.000356 0.006608 0.095832 -0.698198 -2.366948 6.223671 7.786966 -19.753917 -22.493547 -21.986850
-0.515021 6.146383 0.000352 0.006503 0.095832 -0.691272 -1.898874 6.299089 7.837444 -20.866051 -22.270420 -21.895264
-0.545824 5.747363 0.000348 0.008285 0.095832 -0.688278 -1.289150 5.415956 7.738410 -30.434977 -22.173951 -22.509928
-0.574369 5.381384 0.000523 0.009343 0.140560 -0.705997 -0.502058 4.706818 6.855799 -32.220994 -22.744784 -23.143545
-0.601541 5.043273 0.000486 0.007184 0.140560 -0.724918 1.773129 4.570368 5.932478 -33.405998 -23.354373 -23.768120
-0.642346 4.566985 0.000313 0.005413 0.140560 -0.742202 1.090259 3.777151 5.008801 -20.308773 -23.911192 -23.604445
-0.696793 3.895654 0.000284 0.004412 0.140560 -0.737399 0.198162 4.272557 5.179586 -19.735859 -23.756452 -23.446184
-0.752152 3.173828 0.000213 0.007950 0.140560 -0.731185 -5.922590 2.609692 5.293857 -35.811041 -23.556267 -23.868284
-0.790565 2.675444 0.000607 0.010379 0.163155 -0.743506 -5.131950 1.768391 4.072362 -24.993834 -23.953223 -23.870563
-0.812379 2.398430 0.000524 0.006635 0.163155 -0.743536 -4.374583 2.820972 3.823480 -18.676874 -23.954174 -23.672941
-0.837726 2.086118 0.000237 0.006887 0.163155 -0.737489 -3.676852 1.911492 4.063002 -3.316783 -23.759361 -23.036962
-0.866526 1.718650 0.000491 0.009293 0.163155 -0.718136 -2.999113 3.165206 5.429395 -3.033107 -23.135878 -22.457384
-0.881440 1.520046 0.000517 0.015496 0.163155 -0.699807 -2.227304 1.778137 6.612679 -20.132950 -22.545372 -22.379436
-0.867257 1.695991 0.001089 0.019489 0.292712 -0.697240 -1.396360 1.819188 6.309923 -22.646740 -22.462671 -22.377702
-0.831113 2.148491 0.001016 0.016495 0.292712 -0.697481 0.359203 2.397519 5.879366 -21.911513 -22.470449 -22.366662
-0.813258 2.368920 0.000795 0.013915 0.292712 -0.695656 -4.680055 2.389811 5.572091 -22.258724 -22.411633 -22.325874
-0.836170 2.071385 0.000730 0.013876 0.292712 -0.694458 -3.891626 1.828617 5.233994 -11.360889 -22.373045 -21.959188
-0.869683 1.631316 0.000781 0.014280 0.292712 -0.683352 -3.117386 2.335820 5.736072 -8.893259 -22.015252 -21.560843
-0.895077 1.297455 0.000781 0.017594 0.292712 -0.671010 -2.313449 1.494326 6.319774 -18.115766 -21.617638 -21.447454
-0.907879 1.135756 0.001098 0.020548 0.295284 -0.667469 -1.631015 1.123125 6.075599 -1.975763 -21.503568 -20.915032
-0.900283 1.230895 0.001129 0.019203 0.303542 -0.649900 -1.094509 2.846304 7.120322 2.761670 -20.937556 -20.264297
-0.891258 1.339689 0.000981 0.022913 0.303542 -0.628431 -0.155667 1.990249 8.398111 -4.013226 -20.245882 -19.811003
-0.877565 1.502493 0.001456 0.027333 0.391419 -0.615020 7.261369 2.383444 8.979704 7.613531 -19.813844 -19.079358
-0.838398 1.973855 0.001501 0.027770 0.403627 -0.588315 6.265635 3.793981 10.426917 2.251120 -18.953495 -18.449980
-0.791802 2.540236 0.001513 0.031261 0.406745 -0.565049 5.272630 3.197742 11.298751 -2.640086 -18.203926 -17.923795
-0.749736 3.051110 0.001842 0.032692 0.495186 -0.545941 4.292787 4.152586 11.692769 -0.833628 -17.588343 -17.274559
-0.707504 3.558022 0.001722 0.032245 0.495186 -0.522285 3.100844 4.394408 12.191331 -0.152214 -16.826241 -16.530983
-0.678509 3.904702 0.001782 0.032847 0.495186 -0.496242 1.695012 4.818656 12.668387 1.087825 -15.987228 -15.686635
-0.657819 4.150272 0.001797 0.033764 0.495186 -0.467231 -0.625433 4.952688 13.153698 -1.867600 -15.052588 -14.966736
-0.629413 4.489215 0.001878 0.034344 0.504996 -0.444242 5.644646 5.150933 13.319747 -3.333386 -14.311941 -14.354506
-0.597769 4.864680 0.001874 0.033514 0.504996 -0.422739 4.344975 5.495391 13.333955 -6.494953 -13.619205 -13.900919
-0.570065 5.189903 0.001804 0.032281 0.504996 -0.407248 2.963501 5.503403 13.077439 -8.647105 -13.120130 -13.571186
-0.545469 5.445963 0.001747 0.030250 0.504996 -0.396208 1.388330 5.750287 12.664568 -15.162607 -12.764447 -13.715236
-0.527758 5.601879 0.001602 0.027995 0.504996 -0.401706 -0.941985 5.295356 11.770502 -17.452812 -12.941595 -14.020052
-0.520158 5.659195 0.001506 0.024224 0.504996 -0.413348 0.530025 5.596999 10.806105 -16.552677 -13.316659 -14.235696
-0.526536 5.584382 0.001225 0.020698 0.504996 -0.421419 1.201052 5.320880 10.030525 -12.275184 -13.576679 -14.076714
-0.542233 5.400135 0.001113 0.018354 0.504996 -0.418015 2.368559 5.565457 9.669404 -9.288980 -13.467004 -13.718959
-0.554167 5.236077 0.000978 0.017573 0.504996 -0.407955 2.782583 5.299748 9.553246 -12.851653 -13.142918 -13.674286
-0.560460 5.137803 0.001009 0.017502 0.504996 -0.407505 3.085063 5.031056 9.134510 -13.070619 -13.128415 -13.651674
-0.556149 5.178999 0.000974 0.015679 0.504996 -0.407688 3.405979 5.301879 8.743485 -10.075125 -13.134302 -13.407758
-0.548574 5.282107 0.000825 0.013720 0.456939 -0.400527 3.661412 5.505849 8.636907 -5.285034 -12.903596 -12.813885
-0.553581 5.246262 0.000754 0.013440 0.413456 -0.382636 3.677023 5.635190 8.894441 -3.305246 -12.327210 -12.136394
-0.546842 5.323965 0.000780 0.014153 0.374110 -0.360884 3.393303 5.781483 9.243890 -4.165425 -11.626454 -11.564870
-0.537047 5.410899 0.000823 0.015193 0.338509 -0.342126 2.897885 5.698694 9.444853 -9.296591 -11.022127 -11.423569
-0.527453 5.530349 0.000885 0.015516 0.306296 -0.337999 2.410373 5.530798 9.188527 -6.996311 -10.889166 -11.091489
-0.506289 5.798228 0.000864 0.013438 0.277148 -0.327209 2.094293 6.317016 9.154341 -5.077485 -10.541562 -10.593110
-0.491285 5.960266 0.000681 0.012661 0.250774 -0.310747 1.699642 6.102749 9.262817 -7.701976 -10.011190 -10.361970
-0.481603 6.030374 0.000751 0.012813 0.226909 -0.303481 1.281743 6.153304 9.120404 -9.238865 -9.777122 -10.288691
-0.467181 6.149397 0.000706 0.011776 0.205316 -0.301340 1.003697 6.188422 8.865453 -10.940344 -9.708155 -10.385425
-0.455149 6.273002 0.000641 0.010276 0.185778 -0.305313 1.231754 6.244175 8.509717 -9.474316 -9.836120 -10.300415
-0.454115 6.315044 0.000548 0.008699 0.168099 -0.303614 1.727619 6.400072 8.318582 -5.001861 -9.781405 -9.722835
-0.454873 6.322105 0.000469 0.007914 0.152102 -0.286211 2.002546 6.634011 8.493214 -4.119853 -9.220724 -9.128732
-0.449410 6.342112 0.000454 0.008527 0.137628 -0.267113 2.017018 6.508035 8.677545 -6.960120 -8.605469 -8.919514
-0.436295 6.438337 0.000521 0.008876 0.139989 -0.260248 1.973401 6.511423 8.582469 -7.519004 -8.384312 -8.780423
-0.418284 6.601275 0.000497 0.007853 0.139989 -0.255637 1.999843 6.740918 8.452111 -7.495621 -8.235733 -8.630034
-0.388124 6.950072 0.000416 0.005954 0.139989 -0.250574 2.084784 7.175353 8.359864 -9.323594 -8.072637 -8.762828
-0.385769 7.046165 0.000298 0.005207 0.139989 -0.256535 2.169397 6.844853 8.130534 -7.510358 -8.264667 -8.604357
-0.406531 6.800514 0.000318 0.005272 0.139989 -0.253504 2.149864 6.824111 8.056601 -10.565819 -8.167036 -8.940783
-0.406862 6.719297 0.000304 0.005301 0.139989 -0.264962 2.015196 6.447602 7.735025 -15.362822 -8.536163 -9.911572
-0.389013 6.924992 0.000315 0.003211 0.139989 -0.299742 2.135419 6.772320 7.119436 -8.665448 -9.656657 -9.734021
-0.392210 6.950232 0.000105 0.000671 0.139989 -0.295087 2.456363 7.170182 7.180136 -3.571056 -9.506682 -8.820272
-0.412888 6.765559 0.000028 0.001643 0.139989 -0.269622 2.615619 6.906671 7.603488 -0.149923 -8.686302 -7.674578
-0.417230 6.732389 0.000178 0.003453 0.139989 -0.233937 2.532854 7.261435 8.184850 -0.600346 -7.536660 -6.788267
-0.404803 6.863137 0.000227 0.005239 0.139989 -0.203373 2.230983 7.087671 8.595851 -5.830845 -6.551990 -6.728712
-0.380769 7.151771 0.000355 0.005724 0.126667 -0.201281 1.859899 7.259522 8.507915 -6.103846 -6.484566 -6.707849
-0.358347 7.449364 0.000297 0.004196 0.114613 -0.200955 1.569049 7.631051 8.431873 -4.971495 -6.474071 -6.483232
-0.347243 7.625554 0.000197 0.003196 0.103706 -0.193912 1.291452 7.738820 8.468906 -3.624842 -6.247173 -6.040932
-0.339068 7.689434 0.000181 0.003090 0.093837 -0.179105 0.936482 7.855276 8.596310 -5.479170 -5.770158 -6.045072
-0.320315 7.804363 0.000182 0.003139 0.084908 -0.177860 0.458049 7.786419 8.539902 -7.839535 -5.730033 -6.542849
-0.298655 7.996198 0.000184 0.002155 0.076828 -0.194623 0.308356 7.998828 8.320340 -6.576481 -6.270081 -6.564721
-0.291304 8.123747 0.000087 0.000779 0.069516 -0.195134 1.215890 8.199688 8.276687 -5.000489 -6.286553 -6.124459
-0.295901 8.141539 0.000032 0.000536 0.062901 -0.183289 1.401863 8.195730 8.363882 -5.063312 -5.904957 -5.869284
-0.290525 8.228269 0.000051 0.000538 0.056915 -0.176624 1.417942 8.320209 8.416228 -4.644629 -5.690207 -5.599897
-0.277186 8.335405 0.000034 0.000320 0.051499 -0.167602 1.340195 8.429441 8.490024 -5.110081 -5.399572 -5.544324
-0.258916 8.443613 0.000025 0.000184 0.046598 -0.163610 1.217853 8.477621 8.508052 -7.151316 -5.270946 -6.177024
-0.248733 8.556490 0.000017 -0.000192 0.042164 -0.183927 1.195130 8.472337 8.365647 -6.726872 -5.925490 -6.374346
-0.249663 8.621610 -0.000014 -0.001015 0.038151 -0.191870 1.282671 8.678274 8.328488 -5.652211 -6.181403 -6.106508
-0.249283 8.676783 -0.000069 -0.001381 0.034521 -0.185963 1.309681 8.717030 8.404758 -5.723795 -5.991086 -6.018364
-0.245982 8.708441 -0.000062 -0.001204 0.031236 -0.184849 1.257595 8.722501 8.456057 -5.524947 -5.955192 -5.918114
-0.209846 9.061915 -0.000053 -0.002401 0.028263 -0.179308 1.165868 9.367138 8.550335 -5.783257 -5.776700 -5.975276
-0.211676 9.026951 -0.000176 -0.001889 0.047312 -0.178965 1.084691 8.754289 8.597483 -6.245258 -5.765651 -6.204094
-0.242000 8.732858 -0.000031 -0.000537 0.047312 -0.185292 1.080212 8.678156 8.573463 -6.035562 -5.969468 -6.221301
-0.242235 8.798790 -0.000020 -0.000893 0.047312 -0.188182 1.090705 8.890121 8.590820 -5.128095 -6.062592 -5.905308
-0.233335 8.881064 -0.000063 -0.001150 0.047312 -0.178904 1.004210 8.946997 8.693024 -6.284775 -5.763658 -6.237973
-0.218417 8.952043 -0.000054 -0.001027 0.047312 -0.188870 0.824790 8.915273 8.678118 -8.004157 -6.084740 -7.228477
-0.204643 9.024069 -0.000051 -0.001371 0.047312 -0.220956 0.801167 8.960799 8.562406 -8.742148 -7.118435 -8.039418
-0.192392 9.091021 -0.000087 -0.002095 0.047312 -0.245878 1.051715 9.068048 8.488117 -9.392627 -7.921334 -8.699539
-0.194804 9.083850 -0.000128 -0.002361 0.047312 -0.265177 1.384194 8.981277 8.432476 -8.937306 -8.543097 -8.603921
-0.204434 9.048146 -0.000122 -0.002440 0.047312 -0.266448 1.625657 9.070772 8.463173 -7.967618 -8.584051 -8.067017
-0.180055 9.347879 -0.000135 -0.003507 0.047312 -0.249346 1.681170 9.617837 8.599915 -7.939040 -8.033078 -7.922868
-0.197257 9.214311 -0.000227 -0.002435 0.061013 -0.249241 1.595991 8.898855 8.668719 -7.344276 -8.029698 -7.566682
-0.241044 8.818892 -0.000053 -0.000595 0.061013 -0.245122 1.423717 8.808596 8.737411 -5.833342 -7.896974 -6.903982
-0.248702 8.831896 -0.000018 -0.000375 0.061013 -0.227902 1.098659 9.012135 8.908459 -5.411851 -7.342228 -6.446079
-0.250282 8.869675 -0.000025 0.000154 0.061013 -0.214847 0.506779 8.906871 9.055746 -6.255387 -6.921620 -6.529419
-0.246310 8.906723 0.000031 0.000591 0.061013 -0.216392 -0.946861 8.958777 9.093015 -8.027821 -6.971399 -7.247616
-0.246438 8.926260 0.000028 0.000661 0.061013 -0.237529 -0.146034 8.817520 8.993613 -7.844442 -7.652372 -7.590530
-0.230363 9.180198 0.000038 -0.000740 0.061013 -0.249901 3.210346 9.455299 8.997231 -7.581269 -8.050951 -7.709346
-0.239401 9.137029 -0.000103 -0.000554 0.061013 -0.252871 2.766418 8.919194 9.047991 -7.958787 -8.146638 -7.931994
-0.262891 8.890660 0.000027 0.000624 0.061013 -0.258343 2.369416 8.882544 9.046968 -7.569739 -8.322921 -7.935105
-0.254591 8.990186 0.000035 0.000225 0.061013 -0.256937 2.015175 9.135280 9.100270 -7.930439 -8.277639 -8.048725
-0.247412 9.074064 -0.000009 0.000104 0.061013 -0.258676 1.711242 9.052279 9.124838 -8.332303 -8.333658 -8.242360
-0.245249 9.106054 0.000015 0.000074 0.055207 -0.263082 1.476868 9.149180 9.123066 -8.584821 -8.475584 -8.429845
-0.247891 9.071907 -0.000006 0.000203 0.049953 -0.267500 1.316977 9.001534 9.109396 -9.179102 -8.617927 -8.739248
-0.252330 9.014855 0.000023 0.000375 0.045199 -0.275832 1.207149 8.981567 9.055997 -9.334166 -8.886371 -8.961977
-0.250747 9.040085 0.000016 0.000063 0.040898 -0.282266 1.135275 9.051833 9.019340 -8.924476 -9.093648 -8.945726
-0.249824 9.042399 -0.000008 -0.000091 0.037006 -0.281037 1.058613 9.048100 9.034893 -9.610396 -9.054053 -9.173965
-0.254126 9.014727 -0.000003 0.000080 0.033485 -0.287748 0.974625 8.944462 8.989310 -9.987587 -9.270255 -9.440233
-0.256727 9.005294 0.000010 -0.000063 0.030298 -0.296791 0.897057 8.997786 8.934735 -11.048085 -9.561601 -9.983953
-0.257830 8.982629 -0.000014 -0.000190 0.027415 -0.314168 0.791901 8.854100 8.823120 -12.142625 -10.121403 -10.703367
-0.261205 8.942944 -0.000007 -0.000475 0.024806 -0.336579 0.703882 8.855741 8.676824 -12.089272 -10.843424 -11.143798
-0.266755 8.877688 -0.000040 -0.000796 0.022445 -0.349939 0.625368 8.797686 8.599350 -12.045173 -11.273828 -11.410965
-0.269223 8.807722 -0.000044 -0.000826 0.020309 -0.357843 0.540847 8.755348 8.559784 -13.067478 -11.528473 -11.896707
-0.268435 8.743880 -0.000044 -0.000730 0.018377 -0.372006 0.460715 8.614188 8.457676 -14.658409 -11.984748 -12.691707
-0.271440 8.647482 -0.000035 -0.000752 0.016628 -0.395547 0.487696 8.464746 8.267287 -15.268564 -12.743162 -13.370613
-0.275785 8.546146 -0.000045 -0.001105 0.015046 -0.415735 0.615965 8.413505 8.097412 -15.392114 -13.393542 -13.832383
-0.287622 8.420657 -0.000071 -0.001281 0.019122 -0.429437 0.750039 8.269873 7.973231 -12.676437 -13.834990 -13.379874
-0.308177 8.238943 -0.000067 -0.001053 0.019122 -0.418264 0.892179 8.304923 8.090527 -9.314381 -13.475019 -12.323815
-0.327891 8.027955 -0.000049 0.000248 0.019122 -0.389369 0.907052 8.132194 8.410083 -10.085029 -12.544121 -11.806040
-0.342061 7.890901 0.000060 0.002058 0.019122 -0.374501 0.822597 7.890435 8.550733 -11.698097 -12.065135 -11.765343
-0.349579 7.864540 0.000145 0.002720 0.039106 -0.373860 0.684946 7.872566 8.510856 -11.215078 -12.044498 -11.674364
-0.351210 7.888469 0.000141 0.002467 0.039106 -0.371339 0.333723 7.966141 8.513568 -11.186494 -11.963255 -11.620241
-0.352344 7.895722 0.000122 0.002449 0.039106 -0.369325 -0.508806 7.900214 8.512610 -10.649468 -11.898368 -11.487331
-0.356326 7.861379 0.000137 0.002581 0.039106 -0.364780 0.130736 7.928111 8.545287 -9.594386 -11.751952 -11.202032
-0.359486 7.834298 0.000138 0.002818 0.039106 -0.354390 -2.307175 7.928204 8.643144 -9.951108 -11.417230 -11.011788
-0.357843 7.834566 0.000161 0.003205 0.043206 -0.347413 -1.937611 7.874465 8.677096 -11.437294 -11.192461 -11.102477
-0.355567 7.849502 0.000181 0.003280 0.048590 -0.349427 -1.576049 7.810358 8.575164 -10.737635 -11.257344 -11.037390
-0.355373 7.859891 0.000173 0.002835 0.048590 -0.346746 -1.251258 7.940215 8.544334 -9.459355 -11.170957 -10.752167
-0.354927 7.849781 0.000138 0.002753 0.048590 -0.336942 -0.964301 7.911467 8.608912 -10.221511 -10.855113 -10.646427
-0.355031 7.815892 0.000159 0.003143 0.048590 -0.332874 -0.713977 7.789048 8.579226 -10.601198 -10.724058 -10.615729
-0.351029 7.814961 0.000180 0.003029 0.048590 -0.331052 -0.529524 7.845312 8.512421 -11.752941 -10.665366 -10.782787
-0.345573 7.842350 0.000153 0.002656 0.048590 -0.335833 -0.477185 7.754815 8.360247 -11.938496 -10.819370 -10.937161
-0.342265 7.865077 0.000139 0.001963 0.048590 -0.340522 -0.627619 7.865650 8.223093 -11.180186 -10.970452 -10.907082
-0.339326 7.885511 0.000085 0.001338 0.048590 -0.339414 -0.780951 7.884976 8.172911 -10.587307 -10.934755 -10.764766
-0.338365 7.873871 0.000069 0.001185 0.048590 -0.334780 -0.874439 7.892195 8.170215 -10.078868 -10.785472 -10.552297
-0.336254 7.861194 0.000067 0.001225 0.048590 -0.327632 -0.917629 7.891727 8.194646 -10.547290 -10.555164 -10.474190
-0.333189 7.866042 0.000072 0.001303 0.048590 -0.324832 -0.940667 7.846110 8.162402 -10.833135 -10.464969 -10.465499
-0.331449 7.875591 0.000075 0.001137 0.043966 -0.324606 -0.967706 7.870345 8.104891 -10.945401 -10.457699 -10.483182
-0.330288 7.883642 0.000057 0.000877 0.039782 -0.325551 -0.965173 7.856088 8.044575 -11.065062 -10.488125 -10.531185
-0.328616 7.874812 0.000046 0.000673 0.035997 -0.327408 -0.918854 7.844611 7.982419 -12.230886 -10.547977 -10.825105
-0.327896 7.849506 0.000035 0.000527 0.032571 -0.336947 -0.853140 7.721635 7.837342 -11.867075 -10.855272 -10.974677
-0.326361 7.841672 0.000030 -0.000017 0.029471 -0.341748 -0.815266 7.858469 7.758542 -10.805443 -11.009941 -10.858385
-0.327606 7.816929 -0.000019 -0.000231 0.026667 -0.337958 -0.783331 7.799712 7.780395 -9.669163 -10.887840 -10.523700
-0.331814 7.773076 -0.000001 0.000029 0.024129 -0.327701 -0.747415 7.847201 7.875096 -8.000496 -10.557404 -9.928066
-0.332342 7.760621 0.000009 0.000454 0.021833 -0.308752 -0.667224 7.891585 8.063876 -8.110123 -9.946918 -9.499225
-0.328966 7.782394 0.000041 0.001116 0.019755 -0.294663 -0.543531 7.838878 8.179564 -8.558252 -9.493038 -9.261009
-0.322573 7.844001 0.000078 0.001330 0.021012 -0.286656 -0.399813 7.921301 8.219210 -9.067611 -9.235082 -9.186318
-0.314951 7.927989 0.000069 0.001154 0.021012 -0.284300 -0.232843 7.946455 8.203202 -9.401443 -9.159181 -9.209257
-0.310954 7.983754 0.000060 0.000870 0.021012 -0.285435 -0.045390 7.994622 8.162286 -8.559993 -9.195730 -9.031500
-0.308538 8.007831 0.000040 0.000612 0.021012 -0.280135 0.567454 8.068182 8.196624 -8.528436 -9.024993 -8.902722
-0.304723 8.034873 0.000031 0.000641 0.021012 -0.275766 0.459641 8.047110 8.219334 -9.139308 -8.884240 -8.957200
-0.301380 8.067216 0.000041 0.000603 0.021012 -0.277512 0.396330 8.063328 8.184148 -9.024946 -8.940491 -8.965989
-0.296535 8.117857 0.000029 0.000263 0.021012 -0.277806 0.395919 8.154867 8.170905 -9.021242 -8.949964 -8.970736
-0.293270 8.172183 0.000006 -0.000005 0.021012 -0.278193 0.437864 8.180454 8.165451 -8.069181 -8.962419 -8.719947
-0.292515 8.203914 -0.000001 -0.000152 0.021012 -0.270680 0.467059 8.292630 8.239246 -8.407482 -8.720394 -8.647632
-0.291480 8.218548 -0.000010 0.000082 0.021012 -0.268755 0.431501 8.183786 8.261680 -8.904698 -8.658373 -8.742527
-0.289581 8.233183 0.000019 0.000113 0.021012 -0.271876 0.375905 8.253412 8.239541 -8.627577 -8.758921 -8.733980
-0.284309 8.284760 -0.000001 -0.000179 0.019012 -0.271260 0.310261 8.320124 8.254348 -9.003071 -8.739049 -8.829556
-0.282353 8.317829 -0.000013 -0.000252 0.017203 -0.274190 0.262516 8.295317 8.240021 -8.607263 -8.833475 -8.776205
-0.283705 8.313727 -0.000011 -0.000292 0.015566 -0.272673 0.221793 8.346170 8.265106 -8.317850 -8.784600 -8.660429
-0.284918 8.295744 -0.000017 -0.000121 0.014085 -0.268899 0.120245 8.291954 8.304720 -8.530088 -8.663006 -8.640605
-0.286225 8.273888 0.000004 0.000122 0.012744 -0.268016 -0.129640 8.269843 8.312046 -9.077981 -8.634570 -8.777348
-0.285954 8.268188 0.000010 0.000174 0.011532 -0.272266 0.118849 8.232141 8.272937 -9.487120 -8.771470 -8.985200
-0.283589 8.287469 0.000010 -0.000058 0.010434 -0.278825 -0.079975 8.275691 8.218349 -9.540966 -8.982777 -9.140561
-0.282410 8.311327 -0.000012 -0.000369 0.009441 -0.283877 0.068163 8.296126 8.183935 -8.728357 -9.145554 -9.010291
-0.284288 8.296905 -0.000024 -0.000448 0.008543 -0.279994 -0.001795 8.330199 8.227902 -8.603863 -9.020443 -8.891799
-0.288130 8.262202 -0.000022 -0.000136 0.007730 -0.276690 1.127278 8.240426 8.263954 -8.719166 -8.914008 -8.853720
-0.292075 8.238564 0.000006 0.000101 0.006994 -0.275897 1.011295 8.252333 8.276673 -8.636411 -8.888456 -8.815458
-0.293944 8.244237 0.000006 0.000129 0.006329 -0.275109 0.905318 8.257498 8.293167 -9.448686 -8.863074 -9.018073
-0.295750 8.255489 0.000008 0.000149 0.005726 -0.282168 0.808890 8.208024 8.243541 -9.971330 -9.090493 -9.315973
-0.298437 8.249029 0.000008 -0.000022 0.005181 -0.292033 0.721277 8.212856 8.175112 -10.253556 -9.408306 -9.613859
-0.301658 8.233655 -0.000008 -0.000232 0.004688 -0.301626 0.643404 8.184105 8.114776 -10.272955 -9.717339 -9.840104
-0.307123 8.190019 -0.000015 -0.000298 0.004242 -0.308647 0.574719 8.151241 8.078791 -9.724804 -9.943558 -9.872663
-0.313569 8.145687 -0.000016 -0.000265 0.004285 -0.309569 0.513583 8.158375 8.102611 -8.698598 -9.973237 -9.661007
-0.320720 8.099203 -0.000012 0.000014 0.004285 -0.303090 0.454481 8.151681 8.202085 -8.124386 -9.764514 -9.386566
-0.326834 8.055729 0.000011 0.000580 0.004285 -0.294532 0.387932 8.107403 8.315886 -8.336774 -9.488797 -9.232101
-0.328871 8.042092 0.000046 0.001085 0.012449 -0.289346 0.309792 8.080057 8.378720 -9.737723 -9.321721 -9.404418
-0.327424 8.055150 0.000067 0.001283 0.017888 -0.294397 0.105340 8.002648 8.313786 -11.560631 -9.484470 -9.912876
-0.325533 8.081681 0.000070 0.000920 0.018712 -0.310313 -0.535760 7.982325 8.127995 -11.500632 -9.997226 -10.283256
-0.326957 8.070478 0.000033 0.000228 0.018712 -0.321793 -0.395848 8.023270 8.004513 -11.204076 -10.367054 -10.498885
-0.331059 8.017094 -0.000003 -0.000050 0.018712 -0.328186 -0.276608 7.946608 7.940226 -11.530659 -10.573024 -10.723408
-0.337518 7.930114 -0.000001 0.000040 0.018712 -0.334757 -0.192725 7.841928 7.864223 -11.331277 -10.784735 -10.846436
-0.341924 7.865284 0.000006 -0.000004 0.018712 -0.338197 -0.193511 7.841169 7.821530 -10.565830 -10.895531 -10.784719
-0.342579 7.846228 -0.000004 -0.000098 0.018712 -0.335765 -0.285643 7.876093 7.849819 -9.985246 -10.817194 -10.614695
-0.343873 7.816579 -0.000005 0.000132 0.018712 -0.329932 -0.360087 7.834117 7.911643 -10.301630 -10.629275 -10.533225
-0.346071 7.769004 0.000018 0.000565 0.018712 -0.327000 -0.411341 7.742571 7.923037 -10.817038 -10.534810 -10.559240
-0.346097 7.757951 0.000041 0.000654 0.018712 -0.327609 -0.455626 7.748153 7.884427 -10.061900 -10.554423 -10.430266
-0.345108 7.762526 0.000031 0.000483 0.018712 -0.323380 -0.487239 7.812594 7.910806 -10.491948 -10.418200 -10.408426
-0.349123 7.710051 0.000023 0.000796 0.018712 -0.322752 -0.484599 7.622241 7.884955 -11.238547 -10.397962 -10.532275
-0.354908 7.649257 0.000059 0.000934 0.016931 -0.326892 -0.478464 7.605045 7.795561 -11.018830 -10.531350 -10.595338
-0.356126 7.643743 0.000043 0.000602 0.015320 -0.329259 -0.455967 7.636527 7.742205 -11.389806 -10.607584 -10.721462
-0.356709 7.644072 0.000025 0.000389 0.013862 -0.333640 -0.422104 7.588854 7.671137 -11.582226 -10.748750 -10.866372
-0.359511 7.616625 0.000019 0.000216 0.012543 -0.338475 -0.381804 7.573572 7.600417 -11.792726 -10.904496 -11.026150
-0.364439 7.562680 0.000007 0.000150 0.011349 -0.343626 -0.338749 7.484409 7.527088 -12.040256 -11.070452 -11.200271
-0.370422 7.489376 0.000010 0.000149 0.010269 -0.349101 -0.296043 7.417405 7.447373 -12.514957 -11.246848 -11.419905
-0.376919 7.413780 0.000008 0.000133 0.009292 -0.355901 -0.260201 7.311577 7.344710 -12.253136 -11.465908 -11.553797
-0.381763 7.353924 0.000008 -0.000037 0.008408 -0.360075 -0.244332 7.326156 7.283984 -12.366948 -11.600387 -11.680867
-0.388778 7.274172 -0.000009 0.000039 0.007608 -0.363924 -0.242526 7.172556 7.222975 -10.774950 -11.724381 -11.543065
-0.396273 7.183821 0.000012 0.000155 0.006884 -0.359559 -0.250509 7.267181 7.293408 -11.061933 -11.583748 -11.472950
-0.402203 7.107647 0.000007 0.000736 0.006229 -0.357176 -0.234090 7.020882 7.315694 -13.234946 -11.506969 -11.717756
-0.405563 7.063508 0.000066 0.001000 0.017770 -0.364929 -0.221761 6.962294 7.155161 -13.406646 -11.756753 -11.946700
-0.409280 7.012967 0.000044 0.000564 0.017770 -0.372100 -0.218449 6.924306 7.011741 -12.936317 -11.987779 -12.073310
-0.418409 6.907103 0.000020 0.000415 0.017770 -0.375960 -0.244332 6.819062 6.926998 -12.192391 -12.112130 -12.080658
-0.429750 6.774345 0.000025 0.000605 0.017770 -0.376156 -0.256725 6.732286 6.905448 -12.486764 -12.118449 -12.123980
-0.440484 6.648413 0.000039 0.001019 0.017770 -0.377486 -0.242675 6.552473 6.850902 -11.250824 -12.161310 -12.016584
-0.447186 6.574943 0.000067 0.001094 0.018110 -0.374098 -0.206915 6.664219 6.894605 -9.457886 -12.052162 -11.722889
-0.452068 6.531767 0.000052 0.001438 0.018110 -0.364822 -0.151918 6.628960 7.061475 -8.200118 -11.753299 -11.333268
-0.453578 6.523708 0.000097 0.002132 0.026198 -0.352350 -0.019555 6.717751 7.285943 -8.217363 -11.351510 -10.997613
-0.449783 6.566449 0.000128 0.002852 0.034380 -0.341902 2.679491 6.690838 7.459424 -8.541094 -11.014919 -10.751832
-0.442148 6.645000 0.000173 0.003228 0.046453 -0.333374 2.377603 6.802051 7.571703 -10.229955 -10.740157 -10.717621
-0.431339 6.773545 0.000174 0.003164 0.046680 -0.331963 2.089202 6.790693 7.531841 -9.705916 -10.694713 -10.614851
-0.423969 6.870441 0.000168 0.002622 0.046680 -0.328461 1.835477 7.011670 7.543132 -9.912816 -10.581879 -10.546150
-0.419968 6.919029 0.000122 0.002474 0.046680 -0.326181 1.593593 6.897310 7.533115 -11.914380 -10.508415 -10.741093
-0.415734 6.965080 0.000145 0.002252 0.046680 -0.332641 1.368879 6.909197 7.366212 -12.354711 -10.716549 -10.968621
-0.399196 7.138089 0.000106 0.000904 0.046680 -0.340509 1.172267 7.192920 7.215118 -11.610444 -10.970023 -11.067587
-0.392928 7.186887 0.000009 0.000112 0.046680 -0.343431 1.016733 7.131910 7.162144 -9.195770 -11.064155 -10.785903
-0.412191 6.946797 0.000011 0.000854 0.046680 -0.334864 0.897492 6.945018 7.286920 -7.242383 -10.788152 -10.297247
-0.421525 6.826611 0.000080 0.001825 0.046680 -0.319505 0.765908 7.009550 7.518553 -6.930236 -10.293360 -9.849386
-0.415014 6.895081 0.000117 0.002471 0.046680 -0.304365 0.591847 7.066867 7.719567 -7.225416 -9.805594 -9.487053
-0.401849 7.030642 0.000149 0.002731 0.046680 -0.291709 0.350226 7.203712 7.852725 -10.266016 -9.397848 -9.585760
-0.387829 7.166790 0.000148 0.002719 0.046680 -0.295051 -0.002818 7.069268 -1899.540163 -12.758809 -9.505524 -10.050766
-0.376990 7.277994 0.000148 -7.558245 0.042237 -0.315057 0.753181 7.190215 -1709.113107 -11.424062 -10.150047 -10.346950
-0.375546 7.303344 0.000055 -6.803531 0.038218 -0.324322 0.722823 7.294081 -1537.571229 -9.883967 -10.448528 -10.334640
-0.380411 7.244622 0.000007 -6.123340 0.034581 -0.323865 0.729134 7.249265 -1383.045433 -10.846722 -10.433815 -10.481563
-0.385472 7.182438 0.000025 -5.510584 0.031290 -0.328316 0.712179 7.096643 -1244.054981 -11.001690 -10.577218 -10.624493
-0.388633 7.160139 0.000048 -4.959566 0.028313 -0.332805 0.714362 7.177696 -1118.966708 -9.398261 -10.721847 -10.499638
-0.389726 7.179685 0.000020 -4.463818 0.025618 -0.328803 0.693044 7.284925 -1006.248421 -9.275136 -10.592915 -10.382166
-0.391208 7.207899 0.000017 -4.017138 0.023180 -0.325293 0.624960 7.249472 -904.799596 -9.182738 -10.479832 -10.282206
-0.392557 7.229426 0.000044 -3.615100 0.020974 -0.322283 0.488229 7.314963 -813.495120 -9.389121 -10.382859 -10.239372
-0.392299 7.263363 0.000048 -3.253322 0.018978 -0.320893 0.272309 7.299900 -731.341453 -9.655099 -10.338062 -10.247095
-0.390571 7.309410 0.000063 -2.927864 0.017172 -0.320916 -0.116432 7.370500 -657.422885 -9.952780 -10.338803 -10.296056
-0.386102 7.354626 0.000053 -2.635045 0.015538 -0.322348 0.754454 7.372156 -590.914905 -10.431970 -10.384959 -10.409815
-0.379879 7.417376 0.000054 -2.371669 0.014521 -0.325265 0.562158 7.449871 -531.085358 -9.102577 -10.478916 -10.279601
-0.377439 7.442398 0.000032 -2.134616 0.014521 -0.320228 0.389552 7.544199 -477.124804 -8.335506 -10.316638 -10.030782
-0.377307 7.415060 0.000032 -1.920619 0.014521 -0.311313 0.212429 7.466888 -428.515678 -8.522434 -10.029420 -9.832810
-0.373213 7.417844 0.000077 -1.727953 0.020785 -0.303763 0.023937 7.496619 -384.804316 -10.028726 -9.786198 -9.885948
-0.364809 7.467073 0.000088 -1.554885 0.023781 -0.304454 -0.710510 7.424445 -345.596169 -11.911893 -9.808472 -10.225116
-0.359646 7.516423 0.000091 -1.399667 0.024513 -0.315284 -0.693722 7.425289 -310.449625 -10.765098 -10.157362 -10.287768
-0.358612 7.527871 0.000048 -1.260399 0.024513 -0.317462 -0.740587 7.562346 -278.699467 -11.590771 -10.227548 -10.487094
-0.362751 7.464082 0.000005 -1.134295 0.024513 -0.324021 -0.768741 7.278719 -250.189864 -13.121694 -10.438855 -10.917565
-0.370002 7.370424 0.000041 -1.020917 0.024513 -0.337741 -0.793115 7.233699 -224.643924 -12.958634 -10.880848 -11.234606
-0.375248 7.309616 0.000003 -0.919417 0.024513 -0.348036 -0.807917 7.207642 -201.611279 -13.391447 -11.212519 -11.566033
-0.382187 7.236053 -0.000026 -0.827829 0.024513 -0.358774 -0.811654 7.088153 -180.897174 -13.800419 -11.558460 -11.905103
-0.392227 7.135210 -0.000034 -0.745323 0.024513 -0.369592 -0.801161 6.997291 -162.269500 -13.357782 -11.906992 -12.118670
-0.400464 7.056509 -0.000049 -0.671174 0.024513 -0.376629 -0.773386 6.990273 -145.450509 -12.741430 -12.133700 -12.214520
-0.407939 6.972642 -0.000067 -0.604175 0.024513 -0.379844 -0.722014 6.910947 -130.255784 -12.915843 -12.237262 -12.324010
-0.415667 6.879826 -0.000054 -0.543578 0.024513 -0.383284 -0.657439 6.801790 -116.595362 -13.183308 -12.348106 -12.451542
-0.423015 6.810416 -0.000037 -0.489156 0.024513 -0.387267 -0.595923 6.751913 -104.320187 -11.699958 -12.476413 -12.368583
-0.426119 6.814533 -0.000037 -0.440516 0.022181 -0.384819 -0.531527 6.925431 -93.145912 -8.543921 -12.397558 -11.908933
-0.437272 6.723606 -0.000057 -0.395863 0.020070 -0.371000 -0.410372 6.863918 -82.857188 -6.956092 -11.952355 -11.351750
-0.450499 6.578651 0.000025 -0.354506 0.018160 -0.354109 -0.162375 6.741688 -73.522354 -10.273627 -11.408178 -11.265965
-0.449344 6.578001 0.000130 -0.317502 0.034983 -0.351242 0.545803 6.535896 -65.423473 -14.358647 -11.315807 -11.648711
-0.441142 6.657878 0.000179 -0.285716 0.048255 -0.363660 0.115958 6.517183 -58.453619 -15.261658 -11.715882 -12.091596
-0.435845 6.731462 0.000116 -0.258381 0.048255 -0.377595 -1.501935 6.625222 -52.212775 -13.440792 -12.164803 -12.251829
-0.442964 6.682610 0.000024 -0.233449 0.048255 -0.382601 -1.290374 6.628599 -46.423157 -11.026516 -12.326095 -12.113104
-0.458363 6.519686 0.000000 -0.209855 0.048255 -0.378482 -1.101134 6.534323 -41.027105 -10.975014 -12.193395 -11.999229
-0.469424 6.386573 0.000042 -0.187938 0.048255 -0.374894 -0.892930 6.363783 -36.190327 -12.498450 -12.077805 -12.059982
-0.471854 6.363816 0.000093 -0.168676 0.048255 -0.376701 -0.678200 6.330903 -31.967853 -12.268976 -12.136010 -12.090037
-0.469212 6.414520 0.000084 -0.152140 0.048255 -0.377620 -0.484953 6.471002 -28.140028 -11.933583 -12.165621 -12.084741
-0.468148 6.442131 0.000045 -0.137077 0.048255 -0.377419 -0.273316 6.437205 -24.663642 -13.430056 -12.159137 -12.235207
-0.471512 6.418890 0.000051 -0.123205 0.048255 -0.382226 0.021471 6.304714 -21.654912 -12.275598 -12.314011 -12.255338
-0.475388 6.376486 0.000053 -0.111111 0.048255 -0.381953 -3.202480 6.436911 -18.848764 -13.042105 -12.305199 -12.325645
-0.478506 6.329370 0.000021 -0.099801 0.048255 -0.384080 -2.852985 6.185632 -16.388657 -15.280753 -12.373732 -12.604373
-0.482967 6.281270 0.000060 -0.089859 0.043663 -0.392836 -2.539122 6.130136 -14.349309 -13.652191 -12.655822 -12.693154
-0.489285 6.220488 0.000018 -0.081535 0.039508 -0.395606 -2.261028 6.214746 -12.370353 -12.313323 -12.745057 -12.648171
-0.490228 6.221976 -0.000018 -0.073696 0.035748 -0.394167 -2.005269 6.261568 -10.477312 -12.777046 -12.698703 -12.653454
-0.501383 6.096100 -0.000019 -0.065694 0.032346 -0.394321 -1.765096 5.957591 -8.826106 -13.219935 -12.703670 -12.699106
-0.513914 5.950940 0.000045 -0.058573 0.029268 -0.395700 -1.540890 5.905191 -7.388829 -13.706526 -12.748111 -12.780743
-0.512545 5.961909 0.000044 -0.052920 0.026483 -0.398319 -1.331625 5.932232 -6.128807 -10.428413 -12.832467 -12.580551
-0.510022 5.976292 0.000018 -0.047982 0.023963 -0.391531 -1.139522 6.199799 -4.730039 -7.512128 -12.613785 -12.143945
-0.499829 6.064607 -0.000000 -0.042788 0.021682 -0.376387 -0.966226 6.355958 -3.251071 -11.917736 -12.125903 -12.115278
-0.499381 6.019439 0.000051 -0.036746 0.019619 -0.375112 -0.824652 5.766526 -2.307719 -15.270673 -12.084830 -12.380790
-0.498880 6.000061 0.000173 -0.032930 0.046478 -0.383552 -0.759182 5.937410 -1.726420 -11.484617 -12.356731 -12.270355
-0.488435 6.121493 0.000068 -0.031108 0.046478 -0.379727 -0.859476 6.337053 -0.873334 -8.025102 -12.233486 -11.835198
-0.489839 6.102778 -0.000008 -0.027652 0.046478 -0.365760 -0.966522 6.244910 0.153829 -6.304609 -11.783521 -11.284500
-0.493938 6.035106 0.000081 -0.023312 0.046478 -0.348237 -1.020200 6.296310 1.171003 -7.261171 -11.218992 -10.885106
-0.487764 6.076308 0.000153 -0.019444 0.046478 -0.334890 -1.022791 6.210237 1.971464 -10.272718 -10.789017 -10.800788
-0.471932 6.256604 0.000221 -0.016985 0.059500 -0.332068 -1.041025 6.334129 2.440409 -9.413060 -10.698085 -10.630519
-0.453757 6.487836 0.000183 -0.016043 0.059500 -0.326446 -1.114143 6.711430 2.945780 -8.593847 -10.516971 -10.382062
-0.448064 6.570115 0.000107 -0.014366 0.059500 -0.318686 -1.119346 6.607660 3.458810 -9.263076 -10.266966 -10.242496
-0.448828 6.535729 0.000150 -0.012196 0.059500 -0.314533 -1.038916 6.556796 3.845115 -11.035417 -10.133157 -10.325639
-0.443860 6.558491 0.000163 -0.010755 0.059500 -0.317317 -0.915048 6.489192 4.045798 -10.135593 -10.222871 -10.291013
-0.439039 6.604433 0.000147 -0.010142 0.059500 -0.316182 -0.858772 6.703461 4.308496 -8.141957 -10.186284 -10.017983
-0.435675 6.634894 0.000090 -0.009221 0.059500 -0.307263 -0.832385 6.740129 4.701224 -8.374988 -9.898974 -9.801738
-0.434131 6.647943 0.000107 -0.007716 0.059500 -0.300395 -0.793059 6.693535 5.015237 -8.911423 -9.677681 -9.677617
-0.428186 6.683132 0.000132 -0.006611 0.059500 -0.296413 -0.733540 6.734814 5.242031 -10.019139 -9.549398 -9.705314
-0.419408 6.739495 0.000123 -0.005936 0.059500 -0.297228 -0.693736 6.706454 5.354993 -10.117393 -9.575662 -9.733688
-0.412741 6.791575 0.000109 -0.005694 0.059500 -0.298103 -0.769673 6.817250 5.456229 -9.722039 -9.603862 -9.696226
-0.412447 6.794505 0.000067 -0.005305 0.053838 -0.297035 -0.898375 6.767054 5.580802 -9.261317 -9.569463 -9.598825
-0.416258 6.767863 0.000069 -0.004705 0.048715 -0.294456 -0.982962 6.792640 5.723639 -8.394417 -9.486349 -9.408808
-0.418343 6.739104 0.000062 -0.004025 0.044079 -0.288877 -0.977670 6.781783 5.910693 -10.403703 -9.306631 -9.524711
-0.417643 6.726711 0.000077 -0.003235 0.039884 -0.292963 -0.918631 6.596744 5.906385 -12.622639 -9.438246 -9.926096
-0.417115 6.748742 0.000090 -0.003339 0.036089 -0.306281 -0.893267 6.620976 5.741255 -9.958529 -9.867332 -9.916722
-0.417754 6.775798 0.000024 -0.004101 0.032654 -0.306509 -0.888779 6.892514 5.837568 -9.028171 -9.874670 -9.796855
-0.421675 6.760400 -0.000037 -0.003658 0.029547 -0.303207 -0.834636 6.720997 5.996139 -8.242049 -9.768297 -9.605752
-0.426231 6.733568 0.000017 -0.002923 0.026735 -0.297586 -0.739934 6.863143 6.189400 -6.587048 -9.587207 -9.245460
-0.424775 6.754919 0.000010 -0.002242 0.024191 -0.286002 -0.587134 6.903278 6.480890 -7.850977 -9.213988 -9.097455
-0.418179 6.843859 0.000050 -0.001439 0.021889 -0.281093 -0.397933 6.903059 6.623923 -6.604748 -9.055859 -8.801833
-0.407562 6.983477 0.000068 -0.001425 0.019806 -0.271111 -0.184855 7.239754 6.851821 -7.647442 -8.734253 -8.680744
-0.396516 7.115241 0.000031 -0.001044 0.017921 -0.267049 0.211266 7.100737 6.963270 -10.094235 -8.603397 -8.928455
-0.389240 7.190136 0.000075 -0.000899 0.020186 -0.275245 -0.060444 7.144910 6.869211 -11.005429 -8.867448 -9.275142
-0.384480 7.234233 0.000034 -0.001447 0.020186 -0.286690 0.550859 7.138270 6.738291 -11.755515 -9.236181 -9.683816
-0.381771 7.264166 -0.000003 -0.002084 0.020186 -0.299955 0.489967 7.167597 6.593593 -11.888142 -9.663531 -10.043313
-0.385500 7.233494 -0.000050 -0.002536 0.020186 -0.311361 0.486129 7.112006 6.483377 -10.749769 -10.030974 -10.159899
-0.393618 7.153802 -0.000070 -0.002657 0.020186 -0.315172 0.502176 7.130952 6.494132 -10.162880 -10.153745 -10.171542
-0.401215 7.066263 -0.000079 -0.002268 0.021287 -0.315639 0.491018 7.013796 6.550630 -10.768324 -10.168794 -10.269787
-0.405429 7.021693 -0.000047 -0.001867 0.021287 -0.318786 0.465443 6.981062 6.550788 -10.544992 -10.270190 -10.321138
-0.405340 7.030682 -0.000046 -0.001902 0.021287 -0.320494 0.437746 7.048858 6.577258 -10.980837 -10.325226 -10.426759
-0.406049 7.035827 -0.000060 -0.001818 0.021287 -0.323962 0.410107 6.974063 6.571775 -9.983552 -10.436948 -10.380098
-0.401561 7.093317 -0.000049 -0.002067 0.021287 -0.322475 0.382661 7.224226 6.659434 -10.453254 -10.389035 -10.408126
-0.405505 7.056064 -0.000090 -0.001572 0.024124 -0.323319 0.340148 6.916506 6.694068 -9.538590 -10.416229 -10.303910
-0.414797 6.966747 -0.000018 -0.001081 0.024124 -0.320180 0.315606 7.075667 6.790062 -7.985942 -10.315092 -10.016494
-0.415287 6.985511 -0.000035 -0.000775 0.024124 -0.310980 0.236095 7.095779 6.992000 -8.539695 -10.018703 -9.845900
-0.415203 7.015045 0.000002 -0.000091 0.024124 -0.305617 0.053111 7.066276 7.110123 -8.680467 -9.845931 -9.722357
-0.411707 7.062878 0.000033 0.000187 0.024124 -0.301321 -1.209908 7.151426 7.196664 -10.040960 -9.707525 -9.789012
-0.403070 7.133992 0.000031 0.000248 0.024124 -0.303424 -1.020194 7.093933 7.164286 -12.462923 -9.775273 -10.180755
-0.392586 7.209114 0.000034 -0.000178 0.024124 -0.316315 -0.856856 7.090793 6.958303 -14.097153 -10.190597 -10.756963
-0.385795 7.263857 -0.000012 -0.001211 0.024124 -0.335078 -0.780259 7.096391 6.682942 -10.548381 -10.795047 -10.696398
-0.372459 7.407847 -0.000076 -0.002873 0.024124 -0.332481 -0.800327 7.676329 6.774748 -7.960069 -10.711397 -10.203852
-0.380771 7.291668 -0.000187 -0.002049 0.050186 -0.316870 -0.838625 7.199391 7.041893 -8.299147 -10.208448 -9.858441
-0.401837 7.046628 -0.000024 -0.000019 0.050186 -0.306762 -0.971687 7.073931 7.191881 -5.768496 -9.882818 -9.236017
-0.400691 7.079026 0.000036 0.000447 0.050186 -0.286693 -1.015182 7.405288 7.502782 -3.696567 -9.236278 -8.417029
-0.391484 7.203488 0.000031 0.001186 0.050186 -0.259264 -0.912983 7.475856 7.906659 -4.064314 -8.352586 -7.758878
-0.375572 7.405012 0.000104 0.001988 0.050186 -0.236608 -0.660440 7.684145 8.192303 -4.466843 -7.622682 -7.240314
-0.366906 7.518647 0.000121 0.002670 0.050186 -0.219589 -0.199844 7.633377 8.372066 -4.679243 -7.074387 -6.838893
-0.359413 7.600500 0.000172 0.003058 0.050186 -0.206748 1.463073 7.761758 8.482470 -7.606828 -6.660715 -7.025947
-0.347558 7.720508 0.000168 0.003020 0.050186 -0.213199 1.087946 7.613420 8.332185 -10.305392 -6.868554 -7.687589
-0.336640 7.841152 0.000167 0.001946 0.050186 -0.236001 0.766915 7.754203 8.013948 -10.071392 -7.603148 -8.187650
-0.328612 7.936088 0.000066 0.000309 0.050186 -0.253008 0.572389 7.888311 7.812877 -9.936016 -8.151034 -8.562953
-0.328531 7.935989 -0.000009 -0.000488 0.050186 -0.265264 0.567775 7.834352 7.685409 -9.915978 -8.545903 -8.850252
-0.329330 7.912975 -0.000026 -0.000902 0.045410 -0.274595 0.708997 7.868585 7.600877 -10.668016 -8.846509 -9.231762
-0.329333 7.899181 -0.000054 -0.001182 0.041088 -0.286863 0.851323 7.781018 7.488068 -11.293448 -9.241734 -9.657373
-0.328780 7.909554 -0.000060 -0.001671 0.037178 -0.300743 0.982262 7.851716 7.369550 -10.675254 -9.688918 -9.858593
-0.330242 7.902091 -0.000103 -0.002111 0.033640 -0.307412 1.063166 7.865153 7.345565 -10.794660 -9.903751 -10.045291
-0.333947 7.860935 -0.000112 -0.002043 0.030439 -0.313541 1.079840 7.787795 7.327337 -11.540360 -10.101224 -10.348659
-0.321943 7.977850 -0.000100 -0.002579 0.027542 -0.324058 1.049810 8.017197 7.279691 -10.818985 -10.440042 -10.440602
-0.324803 7.903530 -0.000162 -0.002473 0.043544 -0.326305 1.003584 7.782922 7.312401 -10.355618 -10.512424 -10.395640
-0.340149 7.690947 -0.000104 -0.001500 0.043544 -0.324295 0.994304 7.629645 7.362535 -10.807926 -10.447660 -10.440121
-0.341553 7.669882 -0.000059 -0.001218 0.043544 -0.325341 1.002762 7.673859 7.365057 -11.089117 -10.481374 -10.523441
-0.343921 7.670207 -0.000069 -0.001210 0.043544 -0.328312 1.012604 7.619694 7.347981 -10.261413 -10.577094 -10.436580
-0.347780 7.643921 -0.000061 -0.001173 0.043544 -0.326161 0.975599 7.688023 7.402295 -10.892337 -10.507779 -10.507538
-0.355940 7.548035 -0.000064 -0.000578 0.043544 -0.328663 0.860725 7.405931 7.386755 -13.166725 -10.588404 -10.987716
-0.362345 7.470304 -0.000005 -0.000331 0.043544 -0.343769 0.720306 7.319898 7.193206 -13.865346 -11.075051 -11.492614
-0.369507 7.413681 -0.000029 -0.000874 0.043544 -0.359548 0.608723 7.270202 6.996749 -13.518347 -11.583399 -11.837008
-0.382409 7.321257 -0.000062 -0.001286 0.043544 -0.370370 0.532503 7.210578 6.877677 -12.232622 -11.932039 -11.918629
-0.397150 7.194749 -0.000075 -0.001257 0.043544 -0.373301 0.390711 7.158547 6.885846 -12.278061 -12.026473 -12.006664
-0.411040 7.055068 -0.000062 -0.000671 0.043544 -0.376074 0.042291 6.952583 6.883067 -13.406692 -12.115826 -12.235821
-0.421691 6.953694 -0.000017 -0.000280 0.039400 -0.382122 -3.739613 6.853498 6.789044 -12.191201 -12.310650 -12.246568
-0.429217 6.892943 -0.000016 -0.000412 0.035651 -0.382449 -3.325326 6.933853 6.808787 -11.783497 -12.321207 -12.209338
-0.436325 6.840991 -0.000029 -0.000128 0.032258 -0.381243 -2.947783 6.808809 6.854115 -10.941721 -12.282324 -12.081814
-0.443408 6.773459 0.000009 0.000320 0.029188 -0.377170 -2.605067 6.850160 6.951030 -11.515231 -12.151137 -12.039820
-0.447466 6.734867 0.000021 0.000857 0.026411 -0.375613 -2.289359 6.692429 6.979211 -11.971240 -12.100968 -12.051036
-0.448821 6.734382 0.000063 0.000970 0.023897 -0.375800 -2.009762 6.778104 6.964887 -11.911668 -12.106988 -12.052227
-0.451155 6.726190 0.000041 0.000946 0.021623 -0.375682 -1.758342 6.699955 6.956312 -12.860657 -12.103182 -12.154320
-0.456731 6.678987 0.000057 0.001099 0.019566 -0.378843 -1.536505 6.602896 6.869263 -13.072129 -12.205032 -12.265294
-0.459850 6.638533 0.000059 0.000915 0.017704 -0.382273 -1.335515 6.599141 6.778289 -14.864189 -12.315527 -12.547885
-0.463207 6.589122 0.000040 0.000750 0.016019 -0.391078 -1.159287 6.381524 6.559790 -13.566057 -12.599182 -12.658067
-0.468621 6.516330 0.000040 0.000172 0.014494 -0.394312 -1.015241 6.548460 6.479730 -13.564111 -12.703391 -12.748813
-0.474770 6.437556 -0.000015 0.000167 0.013115 -0.396959 -0.895885 6.281430 6.408111 -14.697125 -12.788647 -12.934460
-0.483384 6.327423 0.000029 0.000320 0.011867 -0.402648 -0.805231 6.214766 6.250592 -14.667306 -12.971937 -13.090670
-0.489565 6.245727 0.000008 0.000019 0.010738 -0.407476 -0.733558 6.137734 6.117343 -12.616092 -13.127480 -13.037078
-0.496257 6.163751 -0.000004 -0.000184 0.009716 -0.405692 -0.679341 6.224610 6.162030 -10.114816 -13.070015 -12.764612
-0.501802 6.084753 -0.000013 0.000306 0.008791 -0.396925 -0.626783 6.204285 6.385720 -12.905634 -12.787566 -12.766933
-0.505984 6.022032 0.000041 0.001442 0.010918 -0.396899 -0.575068 5.866984 6.340105 -15.694604 -12.786713 -13.008794
-0.507539 6.012570 0.000105 0.001298 0.028364 -0.404700 -0.543286 5.901325 6.079639 -15.115718 -13.038051 -13.178172
-0.505431 6.040727 0.000041 0.000154 0.028364 -0.410314 -0.557591 5.989549 5.913049 -17.558038 -13.218896 -13.548336
-0.510524 5.962160 -0.000016 -0.000195 0.028364 -0.422104 -0.541727 5.600457 5.578168 -20.508410 -13.598725 -14.131432
-0.520436 5.821525 -0.000004 -0.000965 0.028364 -0.440285 -0.549374 5.457292 5.061416 -19.033829 -14.184486 -14.522373
-0.533403 5.651604 -0.000087 -0.002339 0.028364 -0.452253 -0.599105 5.427309 4.740690 -12.154422 -14.570044 -14.321777
-0.559132 5.331427 -0.000152 -0.002342 0.040891 -0.446180 -0.659095 5.443885 4.988928 -7.330205 -14.374401 -13.806890
-0.591618 4.934884 -0.000101 0.000214 0.040891 -0.431092 -0.696919 5.079304 5.535144 -4.283653 -13.888288 -13.184098
-0.605050 4.776173 0.000100 0.003008 0.040891 -0.411630 -0.653535 5.285793 6.211372 -1.183498 -13.261298 -12.439576
-0.591086 4.925479 0.000205 0.005097 0.055129 -0.386046 -0.480199 5.583023 7.028577 -11.817081 -12.437075 -12.390717
-0.566540 5.204035 0.000321 0.007232 0.086426 -0.384329 -0.055854 4.949396 6.894674 -12.571085 -12.381752 -12.394396
-0.539174 5.511544 0.000434 0.005482 0.116638 -0.385521 4.370723 5.946437 6.741535 -14.457526 -12.420161 -12.575933
-0.521994 5.699622 0.000180 0.004130 0.116638 -0.391467 3.856756 5.342628 6.477800 -13.076379 -12.611714 -12.629170
-0.523014 5.676312 0.000256 0.003177 0.116638 -0.393046 3.413566 5.906872 6.361264 -9.921856 -12.662586 -12.412938
-0.530434 5.543730 0.000106 0.003241 0.116638 -0.385917 2.998625 5.467839 6.494133 -18.217539 -12.432934 -12.889201
-0.536263 5.457694 0.000233 0.004108 0.116638 -0.400914 2.649691 4.996593 5.937505 -14.370625 -12.916065 -13.004639
-0.539823 5.424325 0.000215 0.002034 0.116638 -0.404631 2.431614 5.652605 5.772283 -12.338612 -13.035814 -12.950775
-0.550647 5.308760 0.000033 0.001837 0.116638 -0.403071 2.261871 5.088281 5.780527 -11.483029 -12.985563 -12.843779
-0.563316 5.179001 0.000159 0.002384 0.116638 -0.399923 2.104839 5.369238 5.838036 -6.172390 -12.884160 -12.374825
-0.564374 5.164936 0.000110 0.002668 0.116638 -0.384750 1.880840 5.527083 6.296315 -9.974679 -12.395327 -12.217514
-0.556784 5.235148 0.000177 0.004206 0.116638 -0.379337 1.567575 5.191158 6.379756 -15.216137 -12.220947 -12.451556
-0.542402 5.398194 0.000270 0.003891 0.116638 -0.387212 1.275477 5.329274 6.047050 -14.774406 -12.474637 -12.640080
-0.530813 5.541517 0.000166 0.002004 0.105538 -0.393531 1.118136 5.531221 5.816406 -10.915849 -12.678220 -12.505704
-0.532260 5.527390 0.000070 0.001146 0.095495 -0.389149 1.047220 5.662334 5.925513 -7.081502 -12.537048 -12.074435
-0.542036 5.410674 0.000065 0.002041 0.086407 -0.375550 0.937848 5.636562 6.301245 -5.449517 -12.098922 -11.565333
-0.547289 5.336598 0.000154 0.003824 0.078185 -0.359125 0.705543 5.617331 6.725485 -10.809175 -11.569785 -11.512610
-0.539350 5.431454 0.000252 0.005129 0.070744 -0.357196 0.353755 5.342314 6.655644 -11.472695 -11.507627 -11.510387
-0.526230 5.613709 0.000298 0.004130 0.080225 -0.357098 -0.147818 5.833560 6.554186 -7.593523 -11.504470 -11.187663
-0.518096 5.715945 0.000168 0.003323 0.080225 -0.346909 1.770463 5.928114 6.776623 -13.013031 -11.176228 -11.362690
-0.519404 5.674930 0.000196 0.004367 0.080225 -0.352479 1.376416 5.328545 6.522616 -17.133600 -11.355664 -11.867797
-0.519165 5.647057 0.000273 0.003471 0.080225 -0.368750 1.027164 5.449406 5.982599 -18.123116 -11.879851 -12.407349
-0.519299 5.644606 0.000127 0.001340 0.080225 -0.386089 0.852730 5.311865 5.459898 -15.715679 -12.438458 -12.687549
-0.535255 5.486412 0.000041 -0.000105 0.080225 -0.394727 0.949960 5.369416 5.205915 -10.580132 -12.716758 -12.521131
-0.562724 5.177840 -0.000029 0.000111 0.080225 -0.390027 1.059100 5.191896 5.370424 -11.330302 -12.565335 -12.444046
-0.582115 4.942258 0.000046 0.001697 0.080225 -0.387695 1.063900 4.839262 5.424321 -13.540989 -12.490206 -12.528929
-0.584431 4.907502 0.000136 0.002049 0.080225 -0.390339 1.039769 4.879808 5.290354 -11.298618 -12.575384 -12.456219
-0.575960 5.010833 0.000097 0.001108 0.080225 -0.387790 1.034638 5.215634 5.362383 -9.548283 -12.493257 -12.264687
-0.572232 5.063129 0.000039 0.001186 0.080225 -0.381424 1.000175 5.171741 5.563075 -10.533240 -12.288178 -12.153523
-0.576063 5.024412 0.000092 0.002135 0.072590 -0.377831 0.911269 5.043976 5.646635 -10.985714 -12.172420 -12.083247
-0.571915 5.061661 0.000139 0.002319 0.065682 -0.375429 0.782478 5.168738 5.681067 51.413720 -12.095017 -7.652490
-0.563464 5.154059 0.000119 0.002089 0.059432 -0.226289 0.672055 10.115592 10.601642 108.079022 -7.290263 0.681881
-0.559952 5.198342 0.000114 0.021418 0.053776 0.048096 0.618877 10.298942 19.095712 31.453681 1.549476 2.902403
-0.541627 5.410838 0.001957 0.054244 0.526356 0.124163 0.433722 3.842110 20.068979 -27.068510 4.000107 0.527352
-0.488148 6.040791 0.003615 0.055605 0.972030 0.028216 -5.260436 5.366797 16.233222 -20.589780 0.909035 -1.478151
-0.412956 6.906216 0.002441 0.036970 0.972030 -0.065281 -2.862748 6.454211 13.616981 -15.682889 -2.103119 -3.309229
-0.357369 7.513778 0.001628 0.024192 0.972030 -0.145019 1.701182 7.298019 11.943249 -14.033016 -4.672000 -5.056687
-0.341671 7.590331 0.001074 0.017254 0.972030 -0.202689 -6.298575 7.091133 10.774909 -15.779875 -6.529951 -6.874000
-0.345331 7.377747 0.000861 0.013466 0.972030 -0.258072 -3.900992 6.882690 9.710845 -16.253617 -8.314187 -8.378163
-0.355373 7.145934 0.000671 0.010167 0.972030 -0.301117 -2.391929 6.734805 8.832629 -13.269365 -9.700951 -8.917583
-0.366822 6.982303 0.000508 0.007334 0.972030 -0.314850 -3.317095 6.900864 8.368159 -11.296339 -10.143389 -8.957125
-0.380596 6.831105 0.000366 0.006093 0.972030 -0.314576 -4.564281 6.685012 8.124168 -13.908627 -10.134570 -9.448479
-0.394231 6.703924 0.000358 0.005630 0.972030 -0.328841 -4.994079 6.423514 7.686603 -13.851951 -10.594137 -9.859553
-0.401168 6.628859 0.000316 0.004193 0.972030 -0.341382 -4.614568 6.538021 7.325714 -13.155175 -10.998150 -10.131456
-0.406968 6.539425 0.000209 0.003117 0.972030 -0.349384 -2.927098 6.371636 7.078171 -15.647327 -11.255946 -10.761353
-0.413928 6.439692 0.000188 0.002531 0.879530 -0.368897 1.038771 6.150255 6.670441 -20.715460 -11.884595 -12.051233
-0.424354 6.319926 0.000145 0.001389 0.795831 -0.404742 -9.953788 5.764131 5.943857 -25.140360 -13.039386 -13.645372
-0.443931 6.114800 0.000067 -0.000678 0.720098 -0.451322 -8.042161 5.447726 5.013342 -23.730153 -14.540039 -14.753949
-0.487495 5.717341 -0.000072 -0.002791 0.651572 -0.480240 -6.439057 5.213369 4.364077 -15.094894 -15.471671 -14.699577
-0.548874 5.136252 -0.000166 -0.003061 0.589566 -0.478728 -5.007346 5.104064 4.470800 -1.762511 -15.422977 -13.640383
-0.602782 4.573193 -0.000122 -0.000406 0.533462 -0.450123 -3.125829 5.218228 5.550770 -5.747476 -14.501430 -13.120894
-0.628762 4.292441 0.000090 0.004988 0.482696 -0.434186 -0.144731 4.237321 6.110447 -13.825626 -13.987976 -13.181436
-0.617490 4.424495 0.000431 0.006683 0.436761 -0.448689 55.366214 4.586948 5.954565 -18.081720 -14.455212 -13.919384
-0.587809 4.803943 0.000319 0.004561 0.395198 -0.470085 49.716980 4.693552 5.555516 -11.811264 -15.144510 -14.166835
-0.594653 4.794013 0.000207 0.003018 0.357590 -0.475274 44.657831 5.135404 5.740388 -2.043340 -15.311693 -13.738172
-0.631422 4.422091 0.000149 0.005225 0.323561 -0.461830 40.104495 4.890466 6.647583 -2.300904 -14.878583 -13.419036
-0.652440 4.227549 0.000404 0.009593 0.292770 -0.450398 35.989536 4.682155 7.390519 -0.456048 -14.510261 -13.043102
-0.646674 4.349892 0.000616 0.012052 0.264909 -0.435506 32.275720 5.184647 8.187022 -0.038866 -14.030501 -12.636494
-0.622086 4.698156 0.000683 0.013829 0.239700 -0.418402 28.926691 5.404628 8.933799 -6.083191 -13.479480 -12.522565
-0.597618 5.040949 0.000801 0.015430 0.216889 -0.411750 25.908193 5.329198 9.123707 -11.903274 -13.265160 -12.718520
-0.574750 5.363969 0.000862 0.014903 0.231779 -0.416181 23.197419 5.498432 8.854380 -11.534088 -13.407928 -12.854093
-0.557960 5.608916 0.000767 0.012864 0.231779 -0.418686 20.746986 5.844041 8.676572 -10.773107 -13.488626 -12.903546
-0.554000 5.657535 0.000652 0.011967 0.231779 -0.418475 18.535236 5.720979 8.587316 -18.381772 -13.481812 -13.453547
-0.559248 5.590860 0.000660 0.011877 0.231779 -0.434408 16.546057 5.103057 7.903962 -13.294946 -13.995133 -13.586499
-0.567361 5.517611 0.000647 0.009459 0.231779 -0.437286 14.794930 5.904086 7.720158 -1.412281 -14.087848 -12.909856
-0.581033 5.359728 0.000429 0.009356 0.231779 -0.415293 13.249448 5.916848 8.476720 -4.123021 -13.379312 -12.471506
-0.595609 5.171926 0.000593 0.013100 0.231779 -0.400697 11.861931 5.300836 8.871087 -3.062940 -12.909083 -12.009350
-0.587586 5.231687 0.000818 0.014426 0.231779 -0.383776 10.627356 5.947406 9.278184 -12.672942 -12.363957 -12.134069
-0.559561 5.529607 0.000766 0.014859 0.231779 -0.386677 9.539790 5.171171 8.879130 -18.300728 -12.457415 -12.619184
-0.530524 5.872407 0.000851 0.011918 0.231779 -0.402858 8.633265 5.975814 8.120877 -11.025308 -12.978702 -12.533899
-0.521491 5.961929 0.000505 0.008558 0.231779 -0.398923 7.876789 6.103788 8.057949 -11.411129 -12.851930 -12.469217
-0.542541 5.677593 0.000462 0.009435 0.209722 -0.396421 7.205501 5.449465 7.932741 -7.532089 -12.771312 -12.125659
-0.563244 5.404894 0.000579 0.010020 0.189765 -0.385576 6.598655 5.779513 8.090232 -3.538947 -12.421918 -11.556031
-0.561530 5.397115 0.000541 0.010675 0.171706 -0.366167 6.015375 5.786809 8.516533 -14.257024 -11.796649 -11.762321
-0.550995 5.521636 0.000633 0.011871 0.170341 -0.372570 5.468561 5.116830 8.024375 -13.974338 -12.002925 -11.934815
-0.534829 5.716165 0.000673 0.009149 0.181020 -0.378086 5.003305 6.041254 7.639175 -11.497823 -12.180628 -11.911565
-0.521281 5.833674 0.000383 0.007157 0.181020 -0.376687 4.573195 5.721080 7.512095 -17.859701 -12.135557 -12.402519
-0.522287 5.756991 0.000425 0.006957 0.181020 -0.392137 4.202934 5.337471 6.888335 -17.714232 -12.633301 -12.834641
-0.525297 5.662432 0.000371 0.004859 0.181020 -0.405513 3.976290 5.524522 6.367864 -16.560191 -13.064223 -13.125760
-0.534818 5.556146 0.000213 0.003217 0.181020 -0.414286 3.923549 5.307682 6.012928 -5.528034 -13.346886 -12.509888
-0.551174 5.400381 0.000181 0.002428 0.181020 -0.395675 3.949665 6.086824 6.563956 2.934937 -12.747294 -11.368426
-0.562535 5.268658 0.000129 0.005134 0.181020 -0.360013 3.811337 5.842177 7.662479 -3.990754 -11.598394 -10.858110
-0.557174 5.308639 0.000425 0.009330 0.181020 -0.342667 3.511996 5.477552 8.022838 -8.012973 -11.039555 -10.667386
-0.526480 5.639774 0.000586 0.009446 0.181020 -0.335044 3.152355 6.006559 8.021539 -13.731241 -10.793980 -10.928042
-0.494003 6.012274 0.000469 0.007964 0.181020 -0.344134 2.810325 5.786833 7.590600 -15.007422 -11.086818 -11.306200
-0.480342 6.185004 0.000422 0.005572 0.181020 -0.356821 2.533053 6.196523 7.143023 -8.816278 -11.495544 -11.054582
-0.482221 6.158680 0.000232 0.003902 0.163793 -0.348487 2.254735 6.338215 7.254398 -5.741588 -11.227062 -10.532740
-0.492763 6.014372 0.000224 0.004915 0.148206 -0.331855 1.904507 6.184858 7.559955 -6.809023 -10.691235 -10.180561
-0.501255 5.931163 0.000325 0.006456 0.134103 -0.320541 1.543996 6.032217 7.701086 -3.098597 -10.326733 -9.537567
-0.498219 6.011574 0.000389 0.006697 0.121341 -0.299484 1.176217 6.561085 8.098160 0.538922 -9.648358 -8.627689
-0.484781 6.207173 0.000360 0.007495 0.109794 -0.268410 0.616526 6.721795 8.706812 -2.571366 -8.647247 -8.067853
-0.467789 6.421130 0.000459 0.009060 0.123533 -0.248786 -0.576847 6.656391 8.954037 -5.223218 -8.015043 -7.799607
-0.442820 6.666447 0.000529 0.009068 0.142268 -0.239325 1.124946 6.893116 8.943902 -12.779829 -7.710216 -8.411151
-0.413113 6.944826 0.000475 0.007924 0.142268 -0.261404 0.132466 6.589200 8.347000 -17.329552 -8.421551 -9.603076
-0.397917 7.134505 0.000410 0.004806 0.142268 -0.301954 -1.820329 6.873176 7.528178 -10.065969 -9.727916 -9.618032
-0.400348 7.167896 0.000165 0.001428 0.142268 -0.302571 -1.879443 7.377198 7.465678 -4.010274 -9.747808 -8.785615
-0.413917 7.017868 0.000039 0.001775 0.142268 -0.277579 -1.938807 7.179701 7.870195 -4.754669 -8.942657 -8.230534
-0.421658 6.881173 0.000170 0.003920 0.142268 -0.259799 -1.850850 6.970306 8.099248 -6.335906 -8.369827 -7.966970
-0.407811 6.990630 0.000267 0.004394 0.142268 -0.249827 -1.763105 7.166162 8.147659 -6.862006 -8.048582 -7.781621
-0.384658 7.246729 0.000234 0.003571 0.142268 -0.242314 -1.772015 7.404102 8.150485 -8.184067 -7.806521 -7.795006
-0.367448 7.460935 0.000181 0.002733 0.142268 -0.242735 -1.854992 7.476836 8.051965 -8.869203 -7.820077 -7.923146
-0.356385 7.581631 0.000142 0.001864 0.142268 -0.247363 -1.909737 7.583312 7.922776 -8.478764 -7.969180 -7.969824
-0.348797 7.615935 0.000089 0.001216 0.142268 -0.248742 -1.893222 7.602129 7.852187 -10.498248 -8.013614 -8.389596
-0.345007 7.619967 0.000069 0.000920 0.128730 -0.262100 -1.897972 7.439669 7.634397 -10.634240 -8.443956 -8.744553
-0.347259 7.627973 0.000055 0.000025 0.116479 -0.273476 -2.032953 7.607098 7.462237 -7.584571 -8.810449 -8.441199
-0.355866 7.591311 -0.000021 -0.000512 0.105395 -0.265079 -2.115165 7.674677 7.571141 -5.946989 -8.539925 -7.940570
-0.366481 7.500263 -0.000013 0.000281 0.095365 -0.250728 -2.015588 7.563780 7.767102 -5.642944 -8.077596 -7.533700
-0.364361 7.491618 0.000054 0.001092 0.086290 -0.237469 -1.752898 7.624542 7.930208 -7.822326 -7.650432 -7.582911
-0.348902 7.622160 0.000076 0.001221 0.078078 -0.238471 -1.408323 7.606794 7.885942 -10.162221 -7.682716 -8.056290
-0.335363 7.786706 0.000070 0.000393 0.070648 -0.254440 -1.132892 7.736468 7.681852 -9.326077 -8.197171 -8.275777
-0.327830 7.910382 -0.000005 -0.000906 0.063925 -0.261954 -0.967034 7.961110 7.616302 -8.591506 -8.439245 -8.305297
-0.328915 7.927575 -0.000070 -0.001234 0.057842 -0.263293 -0.829021 7.888824 7.635506 -8.936180 -8.482386 -8.418619
-0.330850 7.885680 -0.000051 -0.000992 0.052338 -0.267036 -0.694612 7.847629 7.624988 -9.790724 -8.602982 -8.696109
-0.327868 7.879074 -0.000045 -0.001007 0.047357 -0.275400 -0.606312 7.811220 7.557386 -9.499694 -8.872439 -8.840855
-0.326968 7.893570 -0.000052 -0.001333 0.042850 -0.279332 -0.702403 7.910329 7.541885 -7.155358 -8.999114 -8.436119
-0.328466 7.894149 -0.000078 -0.001396 0.038773 -0.266139 -0.825371 8.025587 7.721493 -7.674937 -8.574089 -8.239306
-0.330504 7.885417 -0.000065 -0.000650 0.035083 -0.259902 -0.856020 7.843693 7.808297 -8.528532 -8.373146 -8.275952
-0.326461 7.909880 -0.000006 -0.000403 0.031744 -0.261063 -0.849391 7.950662 7.806287 -9.116702 -8.410561 -8.436990
-0.320062 7.962687 -0.000030 -0.000620 0.028723 -0.265793 -0.829961 7.917011 7.766630 -8.873660 -8.562936 -8.498974
-0.320430 8.000731 -0.000032 -0.000928 0.025990 -0.267713 -0.856880 8.043374 7.765708 -6.098481 -8.624785 -7.929217
-0.326582 7.979701 -0.000060 -0.000848 0.023517 -0.250647 -0.853176 8.126594 7.984938 -5.757639 -8.074986 -7.457250
-0.331990 7.958433 -0.000031 0.000105 0.021279 -0.236502 -0.771832 8.005372 8.163756 -5.809295 -7.619272 -7.135439
-0.329322 8.009083 0.000036 0.000613 0.019254 -0.226271 -0.633775 8.153788 8.290025 -6.432631 -7.289663 -7.027840
-0.320135 8.121755 0.000031 0.000667 0.017422 -0.222352 -0.437968 8.163242 8.340311 -8.743445 -7.163406 -7.452327
-0.310394 8.264004 0.000040 0.000302 0.015764 -0.236749 -0.218485 8.220883 8.208950 -9.381160 -7.627234 -7.943125
-0.303677 8.382151 -0.000002 -0.000687 0.014264 -0.253342 0.035797 8.373817 8.088923 -9.000526 -8.161806 -8.239717
-0.300976 8.448862 -0.000062 -0.001427 0.016781 -0.262890 -0.737771 8.443219 8.059238 -8.843805 -8.469407 -8.428929
-0.301573 8.463271 -0.000085 -0.001602 0.022795 -0.268813 -0.641610 8.449994 8.070322 -8.251739 -8.660220 -8.429571
-0.298278 8.484672 -0.000084 -0.001642 0.022795 -0.268097 -0.563937 8.544402 8.143745 -8.223953 -8.637153 -8.416300
-0.290444 8.535077 -0.000089 -0.001551 0.024019 -0.265963 -0.519815 8.559975 8.215235 -8.792177 -8.568428 -8.527835
-0.284594 8.590691 -0.000077 -0.001488 0.024019 -0.268050 -0.555396 8.597741 8.235259 -8.372881 -8.635658 -8.461725
-0.273966 8.688702 -0.000082 -0.001797 0.024019 -0.264551 -0.638888 8.782048 8.301181 -8.795053 -8.522937 -8.518316
-0.262972 8.773729 -0.000108 -0.001873 0.029062 -0.264982 -0.703571 8.745765 8.327127 -8.466954 -8.536801 -8.420071
-0.258143 8.806456 -0.000095 -0.001900 0.029062 -0.260568 -0.797405 8.860478 8.380530 -7.462602 -8.394603 -7.988708
-0.254477 8.810741 -0.000109 -0.001705 0.029184 -0.245430 -0.833163 8.843935 8.496534 -8.188529 -7.906901 -7.949152
-0.253633 8.804037 -0.000079 -0.001219 0.029184 -0.243788 -0.826999 8.750065 8.505231 -7.888797 -7.854007 -7.806282
-0.252376 8.836241 -0.000057 -0.001312 0.029184 -0.240027 -0.822349 8.902458 8.535607 -6.753629 -7.732830 -7.323137
-0.245993 8.894463 -0.000084 -0.001422 0.029184 -0.224619 -0.761070 8.964746 8.648173 -7.451794 -7.236447 -7.298791
-0.238922 8.937502 -0.000073 -0.001147 0.029184 -0.223897 -0.643767 8.898843 8.660242 -8.179763 -7.213203 -7.575617
-0.232959 8.977493 -0.000056 -0.001258 0.029184 -0.233139 -0.541354 8.964722 8.616277 -8.269113 -7.510924 -7.767370
-0.231198 8.986310 -0.000080 -0.001467 0.029184 -0.239464 -0.479891 8.944207 8.593908 -8.826827 -7.714717 -8.112132
-0.235998 8.950960 -0.000081 -0.001415 0.029184 -0.251159 -0.477054 8.869274 8.542525 -8.860538 -8.091469 -8.327796
-0.243468 8.898165 -0.000075 -0.001410 0.029184 -0.259492 -0.525429 8.861052 8.517865 -8.331244 -8.359928 -8.275586
-0.250286 8.847191 -0.000079 -0.001305 0.029184 -0.259544 -0.553543 8.838348 8.553043 -8.185394 -8.361604 -8.227312
-0.254395 8.822611 -0.000066 -0.001069 0.029184 -0.259181 -0.540293 8.823820 8.593799 -8.099237 -8.349923 -8.195727
-0.255888 8.824568 -0.000054 -0.000915 0.026407 -0.258799 -0.487500 8.844798 8.636507 -8.065626 -8.337627 -8.183351
-0.253470 8.880152 -0.000049 -0.000966 0.023894 -0.258720 -0.407901 8.929734 8.682171 -8.044373 -8.335064 -8.181522
-0.251101 8.960207 -0.000058 -0.001102 0.021620 -0.259242 -0.307170 9.007349 8.732738 -7.444202 -8.351896 -7.984495
-0.251340 9.005512 -0.000064 -0.001081 0.019563 -0.253767 -0.182537 9.075123 8.831096 -6.816018 -8.175503 -7.664820
-0.251936 9.025900 -0.000057 -0.000772 0.017701 -0.243708 -0.043350 9.092981 8.957036 -6.677864 -7.851420 -7.430707
-0.254460 9.040210 -0.000033 -0.000330 0.016017 -0.236202 0.058900 9.089892 9.057253 -5.951743 -7.609607 -7.042123
-0.254950 9.076669 -0.000010 -0.000077 0.014492 -0.223816 0.179289 9.195915 9.189019 -5.566268 -7.210569 -6.674740
-0.249571 9.149652 -0.000004 0.000156 0.013113 -0.210826 0.168700 9.241404 9.313845 -5.868085 -6.792087 -6.538260
-0.238926 9.246060 0.000014 0.000269 0.011865 -0.204254 0.139968 9.322141 9.379424 -6.822834 -6.580363 -6.793452
-0.225356 9.365821 0.000011 0.000054 0.010736 -0.210541 0.161370 9.381776 9.359076 -7.512422 -6.782909 -7.200346
-0.214627 9.488137 -0.000007 -0.000512 0.009715 -0.222456 0.321165 9.516099 9.314855 -6.957474 -7.166764 -7.108147
-0.211326 9.549395 -0.000046 -0.000930 0.012449 -0.218618 0.420164 9.592422 9.354698 -6.245862 -7.043114 -6.693254
-0.209175 9.571978 -0.000054 -0.000861 0.014641 -0.205100 0.493270 9.618054 9.438858 -6.527780 -6.607608 -6.640734
-0.205795 9.587849 -0.000042 -0.000591 0.014641 -0.202763 0.524941 9.569937 9.460008 -6.925982 -6.532335 -6.814306
-0.201443 9.601756 -0.000026 -0.000562 0.014641 -0.207588 0.553222 9.596385 9.443357 -7.687534 -6.687779 -7.292241
-0.195758 9.639848 -0.000036 -0.000779 0.014641 -0.222447 0.589311 9.596330 9.384717 -8.444584 -7.166494 -7.906034
-0.190310 9.691812 -0.000049 -0.001217 0.014641 -0.243095 0.651388 9.668112 9.315341 -8.755201 -7.831692 -8.314840
-0.187090 9.714736 -0.000080 -0.001583 0.021534 -0.256833 0.707378 9.679716 9.282962 -8.907013 -8.274262 -8.546438
-0.182986 9.717811 -0.000090 -0.001724 0.024213 -0.264463 0.792621 9.698738 9.276897 -9.202637 -8.520076 -8.813111
-0.180561 9.715447 -0.000096 -0.001738 0.025772 -0.271895 0.859314 9.675365 9.267302 -8.923168 -8.759511 -8.675574
-0.184354 9.682568 -0.000093 -0.001646 0.025772 -0.268529 0.926507 9.675514 9.296012 -8.000213 -8.651097 -8.025206
-0.186936 9.645545 -0.000087 -0.001385 0.025772 -0.249609 0.926458 9.672540 9.381935 -7.803266 -8.041560 -7.714603
-0.186328 9.647796 -0.000067 -0.001054 0.025772 -0.240457 0.862744 9.646661 9.427182 -7.249108 -7.746691 -7.264977
-0.183295 9.652466 -0.000052 -0.000893 0.025772 -0.225856 0.761367 9.696074 9.488675 -6.962955 -7.276304 -6.942995
-0.178291 9.646694 -0.000049 -0.000626 0.025772 -0.212616 0.594259 9.631727 9.529015 -7.324773 -6.849753 -7.103591
-0.171193 9.675741 -0.000026 -0.000582 0.025772 -0.215093 0.409589 9.673753 9.506489 -7.556539 -6.929565 -7.281119
-0.170864 9.680814 -0.000040 -0.000691 0.025772 -0.219940 0.253707 9.637365 9.474825 -7.466722 -7.085700 -7.242950
-0.175764 9.672236 -0.000039 -0.000782 0.025772 -0.222087 0.116156 9.670294 9.464728 -7.027726 -7.154888 -6.935261
-0.178181 9.688146 -0.000048 -0.000886 0.025772 -0.216961 -0.361386 9.712385 9.497028 -6.628818 -6.989741 -6.611676
-0.179408 9.684460 -0.000050 -0.000743 0.025772 -0.210371 -0.037053 9.690384 9.544035 -6.678134 -6.777437 -6.603615
-0.174366 9.711880 -0.000035 -0.000665 0.023320 -0.211379 3.738445 9.736853 9.568595 -7.224096 -6.809891 -7.015452
-0.166109 9.766301 -0.000040 -0.000784 0.021100 -0.222091 3.335799 9.757422 9.555930 -7.841607 -7.155019 -7.544603
-0.161363 9.786276 -0.000047 -0.000913 0.019092 -0.236171 2.988578 9.755594 9.525199 -8.343536 -7.608603 -8.013771
-0.158523 9.796089 -0.000053 -0.001074 0.017276 -0.249104 2.693282 9.770934 9.494736 -8.332290 -8.025288 -8.110333
-0.156692 9.798276 -0.000064 -0.001203 0.017111 -0.251143 2.439078 9.796108 9.501050 -8.100474 -8.090973 -7.963330
-0.157706 9.765333 -0.000068 -0.001048 0.018255 -0.245780 2.210874 9.739970 9.526734 -8.102332 -7.918188 -7.919662
