0.000000 -0.001094 0.000000 0.000000 0.000000 0.000000 0.000000 0.000000 0.000000 6.833940 0.000000 6.833940
0.000000 -0.001933 0.000000 0.000000 0.000000 0.000000 0.000000 0.000000 0.000000 6.834271 0.000000 6.834271
0.000000 -0.000506 0.000000 0.000000 0.000000 0.000000 0.000000 0.000000 0.000000 6.834649 0.000000 6.834649
0.000000 0.074449 0.000000 0.000000 0.000000 0.000000 0.000000 0.000000 0.000000 6.834840 0.000000 6.834840
0.000000 0.276458 0.000000 0.000000 0.000000 0.000000 0.000000 0.000000 0.000000 6.834712 0.000000 6.834712
0.000000 0.503303 0.000000 0.000000 0.000000 0.000000 0.000000 0.000000 0.000000 6.834712 0.000000 6.834712
0.000000 0.592005 0.000000 0.000000 0.000000 0.000000 0.000000 0.000000 0.000000 6.834576 0.000000 6.834576
0.000000 0.563834 0.000000 0.000000 0.000000 0.000000 0.000000 0.000000 0.000000 6.833544 0.000000 6.833544
0.000000 0.571531 0.000000 0.000000 0.000000 0.000000 0.000000 0.000000 0.000000 6.833546 0.000000 6.833546
0.000000 0.630377 0.000000 0.000000 0.000000 0.000000 0.000000 0.000000 0.000000 6.827065 0.000000 6.827065
0.000000 0.681771 0.000000 0.000000 0.000000 0.000000 0.000000 0.000000 0.000000 6.812657 0.000000 6.812657
0.000000 0.740577 0.000000 0.000000 0.000000 0.000000 0.000000 0.000000 0.000000 6.812691 0.000000 6.812691
0.000000 0.817424 0.000000 0.000000 0.000000 0.000000 0.000000 0.000000 0.000000 6.823413 0.000000 6.823413
0.000000 0.886621 0.000000 0.000000 0.000000 0.000000 0.000000 0.000000 0.000000 6.836494 0.000000 6.836494
0.000000 0.954909 0.000000 0.000000 0.000000 0.000000 0.000000 0.000000 0.000000 6.843102 0.000000 6.843102
0.430156 1.027112 0.000000 0.000000 0.000000 0.000000 0.000000 0.000000 0.000000 6.840438 0.000000 6.840438
0.291095 1.099742 0.000000 0.000000 0.000000 0.000000 0.000000 0.000000 0.000000 6.844126 0.000000 6.844126
0.192910 1.179569 0.000000 0.000000 0.000000 0.000000 0.000000 0.000000 0.000000 6.840506 0.000000 6.840506
0.130648 1.274486 0.000000 0.000000 0.000000 0.000000 0.000000 0.000000 0.000000 6.837968 0.000000 6.837968
0.083709 1.377116 0.000000 0.000000 0.000000 0.000000 0.000000 0.000000 0.000000 6.844158 0.000000 6.844158
0.055035 1.481331 0.000000 0.000000 0.000000 0.000000 0.000000 0.000000 0.000000 6.848235 0.000000 6.848235
0.051484 1.598556 0.000000 0.000000 0.000000 0.000000 0.000000 0.000000 0.000000 6.842848 0.000000 6.842848
0.066607 1.723964 0.000000 0.000000 0.000000 0.000000 0.000000 0.000000 0.000000 6.828834 0.000000 6.828834
0.083857 1.844098 0.000000 0.000000 0.000000 0.000000 0.000000 0.000000 0.000000 6.824721 0.000000 6.824721
0.101212 1.955178 0.000000 0.000000 0.000000 0.000000 0.000000 0.000000 0.000000 6.825627 0.000000 6.825627
0.119759 2.062658 0.000000 0.000000 0.000000 0.000000 0.000000 0.000000 0.000000 6.823371 0.000000 6.823371
0.125588 2.169046 0.000000 0.000000 0.000000 0.000000 0.000000 0.000000 0.000000 6.824902 0.000000 6.824902
0.122674 2.264304 0.000000 0.000000 0.000000 0.000000 0.000000 0.000000 0.000000 6.823700 0.000000 6.823700
0.121293 2.359568 0.000000 0.000000 0.000000 0.000000 0.000000 0.000000 0.000000 6.821840 0.000000 6.821840
0.117086 2.458758 0.000000 0.000000 0.000000 0.000000 0.000000 0.000000 0.000000 6.828677 0.000000 6.828677
0.113031 2.554788 0.000000 0.000000 0.000000 0.000000 0.000000 0.000000 0.000000 6.833561 0.000000 6.833561
0.106969 2.645747 0.000000 0.000000 0.000000 0.000000 0.000000 0.000000 0.000000 6.832109 0.000000 6.832109
0.094742 2.732363 0.000000 0.000000 0.000000 0.000000 0.000000 0.000000 0.000000 6.831425 0.000000 6.831425
0.084427 2.822674 0.000000 0.000000 0.000000 0.000000 0.000000 0.000000 0.000000 6.829153 0.000000 6.829153
0.077118 2.918677 0.000000 0.000000 0.000000 0.000000 0.000000 0.000000 0.000000 6.827360 0.000000 6.827360
0.070532 3.019874 0.000000 0.000000 0.000000 0.000000 0.000000 0.000000 0.000000 6.830912 0.000000 6.830912
0.067993 3.123215 0.000000 0.000000 0.000000 0.000000 0.000000 0.000000 0.000000 6.836568 0.000000 6.836568
0.067531 3.225696 0.000000 0.000000 0.000000 0.000000 0.000000 0.000000 0.000000 6.837034 0.000000 6.837034
0.063335 3.320969 0.000000 0.000000 0.000000 0.000000 0.000000 0.000000 0.000000 6.836272 0.000000 6.836272
0.061019 3.416078 0.000000 0.000000 0.000000 0.000000 0.000000 0.000000 0.000000 6.834907 0.000000 6.834907
0.060730 3.512571 0.000000 0.000000 0.000000 0.000000 0.000000 0.000000 0.000000 6.833559 0.000000 6.833559
0.054724 3.608010 0.000000 0.000000 0.000000 0.000000 0.000000 0.000000 0.000000 6.837698 0.000000 6.837698
0.072602 3.801211 0.000000 0.000000 0.000000 0.000000 0.000000 0.000000 0.000000 6.837983 0.000000 6.837983
0.060303 3.872755 0.000000 0.000000 0.000000 0.000000 0.000000 0.000000 0.000000 6.838295 0.000000 6.838295
0.024931 3.853078 0.000000 0.000000 0.000000 0.000000 0.000000 0.000000 0.000000 6.844499 0.000000 6.844499
0.022891 3.946358 0.000000 0.000000 0.000000 0.000000 0.000000 3.946358 3.946358 6.843661 0.000000 6.843661
0.024636 4.049723 0.000000 -0.000528 0.000000 0.303350 0.000000 4.646203 4.470483 6.839908 7.917565 6.839908
0.023934 4.149589 -0.000050 0.001638 0.013498 0.163916 0.000050 3.671393 -1486.932246 6.838305 4.278261 6.838305
0.022045 4.240029 0.000196 -7.610005 0.052638 0.221516 0.760865 4.887133 -1337.622823 6.838059 5.781652 6.838059
0.019926 4.329596 -0.000099 -6.848481 0.052638 0.200694 0.477500 3.962877 -1203.348271 6.838377 5.238182 6.838377
0.019785 4.428613 0.000181 -6.163733 0.052638 0.209696 0.118023 4.921338 -1082.450448 11.433838 5.473137 11.433838
0.020471 4.527348 -0.000062 -5.547251 0.052638 0.439666 -0.955820 4.659657 -973.305168 11.258587 11.475469 11.258587
0.023211 4.632814 0.000135 -4.990780 0.052638 0.361082 -0.721347 4.595057 -875.527652 11.093420 9.424377 11.093420
0.034602 4.785167 0.000135 -4.492563 0.052638 0.375813 -0.576941 5.062559 -787.371067 10.958371 9.808876 10.958371
0.046436 4.935183 0.000030 -4.043433 0.052638 0.365756 -0.476802 4.919580 -708.054143 10.810541 9.546366 10.810541
0.053248 5.061728 0.000089 -3.639295 0.052638 0.362562 -0.386050 5.270354 -636.647648 10.692141 9.463021 10.692141
0.060175 5.203981 0.000011 -3.275607 0.052638 0.357863 -0.354468 5.243160 -572.370209 10.580131 9.340359 10.580131
0.064056 5.352975 0.000043 -2.948336 0.052638 0.351953 -0.278622 5.533904 -514.504815 10.470336 9.186118 10.470336
0.064177 5.499445 -0.000015 -2.653775 0.052638 0.343445 -0.105525 5.568290 -462.407976 10.384512 8.964053 10.384512
0.063675 5.646960 0.000003 -2.388658 0.047629 0.335003 1.201105 5.816536 -415.495841 10.247708 8.743718 10.247708
0.059008 5.792584 -0.000035 -2.149991 0.043096 0.324235 0.925343 5.886335 -373.254087 10.057609 8.462653 10.057609
0.050077 5.919843 -0.000020 -1.935065 0.038995 0.310626 0.622823 6.066390 -335.216952 9.793542 8.107454 9.793542
0.043796 6.049767 -0.000035 -1.741611 0.035284 0.295516 0.273629 6.163052 -300.963697 9.489384 7.713096 9.489384
0.038935 6.184293 -0.000023 -1.567490 0.031927 0.280961 -0.204064 6.334640 -270.115543 9.221967 7.333205 9.221967
0.031831 6.303044 -0.000031 -1.410667 0.028888 0.269150 0.169529 6.419565 -242.331886 9.001096 7.024927 9.001096
0.026521 6.417554 -0.000013 -1.269461 0.026139 0.260552 -0.166754 6.564307 -217.308580 8.716246 6.800512 8.716246
0.021876 6.537800 -0.000011 -1.142371 0.023652 0.251254 0.143125 6.660418 -194.780119 8.423513 6.557817 8.423513
0.017320 6.662792 0.000003 -1.028038 0.021401 0.241324 -0.044933 6.804759 -174.495760 8.144108 6.298653 8.144108
0.015227 6.786245 0.000002 -0.925149 0.019364 0.232110 0.344339 6.909981 -156.229012 7.803083 6.058153 7.803083
0.013767 6.902193 0.000011 -0.832519 0.017522 0.222231 0.304362 7.026963 -139.784891 7.472145 5.800328 7.472145
0.012656 7.015824 0.000013 -0.749178 0.015854 0.213182 0.325153 7.132425 -124.979308 7.280173 5.564131 7.280173
0.013333 7.129425 0.000017 -0.674200 0.014346 0.208896 0.354437 7.255857 -111.639602 7.169360 5.452280 7.169360
0.013377 7.227852 0.000017 -0.606625 0.012980 0.208626 0.335300 7.334359 -99.623947 6.981814 5.445217 6.981814
0.012332 7.328161 0.000029 -0.545816 0.011745 0.206301 0.287708 7.438564 -88.813376 6.908076 5.384541 6.908076
0.012688 7.425144 0.000029 -0.491141 0.010627 0.206077 0.222754 7.528787 -79.075144 6.757825 5.378680 6.757825
0.013310 7.503672 0.000033 -0.441844 0.009616 0.205023 0.101467 7.587119 -70.313723 6.475328 5.351177 6.475328
0.012899 7.588068 0.000042 -0.397562 0.011345 0.199684 -0.040558 7.673222 -62.439149 6.357219 5.211832 6.357219
0.013817 7.681096 0.000038 -0.357850 0.011345 0.196826 0.194787 7.773385 -55.341134 6.282005 5.137237 6.282005
0.015408 7.762460 0.000030 -0.322041 0.011345 0.196029 0.107377 7.839664 -48.944831 6.092111 5.116441 6.083780
0.016083 7.841020 0.000033 -0.289799 0.011345 0.192526 -0.026135 7.915353 -43.192997 6.037438 5.025002 5.972752
0.018738 7.925902 0.000029 -0.260879 0.011345 0.191644 0.202219 8.010350 -38.005099 5.924764 5.001995 5.840563
0.020513 7.993646 0.000021 -0.234749 0.011345 0.190538 0.151253 8.049559 -33.335947 5.715441 4.973116 5.643718
0.020962 8.063865 0.000027 -0.211279 0.011345 0.186103 0.161771 8.131040 -29.140236 5.746656 4.857371 5.599455
0.023408 8.140929 0.000018 -0.190260 0.011345 0.186776 0.182098 8.215604 -25.345356 5.498784 4.874915 5.396194
0.022412 8.199320 0.000011 -0.171191 0.011345 0.181130 0.191017 8.233130 -21.944052 5.482680 4.727553 5.314984
0.024977 8.300979 0.000018 -0.154352 0.011345 0.178468 0.220137 8.411949 -18.862857 5.613043 4.658093 5.354712
0.023443 8.346621 -0.000017 -0.138860 0.011345 0.180903 0.174183 8.366052 -16.070217 5.347070 4.721650 5.160494
0.015190 8.343006 0.000017 -0.124590 0.010265 0.174809 0.075186 8.371522 -13.581941 5.347897 4.562577 5.088643
0.013473 8.387016 0.000026 -0.112116 0.009288 0.172955 -0.096321 8.458370 -11.326087 5.187092 4.514192 4.939723
0.014614 8.430292 0.000016 -0.100824 0.008405 0.169391 0.085187 8.458348 -9.299931 4.745797 4.421161 4.593519
0.013849 8.473606 0.000028 -0.090705 0.007616 0.158373 0.021015 8.510185 -7.498205 4.828619 4.133611 4.543998
0.014182 8.514084 0.000018 -0.081717 0.007616 0.158287 0.166606 8.569381 -5.844799 4.543462 4.131361 4.334950
0.016374 8.557437 0.000015 -0.073500 0.007616 0.152872 0.168734 8.578821 -4.373637 3.876121 3.990022 3.836747
0.016793 8.602570 0.000019 -0.066222 0.007616 0.135132 0.224291 8.613018 -3.084567 3.526839 3.526991 3.455729
0.017016 8.638836 0.000006 -0.059829 0.007616 0.121251 0.253850 8.659480 -1.912238 2.942333 3.164687 2.951449
0.016022 8.669472 -0.000007 -0.054002 0.007616 0.102381 0.263801 8.660772 -0.870760 2.752049 2.672181 2.665920
0.015378 8.694731 -0.000012 -0.048816 0.007616 0.091631 0.253613 8.727895 0.091785 2.140740 2.391610 2.171019
0.014611 8.717929 -0.000027 -0.044022 0.007616 0.073216 0.208727 8.691122 0.935565 1.542448 1.910957 1.624793
0.011968 8.736352 -0.000020 -0.039810 0.007616 0.051853 0.177705 8.744870 1.687978 1.083819 1.353377 1.144526
0.009839 8.747494 -0.000040 -0.036027 0.010663 0.033136 0.133783 8.729355 2.373692 0.231443 0.864865 0.432572
0.005330 8.746871 -0.000037 -0.032525 0.010663 0.005323 0.112609 8.713329 2.963456 -0.013443 0.138938 0.034400
-0.000321 8.730001 -0.000042 -0.029429 0.011326 -0.010385 0.142380 8.731897 3.528671 -0.552738 -0.271056 -0.452926
0.030600 9.040275 -0.000046 -0.028128 0.012425 -0.029343 0.119757 9.265829 4.058684 -0.820551 -0.765872 -0.795177
0.016063 8.937259 -0.000192 -0.024897 0.051512 -0.042279 0.104998 8.670297 4.542436 -0.896474 -1.103486 -0.966069
-0.027875 8.550500 -0.000014 -0.020455 0.051512 -0.046862 -1.278885 8.470203 4.958784 -1.721358 -1.223119 -1.563610
-0.029685 8.542325 0.000046 -0.018288 0.051512 -0.068284 -1.028937 8.562616 5.279733 -1.861728 -1.782248 -1.825852
-0.030882 8.529307 0.000006 -0.016584 0.051512 -0.076693 -0.808091 8.496693 5.598723 -2.150207 -2.001722 -2.089627
-0.032666 8.504911 0.000022 -0.014831 0.051512 -0.084374 -0.539307 8.500338 5.878194 -2.530393 -2.202204 -2.407273
-0.037522 8.466385 0.000016 -0.013208 0.051512 -0.095451 -0.246369 8.414585 6.112375 -2.513709 -2.491318 -2.478138
-0.030886 8.504827 0.000031 -0.012210 0.051512 -0.096732 0.472167 8.575340 6.349939 -3.029226 -2.524746 -2.837142
-0.033975 8.448403 -0.000016 -0.010709 0.051512 -0.108422 0.010692 8.308980 6.521911 -3.420322 -2.829866 -3.185911
-0.045533 8.321625 0.000047 -0.009185 0.051512 -0.116711 -14.890778 8.287413 6.657554 -3.704554 -3.046195 -3.432780
-0.045444 8.284206 0.000037 -0.008301 0.051512 -0.124924 -13.392451 8.232214 6.770793 -4.042557 -3.260562 -3.715599
-0.046102 8.240370 0.000035 -0.007500 0.051512 -0.134521 -12.045293 8.188187 6.859042 -4.472499 -3.511042 -4.071249
-0.048827 8.194224 0.000027 -0.006814 0.046610 -0.148254 -10.834190 8.126873 6.920379 -5.014023 -3.869494 -4.533516
-0.054510 8.140263 0.000022 -0.006226 0.042175 -0.168196 -9.747672 8.065049 6.956442 -5.414568 -4.389993 -4.935809
-0.063268 8.069113 0.000013 -0.005678 0.038161 -0.187362 -8.771878 7.995444 6.990789 -5.675518 -4.890218 -5.234175
-0.071935 8.001717 0.000010 -0.005159 0.034530 -0.202691 -7.892231 7.947780 7.032925 -5.685265 -5.290313 -5.325868
-0.077153 7.938583 0.000006 -0.004622 0.031244 -0.208570 -7.095085 7.901575 7.093840 -5.862361 -5.443761 -5.495556
-0.082457 7.859640 0.000010 -0.003908 0.028270 -0.214782 -6.370117 7.794665 7.138994 -5.994129 -5.605902 -5.631832
-0.086723 7.770131 0.000029 -0.003221 0.025580 -0.218231 -5.715930 7.721358 7.172961 -6.206828 -5.695927 -5.816661
-0.032808 8.134692 0.000038 -0.004908 0.023146 -0.219524 -5.126450 8.427004 7.230778 -6.585819 -5.729674 -6.088440
-0.048753 7.914200 -0.000166 -0.003488 0.044616 -0.225246 -4.601572 7.439681 7.234845 -6.404529 -5.879000 -5.976704
-0.103143 7.364157 0.000099 -0.000660 0.044616 -0.216066 -4.140304 7.264283 7.208322 -6.263322 -5.639406 -5.815217
-0.083933 7.407303 0.000126 -0.001015 0.044616 -0.203065 -3.726187 7.474878 7.181380 -5.828681 -5.300067 -5.389480
-0.066376 7.428544 0.000045 -0.001261 0.044616 -0.180787 -3.363785 7.351790 7.166410 -5.404683 -4.718601 -4.929893
-0.053600 7.390330 0.000063 -0.001143 0.044616 -0.157329 -3.036618 7.369655 7.137295 -4.972660 -4.106357 -4.450739
-0.040618 7.347987 0.000038 -0.001075 0.044616 -0.133716 -2.746195 7.265614 7.093326 -4.458738 -3.490049 -3.898720
-0.027882 7.315115 0.000045 -0.001132 0.044616 -0.108953 -2.481099 7.281991 7.042781 -4.219244 -2.843705 -3.550765
-0.024199 7.251063 0.000017 -0.001063 0.044616 -0.096238 -2.244284 7.123053 6.960340 -3.770465 -2.511854 -3.093435
-0.026164 7.167720 0.000030 -0.001058 0.044616 -0.083384 -2.024300 7.108963 6.886588 -3.177644 -2.176364 -2.525440
-0.024268 7.085040 0.000006 -0.001013 0.044616 -0.066411 -1.772453 6.990732 6.831262 -2.944421 -1.733356 -2.234399
-0.020100 7.010369 0.000017 -0.000914 0.044616 -0.058018 -1.483609 6.935158 6.758252 -2.620258 -1.514287 -1.906477
-0.015284 6.950263 0.000006 -0.000980 0.040371 -0.047787 -1.214981 6.879317 6.694422 -2.180659 -1.247268 -1.480694
-0.009767 6.898153 -0.000002 -0.001040 0.036529 -0.033219 -0.965706 6.843148 6.644721 -2.035078 -0.867030 -1.280190
-0.007971 6.846565 -0.000011 -0.001030 0.033053 -0.028813 -0.767069 6.761608 6.577214 -1.809271 -0.752038 -1.054881
-0.006125 6.796437 -0.000012 -0.001119 0.029907 -0.024716 -0.638660 6.744928 6.519764 -1.667957 -0.645097 -0.905248
-0.002862 6.752986 -0.000028 -0.001190 0.027061 -0.022556 -0.556052 6.682642 6.466295 -1.566964 -0.588719 -0.799673
-0.001267 6.720747 -0.000029 -0.001299 0.024486 -0.022460 -0.565860 6.677789 6.418299 -1.286544 -0.586216 -0.557100
-0.001654 6.674781 -0.000045 -0.001309 0.022156 -0.017250 -0.610303 6.619798 6.391370 -0.809395 -0.450233 -0.138073
0.001994 6.635298 -0.000039 -0.001245 0.020047 -0.002973 -0.612300 6.620734 6.388798 -0.350643 -0.077605 0.291943
0.008044 6.611871 -0.000043 -0.001138 0.018140 0.013903 -0.551803 6.584283 6.390607 -0.077976 0.362865 0.572678
0.010241 6.578211 -0.000034 -0.000957 0.016413 0.024478 -0.473652 6.540257 6.376272 0.291623 0.638886 0.918556
0.012226 6.544184 -0.000028 -0.000857 0.014851 0.037128 -0.393334 6.521255 6.366992 0.696799 0.969043 1.299870
0.015101 6.509453 -0.000027 -0.000727 0.013438 0.051700 -0.284395 6.479573 6.360799 0.981190 1.349397 1.581313
0.023681 6.518297 -0.000019 -0.000804 0.012159 0.062693 -0.150029 6.521633 6.348906 1.359063 1.636317 1.936589
0.026758 6.485754 -0.000036 -0.000698 0.011002 0.076427 0.040388 6.436236 6.341776 1.612740 1.994771 2.188528
0.024914 6.428202 -0.000015 -0.000441 0.009955 0.086559 -0.639817 6.393093 6.321737 1.731398 2.259215 2.314531
0.028490 6.435768 -0.000010 -0.000582 0.009008 0.089570 -0.560613 6.430282 6.293515 2.003388 2.337807 2.562331
0.031151 6.435795 -0.000030 -0.000726 0.008151 0.095966 -0.499249 6.415098 6.282636 2.186939 2.504741 2.733379
0.029473 6.403553 -0.000029 -0.000617 0.007926 0.100056 -0.437501 6.370458 6.270869 3.595978 2.611505 3.993387
0.026685 6.371781 -0.000021 -0.000515 0.007926 0.148307 -0.387441 6.446749 6.354869 3.892291 3.870873 4.324241
0.026223 6.356946 -0.000020 -0.000011 0.007926 0.159427 -0.346324 6.286711 6.356685 4.278956 4.161112 4.679431
0.030286 6.369112 0.000026 -0.000063 0.007926 0.172150 -0.312754 6.443880 6.366775 4.697201 4.493177 5.064333
0.040767 6.417777 -0.000017 -0.000260 0.007926 0.187184 -0.277023 6.412212 6.387192 5.157732 4.885582 5.491021
0.056252 6.492514 -0.000002 -0.000537 0.007926 0.205123 -0.230154 6.577187 6.418156 5.540804 5.353785 5.853205
0.110704 6.854145 -0.000041 -0.002225 0.011075 0.221993 -0.180919 7.089753 6.475795 5.876990 5.794095 6.174831
0.113978 6.864371 -0.000172 -0.001983 0.046188 0.236039 -0.163747 6.690289 6.520876 6.430407 6.160708 6.693948
0.087882 6.650732 -0.000046 -0.000663 0.046188 0.255912 0.183004 6.639334 6.554110 6.978526 6.679407 7.214199
0.124125 6.903045 -0.000022 -0.001781 0.046188 0.277558 -0.576214 7.136470 6.611460 7.429148 7.244365 7.648633
0.126751 6.910879 -0.000148 -0.001528 0.046188 0.294305 -0.216320 6.744278 6.655274 7.911053 7.681476 8.107729
0.103042 6.718242 -0.000025 -0.000321 0.046188 0.311286 0.743048 6.714649 6.678806 8.356773 8.124682 8.532955
0.102981 6.717714 -0.000010 -0.000199 0.046188 0.326851 0.387207 6.737589 6.700121 8.665505 8.530931 8.829857
0.110308 6.772998 -0.000010 -0.000372 0.046188 0.336880 -0.098366 6.811428 6.717512 8.633955 8.792698 8.806966
0.110766 6.815260 -0.000026 -0.000499 0.046188 0.332887 0.230739 6.806407 6.715369 8.938153 8.688479 9.076465
0.108854 6.865947 -0.000026 -0.000768 0.046188 0.336698 0.856028 6.932322 6.749171 9.710630 8.787940 9.768538
0.114214 6.939982 -0.000052 -0.000974 0.046188 0.358827 0.830599 7.015380 6.837523 10.072683 9.365536 10.104646
0.124611 7.120821 -0.000051 -0.001446 0.046188 0.367505 0.631013 7.258262 6.918942 10.350905 9.592019 10.342045
0.109318 7.165535 -0.000097 -0.001258 0.041793 0.366326 0.362581 7.148328 7.000575 10.377772 9.561255 10.325732
0.081921 7.121522 -0.000043 -0.000617 0.037815 0.354920 -0.303591 7.161378 7.073970 9.959101 9.263553 9.888837
0.067259 7.193736 -0.000026 -0.000611 0.034217 0.327405 0.398031 7.271841 7.138165 9.683310 8.545397 9.507168
0.054598 7.276174 -0.000039 -0.000704 0.030961 0.304931 -0.011773 7.365069 7.237394 9.561505 7.958824 9.250153
0.047163 7.377820 -0.000038 -0.000717 0.028014 0.288423 10.062762 7.508342 7.371758 9.600346 7.527945 9.128992
0.040432 7.475650 -0.000040 -0.000530 0.025348 0.284105 9.044850 7.605082 7.537733 9.362632 7.415247 8.843233
0.033109 7.594587 -0.000020 -0.000290 0.022936 0.274598 8.127904 7.732392 7.689619 9.176525 7.167106 8.574026
0.030628 7.721124 -0.000013 -0.000161 0.020754 0.265612 7.304633 7.862968 7.843627 8.652638 6.932573 8.057721
0.033646 7.835337 -0.000007 0.000042 0.018779 0.251044 6.564162 7.942367 7.971932 7.764927 6.552354 7.251563
0.034612 7.954309 0.000007 0.000090 0.016992 0.227082 5.908797 8.054896 8.061203 7.614512 5.926943 6.936504
0.033632 8.065120 0.000001 -0.000020 0.015375 0.220680 5.329680 8.199993 8.188289 7.628606 5.759840 6.850486
0.033831 8.164506 -0.000004 0.000121 0.013912 0.223081 4.807993 8.276415 8.326209 7.235800 5.822508 6.540438
0.033616 8.261627 0.000013 0.000330 0.012588 0.216222 4.335517 8.355899 8.425854 6.877290 5.643480 6.202331
0.033960 8.350307 0.000019 0.000386 0.011390 0.207558 3.910088 8.438462 8.510927 6.487481 5.417356 5.836866
0.071952 8.773163 0.000020 -0.001338 0.010306 0.196480 3.527225 9.121264 8.617491 6.320838 5.128193 5.611326
0.060738 8.773761 -0.000144 -0.000798 0.038784 0.191712 3.187145 8.585296 8.722655 6.826656 5.003765 5.888770
0.018912 8.485721 0.000038 0.001209 0.038784 0.206233 2.872283 8.542914 8.835816 6.600420 5.382757 5.821742
0.020205 8.582744 0.000083 0.001292 0.038784 0.205977 2.548473 8.706024 8.901925 6.265621 5.376070 5.577386
0.065049 9.084172 0.000056 -0.000930 0.038784 0.196013 2.248145 9.453473 8.986932 5.900823 5.116012 5.239230
0.055304 9.047485 -0.000133 -0.000309 0.038784 0.185514 1.970369 8.781614 9.051907 4.968816 4.841989 4.531655
0.005116 8.664073 0.000077 0.001979 0.038784 0.161672 1.755721 8.579562 9.022646 5.272881 4.219709 4.521197
0.009130 8.778543 0.000126 0.001246 0.038784 0.162331 1.613779 9.016795 9.077302 5.722279 4.236893 4.800074
0.007748 8.843390 0.000018 0.001194 0.038784 0.174481 1.462215 8.816182 9.165427 5.628510 4.554034 4.830241
0.001823 8.870192 0.000100 0.001507 0.038784 0.176120 1.281208 8.994066 9.216569 5.362411 4.596812 4.666058
0.000364 8.930938 0.000064 0.001458 0.038784 0.170072 1.085078 8.937913 9.245484 5.222179 4.438950 4.515869
0.000587 8.994924 0.000089 0.001279 0.038784 0.164824 0.898790 9.099334 9.279229 5.172064 4.301975 4.428911
0.001929 9.058451 0.000053 0.001127 0.035094 0.163068 0.708190 9.091067 9.322473 5.128390 4.256134 4.378357
0.003523 9.128288 0.000068 0.000991 0.031754 0.162810 0.539069 9.223549 9.368539 5.367049 4.249403 4.515679
0.045311 9.575240 0.000043 -0.001055 0.028732 0.169127 0.342511 9.940500 9.473117 5.178296 4.414287 4.452966
0.038027 9.545995 -0.000132 -0.000372 0.035426 0.168853 0.061834 9.287749 9.537763 4.905604 4.407136 4.283325
-0.001892 9.196789 0.000072 0.001740 0.035426 0.164911 -1.383885 9.161443 9.541088 4.810667 4.304230 4.191137
0.075158 9.981204 0.000110 -0.002246 0.035426 0.162393 -1.206192 10.675034 9.623120 4.893150 4.238533 4.220006
0.068938 9.944631 -0.000299 -0.001641 0.080368 0.165926 -1.063428 9.409454 9.704417 4.926215 4.330736 4.277607
-0.009546 9.218461 0.000084 0.002480 0.080368 0.169799 -0.851535 9.110372 9.700527 5.049263 4.431832 4.394590
-0.013257 9.236019 0.000169 0.002371 0.080368 0.173532 -0.617707 9.382891 9.700430 5.409785 4.529243 4.654165
-0.006178 9.331488 0.000092 0.001883 0.080368 0.182845 -0.184673 9.356473 9.729642 5.201817 4.772334 4.621097
-0.002997 9.385057 0.000108 0.001759 0.080368 0.181551 1.479166 9.440167 9.727427 5.155306 4.738544 4.586956
-0.001883 9.410998 0.000084 0.001615 0.080368 0.180949 1.166197 9.418952 9.727073 5.314076 4.722850 4.681665
0.001687 9.454298 0.000090 0.001392 0.080368 0.186287 0.867255 9.526961 9.744182 5.617473 4.862176 4.919527
0.003515 9.499219 0.000064 0.001250 0.080368 0.196606 0.589444 9.533729 9.776389 5.848597 5.131493 5.163698
0.003577 9.532743 0.000072 0.001243 0.080368 0.206124 0.184221 9.585790 9.805861 5.769712 5.379908 5.219148
0.012392 9.657921 0.000065 0.000755 0.080368 0.207533 -0.944946 9.744890 9.820332 5.842899 5.416689 5.284789
0.008823 9.670208 0.000024 0.000766 0.080368 0.208456 -0.648019 9.642461 9.837317 6.018862 5.440787 5.403191
-0.001211 9.615566 0.000058 0.001132 0.072720 0.211549 -0.282615 9.637449 9.858541 6.466605 5.521520 5.698018
0.002497 9.664947 0.000066 0.000988 0.065800 0.222567 0.532834 9.757898 9.910134 6.220675 5.809088 5.669751
0.006194 9.720993 0.000046 0.000965 0.059538 0.222503 0.015176 9.722370 9.922120 6.047009 5.807413 5.575805
0.009789 9.784684 0.000060 0.000701 0.053872 0.221287 -9.917087 9.852522 9.926364 6.125710 5.775685 5.618425
0.013841 9.839214 0.000024 0.000445 0.048746 0.223165 -8.913404 9.854846 9.943927 6.187977 5.824689 5.682512
0.016795 9.885729 0.000028 0.000297 0.044107 0.225979 -8.015165 9.937709 9.965381 6.428720 5.898140 5.858354
0.017986 9.921118 0.000010 0.000226 0.039910 0.233046 -7.207361 9.947680 10.000788 6.502444 6.082605 5.981565
0.018229 9.958105 0.000017 0.000218 0.036112 0.237220 -6.481799 9.997965 10.028039 6.825137 6.191526 6.216774
0.020148 10.000255 0.000011 0.000142 0.032675 0.245615 -5.827652 10.049656 10.072829 6.988187 6.410657 6.402907
0.024284 10.054604 0.000008 0.000093 0.029566 0.252925 -5.235911 10.101921 10.114365 7.167991 6.601431 6.587838
0.029281 10.107378 0.000005 0.000036 0.026752 0.260730 -4.702696 10.154278 10.156201 7.124575 6.805167 6.652275
0.032634 10.151498 0.000002 0.000024 0.024206 0.264205 -4.222930 10.173254 10.179710 7.260341 6.895857 6.775747
0.035870 10.197979 0.000003 -0.000093 0.021903 0.269104 -3.795954 10.245123 10.208901 7.183228 7.023719 6.793509
0.037631 10.237897 -0.000009 -0.000148 0.019819 0.269644 -3.413261 10.244091 10.223775 7.232964 7.037826 6.838669
0.037021 10.278151 -0.000005 -0.000277 0.017933 0.269707 -3.076983 10.320049 10.243863 7.486315 7.039471 6.991080
0.036156 10.328443 -0.000021 -0.000432 0.016226 0.273025 -2.775267 10.368704 10.285868 7.716112 7.126065 7.159896
0.035184 10.377198 -0.000023 -0.000466 0.014682 0.276542 -2.504780 10.428290 10.339299 8.059020 7.217849 7.389413
0.035020 10.423094 -0.000025 -0.000428 0.013285 0.283461 -2.257069 10.482087 10.410829 7.955626 7.398442 7.404977
0.034729 10.478736 -0.000020 -0.000347 0.012021 0.282528 -2.032578 10.517885 10.459450 8.050355 7.374082 7.445715
0.034339 10.534488 -0.000016 -0.000383 0.010877 0.282615 -1.830272 10.598541 10.517725 7.935116 7.376363 7.380405
0.076546 11.080636 -0.000023 -0.002873 0.009842 0.278301 -1.645750 11.508260 10.615965 7.717704 7.263756 7.210703
0.066127 11.025753 -0.000255 -0.002091 0.068531 0.270691 -1.476336 10.673828 10.691024 7.719376 7.065134 7.122676
0.019171 10.556993 0.000004 0.000684 0.068531 0.267533 -1.259585 10.512642 10.726738 7.763331 6.982709 7.105318
0.022686 10.654025 0.000060 0.000371 0.068531 0.266672 -1.050799 10.825737 10.778072 8.024251 6.960235 7.228212
0.026565 10.753318 -0.000014 0.000126 0.068531 0.271693 -0.832079 10.775264 10.855478 8.050344 7.091307 7.290807
0.027917 10.825701 0.000022 0.000152 0.068531 0.274550 -0.569848 10.938049 10.924500 7.990116 7.165874 7.284713
0.028547 10.891109 -0.000004 0.000170 0.068531 0.274593 -0.239199 10.915436 10.983041 7.849700 7.166976 7.205846
0.030931 10.971735 0.000019 0.000058 0.068531 0.271695 0.464448 11.068029 11.033166 7.309681 7.091338 6.885712
0.031202 11.043692 -0.000010 -0.000054 0.068531 0.259300 0.134475 11.040615 11.050610 7.175897 6.767829 6.670510
0.030588 11.105333 0.000003 -0.000279 0.068531 0.250408 -0.466008 11.187744 11.086718 7.200234 6.535735 6.575380
0.030901 11.160749 -0.000029 -0.000378 0.068531 0.246762 -0.243814 11.189040 11.144009 7.005964 6.440597 6.427435
0.053102 11.482528 -0.000013 -0.001728 0.068531 0.240943 0.093528 11.759763 11.220306 7.168085 6.288709 6.436620
0.047298 11.476953 -0.000155 -0.001310 0.062009 0.241910 -0.735992 11.316724 11.311990 7.247667 6.313958 6.482432
0.022780 11.247325 -0.000002 0.000330 0.056108 0.244375 -0.554179 11.261904 11.375621 7.344890 6.378283 6.555363
0.024026 11.322039 0.000031 0.000273 0.050769 0.247497 -0.342358 11.442716 11.442831 7.348010 6.459765 6.589015
0.024728 11.393433 -0.000001 0.000252 0.045938 0.248842 -0.024937 11.420692 11.504576 7.088475 6.494876 6.470656
0.025064 11.454420 0.000023 0.000256 0.041566 0.243336 3.587408 11.525967 11.544125 6.706212 6.351167 6.209424
0.025480 11.513824 0.000005 0.000155 0.037611 0.233458 3.210757 11.530764 11.567750 6.407455 6.093342 5.938082
0.025263 11.570501 0.000010 -0.000014 0.034032 0.223118 2.882734 11.625874 11.591607 6.399794 5.823467 5.804765
0.022400 11.612697 -0.000010 -0.000108 0.030793 0.217839 2.597741 11.645423 11.636984 4.631581 5.685673 4.869991
0.019263 11.655931 -0.000003 -0.000097 0.027863 0.179702 2.341067 11.585201 11.559743 5.802055 4.690295 4.966040
0.043898 12.033522 -0.000008 -0.002418 0.025211 0.182504 2.092597 12.475644 11.690586 5.158609 4.763417 4.680022
0.034017 11.983396 -0.000225 -0.001494 0.060397 0.170937 1.865594 11.619266 11.749536 4.644003 4.461526 4.280013
0.001942 11.665847 0.000036 0.000427 0.060397 0.155781 1.587019 11.716811 11.754867 4.432411 4.065948 3.980868
0.003613 11.747073 0.000010 0.000040 0.060397 0.144297 1.336445 11.798796 11.781600 4.224205 3.766214 3.728629
0.005445 11.811077 -0.000006 -0.000150 0.060397 0.135461 1.084503 11.855286 11.818931 3.646981 3.535585 3.335870
0.005304 11.846130 -0.000011 -0.000139 0.060397 0.121778 0.824412 11.847168 11.830014 3.215756 3.178453 2.953315
0.005635 11.879990 -0.000006 -0.000255 0.060397 0.108547 0.571554 11.909048 11.837812 2.583018 2.833110 2.483534
0.005611 11.906191 -0.000021 -0.000349 0.060397 0.091958 0.330980 11.885130 11.825874 2.012746 2.400138 2.002781
0.003680 11.925399 -0.000018 -0.000508 0.060397 0.074198 0.231233 11.928532 11.806743 2.639796 1.936588 2.068095
0.002677 11.938511 -0.000036 -0.000672 0.060397 0.077661 0.261989 11.999289 11.872714 2.895156 2.026975 2.229196
0.000565 11.939161 -0.000037 -0.000339 0.060397 0.085477 0.092453 11.956237 11.944537 2.996308 2.230976 2.375682
-0.001598 11.943460 -0.000004 0.000005 0.060397 0.092085 -0.854674 11.990696 12.001887 2.814856 2.403447 2.376370
0.000916 11.953963 0.000002 0.000245 0.054649 0.093424 -0.576660 11.955463 12.027981 1.859692 2.438412 1.952044
0.011336 12.048811 0.000020 -0.000106 0.049449 0.079283 -0.299267 12.080042 11.986616 1.944734 2.069319 1.817908
0.010928 12.018942 -0.000027 -0.000165 0.044743 0.076543 -0.126832 11.960710 11.980496 2.502394 1.997802 2.052403
0.003264 11.897779 0.000005 0.000422 0.040485 0.088256 0.050746 11.885317 12.010106 2.689038 2.303514 2.299736
0.001653 11.882991 0.000035 0.000649 0.036632 0.099230 -0.569061 11.910073 12.026338 2.956814 2.589939 2.577607
0.001569 11.893501 0.000033 0.000678 0.033146 0.109197 -0.412333 11.907787 12.040598 2.651669 2.850091 2.573876
0.004574 11.907550 0.000038 0.000679 0.029992 0.108166 -0.169810 11.892465 12.012396 2.120239 2.823187 2.323653
0.007127 11.909088 0.000034 0.000527 0.027138 0.098278 0.233521 11.869614 11.949292 2.068628 2.565104 2.186367
0.007757 11.900850 0.000023 0.000247 0.024555 0.093019 0.068660 11.888566 11.907175 2.075961 2.427839 2.135167
0.008995 11.907424 0.000006 -0.000001 0.022219 0.090642 -0.123852 11.896094 11.880782 2.200711 2.365795 2.175001
0.008867 11.895390 -0.000004 -0.000075 0.020104 0.091511 -0.058392 11.882433 11.869849 2.238250 2.388461 2.213761
0.008580 11.874369 -0.000003 -0.000023 0.018191 0.092490 0.123383 11.856642 11.859024 16.265305 2.414037 8.855094
0.009275 11.864452 0.000001 -0.000028 0.016460 0.359838 0.030797 12.910585 12.899452 9.653327 9.391912 9.103200
0.009434 11.843849 -0.000003 0.005387 0.014894 0.369250 -0.870437 11.010087 12.813518 9.995929 9.637564 9.408510
0.018360 11.919846 0.000515 0.004561 0.138569 0.381157 -0.779549 12.674558 12.751055 10.273644 9.948339 9.714496
0.029613 12.016944 0.000024 0.003746 0.138569 0.393326 0.097585 11.515275 12.702066 10.066475 10.265972 9.793238
0.032785 12.013658 0.000341 0.003513 0.138569 0.398374 -6.225562 12.397387 12.618248 9.952388 10.397709 9.829955
0.036708 12.024427 0.000067 0.003030 0.138569 0.399589 -5.519070 11.692626 12.525433 10.113517 10.429424 9.950776
0.043723 12.084787 0.000242 0.002249 0.138569 0.403726 -4.906019 12.374800 12.457652 10.033139 10.537404 9.991000
0.048468 12.131965 0.000028 0.001662 0.138569 0.403680 -4.373015 11.899840 12.387226 10.143902 10.536200 10.069699
0.049570 12.171754 0.000143 0.001100 0.138569 0.403850 -3.954584 12.359833 12.336227 11.861699 10.540656 10.919177
0.048890 12.210520 -0.000002 0.000642 0.138569 0.432987 -3.639069 12.190247 12.422833 13.954357 11.301144 12.298908
0.050540 12.232551 0.000070 0.000971 0.138569 0.484524 -3.294582 12.465586 12.602995 13.143937 12.646265 12.565441
0.049280 12.258200 0.000043 0.001760 0.138569 0.492805 -2.902647 12.129655 12.605879 12.748932 12.862400 12.494093
0.048635 12.298936 0.000140 0.001566 0.138569 0.485920 -2.614229 12.425842 12.566666 13.165018 12.682706 12.614815
0.048399 12.326140 0.000044 0.001227 0.125383 0.488764 -2.357200 12.282588 12.578823 13.242851 12.756921 12.693977
0.044706 12.341323 0.000089 0.001212 0.113451 0.489559 -2.205630 12.424792 12.591554 13.633299 12.777683 12.891942
0.043283 12.367198 0.000052 0.001145 0.102655 0.495523 -2.075950 12.385358 12.633354 13.536539 12.933353 12.923645
0.045042 12.393620 0.000075 0.001223 0.092886 0.496597 -1.927174 12.445513 12.654665 12.916807 12.961374 12.648071
0.047240 12.420001 0.000064 0.001198 0.084047 0.487388 -1.789181 12.396245 12.627852 12.055914 12.721015 12.131299
0.061801 12.568336 0.000070 0.000304 0.076049 0.469092 -1.742557 12.656075 12.571968 11.997199 12.243483 11.879173
0.072915 12.641667 -0.000020 -0.000356 0.068812 0.464177 -1.777472 12.611651 12.560448 12.096077 12.115214 11.875926
0.072390 12.587029 -0.000011 -0.000136 0.062263 0.468475 -1.869354 12.565894 12.561670 11.737524 12.227374 11.775508
0.079734 12.619387 0.000002 -0.000295 0.056338 0.467616 -1.950262 12.625405 12.530666 11.172509 12.204974 11.515047
0.088922 12.677481 -0.000025 -0.000749 0.050977 0.460070 -2.003559 12.641630 12.467835 10.955900 12.008021 11.341493
0.094137 12.702039 -0.000047 -0.001195 0.046126 0.454262 -2.048772 12.671379 12.412267 10.769286 11.856409 11.204721
0.095935 12.695407 -0.000072 -0.001445 0.041736 0.448266 -2.076564 12.633015 12.358966 11.120959 11.699909 11.325229
0.096922 12.691779 -0.000077 -0.001698 0.037765 0.450996 -2.076424 12.695326 12.348782 11.214265 11.771181 11.425023
0.105142 12.797882 -0.000098 -0.002292 0.034171 0.452319 -2.029320 12.838116 12.351882 10.604326 11.805699 11.163396
0.102177 12.752943 -0.000139 -0.002047 0.037304 0.438488 -1.958666 12.594611 12.301795 10.581965 11.444722 10.997303
0.094542 12.627624 -0.000084 -0.001663 0.037304 0.429022 -1.894273 12.589263 12.269606 10.224580 11.197636 10.717930
0.096449 12.630245 -0.000092 -0.001840 0.037304 0.416370 -1.817171 12.589978 12.232618 9.584962 10.867417 10.259935
0.097742 12.636711 -0.000103 -0.002062 0.037304 0.396835 -1.741573 12.577816 12.176747 9.286578 10.357561 9.882049
0.099303 12.642456 -0.000116 -0.002377 0.037304 0.380639 -1.668307 12.613763 12.142913 8.815582 9.934823 9.458410
0.100586 12.627608 -0.000136 -0.002474 0.037304 0.363463 -1.596612 12.554656 12.107356 8.348116 9.486522 9.023421
0.101711 12.602790 -0.000130 -0.002528 0.037304 0.346782 -1.540884 12.555832 12.071433 8.252662 9.051140 8.776904
0.102822 12.575336 -0.000141 -0.002572 0.037970 0.338059 -1.506367 12.530994 12.061878 8.868218 8.823486 8.977517
0.104482 12.540263 -0.000137 -0.002441 0.037970 0.347686 -1.477560 12.551036 12.113075 9.456210 9.074751 9.388027
0.106951 12.510122 -0.000129 -0.002026 0.037970 0.366318 -1.417981 12.506029 12.181417 9.337819 9.561040 9.558710
0.109769 12.487473 -0.000097 -0.001562 0.037970 0.374849 -1.331096 12.455870 12.195265 9.192846 9.783709 9.597762
0.112268 12.461880 -0.000078 -0.001361 0.037970 0.377545 -1.228193 12.422330 12.177567 8.983405 9.854063 9.536462
0.115367 12.430469 -0.000074 -0.001291 0.037970 0.375819 -1.118816 12.371616 12.137493 8.656719 9.809025 9.364255
0.118981 12.385790 -0.000071 -0.001267 0.037970 0.370330 -1.017104 12.310620 12.075813 9.007741 9.665757 9.493819
0.121195 12.327080 -0.000071 -0.001282 0.037970 0.377236 -0.940151 12.290848 12.051539 9.784505 9.845996 9.988162
0.121506 12.261645 -0.000072 -0.001072 0.037970 0.397735 -0.878185 12.233666 12.067933 10.673338 10.381042 10.698904
0.121187 12.196938 -0.000051 -0.000658 0.037970 0.425460 -0.798045 12.189500 12.102778 11.415882 11.104662 11.417196
0.121262 12.137078 -0.000028 -0.000175 0.037970 0.452861 -0.655862 12.118504 12.129573 11.736287 11.819850 11.911859
0.120620 12.077813 -0.000000 0.000264 0.034356 0.470758 -0.444335 12.038987 12.118123 12.310906 12.286965 12.430825
0.119763 12.028127 0.000020 0.000459 0.031087 0.488988 -0.134197 12.021237 12.110921 12.598565 12.762780 12.801060
0.119214 11.989332 0.000023 0.000621 0.028129 0.500781 0.948206 11.951479 12.086434 12.203376 13.070578 12.737199
0.117779 11.951981 0.000036 0.000686 0.025452 0.495259 0.718121 11.887277 12.007883 12.430557 12.926467 12.804589
0.119013 11.930460 0.000033 0.000395 0.023030 0.495445 0.525924 11.927776 11.962910 12.824714 12.931318 13.021018
0.123084 11.928934 0.000009 0.000173 0.020838 0.503809 0.355204 11.921857 11.951509 13.252043 13.149614 13.346058
0.125262 11.938790 0.000007 0.000065 0.018855 0.516428 0.213606 11.960026 11.957927 14.245259 13.478982 14.019221
0.127362 11.956460 -0.000002 0.000007 0.017061 0.541610 -0.010681 12.011136 12.015309 14.182374 14.136240 14.267302
0.129784 11.974102 0.000000 0.000210 0.015437 0.548330 6.217628 11.947939 12.014652 13.509096 14.311642 13.983981
0.132646 11.994790 0.000018 0.000101 0.013968 0.535613 5.586397 11.972019 11.952414 12.262307 13.979708 13.179121
0.136096 12.020780 -0.000006 -0.000349 0.012639 0.502784 5.023581 11.930854 11.830317 11.361187 13.122869 12.336716
0.138472 12.029580 -0.000029 -0.001017 0.011436 0.468686 4.526932 11.976303 11.717985 11.907432 12.232882 12.254061
0.142000 12.018076 -0.000075 -0.001531 0.020056 0.466705 4.086730 12.027061 11.723561 11.779071 12.181173 12.160046
0.142136 11.995725 -0.000088 -0.001389 0.023601 0.465070 3.704670 11.940469 11.720589 12.082796 12.138511 12.305391
0.138978 11.979365 -0.000064 -0.001321 0.023601 0.469473 3.372834 12.006299 11.742284 12.888558 12.253422 12.784458
0.137482 11.961393 -0.000077 -0.001118 0.023601 0.486318 3.064019 11.973151 11.811878 12.811342 12.693089 12.920502
0.135516 11.941880 -0.000048 -0.000663 0.023601 0.490161 2.768784 11.925741 11.833756 13.183553 12.793394 13.156302
0.132827 11.931243 -0.000028 -0.000498 0.023601 0.497416 2.488087 11.964936 11.872796 13.498292 12.982754 13.395703
0.129872 11.920384 -0.000028 -0.000243 0.023601 0.504901 2.208363 11.923446 11.916259 12.941427 13.178103 13.168489
0.127151 11.908660 -0.000004 0.000039 0.023601 0.494020 1.932690 11.879062 11.897730 12.291664 12.894110 12.689460
0.144155 12.145257 0.000004 -0.001263 0.023601 0.474330 1.677394 12.312985 11.877254 12.065045 12.380197 12.338843
0.139609 12.067757 -0.000126 -0.000972 0.033848 0.461970 1.461514 11.847914 11.872644 11.858827 12.057589 12.080481
0.117672 11.767074 0.000005 0.000539 0.033848 0.453721 1.269582 11.687481 11.847165 12.569935 11.842292 12.359806
0.116800 11.768284 0.000044 0.000403 0.033848 0.466048 1.119664 11.887554 11.893905 13.530323 12.164039 12.998269
0.117976 11.785799 0.000001 0.000552 0.033848 0.492356 0.932547 11.806969 11.985668 12.979474 12.850679 12.983836
0.117428 11.804561 0.000050 0.000924 0.033848 0.492186 0.686970 11.812304 11.977227 12.381187 12.846262 12.656400
0.117596 11.835834 0.000046 0.000722 0.033848 0.477812 0.438641 11.819742 11.928172 11.910785 12.471073 12.239604
0.121276 11.852636 0.000030 0.000385 0.033848 0.461679 0.142472 11.836888 11.878555 11.511486 12.050009 11.841172
0.124861 11.855380 0.000012 0.000118 0.033848 0.449063 -0.315699 11.829744 11.835808 11.660500 11.720721 11.777946
0.124243 11.838373 0.000002 -0.000013 0.033848 0.449271 -0.225159 11.840756 11.831543 11.753978 11.726147 11.827830
0.119595 11.803171 -0.000003 0.000145 0.033848 0.451476 -0.196617 11.775193 11.830795 11.998828 11.783696 11.980672
0.113378 11.764799 0.000016 0.000337 0.033848 0.455521 -0.131919 11.772636 11.840347 12.412150 11.889274 12.240776
0.108451 11.724784 0.000019 0.000590 0.030627 0.463498 0.210017 11.725758 11.868046 12.250379 12.097493 12.235619
0.103638 11.701539 0.000041 0.000850 0.027712 0.461793 -0.102999 11.693641 11.862873 13.060576 12.052974 12.637235
0.100310 11.701900 0.000049 0.000822 0.025075 0.475401 0.562116 11.784152 11.922421 13.992621 12.408145 13.268994
0.100261 11.701051 0.000040 0.001130 0.022689 0.500511 0.244766 11.753524 12.019239 13.013506 13.063527 13.020861
0.099779 11.690590 0.000076 0.001677 0.020565 0.492319 -0.536105 11.636487 11.982619 11.881443 12.849716 12.324348
0.099639 11.694510 0.000100 0.001470 0.026825 0.465886 -0.214876 11.668236 11.881115 11.224030 12.159812 11.676604
0.100026 11.709568 0.000062 0.000875 0.026825 0.441085 0.379774 11.672381 11.793706 11.395526 11.512501 11.483960
0.099607 11.712188 0.000036 0.000416 0.026825 0.434348 0.208519 11.735252 11.776772 12.052667 11.336649 11.748299
0.099390 11.719333 0.000013 0.000293 0.026825 0.445923 0.061830 11.760353 11.824784 12.329100 11.638756 12.017290
0.096144 11.720004 0.000020 0.000535 0.026825 0.456579 -0.351400 11.739553 11.866133 13.054098 11.916891 12.511755
0.093445 11.716225 0.000038 0.000765 0.026825 0.474844 -0.194232 11.782939 11.936518 13.280999 12.393629 12.829488
0.095829 11.733080 0.000045 0.001038 0.026825 0.487846 0.297743 11.759813 11.982794 12.671261 12.732974 12.651063
0.096978 11.742737 0.000065 0.001225 0.026825 0.482470 -0.065376 11.724443 11.954155 12.615610 12.592659 12.559005
0.097783 11.750885 0.000067 0.001037 0.026825 0.479623 1.240070 11.773761 11.935551 12.172398 12.518357 12.292991
0.097474 11.748758 0.000048 0.000953 0.026825 0.470173 1.050538 11.702782 11.890899 11.847913 12.271705 12.016291
0.094478 11.730115 0.000056 0.000821 0.026825 0.459124 0.894351 11.720165 11.843004 11.907594 11.983325 11.922119
0.091633 11.716256 0.000037 0.000647 0.024273 0.454728 0.762503 11.707444 11.824644 11.927567 11.868581 11.880614
0.086946 11.711862 0.000035 0.000576 0.021963 0.451535 0.668962 11.719824 11.817794 13.296349 11.785251 12.551117
0.083816 11.707823 0.000030 0.000561 0.019873 0.475933 0.571886 11.811668 11.920243 13.805365 12.422040 13.085259
0.082052 11.701599 0.000033 0.001116 0.017982 0.497059 0.388305 11.717397 12.002232 13.478618 12.973448 13.150897
0.082674 11.720860 0.000083 0.001436 0.022369 0.499813 0.142534 11.761556 12.012020 12.456788 13.045318 12.649195
0.085186 11.749176 0.000074 0.001341 0.022369 0.481281 -0.566510 11.695089 11.941552 11.936868 12.561634 12.165644
0.087527 11.774178 0.000073 0.000854 0.022369 0.463465 -0.437591 11.790545 11.877910 12.653010 12.096631 12.330271
0.090748 11.788871 0.000027 0.000454 0.022369 0.472471 -0.360249 11.829302 11.910776 12.635261 12.331680 12.423172
0.109130 12.042021 0.000025 -0.000670 0.022369 0.478244 -0.323940 12.234987 11.946692 13.350307 12.482367 12.861763
0.103932 11.999767 -0.000080 -0.000271 0.022369 0.495193 -0.313054 11.876751 12.017160 13.823822 12.924732 13.302155
0.085868 11.752422 0.000042 0.001351 0.022369 0.512664 -0.203144 11.720457 12.058186 13.413276 13.380727 13.292072
0.089013 11.792873 0.000098 0.001354 0.026364 0.512659 -0.026075 11.853250 12.034098 13.684903 13.380600 13.436697
0.091433 11.837111 0.000054 0.001005 0.026364 0.517736 1.091086 11.847045 12.037245 13.777229 13.513115 13.545781
0.093866 11.871576 0.000056 0.000845 0.026364 0.521720 0.936479 11.911029 12.040506 13.010538 13.617086 13.198545
0.095374 11.896378 0.000039 0.000736 0.026364 0.507552 0.786688 11.839121 11.980557 12.264572 13.247296 12.654492
0.095974 11.919778 0.000042 0.000310 0.026364 0.485251 0.679986 11.910525 11.900701 11.867957 12.665235 12.196268
0.094240 11.925173 -0.000001 -0.000125 0.026364 0.465882 0.646417 11.877036 11.843292 12.016163 12.159696 12.049307
0.090564 11.925851 -0.000008 -0.000421 0.026364 0.458233 0.667691 11.954128 11.840773 12.775784 11.960057 12.346288
0.087359 11.928313 -0.000031 -0.000447 0.026364 0.467873 0.666240 11.968902 11.910767 12.790486 12.211676 12.458610
0.082527 11.920627 -0.000015 -0.000050 0.026364 0.470746 0.593938 11.925460 11.955208 12.409452 12.286652 12.290189
0.077761 11.925716 0.000010 0.000151 0.026364 0.461797 0.498307 11.935141 11.961478 12.279295 12.053081 12.108687
0.078399 11.958798 0.000009 0.000014 0.026364 0.453619 0.367827 11.994708 11.978193 11.711083 11.839647 11.713769
0.078920 11.963717 -0.000004 0.000074 0.023855 0.439479 0.220946 11.929273 11.967093 11.378171 11.470564 11.368916
0.078411 11.958192 0.000012 0.000045 0.021585 0.428401 0.141353 11.974391 11.959267 11.322765 11.181443 11.202453
0.079906 11.985281 -0.000004 -0.000133 0.019531 0.424206 0.171656 12.004603 11.972478 11.545684 11.071949 11.259424
0.079636 11.993151 -0.000008 -0.000106 0.017672 0.428230 0.206930 12.019555 12.010111 11.772021 11.176970 11.416578
0.081050 12.013447 -0.000002 -0.000017 0.015991 0.435872 0.149485 12.053235 12.055118 11.509350 11.376439 11.372073
0.083402 12.040860 0.000001 0.000073 0.014469 0.435511 0.005262 12.040938 12.063670 11.468972 11.367020 11.347278
0.086183 12.064753 0.000007 -0.000006 0.013092 0.436744 -3.656975 12.091459 12.071433 11.386134 11.399202 11.322441
0.089887 12.084424 -0.000005 -0.000066 0.011846 0.437464 -3.285651 12.077815 12.071751 10.774498 11.417983 11.026432
0.091661 12.095280 -0.000001 -0.000120 0.010719 0.427166 -2.953892 12.060941 12.025794 10.544683 11.149200 10.796000
0.092452 12.102984 -0.000010 -0.000394 0.009699 0.418149 -2.659930 12.091234 11.988129 10.374880 10.913844 10.610618
0.092247 12.100831 -0.000029 -0.000575 0.008776 0.410462 -2.398480 12.068046 11.958936 10.506015 10.713212 10.592220
0.089749 12.095567 -0.000031 -0.000697 0.008354 0.408334 -2.166773 12.102028 11.957044 11.244895 10.657678 10.943303
0.084391 12.063167 -0.000041 -0.000542 0.011152 0.419828 -1.956516 12.076164 12.011742 11.670821 10.957677 11.293040
0.078861 12.026743 -0.000019 -0.000077 0.011152 0.431298 -1.760707 12.040745 12.066781 11.892297 11.257039 11.537374
0.076005 12.024365 0.000007 0.000216 0.011152 0.438973 -1.573035 12.058953 12.110232 11.627034 11.457357 11.491538
0.071614 11.997262 0.000014 0.000577 0.011152 0.435707 -1.393437 11.960648 12.111673 10.971748 11.372136 11.120347
0.067350 11.957125 0.000043 0.000789 0.011559 0.420362 -1.227201 11.924248 12.066159 10.431772 10.971602 10.662337
0.066386 11.945024 0.000041 0.000618 0.011559 0.402835 -1.077260 11.921117 12.013518 10.063060 10.514161 10.263824
0.079570 12.113252 0.000027 -0.000509 0.011559 0.388380 -0.951594 12.233093 11.989625 9.891581 10.136878 10.001010
0.075731 12.065025 -0.000069 -0.000385 0.018606 0.379533 -0.852078 11.912156 11.978749 10.326258 9.905968 10.108164
0.060376 11.873310 0.000019 0.000538 0.018606 0.385055 -0.777569 11.873786 11.999759 11.227026 10.050097 10.619447
0.062448 11.884639 0.000036 0.000587 0.018606 0.406783 -0.691171 11.981680 12.076605 11.424092 10.617191 10.974936
0.065973 11.909847 0.000027 0.000851 0.018606 0.422855 -0.569072 11.912959 12.120507 11.507713 11.036690 11.209656
0.071130 11.950017 0.000060 0.000870 0.018606 0.433757 -0.425999 12.015026 12.138820 11.018991 11.321227 11.098941
0.077309 11.978047 0.000036 0.000820 0.018606 0.431445 -0.249770 11.925773 12.100052 10.039452 11.260892 10.587132
0.113920 12.421376 0.000051 -0.001640 0.018606 0.413553 -0.124036 12.726158 12.040485 9.791957 10.793910 10.263022
0.109477 12.322946 -0.000195 -0.001442 0.052432 0.402125 -0.264746 11.925155 11.993510 9.793796 10.495616 10.141952
0.074960 11.854160 0.000019 0.000711 0.052432 0.397024 -0.618188 11.744674 11.926885 10.663125 10.362486 10.533545
0.075475 11.874804 0.000052 0.000266 0.052432 0.410725 -0.737142 12.001478 11.944248 11.717340 10.720076 11.235508
0.073316 11.870708 -0.000016 0.000375 0.052432 0.435746 -0.644608 11.840961 12.011763 11.564871 11.373132 11.457203
0.068459 11.843278 0.000049 0.000860 0.052432 0.440950 -0.347947 11.859527 12.009310 11.226566 11.508971 11.350278
0.085846 12.102161 0.000043 -0.000474 0.052432 0.433067 0.294657 12.275067 11.997393 11.093645 11.303217 11.188654
0.082458 12.064178 -0.000079 -0.000341 0.052432 0.424763 -0.556380 11.879734 11.988338 10.473222 11.086484 10.774771
0.060118 11.765533 0.000031 0.001137 0.052432 0.408308 -0.088367 11.628131 11.920017 10.161283 10.656996 10.419182
0.060043 11.744669 0.000084 0.000895 0.052432 0.394964 1.752125 11.800683 11.865266 10.309317 10.308727 10.331999
0.062346 11.750062 0.000019 0.000588 0.052432 0.393689 1.517076 11.709610 11.853790 10.623753 10.275442 10.472944
0.064827 11.750632 0.000042 0.000526 0.052432 0.401557 1.312264 11.809599 11.869624 10.779656 10.480805 10.643897
0.067239 11.753591 0.000018 0.000592 0.047442 0.410624 1.111443 11.731222 11.880457 10.811637 10.717450 10.769064
0.069614 11.768188 0.000043 0.000573 0.042927 0.416711 0.938307 11.804831 11.876301 11.017908 10.876317 10.949526
0.072324 11.777202 0.000021 0.000506 0.038842 0.424483 0.779541 11.765728 11.877021 11.009715 11.079168 11.041575
0.075410 11.784617 0.000033 0.000472 0.035146 0.428852 0.627595 11.794515 11.862567 10.931785 11.193210 11.059526
0.077952 11.790289 0.000020 0.000369 0.031801 0.430057 0.503859 11.767282 11.835712 10.966212 11.224647 11.098857
0.080568 11.793263 0.000021 0.000217 0.028775 0.431820 0.422462 11.794646 11.812065 11.157234 11.270682 11.225167
0.082851 11.787734 0.000006 0.000124 0.026037 0.437236 0.377103 11.773687 11.801115 11.349784 11.412037 11.394998
0.082648 11.777394 0.000009 0.000121 0.023559 0.443711 0.355073 11.775686 11.794069 11.838079 11.581024 11.728988
0.080466 11.759136 0.000006 0.000178 0.021317 0.455089 0.325206 11.765194 11.809874 12.212213 11.877996 12.058559
0.079153 11.751553 0.000014 0.000298 0.019288 0.465957 0.216760 11.765732 11.829134 12.087056 12.161671 12.123747
0.078372 11.747737 0.000019 0.000415 0.017453 0.466389 0.014017 11.727739 11.815392 11.711023 12.172931 11.938085
0.077663 11.741336 0.000026 0.000378 0.015792 0.458071 -2.464159 11.717537 11.773309 11.732713 11.955829 11.854668
0.077854 11.736264 0.000017 0.000189 0.014289 0.453855 -2.209421 11.734496 11.752854 11.919970 11.845798 11.902061
0.079099 11.734508 0.000006 0.000094 0.012929 0.456074 -1.981478 11.740086 11.756588 11.995747 11.903705 11.966476
0.081389 11.751843 0.000006 0.000024 0.011699 0.459294 -1.778566 11.768159 11.763023 12.348874 11.987763 12.186015
0.082822 11.756595 -0.000001 0.000033 0.010586 0.468638 -1.595404 11.774453 11.789491 12.314185 12.231637 12.276927
0.083537 11.760849 0.000005 0.000146 0.009578 0.472620 -1.428898 11.756162 11.792824 12.384239 12.335572 12.361242
0.085588 11.783227 0.000011 0.000049 0.008667 0.475673 -1.280125 11.808532 11.795518 12.316538 12.415250 12.363707
0.087872 11.806307 -0.000003 -0.000055 0.007842 0.475597 -1.144834 11.797116 11.789186 12.215423 12.413257 12.313032
0.088999 11.812352 -0.000002 -0.000118 0.007096 0.473287 -1.025920 11.809688 11.776650 12.029265 12.352969 12.192535
0.088999 11.807151 -0.000009 -0.000156 0.006421 0.468447 -0.920619 11.780819 11.755398 11.724861 12.226640 11.981871
0.087323 11.796763 -0.000007 -0.000211 0.005810 0.459347 -0.833412 11.771846 11.721864 11.796683 11.989148 11.915641
0.085848 11.794613 -0.000014 -0.000371 0.005257 0.455515 -0.760267 11.798378 11.714689 11.736615 11.889134 11.839709
0.081374 11.772889 -0.000024 -0.000297 0.006372 0.450819 -0.698117 11.741048 11.709059 12.083717 11.766560 11.960759
0.076084 11.748671 -0.000009 -0.000202 0.006372 0.453266 -0.647924 11.778580 11.736831 12.592779 11.830425 12.243232
0.075415 11.752315 -0.000012 -0.000079 0.006372 0.463167 -0.592477 11.788537 11.795613 12.498790 12.088839 12.301812
0.076435 11.762922 0.000002 0.000167 0.006372 0.466027 -0.530802 11.773207 11.823121 12.379399 12.163483 12.267089
0.079273 11.792634 0.000014 0.000156 0.006372 0.465880 -0.471594 11.824385 11.836282 12.274083 12.159646 12.206395
0.083745 11.821251 0.000003 0.000077 0.006372 0.465616 -0.415198 11.827335 11.843370 11.873336 12.152752 11.995260
0.088122 11.841712 0.000005 0.000008 0.006372 0.460084 -0.370174 11.832237 11.822227 11.609693 12.008377 11.797023
0.090591 11.857189 -0.000003 -0.000178 0.006372 0.454459 -0.347794 11.847220 11.795792 11.510858 11.861552 11.684988
0.129786 12.397166 -0.000015 -0.003069 0.006372 0.450636 -0.346391 12.810794 11.829601 11.666235 11.761765 11.725009
0.118282 12.253127 -0.000280 -0.002161 0.075376 0.451149 -0.346576 11.799821 11.864782 12.141260 11.775180 11.977544
0.071413 11.654671 0.000017 0.001072 0.075376 0.459381 -0.222904 11.566034 11.871254 12.642868 11.990029 12.329962
0.071436 11.673441 0.000086 0.001010 0.075376 0.471599 0.471568 11.808378 11.900485 13.024515 12.308915 12.664827
0.072013 11.703133 0.000026 0.001007 0.075376 0.483697 -0.190364 11.672661 11.934474 13.200218 12.624679 12.891995
0.072441 11.728006 0.000074 0.001054 0.075376 0.490968 2.052548 11.815490 11.957035 12.894377 12.814459 12.815935
0.073394 11.748782 0.000040 0.001063 0.075376 0.487560 1.601108 11.701416 11.942210 12.404031 12.725505 12.522074
0.075290 11.765827 0.000069 0.000900 0.075376 0.476369 1.136781 11.793221 11.900437 11.805551 12.433413 12.083221
0.075774 11.778417 0.000031 0.000623 0.075376 0.460035 0.689806 11.719436 11.841098 11.721775 12.007101 11.848396
0.074326 11.798149 0.000035 0.000219 0.075376 0.450476 0.324754 11.839699 11.815382 12.395851 11.757601 12.076270
0.071650 11.813324 -0.000006 0.000011 0.075376 0.458195 -0.133756 11.840140 11.863093 13.054321 11.959058 12.494063
0.070880 11.837505 0.000007 0.000131 0.075376 0.472954 1.291719 11.917624 11.942761 12.870454 12.344280 12.566350
0.069720 11.858328 0.000008 0.000431 0.068203 0.475260 0.958910 11.850395 11.973820 12.455695 12.404474 12.376780
0.068098 11.874113 0.000036 0.000509 0.061713 0.467002 0.662891 11.896932 11.967695 12.058679 12.188949 12.071454
0.069350 11.898611 0.000021 0.000353 0.055840 0.455248 0.396089 11.890174 11.951007 11.502136 11.882166 11.644962
0.071099 11.918211 0.000018 0.000167 0.050526 0.439933 0.240238 11.912109 11.919196 11.248131 11.482428 11.329651
0.072425 11.935696 0.000003 -0.000084 0.045718 0.429386 0.327382 11.936976 11.903256 11.077644 11.207153 11.114234
0.071805 11.944467 -0.000009 -0.000210 0.041367 0.422192 0.516641 11.940737 11.897655 11.467683 11.019368 11.220419
0.070301 11.938621 -0.000012 -0.000209 0.037431 0.426945 0.598332 11.970585 11.935408 11.750513 11.143425 11.414373
0.071119 11.941706 -0.000010 -0.000032 0.033869 0.435707 0.561481 11.964180 11.981615 11.514535 11.372121 11.397438
0.073321 11.961029 0.000005 0.000105 0.030646 0.436435 0.469030 11.969199 11.990248 11.619958 11.391139 11.458559
0.076541 11.984348 0.000006 0.000030 0.027729 0.440319 0.359150 12.013645 12.006837 11.508733 11.492490 11.449988
0.078821 11.989296 -0.000002 0.000090 0.025090 0.441774 0.215863 11.971037 12.006302 11.101694 11.530474 11.266138
0.079476 11.990019 0.000010 0.000083 0.022703 0.435530 0.090981 11.973013 11.972483 11.075960 11.367516 11.184840
0.080255 11.990976 0.000000 -0.000094 0.020542 0.432433 0.037700 11.983458 11.952444 11.095046 11.286680 11.163037
0.081260 11.984779 -0.000009 -0.000165 0.018587 0.431829 0.143503 11.971448 11.941290 11.133622 11.270903 11.180572
0.080704 11.984371 -0.000008 -0.000220 0.016819 0.432330 0.211995 11.984402 11.935292 11.610727 11.283992 11.431948
0.079133 11.983933 -0.000014 -0.000248 0.015218 0.440730 0.237797 12.008087 11.964686 12.043768 11.503219 11.751768
0.076959 11.965621 -0.000012 -0.000005 0.013770 0.451947 0.172659 11.972230 12.005361 11.908704 11.795985 11.817498
0.074463 11.949276 0.000009 0.000286 0.012460 0.453246 0.020979 11.939375 12.008215 11.768719 11.829904 11.763035
0.073654 11.941988 0.000020 0.000338 0.011274 0.450315 -1.134731 11.939484 11.996999 11.315308 11.753387 11.500426
0.072611 11.928731 0.000017 0.000348 0.010201 0.439750 -1.004430 11.887239 11.957283 11.438120 11.477661 11.436888
0.071803 11.910680 0.000020 0.000238 0.009230 0.437395 -0.897257 11.926464 11.949654 11.699922 11.416171 11.539800
0.071136 11.887933 0.000007 0.000315 0.008352 0.442651 -0.800966 11.878412 11.964785 11.746489 11.553368 11.625512
0.070154 11.880690 0.000025 0.000429 0.007557 0.446623 -0.718235 11.897012 11.970874 12.255710 11.657047 11.929699
0.070801 11.890849 0.000021 0.000408 0.006838 0.458710 -0.639340 11.930864 12.007816 12.286463 11.972506 12.089022
0.073401 11.913793 0.000022 0.000480 0.006187 0.465260 -0.559822 11.923707 12.021984 12.320122 12.143460 12.185333
0.075856 11.935948 0.000029 0.000439 0.007685 0.469545 -0.486055 11.959003 12.026643 12.500654 12.255302 12.329778
0.096593 12.197029 0.000020 -0.000870 0.007685 0.475738 -0.407075 12.405869 12.062102 12.086963 12.416941 12.197797
0.093586 12.153436 -0.000098 -0.000466 0.026237 0.470719 -0.329331 11.926716 12.046462 11.723923 12.285943 11.960212
0.073631 11.904635 0.000034 0.000724 0.026237 0.460426 -0.195203 11.844777 11.990086 11.594216 12.017311 11.777077
0.073834 11.921837 0.000042 0.000348 0.026237 0.451880 -0.118484 11.951721 11.951497 11.329499 11.794256 11.544500
0.071764 11.922622 0.000000 0.000147 0.026237 0.441139 -0.214611 11.864452 11.913718 11.644672 11.513903 11.574989
0.069012 11.912433 0.000014 0.000007 0.026237 0.440674 -0.319577 11.960636 11.923407 11.810565 11.501762 11.649123
0.067931 11.911677 -0.000010 0.000060 0.026237 0.442811 -0.329966 11.895693 11.945417 11.642138 11.557535 11.585692
0.068313 11.929740 0.000015 0.000080 0.026237 0.440009 -0.315131 11.963330 11.950201 11.456695 11.484408 11.455085
0.068400 11.940664 -0.000003 0.000049 0.026237 0.434897 -0.282439 11.920451 11.947167 11.110723 11.350984 11.216906
0.069773 11.947953 0.000008 -0.000004 0.026237 0.426115 -0.253205 11.951917 11.929208 10.701117 11.121758 10.903900
0.072605 11.957515 -0.000006 -0.000144 0.026237 0.415550 -0.252676 11.930414 11.900459 10.305020 10.846023 10.578240
0.074323 11.958934 -0.000008 -0.000298 0.026237 0.404754 -0.340508 11.941134 11.865690 10.205639 10.564251 10.400753
0.075527 11.966459 -0.000021 -0.000514 0.023741 0.399181 -0.461018 11.959796 11.848844 10.319975 10.418777 10.393539
0.073172 11.942997 -0.000032 -0.000480 0.021481 0.399235 -0.549771 11.922141 11.850842 10.762718 10.420204 10.617662
0.068722 11.899244 -0.000020 -0.000247 0.019437 0.407485 -0.592778 11.906641 11.881397 11.376671 10.635517 11.023426
0.066253 11.872584 -0.000007 0.000045 0.017587 0.422844 -0.578980 11.900980 11.936158 11.849024 11.036406 11.441656
0.062871 11.837040 0.000010 0.000506 0.015914 0.438953 -0.514257 11.846896 11.987253 12.600384 11.456838 12.008527
0.062086 11.813721 0.000040 0.000886 0.014399 0.461401 -0.394612 11.873033 12.055752 12.114433 12.042744 12.030741
0.065325 11.816422 0.000052 0.001221 0.014056 0.463633 -0.200888 11.776516 12.037201 10.760498 12.101017 11.379224
0.068186 11.825335 0.000075 0.001081 0.020110 0.439097 0.033053 11.763751 11.915375 10.422825 11.460616 10.925823
0.075979 11.896161 0.000044 0.000098 0.020110 0.422291 -0.475551 11.924177 11.835541 10.554499 11.021962 10.800882
0.079330 11.895129 -0.000025 -0.000304 0.020110 0.418756 -0.471023 11.836795 11.806405 10.906074 10.929697 10.944299
0.078571 11.848494 -0.000008 -0.000215 0.020110 0.426029 -0.508139 11.856080 11.808841 11.485068 11.119537 11.331470
0.081452 11.869847 -0.000013 -0.000311 0.020110 0.441883 -0.531470 11.908303 11.842384 11.798278 11.533318 11.683913
0.083253 11.886015 -0.000018 -0.000223 0.020110 0.455019 -0.512181 11.888077 11.866639 11.902683 11.876183 11.898029
0.085180 11.898819 -0.000006 -0.000164 0.020110 0.462165 -0.461274 11.909402 11.871846 11.569132 12.062685 11.818069
0.085101 11.894170 -0.000011 -0.000114 0.020110 0.457530 -0.397198 11.844930 11.837025 11.403660 11.941723 11.686032
0.083494 11.870404 -0.000002 -0.000170 0.020110 0.450504 -0.360892 11.850388 11.799968 11.399583 11.758332 11.606384
0.083361 11.848943 -0.000014 -0.000250 0.020110 0.446473 -0.329258 11.820855 11.777932 11.219891 11.653113 11.470308
0.082575 11.833099 -0.000012 -0.000282 0.020110 0.440717 -0.323198 11.810370 11.750925 11.574599 11.502890 11.587188
0.087832 11.910367 -0.000017 -0.000814 0.018197 0.444386 -0.325829 11.995747 11.772252 12.108055 11.598641 11.902751
0.082741 11.843432 -0.000064 -0.000363 0.017197 0.455981 -0.280254 11.759824 11.817615 12.604041 11.901279 12.289785
0.072431 11.701759 0.000016 0.000591 0.017197 0.471116 -0.151059 11.708067 11.858789 12.689307 12.296310 12.507767
0.072057 11.694872 0.000043 0.000837 0.017197 0.479721 0.222937 11.713819 11.871902 12.562152 12.520912 12.542224
0.075086 11.709988 0.000045 0.000826 0.017197 0.481298 -0.096291 11.710019 11.858806 11.759466 12.562070 12.149523
0.080316 11.738703 0.000043 0.000613 0.017197 0.466949 0.532843 11.701394 11.786540 11.207651 12.187541 11.703408
0.083110 11.752314 0.000025 0.000175 0.017197 0.450418 0.452363 11.719485 11.709552 11.545585 11.756094 11.691684
0.084847 11.757418 -0.000002 -0.000244 0.017197 0.450686 0.453011 11.771961 11.698535 11.943656 11.763083 11.903665
0.085930 11.764379 -0.000021 -0.000336 0.017197 0.459167 0.485788 11.771869 11.718676 12.496921 11.984437 12.289799
0.086862 11.777084 -0.000015 -0.000298 0.017197 0.473830 0.491716 11.819731 11.762992 12.577281 12.367155 12.501779
0.086043 11.781865 -0.000016 -0.000096 0.017197 0.480850 0.460068 11.767347 11.780654 12.687736 12.550374 12.641046
0.085527 11.790252 0.000004 -0.000049 0.017197 0.484352 0.412165 11.818888 11.791926 12.751296 12.641787 12.713790
0.086291 11.796907 -0.000008 -0.000025 0.015561 0.486115 0.333811 11.787544 11.800646 12.466844 12.687785 12.586042
0.086294 11.789543 0.000004 0.000057 0.014080 0.480842 0.253872 11.774556 11.782948 12.197655 12.550178 12.385419
0.085791 11.776917 0.000002 0.000031 0.012740 0.473073 0.202270 11.752341 11.755880 12.171170 12.347399 12.281454
0.085180 11.760269 0.000001 -0.000022 0.011528 0.469357 0.201378 11.753381 11.743088 12.418847 12.250416 12.365588
0.084090 11.745427 -0.000003 -0.000012 0.010431 0.473170 0.215284 11.751709 11.755967 12.816694 12.349924 12.613682
0.082387 11.733721 0.000001 0.000114 0.009438 0.482833 0.207634 11.754374 11.788785 13.398628 12.602126 13.023458
0.083480 11.737638 0.000010 0.000261 0.008540 0.499048 0.143754 11.784048 11.843468 13.485284 13.025358 13.252811
0.086654 11.755429 0.000017 0.000449 0.007727 0.509197 -0.010880 11.767063 11.869193 13.224117 13.290253 13.234674
0.090301 11.782022 0.000029 0.000445 0.007886 0.509049 1.809296 11.789024 11.855511 13.036235 13.286371 13.138065
0.095304 11.813314 0.000019 0.000215 0.007886 0.506508 1.619206 11.813966 11.832512 12.747150 13.220065 12.963016
0.099183 11.826603 0.000006 0.000030 0.007886 0.501186 1.451764 11.801209 11.796417 12.413133 13.081165 12.734608
0.100838 11.831295 -0.000001 -0.000178 0.007886 0.493010 1.308714 11.805212 11.749752 12.478243 12.867761 12.683154
0.100712 11.834812 -0.000016 -0.000434 0.007886 0.490319 1.189147 11.829249 11.729015 12.603243 12.797530 12.723624
0.113871 12.044844 -0.000028 -0.001612 0.007886 0.489749 1.085954 12.202734 11.746012 12.958735 12.782631 12.905036
0.107287 11.996236 -0.000130 -0.001277 0.035073 0.493339 0.995695 11.844259 11.784255 13.400080 12.876344 13.173260
0.087207 11.760243 -0.000018 0.000123 0.035073 0.501204 0.898232 11.732351 11.821174 13.372226 13.081620 13.243745
0.084950 11.768692 0.000025 0.000268 0.035073 0.501823 0.759433 11.819582 11.837743 13.181342 13.097788 13.145377
0.083532 11.782408 0.000005 0.000282 0.035073 0.496148 0.577529 11.758942 11.838482 12.433069 12.949666 12.686218
0.083748 11.798059 0.000022 0.000206 0.035073 0.477378 0.358473 11.790569 11.795656 11.827285 12.459759 12.149303
0.084776 11.813596 0.000001 -0.000092 0.035073 0.456820 0.169074 11.784534 11.749967 11.562988 11.923187 11.767417
0.085457 11.830239 -0.000010 -0.000410 0.035073 0.443103 0.116288 11.839761 11.730953 11.490146 11.565160 11.563246
0.083969 11.837299 -0.000031 -0.000543 0.035073 0.435788 0.468696 11.829698 11.735955 11.857954 11.374247 11.658684
0.082181 11.845852 -0.000027 -0.000561 0.035073 0.439616 0.537344 11.895091 11.783260 12.235495 11.474145 11.886908
0.080796 11.847389 -0.000032 -0.000327 0.035073 0.448766 0.535264 11.866386 11.846831 12.476318 11.712970 12.107097
0.080224 11.855019 -0.000006 -0.000042 0.035073 0.458094 0.457956 11.903233 11.904958 12.947656 11.956445 12.447900
0.080409 11.872726 -0.000000 0.000164 0.031736 0.472336 0.288508 11.922736 11.976150 13.078365 12.328165 12.673580
0.080357 11.885584 0.000015 0.000462 0.028716 0.482098 -0.110424 11.912184 12.023415 12.405145 12.582940 12.440243
0.081100 11.908041 0.000031 0.000589 0.025983 0.472966 0.975773 11.891378 11.998530 11.697150 12.344589 11.970242
0.081768 11.916238 0.000030 0.000420 0.023510 0.454909 0.783886 11.887519 11.941694 11.259098 11.873311 11.533660
0.081977 11.917094 0.000015 0.000126 0.021273 0.438750 0.641472 11.894641 11.893122 11.203207 11.451546 11.313864
0.079501 11.914287 -0.000000 -0.000108 0.019249 0.430486 0.560355 11.911359 11.876594 11.709665 11.235861 11.470548
0.074900 11.909116 -0.000010 -0.000166 0.017417 0.435418 0.507235 11.942892 11.915417 12.338520 11.364573 11.840290
0.071345 11.901866 -0.000008 0.000069 0.015760 0.448370 0.422855 11.942165 11.987181 12.296790 11.702633 11.964798
0.069915 11.907205 0.000013 0.000408 0.014260 0.452690 0.293659 11.923844 12.023790 11.950157 11.815391 11.834622
0.069342 11.919855 0.000029 0.000530 0.012903 0.447535 0.152501 11.926782 12.023514 11.647784 11.680846 11.615113
0.070561 11.941220 0.000028 0.000420 0.011675 0.439640 -0.000142 11.950288 12.012803 11.119696 11.474769 11.250979
0.070594 11.947378 0.000018 0.000334 0.010564 0.426241 1.069990 11.918394 11.979603 10.944957 11.125065 10.999471
0.069175 11.942212 0.000018 0.000191 0.009559 0.417351 0.971644 11.947745 11.962342 11.097782 10.893025 10.965758
0.068736 11.950028 0.000005 0.000063 0.008649 0.416804 0.887507 11.967226 11.976483 11.146137 10.878748 10.979284
0.067064 11.949074 0.000003 0.000140 0.007826 0.417738 0.809085 11.954626 11.993816 11.406855 10.903120 11.116653
0.067177 11.962192 0.000012 0.000161 0.007081 0.423315 0.731732 12.006063 12.028472 11.574847 11.048683 11.263215
0.068265 11.976359 0.000007 0.000266 0.006407 0.429901 0.651624 11.992098 12.062762 11.691122 11.220578 11.397202
0.069349 11.979042 0.000021 0.000427 0.005798 0.436376 0.571178 12.003923 12.089716 11.544122 11.389588 11.400325
0.071623 11.984891 0.000025 0.000535 0.006706 0.438327 0.492285 11.981268 12.090836 11.099623 11.440502 11.203363
0.073177 11.988606 0.000032 0.000522 0.008553 0.432142 0.419047 11.968886 12.055021 10.888973 11.279082 11.028621
0.073380 11.985218 0.000025 0.000356 0.008553 0.426044 0.358956 11.968996 12.018753 11.013480 11.119910 11.023284
0.073888 11.977244 0.000015 0.000212 0.008553 0.426168 0.317745 11.975852 12.006612 11.262132 11.123152 11.154040
0.075274 11.975052 0.000009 0.000161 0.008553 0.432046 0.279413 11.984846 12.013890 11.314905 11.276569 11.255494
0.075066 11.974578 0.000009 0.000201 0.008553 0.436107 0.240911 11.969242 12.012837 11.315275 11.382560 11.309509
0.074089 11.974933 0.000013 0.000193 0.008553 0.437023 0.204134 11.974435 12.003995 11.412498 11.406475 11.373634
0.074537 11.979369 0.000009 0.000126 0.008553 0.438350 0.159797 11.983768 12.001985 11.450169 11.441102 11.411350
0.076932 11.985742 0.000006 0.000083 0.008553 0.439741 0.097110 11.988002 12.001041 11.253739 11.477405 11.332205
0.079823 11.993620 0.000004 0.000038 0.008553 0.437624 0.028163 11.981322 11.983507 11.259379 11.422163 11.314524
0.094117 12.160369 0.000001 -0.000903 0.008553 0.437946 0.036037 12.291386 11.988973 11.453936 11.430565 11.421934
0.092233 12.119645 -0.000086 -0.000667 0.023098 0.442763 0.123456 11.984006 12.003794 11.560469 11.556295 11.538382
0.079464 11.937526 0.000006 0.000338 0.023098 0.447286 0.103559 11.900656 11.997481 11.505759 11.674342 11.569943
0.080376 11.940533 0.000028 0.000291 0.023098 0.448211 0.062092 11.959778 11.979130 11.668705 11.698475 11.669277
0.081172 11.941181 0.000006 0.000194 0.023098 0.451454 0.002967 11.924068 11.973100 11.730639 11.783125 11.743815
0.082437 11.941470 0.000014 0.000161 0.023098 0.454758 -2.819616 11.951452 11.965996 11.629348 11.869365 11.736843
0.083506 11.938708 0.000004 0.000139 0.023098 0.454136 -2.531946 11.910494 11.945248 11.431416 11.853117 11.634658
0.085091 11.947248 0.000010 -0.000010 0.023098 0.449797 -2.273473 11.944992 11.913789 11.100776 11.739886 11.421330
0.085678 11.957625 -0.000009 -0.000224 0.023098 0.440474 -2.047091 11.919750 11.870191 11.154003 11.496542 11.343855
0.084899 11.954983 -0.000014 -0.000433 0.023098 0.436041 -1.850508 11.957453 11.852954 11.190767 11.380846 11.312852
0.098598 12.157842 -0.000030 -0.001556 0.023098 0.433246 -1.676438 12.303883 11.869173 11.431139 11.307888 11.401970
0.093004 12.109300 -0.000124 -0.001225 0.033405 0.434700 -1.517618 11.962886 11.902439 11.648667 11.345844 11.526278
0.075367 11.888356 -0.000018 0.000072 0.033405 0.438334 -1.359710 11.851466 11.923765 11.524603 11.440683 11.501892
0.077145 11.916272 0.000020 0.000038 0.033405 0.436969 -1.199999 11.974417 11.929316 11.405668 11.405074 11.421273
0.079716 11.949599 -0.000013 -0.000104 0.033405 0.433923 -1.045336 11.929789 11.931389 11.154877 11.325555 11.254458
0.079340 11.933450 -0.000000 -0.000011 0.033405 0.428113 -0.900958 11.923565 11.918781 10.933641 11.173910 11.071009
0.079375 11.913467 -0.000002 0.000027 0.033405 0.422241 -0.773073 11.887349 11.900211 10.650915 11.020668 10.857079
0.081779 11.926499 0.000003 -0.000134 0.033405 0.415355 -0.671396 11.930060 11.875081 10.306356 10.840925 10.601514
0.082169 11.918391 -0.000016 -0.000221 0.033405 0.406304 -0.622462 11.868922 11.839279 10.243932 10.604706 10.464960
0.080893 11.889594 -0.000009 -0.000257 0.033405 0.401615 -0.632255 11.879046 11.817226 10.702228 10.482320 10.644440
0.079824 11.869038 -0.000018 -0.000264 0.033405 0.409135 -0.664990 11.877541 11.838916 11.729905 10.678579 11.255901
0.080787 11.858931 -0.000011 -0.000102 0.033405 0.433932 -0.637736 11.922972 11.919846 11.987306 11.325808 11.676965
0.081029 11.852520 -0.000001 0.000344 0.030226 0.451322 -0.507220 11.845820 11.962776 12.247986 11.779692 12.015583
0.081989 11.853876 0.000033 0.000556 0.027349 0.464346 -0.319621 11.895478 11.987043 11.710868 12.119617 11.896521
0.083124 11.843012 0.000026 0.000735 0.024747 0.459769 -0.002938 11.770352 -4760.995606 10.865584 12.000153 11.416330
0.082045 11.811153 0.000049 -24.357403 0.022392 0.427778 2.432846 11.758617 -4283.800108 11.242635 11.165179 11.230206
0.081290 11.782313 0.000024 -21.921950 0.020261 0.422413 2.187292 11.807085 -3854.236051 11.319129 11.025152 11.198209
0.079030 11.754510 0.000011 -19.729584 0.018333 0.422432 1.977213 11.734520 -3467.614924 12.038066 11.025636 11.559154
0.075210 11.718154 0.000035 -17.756327 0.016588 0.436909 1.787087 11.781070 -3119.605608 12.534352 11.403508 11.972326
0.071889 11.680355 0.000040 -15.980114 0.015010 0.453295 1.602162 11.684682 -2806.392114 12.397105 11.831170 12.083401
0.070565 11.662192 0.000085 -14.381576 0.022824 0.457945 1.424274 11.686688 -2524.544196 12.258380 11.952549 12.059454
0.072159 11.672610 0.000088 -12.943255 0.023588 0.457679 1.246023 11.684308 -2270.899555 12.493766 11.945609 12.171728
0.074684 11.667306 0.000086 -11.648785 0.023588 0.463969 1.079476 11.694857 -2042.601716 12.373135 12.109787 12.178576
0.077609 11.661236 0.000086 -10.483666 0.023588 0.467298 0.923429 11.654109 -1837.155650 12.111967 12.196650 12.082407
0.082086 11.689268 0.000094 -9.435341 0.025377 0.465849 0.805570 11.711037 -1652.277515 12.303937 12.158831 12.169006
0.086624 11.718336 0.000068 -8.491988 0.025377 0.470964 0.724634 11.735068 -1485.867037 12.646127 12.292349 12.410352
0.088800 11.726289 0.000058 -7.642774 0.025377 0.481522 0.667476 11.745826 -1336.081144 13.261414 12.567919 12.856935
0.090534 11.736856 0.000057 -6.878415 0.025377 0.499282 0.602705 11.781744 -1201.247280 13.854100 13.031454 13.373925
0.091929 11.751812 0.000056 -6.190384 0.025377 0.519209 0.484061 11.789627 -1079.885610 13.967874 13.551561 13.666188
0.091383 11.759738 0.000065 -5.571071 0.025377 0.529179 0.283060 11.767081 -970.689821 13.599725 13.811792 13.594244
0.089648 11.760115 0.000073 -5.013806 0.025377 0.523875 -0.065906 11.738621 -872.460748 12.956347 13.673344 13.204134
0.085957 11.739083 0.000070 -4.512400 0.025377 0.505505 1.064811 11.685623 -784.094594 12.717181 13.193874 12.871426
0.082770 11.727396 0.000063 -4.061375 0.025377 0.490068 0.925141 11.725026 -704.548183 12.930216 12.790962 12.801988
0.079568 11.717167 0.000037 -3.655368 0.025377 0.485732 0.822376 11.721334 -632.911193 13.245408 12.677810 12.908963
0.076128 11.711408 0.000037 -3.289748 0.025377 0.488786 0.731750 11.746080 -568.406320 13.124645 12.757506 12.874724
0.071902 11.713131 0.000038 -2.960565 0.022962 0.486046 0.633405 11.714334 -510.366812 12.755274 12.685989 12.645407
0.068636 11.720180 0.000051 -2.664404 0.020777 0.475318 0.547505 11.730059 -458.152911 12.502314 12.405999 12.381107
0.069266 11.741424 0.000043 -2.398045 0.018800 0.464780 0.472655 11.757746 -411.156247 11.981506 12.130939 11.982301
0.071297 11.772136 0.000033 -2.158360 0.017011 0.450613 0.429088 11.772429 -368.874627 11.619580 11.761168 11.623594
0.074045 11.807698 0.000023 -1.942763 0.015392 0.438472 0.432903 11.825284 -330.817025 11.395785 11.444299 11.360570
0.077637 11.837817 0.000004 -1.748695 0.013927 0.430765 0.457308 11.844202 -296.555183 11.029636 11.243136 11.079448
0.080236 11.855472 -0.000003 -1.573934 0.012602 0.422486 0.492369 11.848460 -265.730146 10.848219 11.027057 10.888823
0.082289 11.871234 -0.000008 -1.416703 0.011402 0.417151 0.531702 11.876028 -237.983434 11.421631 10.887805 11.119575
0.085311 11.898417 -0.000018 -1.275240 0.010317 0.428050 0.552256 11.956405 -212.955172 12.099499 11.172271 11.593822
0.086172 11.900960 -0.000027 -1.147524 0.009336 0.448138 0.530731 11.926216 -190.399947 12.188053 11.696585 11.875460
0.086020 11.895783 0.000002 -1.032390 0.008447 0.459702 0.473456 11.908333 -170.133477 11.970370 11.998399 11.903308
0.086128 11.893297 0.000017 -0.928950 0.007643 0.460582 0.399250 11.879164 -151.932904 11.853196 12.021377 11.859177
0.086161 11.887085 0.000023 -0.836034 0.006916 0.458510 0.322379 11.880795 -135.563531 11.874457 11.967282 11.851345
0.086226 11.878193 0.000017 -0.752450 0.006258 0.458036 0.246088 11.869142 -120.826328 11.857680 11.954926 11.842247
0.085732 11.872046 0.000016 -0.677209 0.005662 0.457467 0.174113 11.867069 -107.563791 11.937378 11.940080 11.881157
0.093611 12.010111 0.000013 -0.610230 0.005123 0.457685 0.107869 12.124341 -95.606604 12.163646 11.945759 12.002219
0.087050 11.980674 -0.000057 -0.549058 0.015452 0.459441 0.028575 11.882099 -84.831518 12.613641 11.991600 12.250651
0.074718 11.842483 0.000018 -0.493363 0.015452 0.467032 -1.300371 11.857491 -75.117418 12.446061 12.189731 12.251029
0.075608 11.864625 0.000035 -0.443902 0.015452 0.466497 -1.133568 11.889576 -66.399970 12.421634 12.175761 12.228844
0.076551 11.896193 0.000028 -0.399574 0.015452 0.465335 -0.987380 11.919947 -58.551895 12.427023 12.145419 12.214044
0.077454 11.908798 0.000023 -0.359587 0.015452 0.465288 -0.853056 11.921021 -51.484684 11.793794 12.144201 11.889965
0.078408 11.922622 0.000026 -0.323591 0.015452 0.453465 -0.740312 11.897596 -45.170260 11.313992 11.835610 11.506915
0.078083 11.933824 0.000023 -0.291423 0.015452 0.438903 -0.663190 11.923646 -39.499012 10.965846 11.455545 11.158619
0.075984 11.931785 0.000003 -0.262470 0.015452 0.424933 -0.627397 11.901532 -34.392697 11.118069 11.090926 11.068576
0.074729 11.941630 -0.000001 -0.236461 0.015452 0.420831 -0.616206 11.975746 -29.757226 11.412345 10.983844 11.164360
0.073780 11.946265 -0.000021 -0.212828 0.015452 0.424333 -0.594704 11.954849 -25.554707 11.290283 11.075259 11.139995
0.072420 11.942330 -0.000004 -0.191361 0.015452 0.423514 -0.555256 11.948458 -21.788861 11.396924 11.053879 11.179737
0.071242 11.939140 0.000002 -0.172126 0.013982 0.425413 -0.502517 11.957439 -18.390306 11.510502 11.103455 11.255386
0.072568 11.949560 0.000006 -0.154836 0.012651 0.429298 -0.426377 11.973815 -15.325761 10.941939 11.204835 11.013692
0.074370 11.965655 0.000010 -0.139278 0.011447 0.421107 -0.342003 11.939391 -12.616356 10.685442 10.991052 10.787586
0.076272 11.975384 0.000013 -0.125501 0.010358 0.413356 -0.279120 11.981235 -10.180126 10.461169 10.788743 10.583935
0.076898 11.969216 -0.000006 -0.113036 0.009372 0.406885 -0.234105 11.935009 -7.989784 10.560339 10.619869 10.559591
0.074804 11.948023 0.000000 -0.101750 0.008480 0.406511 -0.223318 11.953964 -6.000473 11.061745 10.610099 10.809594
0.071328 11.929551 -0.000006 -0.091504 0.007673 0.415882 -0.199742 11.943928 -4.173563 11.614235 10.854680 11.199081
0.067638 11.914161 0.000006 -0.082102 0.006943 0.429563 -0.138296 11.947370 -2.507767 12.037197 11.211775 11.572718
0.065843 11.907537 0.000020 -0.073567 0.006282 0.443012 0.020446 11.937639 -1.004268 11.798925 11.562796 11.612233
0.063790 11.893929 0.000038 -0.065824 0.010140 0.444175 -1.149036 11.876689 0.303279 6.985773 11.593153 9.223724
0.062083 11.878676 0.000055 -0.059074 0.014883 0.347959 -1.002613 11.534367 1.114920 0.963073 9.081857 5.074299
0.061496 11.866510 0.000049 -0.054869 0.014883 0.181762 -0.852956 11.522706 1.580560 -2.896866 4.744049 1.165712
0.058276 11.822547 -0.000117 -0.052269 0.031424 0.026093 -0.722797 11.488778 2.031117 -4.527367 0.681043 -1.513099
0.050635 11.723147 -0.000251 -0.049462 0.067587 -0.079941 -0.575042 11.519621 2.609298 -6.528922 -2.086499 -3.793799
0.040898 11.592946 -0.000341 -0.045847 0.091759 -0.169761 -0.230539 11.318091 3.174148 -8.160774 -4.430817 -5.700831
0.032216 11.461220 -0.000344 -0.042292 0.092598 -0.244435 1.061933 11.295696 3.722828 -9.478949 -6.379846 -7.273412
0.023418 11.314723 -0.000381 -0.038744 0.102474 -0.304384 0.668518 11.097280 4.249352 -9.663420 -7.944550 -8.101617
0.011129 11.128772 -0.000354 -0.035108 0.102474 -0.334062 0.002101 11.024922 2006.996180 -2.886065 -8.719148 -5.056322
-0.005515 10.906820 -0.000336 10.186784 0.102474 -0.201263 -1.019708 11.250257 1807.825163 4.472647 -5.253035 0.229122
-0.026965 10.670706 -0.000246 9.171546 0.102474 0.020564 0.495790 10.937222 1628.839874 6.738521 0.536720 3.872320
-0.046996 10.476787 0.000059 8.259107 0.102474 0.170622 -3.732876 10.574040 1467.469165 9.076636 4.453289 6.751763
-0.048047 10.448733 0.000277 7.435716 0.102474 0.282849 -2.733135 10.695585 1322.114220 11.105773 7.382478 9.068793
-0.029604 10.596085 0.000311 6.693163 0.102474 0.372111 -1.571966 10.796012 1191.241933 13.966916 9.712243 11.605360
-0.011368 10.806329 0.000330 6.024201 0.102474 0.469538 -0.001083 11.134003 1040.182036 17.345603 12.255132 14.492726
0.005408 11.042349 0.000293 5.252082 0.102474 0.578311 0.015966 11.351193 937.650234 21.063688 15.094152 17.669869
0.031533 11.342529 0.000310 4.727292 0.102474 0.738572 -146.982020 11.783761 845.467627 19.598500 19.277029 18.873605
0.057682 11.649234 0.000285 4.255285 0.102474 0.779238 -132.266737 11.565746 762.109922 18.043242 20.338430 18.629936
0.068141 11.800627 0.000323 3.829107 0.092722 0.762522 -119.027587 11.816221 686.906681 17.292478 19.902124 18.116120
0.073001 11.854223 0.000178 3.445043 0.083898 0.735618 -107.117670 11.688705 619.205516 18.100512 19.199928 18.262488
0.085761 11.953725 0.000143 3.099031 0.075914 0.738575 -96.408410 12.083202 558.397798 19.485682 19.277094 19.049220
0.101204 12.078708 0.000000 2.788069 0.068690 0.770529 -86.772159 12.090773 503.781549 18.912245 20.111103 19.173840
0.106972 12.195890 0.000003 2.508744 0.062153 0.773807 -78.104666 12.189979 454.532979 18.597927 20.196682 19.100066
0.107156 12.308388 -0.000049 2.256836 0.056239 0.762144 -70.305412 12.283088 410.190493 19.034635 19.892256 19.222529
0.111998 12.418416 -0.000102 2.029978 0.050887 0.758301 -63.285614 12.462292 370.348899 18.174941 19.791964 18.771551
0.113373 12.510124 -0.000158 1.826184 0.046044 0.733796 -56.967367 12.426991 334.443624 18.125495 19.152373 18.476137
0.146950 13.140520 -0.000166 1.639729 0.044602 0.713768 -51.281905 13.634250 302.236220 12.600634 18.629629 15.506492
0.133890 13.068600 -0.000497 1.475730 0.133533 0.587712 -46.157688 12.163454 272.866831 9.637113 15.339526 12.525404
0.089582 12.526624 -0.000175 1.328613 0.133533 0.464534 -41.571772 12.389052 246.404701 11.172213 12.124510 11.758358
0.087687 12.595123 -0.000334 1.193217 0.133533 0.431546 -37.437959 12.688486 222.952250 4.509377 11.263511 8.109706
0.081970 12.631562 -0.000403 1.073344 0.133533 0.284488 -33.730116 12.078956 201.413114 -2.114106 7.425262 3.087271
0.078162 12.660866 -0.000337 0.963273 0.133533 0.083160 -30.402614 12.410225 181.821720 -5.314874 2.170516 -0.983205
0.072714 12.645575 -0.000587 0.863369 0.157892 -0.077521 -27.400327 12.271889 164.342140 -9.101707 -2.023325 -4.834037
0.057892 12.534298 -0.000646 0.774732 0.173594 -0.228506 -24.702976 12.212816 148.629945 -11.641063 -5.964090 -7.981645
0.040812 12.358820 -0.000712 0.695442 0.191335 -0.351776 -22.265039 12.049424 134.576634 -13.718604 -9.181495 -10.568781
0.027175 12.154548 -0.000715 0.624765 0.192186 -0.450136 -20.049193 11.898023 121.993801 -15.694193 -11.748734 -12.791975
0.011517 11.905408 -0.000698 0.561822 0.192186 -0.531335 -18.035451 11.615111 110.688756 -17.217590 -13.868057 -14.580297
-0.013148 11.596063 -0.000635 0.505707 0.192186 -0.597257 -16.214032 11.329358 100.528021 -14.104660 -15.588635 -13.920423
-0.041682 11.217655 -0.000565 0.455784 0.192186 -0.563224 -14.537054 11.239702 91.708394 -10.524406 -14.700358 -11.720392
-0.068437 10.836961 -0.000457 0.412717 0.192186 -0.462484 -12.894445 10.828279 83.934760 -10.447766 -12.071021 -10.637735
-0.086843 10.642870 -0.000218 0.374036 0.192186 -0.414299 -11.261609 10.616410 76.727437 -8.782068 -10.813359 -9.215074
-0.086576 10.639843 -0.000107 0.337270 0.192186 -0.358494 -9.647310 10.811089 70.271177 -6.681018 -9.356827 -7.466221
-0.081990 10.608546 -0.000108 0.304481 0.192186 -0.286415 -8.001976 10.647398 64.505801 -4.835723 -7.475549 -5.695500
-0.083621 10.526611 0.000000 0.275476 0.192186 -0.211343 -6.320473 10.628166 59.306067 -2.853953 -5.516137 -3.807975
-0.084907 10.493870 0.000059 0.249107 0.192186 -0.134216 -4.531733 10.586297 54.624711 -1.039379 -3.503103 -1.991097
-0.082013 10.509370 0.000119 0.225137 0.192186 -0.063449 -2.461397 10.632792 50.398141 -0.329645 -1.656035 -0.870971
-0.075156 10.529951 0.000145 0.203462 0.173897 -0.020506 0.702945 10.547256 46.510901 -0.967938 -0.535211 -0.791053
-0.066991 10.557847 0.000181 0.183482 0.157349 -0.014562 -7.150836 10.533833 42.883108 0.168404 -0.380062 -0.070345
-0.056892 10.598982 0.000158 0.164758 0.142375 0.014680 -5.931595 10.692278 39.695872 2.352999 0.383151 1.468094
-0.046131 10.648829 0.000112 0.148238 0.128826 0.076679 -4.908500 10.761957 36.939054 3.311226 2.001348 2.673665
-0.034542 10.713258 0.000122 0.133840 0.116567 0.124305 -4.029992 10.772639 34.414814 2.250922 3.244421 2.647530
-0.022050 10.788998 0.000134 0.120571 0.105474 0.122936 -3.321541 10.727498 31.977645 0.952180 3.208682 1.975196
-0.012152 10.861800 0.000113 0.107762 0.095437 0.094764 -2.916946 10.799834 29.696654 1.548844 2.473372 1.988277
-0.002443 10.939188 0.000037 0.095726 0.086355 0.092618 -2.782282 10.981262 27.751498 2.227428 2.417373 2.329355
0.003066 10.999861 -0.000034 0.085490 0.078137 0.102911 -2.765000 11.000480 26.062074 2.456599 2.686028 2.582198
0.003156 11.044310 -0.000040 0.076641 0.070701 0.107634 -2.756723 11.062150 24.543073 2.537165 2.809297 2.688863
0.003395 11.091691 -0.000057 0.068647 0.063973 0.105800 -2.709701 11.094893 23.177505 2.370553 2.761433 2.587053
0.006237 11.138770 -0.000066 0.061438 0.057885 0.097216 -2.625904 11.144526 21.944286 2.022841 2.537389 2.309245
0.022450 11.319287 -0.000081 0.054223 0.052377 0.084265 -2.527579 11.420465 20.843156 6.764680 2.199341 4.532551
0.023790 11.337640 -0.000158 0.048510 0.047393 0.173492 -2.435074 11.614123 20.235348 8.288714 4.528201 6.346322
0.013298 11.235439 -0.000103 0.045930 0.042883 0.246078 -2.341318 11.214814 19.617678 5.187107 6.422733 5.650557
0.019186 11.329398 0.000091 0.042298 0.038802 0.217176 -2.229498 11.328300 18.696085 4.535184 5.668388 4.984189
0.032910 11.519742 0.000026 0.036624 0.035109 0.189330 -2.085039 11.587820 17.893375 3.597177 4.941589 4.184646
0.043610 11.695470 -0.000069 0.031630 0.031768 0.155943 -1.931819 11.680658 17.172653 3.338117 4.070186 3.653425
0.045826 11.782094 -0.000115 0.027510 0.030847 0.132780 -1.787249 11.808282 16.578637 3.609166 3.465611 3.501405
0.044348 11.833210 -0.000153 0.024218 0.041156 0.124700 -1.641289 11.863931 16.114872 4.022545 3.254732 3.595504
0.041565 11.852632 -0.000151 0.021752 0.041156 0.126782 -1.475693 11.901236 15.746291 3.564222 3.309060 3.382895
0.038633 11.847572 -0.000131 0.019897 0.041156 0.118378 -1.279260 11.823797 15.375576 2.824800 3.089710 2.906356
0.038696 11.858812 -0.000092 0.017947 0.041156 0.100719 -1.108351 11.866935 15.004011 2.898216 2.628797 2.714571
0.042113 11.865941 -0.000100 0.016015 0.041156 0.096579 -0.977660 11.885372 14.710431 2.582981 2.520756 2.501173
0.044053 11.862631 -0.000090 0.014533 0.041156 0.092928 -0.897041 11.849110 14.430322 2.739141 2.425460 2.530000
0.043020 11.851107 -0.000071 0.013163 0.041156 0.097211 -0.870287 11.876254 14.195950 2.899647 2.537249 2.660674
0.041642 11.830101 -0.000065 0.012074 0.041156 0.104108 -0.811315 11.820386 13.986572 2.516263 2.717256 2.558733
0.041731 11.815614 -0.000036 0.011079 0.041156 0.101136 -0.721902 11.796707 13.754387 2.303827 2.639699 2.422545
0.042863 11.801647 -0.000031 0.009966 0.041156 0.096954 -0.623870 11.780383 13.533897 2.213981 2.530526 2.333218
0.041626 11.772469 -0.000030 0.008989 0.041156 0.094467 -0.550476 11.742373 13.333990 2.830578 2.465618 2.613284
0.038867 11.744607 -0.000023 0.008111 0.037239 0.105431 -0.474225 11.773794 13.202451 3.257549 2.751803 2.961727
0.036905 11.733176 -0.000022 0.007498 0.033696 0.118130 -0.291094 11.738650 13.093492 2.991025 3.083253 2.989195
0.035609 11.732678 -0.000000 0.006945 0.030489 0.117425 0.059688 11.720976 12.950487 2.678211 3.064829 2.830706
0.034782 11.735861 0.000003 0.006199 0.027588 0.109840 -1.349978 11.718743 12.799999 2.626179 2.866869 2.715464
0.033151 11.725915 -0.000005 0.005481 0.024962 0.104022 -1.171525 11.713583 12.674521 2.835152 2.715021 2.747638
0.030635 11.702588 -0.000008 0.004960 0.022587 0.104680 -1.018161 11.702811 12.586346 2.573205 2.732193 2.626564
0.028944 11.688400 -0.000002 0.004583 0.020437 0.099550 -0.886685 11.664936 12.484616 2.050802 2.598306 2.307539
0.027807 11.692565 0.000005 0.004042 0.018493 0.086493 -0.793625 11.673563 12.364307 2.134280 2.257498 2.187937
0.026280 11.699887 -0.000009 0.003391 0.016733 0.080913 -0.733908 11.711695 12.288614 2.813603 2.111864 2.447909
0.024770 11.697977 -0.000021 0.003014 0.015140 0.090729 -0.675880 11.739686 12.282233 3.457252 2.368075 2.876792
0.023204 11.687912 -0.000012 0.003033 0.013700 0.107923 -0.595617 11.728262 12.304571 3.458830 2.816829 3.083718
0.021925 11.696803 0.000014 0.003102 0.012396 0.116254 -0.495482 11.719833 12.291993 3.527764 3.034269 3.216332
0.021591 11.722005 0.000028 0.002909 0.011216 0.120884 -0.393098 11.760792 12.272043 3.520612 3.155114 3.266506
0.022940 11.743548 0.000025 0.002697 0.010149 0.122770 -0.283554 11.757193 12.246633 3.142252 3.204337 3.103397
0.026184 11.775435 0.000031 0.002405 0.009183 0.117212 -0.188815 11.785368 12.194853 3.171927 3.059274 3.047797
0.029476 11.808242 0.000019 0.001973 0.008309 0.116426 -0.134132 11.834997 12.164649 3.278185 3.038761 3.089286
0.029870 11.819803 0.000006 0.001760 0.007519 0.119211 -0.125680 11.825623 12.148139 3.286959 3.111447 3.128601
0.027763 11.820230 0.000013 0.001673 0.006803 0.120665 -0.148672 11.829092 12.128525 3.321400 3.149394 3.164036
0.024409 11.811731 0.000014 0.001617 0.006156 0.120996 -0.169554 11.810756 12.109759 3.198182 3.158050 3.108417
0.020377 11.792750 0.000021 0.001618 0.005700 0.117481 -0.182892 11.781358 12.081071 3.018000 3.066293 2.976500
