0.000000 0.000547 0.000000 0.000000 0.000000 0.000000 0.000000 0.000000 0.000000 10.411247 0.000000 10.411247
0.000000 0.000966 0.000000 0.000000 0.000000 0.000000 0.000000 0.000000 0.000000 10.411912 0.000000 10.411912
0.000000 0.007911 0.000000 0.000000 0.000000 0.000000 0.000000 0.000000 0.000000 10.411897 0.000000 10.411897
0.000000 0.155437 0.000000 0.000000 0.000000 0.000000 0.000000 0.000000 0.000000 10.412140 0.000000 10.412140
0.000000 0.500683 0.000000 0.000000 0.000000 0.000000 0.000000 0.000000 0.000000 10.413152 0.000000 10.413152
0.000000 0.774587 0.000000 0.000000 0.000000 0.000000 0.000000 0.000000 0.000000 10.412811 0.000000 10.412811
0.000000 0.793154 0.000000 0.000000 0.000000 0.000000 0.000000 0.000000 0.000000 10.411061 0.000000 10.411061
0.000000 0.775437 0.000000 0.000000 0.000000 0.000000 0.000000 0.000000 0.000000 10.408849 0.000000 10.408849
0.000000 0.805046 0.000000 0.000000 0.000000 0.000000 0.000000 0.000000 0.000000 10.400056 0.000000 10.400056
0.000000 0.831538 0.000000 0.000000 0.000000 0.000000 0.000000 0.000000 0.000000 10.391952 0.000000 10.391952
0.000000 0.887553 0.000000 0.000000 0.000000 0.000000 0.000000 0.000000 0.000000 10.415985 0.000000 10.415985
0.000000 0.934315 0.000000 0.000000 0.000000 0.000000 0.000000 0.000000 0.000000 10.425704 0.000000 10.425704
0.000000 0.971471 0.000000 0.000000 0.000000 0.000000 0.000000 0.000000 0.000000 10.435690 0.000000 10.435690
0.524756 1.012120 0.000000 0.000000 0.000000 0.000000 0.000000 0.000000 0.000000 10.433293 0.000000 10.433293
0.378018 1.064233 0.000000 0.000000 0.000000 0.000000 0.000000 0.000000 0.000000 10.422500 0.000000 10.422500
0.238563 1.131532 0.000000 0.000000 0.000000 0.000000 0.000000 0.000000 0.000000 10.432220 0.000000 10.432220
0.161420 1.209680 0.000000 0.000000 0.000000 0.000000 0.000000 0.000000 0.000000 10.420642 0.000000 10.420642
0.110361 1.299758 0.000000 0.000000 0.000000 0.000000 0.000000 0.000000 0.000000 10.422569 0.000000 10.422569
0.073206 1.396016 0.000000 0.000000 0.000000 0.000000 0.000000 0.000000 0.000000 10.428198 0.000000 10.428198
0.068908 1.510070 0.000000 0.000000 0.000000 0.000000 0.000000 0.000000 0.000000 10.423908 0.000000 10.423908
0.088757 1.640176 0.000000 0.000000 0.000000 0.000000 0.000000 0.000000 0.000000 10.408048 0.000000 10.408048
0.105180 1.757502 0.000000 0.000000 0.000000 0.000000 0.000000 0.000000 0.000000 10.389417 0.000000 10.389417
0.131133 1.910549 0.000000 0.000000 0.000000 0.000000 0.000000 0.000000 0.000000 10.394618 0.000000 10.394618
0.132623 2.019483 0.000000 0.000000 0.000000 0.000000 0.000000 0.000000 0.000000 10.405190 0.000000 10.405190
0.109834 2.076869 0.000000 0.000000 0.000000 0.000000 0.000000 0.000000 0.000000 10.406741 0.000000 10.406741
0.099505 2.167089 0.000000 0.000000 0.000000 0.000000 0.000000 0.000000 0.000000 10.410023 0.000000 10.410023
0.100684 2.274538 0.000000 0.000000 0.000000 0.000000 0.000000 0.000000 0.000000 10.407340 0.000000 10.407340
0.098461 2.376270 0.000000 0.000000 0.000000 0.000000 0.000000 0.000000 0.000000 10.402141 0.000000 10.402141
0.090019 2.471443 0.000000 0.000000 0.000000 0.000000 0.000000 0.000000 0.000000 10.404676 0.000000 10.404676
0.088685 2.575281 0.000000 0.000000 0.000000 0.000000 0.000000 0.000000 0.000000 10.396864 0.000000 10.396864
0.080883 2.665760 0.000000 0.000000 0.000000 0.000000 0.000000 0.000000 0.000000 10.391514 0.000000 10.391514
0.071230 2.762637 0.000000 0.000000 0.000000 0.000000 0.000000 0.000000 0.000000 10.397295 0.000000 10.397295
0.062111 2.858353 0.000000 0.000000 0.000000 0.000000 0.000000 0.000000 0.000000 10.401450 0.000000 10.401450
0.056387 2.955490 0.000000 0.000000 0.000000 0.000000 0.000000 0.000000 0.000000 10.401940 0.000000 10.401940
0.057605 3.062327 0.000000 0.000000 0.000000 0.000000 0.000000 0.000000 0.000000 10.398213 0.000000 10.398213
0.058554 3.166395 0.000000 0.000000 0.000000 0.000000 0.000000 0.000000 0.000000 10.397799 0.000000 10.397799
0.059221 3.273687 0.000000 0.000000 0.000000 0.000000 0.000000 0.000000 0.000000 10.402790 0.000000 10.402790
0.059735 3.373389 0.000000 0.000000 0.000000 0.000000 0.000000 0.000000 0.000000 10.400830 0.000000 10.400830
0.055900 3.468950 0.000000 0.000000 0.000000 0.000000 0.000000 0.000000 0.000000 10.402971 0.000000 10.402971
0.051798 3.569232 0.000000 0.000000 0.000000 0.000000 0.000000 0.000000 0.000000 10.414352 0.000000 10.414352
0.052534 3.671850 0.000000 0.000000 0.000000 0.000000 0.000000 0.000000 0.000000 10.417763 0.000000 10.417763
0.054269 3.778075 0.000000 0.000000 0.000000 0.000000 0.000000 0.000000 0.000000 10.414891 0.000000 10.414891
0.051167 3.871290 0.000000 0.000000 0.000000 0.000000 0.000000 0.000000 0.000000 10.414289 0.000000 10.414289
0.047530 3.962495 0.000000 0.000000 0.000000 0.000000 0.000000 0.000000 0.000000 10.414991 0.000000 10.414991
0.047164 4.061954 0.000000 0.000000 0.000000 0.000000 0.000000 4.061954 4.061954 10.410615 0.000000 10.410615
0.045988 4.165830 0.000000 -0.000373 0.000000 0.482797 0.000000 5.148726 4.972135 10.411158 15.554071 10.411158
0.044035 4.267774 -0.000035 0.002530 0.009546 0.157597 0.000707 3.118509 -1088.818274 10.411675 5.077241 10.411675
0.039108 4.348301 0.000269 -3.925911 0.072318 0.360663 0.393033 5.793192 -979.040559 10.404574 11.619335 10.404574
0.035156 4.438748 -0.000177 -3.531989 0.072318 0.240548 -0.989872 3.250201 -880.797621 10.405451 7.749635 10.405451
0.035168 4.539266 0.000303 -3.179528 0.081418 0.307019 -0.324623 5.800062 -792.034389 10.405248 9.891096 10.405248
0.033974 4.633448 -0.000167 -2.861089 0.081418 0.272727 1.645054 3.744595 -712.323166 17.327477 8.786326 17.327477
0.031778 4.730949 0.000248 -2.575171 0.081418 0.604857 1.115330 6.258247 -639.879540 17.163876 19.486421 17.163876
0.033591 4.828629 -0.000113 -2.315353 0.081418 0.446118 0.557228 3.484196 -575.609461 16.903160 14.372381 16.903160
0.044966 4.977872 0.000387 -2.085075 0.103950 0.504555 -0.182249 6.391550 -517.331992 16.698629 16.255016 16.698629
0.058022 5.139314 -0.000161 -1.876362 0.103950 0.471472 4.015935 4.175867 -465.046520 16.507250 15.189197 16.507250
0.065864 5.264245 0.000283 -1.689037 0.103950 0.477733 3.426983 6.248867 -417.901523 16.322231 15.390904 16.322231
0.072730 5.397759 -0.000116 -1.520203 0.103950 0.469169 2.841008 4.797368 -375.491100 16.107012 15.115029 16.107012
0.106220 5.726282 0.000186 -1.369074 0.103950 0.461333 2.235291 6.555150 -337.283624 15.761443 14.862562 15.761443
0.098768 5.832485 -0.000149 -1.232240 0.103950 0.446883 1.539776 5.332044 -302.894323 15.675053 14.397030 15.675053
0.066678 5.773362 0.000112 -1.108524 0.103950 0.444438 0.753570 6.236877 -271.917094 15.476552 14.318262 15.476552
0.062344 5.909087 -0.000050 -0.997763 0.103950 0.433603 -0.105085 5.746966 -244.034365 15.201726 13.969198 15.201726
0.055102 6.051269 0.000067 -0.898138 0.103950 0.418825 4.567614 6.401239 -218.919273 14.830093 13.493105 14.830093
0.050040 6.183215 -0.000043 -0.808415 0.103950 0.403192 4.048607 6.124351 -196.293468 14.168909 12.989451 14.168909
0.041825 6.300777 0.000035 -0.727581 0.103950 0.379924 3.532413 6.543859 -175.932102 13.686159 12.239854 13.686159
0.033164 6.428638 -0.000028 -0.654916 0.094058 0.363582 2.981347 6.461467 -157.571024 13.311105 11.713347 13.311105
0.025838 6.549623 0.000014 -0.589410 0.085107 0.350758 2.488269 6.758242 -141.020864 12.864818 11.300221 12.864818
0.018726 6.660433 -0.000018 -0.530371 0.077008 0.336899 2.058960 6.717414 -126.117506 12.379353 10.853744 12.379353
0.013076 6.788455 0.000017 -0.477308 0.069680 0.322571 1.653118 6.977146 -112.695051 12.061281 10.392141 12.061281
0.009061 6.910565 -0.000009 -0.429542 0.063049 0.313416 1.261780 7.001565 -100.590224 11.745397 10.097184 11.745397
0.008169 7.021794 0.000015 -0.386469 0.057049 0.306173 0.940539 7.180433 -89.686567 11.360118 9.863858 11.360118
0.010241 7.139223 0.000007 -0.347732 0.051620 0.298376 0.628897 7.235577 -79.874666 11.056601 9.612639 11.056601
0.014458 7.260890 0.000020 -0.312932 0.046708 0.293720 0.301424 7.405943 -71.036308 10.788427 9.462660 10.788427
0.018060 7.370070 0.000010 -0.281582 0.042263 0.290523 -0.192766 7.455959 -63.081083 10.569394 9.359641 10.569394
0.022173 7.479314 0.000021 -0.253405 0.038241 0.288275 0.418780 7.602557 -55.920484 10.388704 9.287220 10.388704
0.025299 7.582018 0.000011 -0.228058 0.034602 0.286707 0.132573 7.660788 -49.475032 10.385380 9.236707 10.385380
0.027240 7.669244 0.000017 -0.205223 0.031309 0.289506 -0.415731 7.775290 -43.661324 10.287623 9.326887 10.287623
0.028889 7.759380 0.000012 -0.184668 0.028330 0.289383 -0.315939 7.829689 -38.436217 10.107527 9.322910 10.107527
0.028988 7.842278 0.000017 -0.166201 0.025634 0.285568 -0.236304 7.920165 -33.740553 9.946652 9.200022 9.915370
0.030047 7.917946 0.000011 -0.149609 0.023194 0.281646 -0.176483 7.980702 -29.510171 9.642801 9.073673 9.607136
0.028745 7.976387 0.000011 -0.134626 0.020987 0.274113 -0.028033 8.022125 -25.712325 9.503988 8.830977 9.424801
0.025580 8.029194 0.000011 -0.121177 0.018990 0.269534 1.380574 8.093018 -22.280005 9.538161 8.683462 9.397535
0.023432 8.092859 0.000008 -0.109079 0.017183 0.269705 1.218944 8.166603 -19.168846 9.579031 8.688978 9.397659
0.019855 8.141844 0.000007 -0.098081 0.015548 0.270443 1.087878 8.198965 -16.360850 9.420480 8.712733 9.241555
0.016766 8.195062 0.000015 -0.088188 0.014068 0.266215 0.983803 8.253110 -13.844088 9.257782 8.576533 9.059140
0.014754 8.250328 0.000015 -0.079348 0.012729 0.261127 0.891303 8.306982 -11.575766 9.015336 8.412617 8.810453
0.013150 8.295036 0.000014 -0.071362 0.011518 0.254653 0.807813 8.337573 -9.536592 8.742100 8.204045 8.532413
0.013725 8.355612 0.000017 -0.064257 0.010422 0.247653 0.719584 8.416548 -7.700867 8.767303 7.978524 8.485844
0.014723 8.410805 0.000009 -0.057862 0.009430 0.248316 0.636068 8.474386 -6.021526 8.107263 7.999889 7.957146
0.015988 8.463659 0.000010 -0.052021 0.008533 0.233621 0.566228 8.464358 -4.563727 7.190511 7.526457 7.145296
0.017259 8.523913 0.000013 -0.047002 0.007721 0.209345 0.496276 8.542521 -3.283999 6.512663 6.744365 6.460947
0.017064 8.563879 -0.000009 -0.042550 0.006986 0.188755 0.429698 8.560939 -2.119237 5.665971 6.081031 5.671793
0.015994 8.592707 -0.000015 -0.038470 0.006321 0.164911 0.370575 8.582248 -1.083916 4.924981 5.312861 4.943670
0.013450 8.613470 -0.000025 -0.034826 0.006603 0.142654 0.311762 8.604922 -0.147702 4.167619 4.595811 4.213859
0.009771 8.624627 -0.000033 -0.031504 0.008844 0.120023 0.260530 8.603382 0.692522 3.265572 3.866741 3.373436
0.004786 8.626072 -0.000036 -0.028492 0.009813 0.093526 0.198646 8.592265 1.433917 2.523887 3.013100 2.626694
-0.001386 8.620211 -0.000041 -0.025808 0.010964 0.069808 0.126154 8.600286 2.110264 1.824467 2.248986 1.929048
-0.008217 8.612492 -0.000046 -0.023352 0.012488 0.047190 0.039925 8.585565 2.723795 1.357808 1.520300 1.411797
-0.014572 8.596556 -0.000046 -0.021091 0.012488 0.030601 -0.026433 8.591305 3.297027 0.707162 0.985875 0.794791
-0.019661 8.574367 -0.000046 -0.018953 0.012488 0.011819 -0.454857 8.536727 3.800672 -0.154561 0.380780 0.003531
-0.023987 8.552984 -0.000035 -0.017067 0.012488 -0.012053 -0.427693 8.519719 4.229633 -0.692303 -0.388321 -0.570346
-0.027073 8.524824 -0.000038 -0.015425 0.012488 -0.028276 -0.385670 8.502634 4.632879 -1.077049 -0.910963 -0.977983
-0.029393 8.483617 -0.000036 -0.013829 0.012488 -0.038071 -0.346879 8.454048 5.003598 -1.356615 -1.226530 -1.262395
-0.032155 8.437906 -0.000026 -0.012334 0.012488 -0.043605 -0.313576 8.413749 5.335785 -1.426999 -1.404810 -1.354466
-0.036235 8.373566 -0.000018 -0.010910 0.012488 -0.043317 -0.300313 8.339501 5.637645 -1.682474 -1.395533 -1.557411
-0.041394 8.298120 -0.000002 -0.009555 0.012488 -0.047007 -0.316180 8.240215 5.878892 -1.883401 -1.514414 -1.734552
-0.047125 8.223186 0.000012 -0.008419 0.012488 -0.050877 -0.321533 8.177672 6.081430 -2.051809 -1.639074 -1.884438
-0.051277 8.156901 0.000017 -0.007454 0.012488 -0.054492 -0.336984 8.104611 6.253304 -2.489977 -1.755529 -2.255099
-0.056008 8.093458 0.000022 -0.006609 0.011300 -0.065955 -0.337456 8.021057 6.373841 -2.873112 -2.124857 -2.612197
-0.059906 8.035791 0.000024 -0.005969 0.010224 -0.077771 -0.308916 7.982907 6.475364 -3.524700 -2.505510 -3.199028
-0.063663 7.974427 0.000017 -0.005384 0.009251 -0.096988 -0.266076 7.879554 6.537181 -4.184790 -3.124614 -3.820214
-0.069673 7.904693 0.000018 -0.004911 0.008371 -0.117784 -0.190115 7.833173 6.582301 -4.868683 -3.794599 -4.469171
-0.077509 7.824475 0.000008 -0.004461 0.007574 -0.140153 -0.084578 7.724683 6.613685 -5.900193 -4.515261 -5.433153
-0.086724 7.734345 0.000010 -0.004025 0.006854 -0.173290 0.187015 7.622375 6.606051 -6.951214 -5.582803 -6.442027
-0.093003 7.668587 0.000006 -0.003816 0.006201 -0.207458 -0.002687 7.587285 1339.049825 -7.554667 -6.683569 -7.044571
-0.090213 7.656729 -0.000011 4.781459 0.005611 -0.224364 -0.481199 7.636995 1205.835226 -8.140902 -7.228222 -7.610212
-0.085124 7.665695 -0.000033 4.303010 0.008997 -0.241408 -0.369011 7.609772 1085.939390 -8.320284 -7.777336 -7.803948
-0.085109 7.648144 -0.000040 3.872489 0.010777 -0.247390 -0.196629 7.631915 978.063338 -7.930038 -7.970065 -7.462538
-0.082633 7.617494 -0.000049 3.485182 0.013278 -0.235506 -0.051004 7.609417 881.022213 -7.476634 -7.587210 -7.039280
-0.075023 7.597245 -0.000040 3.136749 0.013278 -0.218418 -0.555958 7.597064 793.689273 -7.208616 -7.036671 -6.771968
-0.064771 7.582716 -0.000032 2.823160 0.013278 -0.205215 -0.621753 7.556377 715.063756 -7.347743 -6.611327 -6.868322
-0.054397 7.560631 -0.000024 2.540870 0.013278 -0.203268 -0.673204 7.500386 644.249795 -6.855964 -6.548594 -6.409525
-0.045411 7.519130 -0.000023 2.286704 0.013278 -0.184020 -0.679938 7.507559 580.550163 -5.945757 -5.928491 -5.537540
-0.037580 7.453092 -0.000027 2.058175 0.013278 -0.151608 -0.686726 7.408026 523.238963 -5.332253 -4.884289 -4.895989
-0.029886 7.394371 -0.000006 1.852563 0.013278 -0.127654 -0.681755 7.344729 471.615786 -4.473113 -4.112575 -4.045768
-0.018891 7.355586 -0.000001 1.667307 0.013278 -0.098628 -0.659059 7.333111 425.158605 -4.046161 -3.177444 -3.564200
-0.009646 7.308098 -0.000004 1.500635 0.013278 -0.082231 -0.625809 7.213005 383.298471 -3.809935 -2.649188 -3.275593
-0.000404 7.257209 0.000005 1.350485 0.013278 -0.073591 -0.531504 7.192248 345.594021 -3.299955 -2.370836 -2.763194
0.011845 7.212661 -0.000011 1.215236 0.013278 -0.056735 -0.384093 7.148688 311.675580 -2.696989 -1.827804 -2.147694
0.017442 7.149351 -0.000017 1.093651 0.012014 -0.037649 -0.123332 7.074757 281.147834 -1.978685 -1.212909 -1.423414
0.013448 7.057188 -0.000016 0.984347 0.010871 -0.018415 0.634072 6.976946 253.672583 -1.015067 -0.593278 -0.477757
0.012156 6.973378 -0.000008 0.885976 0.009836 0.006926 0.462808 6.934069 228.966207 -0.188791 0.223135 0.342312
0.013071 6.898924 -0.000006 0.797515 0.008900 0.029770 0.363127 6.835206 206.723876 0.404095 0.959103 0.938200
0.032888 6.967891 0.000007 0.717388 0.008053 0.046009 0.303357 7.026070 186.700308 1.146706 1.482239 1.670639
0.027072 6.849825 -0.000039 0.645901 0.010610 0.066776 0.290260 6.679829 168.686259 1.916525 2.151283 2.427426
0.001986 6.617416 0.000025 0.582041 0.010610 0.088056 0.336313 6.547196 152.459085 2.496235 2.836871 2.997327
0.002837 6.577832 0.000044 0.523906 0.011704 0.103438 0.433868 6.572900 137.841518 2.847117 3.332416 3.344171
0.006876 6.559019 0.000029 0.471477 0.011704 0.111403 0.518525 6.505969 124.671324 3.208980 3.589028 3.703566
0.013488 6.555971 0.000031 0.424190 0.011704 0.120564 0.576534 6.563125 112.826941 3.423883 3.884166 3.913904
0.020593 6.565829 0.000011 0.381618 0.011704 0.125157 0.597091 6.528209 102.161047 3.660092 4.032126 4.148221
0.025915 6.570687 0.000009 0.343296 0.011704 0.130442 0.575594 6.572513 92.569856 4.045470 4.202400 4.527917
0.031461 6.566691 -0.000006 0.308865 0.011704 0.141038 0.537114 6.548469 83.955976 4.292235 4.543770 4.758649
0.040613 6.585061 -0.000004 0.277864 0.011704 0.148074 0.489194 6.592595 76.197144 4.380573 4.770429 4.835042
0.051323 6.628670 -0.000016 0.249843 0.011704 0.149993 0.394053 6.623835 69.206601 4.443887 4.832269 4.895304
0.062330 6.680511 -0.000027 0.224551 0.011704 0.150908 0.230799 6.692284 62.920424 4.523394 4.861726 4.972862
0.072767 6.731842 -0.000044 0.201791 0.011727 0.152313 -0.092949 6.734247 57.272324 4.750722 4.906987 5.199386
0.081985 6.769212 -0.000053 0.181373 0.014246 0.158538 0.710907 6.783677 52.208506 4.842313 5.107552 5.273868
0.087314 6.797365 -0.000060 0.163086 0.016103 0.160231 0.518131 6.785390 47.644467 5.153769 5.162080 5.585356
0.092254 6.829121 -0.000059 0.146581 0.016103 0.168308 0.279782 6.863387 43.562214 5.479540 5.422308 5.893051
0.098569 6.870490 -0.000068 0.131772 0.018339 0.176908 0.081791 6.881119 39.897989 5.691781 5.699356 6.080756
0.105322 6.925367 -0.000064 0.118415 0.018339 0.181232 -0.325682 6.960110 36.600072 6.058932 5.838657 6.437095
0.114975 6.990977 -0.000073 0.106336 0.019671 0.191703 -0.319499 7.034710 33.658201 8.098489 6.176005 8.505563
0.122952 7.046263 -0.000077 0.095572 0.020635 0.259061 -0.401692 7.221667 31.163168 8.832403 8.346070 9.078363
0.122335 7.030789 -0.000073 0.086667 0.020635 0.277653 -0.473007 6.920120 28.791964 9.451612 8.945036 9.663440
0.116325 6.962658 -0.000001 0.078396 0.020635 0.297513 -0.537096 7.040471 26.652817 10.107946 9.584856 10.286217
0.112108 6.894593 -0.000016 0.070958 0.020635 0.319484 -0.568795 6.823100 24.722205 10.635429 10.292677 10.772225
0.110594 6.852290 0.000036 0.064177 0.020635 0.337722 -0.555415 6.905265 22.964838 11.095936 10.880239 11.203613
0.111707 6.839042 0.000022 0.057913 0.020635 0.352927 -0.422028 6.804707 21.370901 11.629991 11.370088 11.724604
0.111866 6.824047 0.000043 0.052242 0.020635 0.370306 -0.145746 6.861983 19.938680 12.168021 11.930002 12.244541
0.109623 6.809333 0.000032 0.047152 0.020635 0.385787 0.928716 6.787786 18.646317 12.773005 12.428741 12.840382
0.107315 6.814389 0.000047 0.042492 0.020635 0.402384 0.643120 6.865427 17.492879 13.364873 12.963434 13.415588
0.104317 6.829260 0.000034 0.038296 0.020635 0.416771 0.323472 6.835022 16.461214 13.679995 13.426945 13.702410
0.097648 6.840029 0.000043 0.034553 0.020635 0.421021 -0.126509 6.865905 15.520966 13.848357 13.563855 13.858795
0.090189 6.859883 0.000037 0.031105 0.018671 0.419709 0.849516 6.879655 14.679448 14.035511 13.521576 14.037590
0.083574 6.884949 0.000035 0.027993 0.016894 0.420311 0.671983 6.933604 13.944417 14.244281 13.540976 14.224378
0.074778 6.902517 0.000030 0.025290 0.015286 0.422275 0.546308 6.938434 13.301014 14.508777 13.604256 14.456630
0.069222 6.940132 0.000038 0.022844 0.013832 0.426751 0.481725 7.019669 12.743104 14.760262 13.748440 14.666465
0.065363 6.996023 0.000034 0.020640 0.012515 0.431892 0.491491 7.064558 12.255848 15.101778 13.914070 14.960421
0.060639 7.059145 0.000039 0.018663 0.011324 0.439806 0.540653 7.157469 11.838832 15.431838 14.169050 15.237992
0.058889 7.145469 0.000037 0.016855 0.010247 0.447367 0.624309 7.245013 11.478639 15.402752 14.412642 15.171338
0.055985 7.241434 0.000037 0.015217 0.010069 0.444016 0.694045 7.324147 11.140494 15.283925 14.304662 15.017081
0.055115 7.342933 0.000035 0.013638 0.010069 0.437569 0.738012 7.442599 10.845376 14.799011 14.096967 14.519913
0.057898 7.453847 0.000025 0.012180 0.010069 0.422043 0.756411 7.523524 10.566901 14.164572 13.596763 13.877309
0.082118 7.765390 0.000019 0.010061 0.010069 0.401541 0.709381 8.007959 10.335826 14.132739 12.936279 13.767567
0.073598 7.815267 -0.000065 0.009052 0.017583 0.398600 0.625963 7.764524 10.187181 14.015905 12.841523 13.613723
0.044161 7.696892 0.000007 0.008943 0.017583 0.395046 0.520355 7.744289 10.039654 13.571187 12.727033 13.175375
0.041784 7.810288 0.000029 0.008006 0.017583 0.380754 0.401944 7.936048 9.889678 12.943413 12.266600 12.550581
0.039955 7.920813 0.000004 0.007071 0.017583 0.360654 0.241365 7.967122 9.751289 12.246356 11.619031 11.847866
0.038406 8.023605 0.000009 0.006205 0.017583 0.338924 -0.083565 8.123010 9.632740 11.753042 10.918981 11.308296
0.037129 8.119635 -0.000011 0.005434 0.017583 0.322973 1.056051 8.189023 9.553518 11.473373 10.405077 10.967476
0.035885 8.214323 -0.000009 0.004809 0.017583 0.314348 0.857025 8.326897 9.511932 11.214344 10.127215 10.678042
0.032115 8.298970 -0.000017 0.004356 0.017583 0.307168 0.664869 8.370589 9.484597 11.185627 9.895898 10.581816
0.029039 8.380973 -0.000006 0.003963 0.017583 0.305632 0.492787 8.500752 9.485706 10.977211 9.846399 10.374751
0.025600 8.455879 -0.000009 0.003698 0.017583 0.300945 0.372395 8.517717 9.480460 10.873734 9.695407 10.235483
0.022233 8.535556 0.000007 0.003393 0.017583 0.297991 0.287997 8.651670 9.487813 10.885277 9.600247 10.196378
0.020605 8.609576 0.000001 0.003154 0.015910 0.298495 0.308658 8.686966 9.511055 10.595145 9.616486 9.951846
0.019851 8.676987 0.000015 0.002995 0.014396 0.293242 0.375530 8.753589 9.512234 10.343870 9.447256 9.704946
0.020747 8.757496 0.000017 0.002711 0.013026 0.288103 0.398301 8.838116 9.514255 10.306927 9.281696 9.623038
0.021957 8.829590 0.000014 0.002459 0.011786 0.288249 0.390544 8.911381 9.534400 10.268834 9.286403 9.579791
0.023256 8.899863 0.000016 0.002279 0.010665 0.289709 0.371862 8.975560 9.555858 10.263272 9.333423 9.574152
0.024405 8.969234 0.000018 0.002107 0.009650 0.291763 0.346592 9.044540 9.577563 10.070009 9.399606 9.439237
0.026003 9.032228 0.000018 0.001958 0.008732 0.289407 0.320774 9.080323 9.580973 9.762595 9.323693 9.193131
0.028199 9.098163 0.000021 0.001734 0.007901 0.283326 0.278314 9.150369 9.570626 9.587243 9.127801 9.018314
0.032040 9.169265 0.000013 0.001441 0.007149 0.279358 0.218416 9.224092 9.570200 9.475482 8.999948 8.907271
0.035552 9.231899 0.000005 0.001215 0.006469 0.277675 0.147233 9.279245 9.577470 9.553221 8.945740 8.952258
0.036266 9.278611 0.000002 0.001073 0.005853 0.280505 0.063640 9.330609 9.600089 9.384994 9.036891 8.857579
0.036591 9.332595 0.000002 0.000961 0.005296 0.277802 -0.041654 9.364270 9.603426 9.036546 8.949835 8.593120
0.034890 9.379083 0.000001 0.000806 0.004792 0.268555 0.097712 9.398427 9.588487 8.755202 8.651910 8.323897
0.030866 9.409582 -0.000004 0.000643 0.004336 0.258501 0.028609 9.427433 9.579524 8.613766 8.328011 8.143590
0.027024 9.434048 -0.000007 0.000522 0.003923 0.251365 -0.135537 9.464038 9.589674 8.494731 8.098108 7.999721
0.023696 9.458944 -0.000009 0.000469 0.003550 0.246008 -0.104212 9.489149 9.610881 8.553178 7.925526 7.991830
0.020878 9.483395 -0.000006 0.000458 0.003212 0.245506 -0.089399 9.533039 9.652381 8.657481 7.909350 8.055483
0.019404 9.509371 -0.000004 0.000514 0.002906 0.248050 -0.113728 9.555098 9.702741 8.712535 7.991312 8.112031
0.020039 9.543949 0.000005 0.000570 0.002630 0.250996 -0.147283 9.597364 9.749198 8.586083 8.086229 8.049816
0.020904 9.576714 0.000008 0.000619 0.002380 0.250576 -0.174460 9.603396 9.775152 8.296411 8.072712 7.849663
0.022873 9.611461 0.000014 0.000588 0.003841 0.245661 -0.180784 9.637247 9.778117 8.070905 7.914355 7.656199
0.025828 9.650183 0.000010 0.000459 0.003841 0.241216 -0.172438 9.674062 9.778854 8.204434 7.771161 7.713564
0.027177 9.687507 0.000005 0.000328 0.003841 0.244323 -0.131403 9.735710 9.807167 8.867169 7.871250 8.198241
0.026804 9.708424 -0.000000 0.000355 0.003841 0.260393 -0.085049 9.772673 9.883371 8.856273 8.388970 8.342549
0.025873 9.731397 0.000009 0.000546 0.003841 0.264964 -0.060627 9.738765 9.908563 8.900705 8.536219 8.422639
0.025128 9.763600 0.000022 0.000521 0.006002 0.266611 -0.011894 9.814971 9.925569 9.145215 8.589299 8.609760
0.026415 9.796441 0.000012 0.000464 0.006002 0.271967 0.142462 9.829666 9.960704 9.091038 8.761839 8.629292
0.028517 9.830204 0.000017 0.000469 0.006002 0.272798 0.109689 9.859087 9.976107 9.487509 8.788615 8.909976
0.029799 9.859347 0.000015 0.000419 0.006002 0.282270 0.060843 9.919960 10.024837 9.703771 9.093777 9.149917
0.030099 9.888227 0.000014 0.000491 0.006002 0.290163 0.010281 9.915563 10.063898 9.941833 9.348058 9.390709
0.028672 9.909813 0.000023 0.000553 0.006226 0.297376 -0.263221 9.956533 10.099810 10.312528 9.580442 9.712963
0.027266 9.932871 0.000023 0.000600 0.006226 0.306798 -0.237805 9.977216 10.146390 10.584783 9.883976 9.989481
0.025641 9.949750 0.000029 0.000706 0.007749 0.314757 -0.228097 9.988349 10.187297 10.813217 10.140374 10.222407
0.026427 9.990098 0.000035 0.000708 0.009535 0.321630 -0.235891 10.049652 10.225731 10.990145 10.361815 10.410670
0.028853 10.050251 0.000031 0.000630 0.009535 0.327115 -0.247343 10.105038 10.262490 11.096727 10.538526 10.539099
0.029289 10.091215 0.000028 0.000615 0.009535 0.330741 -0.254785 10.128402 10.293608 11.200072 10.655354 10.647097
0.030180 10.125224 0.000030 0.000605 0.009535 0.333945 -0.253683 10.169763 10.323850 10.953962 10.758560 10.523175
0.031920 10.171327 0.000029 0.000548 0.009535 0.330143 -0.238858 10.189468 10.325486 10.911928 10.636061 10.464150
0.032831 10.221071 0.000025 0.000375 0.009535 0.327931 -0.175200 10.270196 10.338888 10.999435 10.564799 10.503797
0.033614 10.265216 0.000012 0.000265 0.009535 0.328768 -0.089156 10.298799 10.369087 10.505745 10.591784 10.197991
0.034029 10.311205 0.000013 0.000208 0.009535 0.318349 0.130470 10.313694 10.355862 10.465288 10.256099 10.070634
0.034608 10.353450 0.000007 0.000009 0.009535 0.313759 -0.102722 10.403335 10.373701 10.363764 10.108223 9.961250
0.034095 10.385072 -0.000007 -0.000041 0.009535 0.310032 0.224958 10.392548 10.396925 10.741592 9.988160 10.165645
0.032809 10.414251 -0.000000 -0.000062 0.009535 0.316357 0.046004 10.496732 10.463777 11.151391 10.191935 10.491789
0.032515 10.454380 -0.000008 0.000034 0.008628 0.326736 -0.439961 10.503424 10.545763 11.081570 10.526320 10.556296
0.032592 10.502893 0.000008 0.000154 0.007807 0.328295 -0.369423 10.550459 10.589467 11.103182 10.576546 10.587083
0.033195 10.554685 0.000007 0.000125 0.007064 0.328819 -0.317683 10.603584 10.631506 11.064896 10.593425 10.568884
0.033247 10.601601 0.000005 0.000107 0.006392 0.327903 -0.271998 10.640764 10.669265 11.400126 10.563913 10.768154
0.031750 10.637770 0.000005 0.000113 0.005783 0.333999 -0.231765 10.707649 10.738390 11.861294 10.760291 11.119229
0.030631 10.680938 0.000006 0.000206 0.005233 0.344844 -0.211946 10.754729 10.827805 11.846596 11.109676 11.226616
0.028667 10.721240 0.000014 0.000383 0.004735 0.347703 -0.211494 10.758142 10.880841 12.104181 11.201804 11.414793
0.027677 10.768298 0.000024 0.000404 0.006552 0.353085 -0.213254 10.854415 10.947579 12.193804 11.375200 11.526873
0.028047 10.829403 0.000019 0.000424 0.006552 0.356412 -0.235073 10.880146 11.006514 12.412664 11.482373 11.694690
0.027474 10.882107 0.000025 0.000447 0.006818 0.361535 -0.248018 10.964082 11.074479 12.721679 11.647425 11.936635
0.027270 10.936608 0.000022 0.000495 0.006818 0.369304 -0.274764 11.007478 11.153540 12.409396 11.897710 11.834928
0.027878 11.007378 0.000030 0.000525 0.007943 0.365844 -0.294307 11.051523 11.183149 12.276958 11.786241 11.713915
0.029438 11.078634 0.000027 0.000375 0.007943 0.361786 -0.301900 11.142735 11.215110 11.997554 11.655486 11.498185
0.031509 11.145444 0.000015 0.000250 0.007943 0.355304 -0.291520 11.177176 11.237709 11.785983 11.446681 11.295231
0.032782 11.209414 0.000013 0.000102 0.007943 0.349371 -0.251281 11.264530 11.264205 11.720828 11.255541 11.185623
0.033228 11.268452 0.000000 -0.000015 0.007943 0.346198 -0.190266 11.311804 11.304845 11.301878 11.153306 10.900776
0.032200 11.317983 -0.000001 -0.000047 0.007943 0.337002 -0.101942 11.335768 11.319000 10.889076 10.857031 10.548485
0.031041 11.370292 -0.000003 -0.000184 0.007943 0.325180 0.080105 11.400680 11.326899 10.546745 10.476177 10.204687
0.029122 11.414199 -0.000015 -0.000314 0.007943 0.313688 -0.182996 11.431113 11.341728 10.472513 10.105941 10.018218
0.026275 11.446010 -0.000018 -0.000375 0.007943 0.307244 -0.051550 11.489611 11.383839 10.505506 9.898359 9.952870
0.023302 11.477759 -0.000021 -0.000337 0.007943 0.304866 0.272170 11.520754 11.445707 10.495150 9.821720 9.911452
0.021094 11.518496 -0.000015 -0.000261 0.007943 0.303365 0.203225 11.574895 11.511191 10.716382 9.773392 10.011755
0.020677 11.566979 -0.000013 -0.000200 0.007187 0.306809 0.157970 11.642149 11.598273 7.626539 9.884335 8.304134
0.022101 11.628578 -0.000009 -0.000109 0.006503 0.252129 0.152741 11.422579 11.406161 8.577993 8.122734 8.143717
0.044776 11.955995 -0.000003 -0.001975 0.005884 0.247643 0.157923 12.422076 11.500493 8.619648 7.978205 8.102457
0.039247 11.934744 -0.000185 -0.001560 0.049861 0.247202 0.194768 11.600318 11.599358 8.195627 7.963987 7.853737
0.016868 11.703426 -0.000001 -0.000374 0.049861 0.240305 0.334047 11.805932 11.629786 7.558212 7.741796 7.405985
0.019777 11.782257 -0.000036 -0.000548 0.049861 0.226540 0.352944 11.747449 11.629165 6.954551 7.298337 6.889799
0.019868 11.835312 -0.000025 -0.000740 0.049861 0.210285 0.251746 11.875890 11.620067 6.585441 6.774646 6.470791
0.017105 11.858802 -0.000052 -0.000857 0.049861 0.196809 -0.051772 11.828778 11.627587 6.646751 6.340523 6.322992
0.013957 11.873177 -0.000042 -0.000882 0.049861 0.191584 1.446310 11.935163 11.678613 6.385234 6.172169 6.104577
0.010842 11.887198 -0.000053 -0.000749 0.049861 0.184635 1.267579 11.867240 11.717887 6.007863 5.948316 5.800437
0.008680 11.901472 -0.000031 -0.000659 0.049861 0.175070 1.117713 11.934004 11.741392 5.768437 5.640155 5.536580
0.010161 11.929597 -0.000040 -0.000676 0.049861 0.167662 1.009782 11.937160 11.771300 5.309492 5.401498 5.183539
0.015180 11.986985 -0.000035 -0.000775 0.049861 0.158336 0.931193 12.018892 11.784917 4.670535 5.101047 4.710068
0.015149 11.983480 -0.000049 -0.000713 0.049861 0.145236 0.847724 11.917942 11.767564 4.206505 4.679011 4.283892
0.014119 11.950393 -0.000032 -0.000657 0.045116 0.133607 0.736964 11.935515 11.745008 2.917400 4.304367 3.431634
0.014642 11.947088 -0.000040 -0.000726 0.040823 0.108027 0.575653 11.836470 11.645340 2.029333 3.480272 2.614341
0.011204 11.932339 -0.000040 -0.001031 0.036938 0.082113 0.231351 11.883629 11.548634 3.361873 2.645405 2.995625
0.009429 11.913767 -0.000069 -0.001311 0.033423 0.094327 -0.496562 11.999802 11.647072 3.501273 3.038903 3.234736
0.008636 11.894218 -0.000073 -0.000888 0.030242 0.102497 -0.284530 11.849713 11.711750 3.231117 3.302097 3.199309
0.006897 11.878648 -0.000030 -0.000599 0.027365 0.101354 -0.086422 11.895661 11.722305 3.078811 3.265294 3.104778
0.007131 11.865660 -0.000037 -0.000515 0.024760 0.098375 0.141883 11.825540 11.720522 2.052179 3.169301 2.511191
0.007759 11.850632 -0.000023 -0.000467 0.022404 0.079854 -0.037848 11.774152 11.636980 2.281980 2.572627 2.395397
0.008673 11.833436 -0.000029 -0.000706 0.020272 0.076653 1.116949 11.855743 11.631505 2.483419 2.469511 2.466769
0.008498 11.814960 -0.000047 -0.000659 0.018343 0.079922 0.974576 11.783535 11.651052 3.035355 2.574810 2.816052
0.005682 11.793781 -0.000028 -0.000513 0.016597 0.090921 0.846542 11.841784 11.705130 4.305099 2.929152 3.658171
0.004694 11.777031 -0.000029 -0.000258 0.015018 0.117418 0.767603 11.844152 11.831244 22.856021 3.782798 14.133440
0.004506 11.760710 -0.000004 0.000253 0.013589 0.458899 0.735738 13.342462 13.472697 16.050454 14.784160 14.914097
0.005827 11.759633 0.000025 0.006152 0.012296 0.483383 0.698502 10.602815 13.410837 16.459959 15.572929 15.489194
0.021106 11.912946 0.000563 0.005379 0.151438 0.501766 0.693543 13.037717 13.337714 16.255317 16.165166 15.648364
0.042106 12.127234 0.000062 0.004347 0.151438 0.507125 0.570202 11.406639 13.224458 16.143878 16.337819 15.689211
0.051118 12.190620 0.000367 0.003713 0.151438 0.509268 0.098682 12.801042 13.104312 16.052757 16.406863 15.700584
0.056122 12.212691 0.000064 0.003202 0.151438 0.511417 -5.868670 11.711405 12.984544 16.095768 16.476104 15.788903
0.065424 12.302333 0.000259 0.002450 0.151438 0.513764 -5.127834 12.742202 12.883451 15.121526 16.551701 15.313216
0.070739 12.378331 0.000033 0.001814 0.151438 0.496434 -4.340664 11.963623 12.709328 15.485626 15.993402 15.326774
0.070893 12.403662 0.000154 0.001098 0.151438 0.493375 -3.451467 12.711807 12.634874 17.868546 15.894857 16.637153
0.071161 12.423592 -0.000011 0.000759 0.151438 0.532507 -2.462704 12.363607 12.784333 18.545670 17.155532 17.539044
0.067537 12.429743 0.000088 0.001273 0.151438 0.558050 -1.361010 12.602803 12.869024 18.349181 17.978450 17.781160
0.081387 12.683714 0.000057 0.000666 0.151438 0.561100 0.281520 12.780485 12.882535 17.967820 18.076707 17.625534
0.077160 12.645815 0.000024 0.000850 0.151438 0.554911 -6.521216 12.528667 12.849452 16.858001 17.877339 16.948673
0.055769 12.384458 0.000068 0.001670 0.137027 0.531760 -5.562757 12.180989 12.714851 16.124396 17.131482 16.253739
0.053193 12.406320 0.000111 0.001108 0.123987 0.507751 -4.655719 12.499543 12.596955 17.099690 16.357988 16.474248
0.052350 12.427312 0.000023 0.000609 0.112188 0.513597 -3.820718 12.433634 12.644096 17.723661 16.546339 16.893645
0.054105 12.444844 0.000046 0.000716 0.101512 0.527631 -3.131973 12.555568 12.725927 16.111502 16.998469 16.207640
0.057088 12.479473 0.000038 0.000885 0.091852 0.506680 -2.518263 12.341936 12.624621 16.195561 16.323480 15.982882
0.062185 12.520666 0.000060 0.000373 0.083111 0.501005 -1.890962 12.652594 12.603169 16.283653 16.140657 15.963844
0.067149 12.558941 -0.000007 0.000159 0.075202 0.502737 -1.265916 12.496378 12.611106 16.147913 16.196473 15.923505
0.071509 12.599857 0.000026 0.000040 0.068046 0.502737 -0.536602 12.678443 12.605784 15.976701 16.196470 15.842899
0.076711 12.635961 -0.000012 -0.000108 0.061570 0.501153 0.667137 12.582981 12.589807 14.607544 16.145416 15.086075
0.080183 12.651961 0.000004 -0.000223 0.055711 0.477754 -0.259004 12.574225 12.463103 14.472731 15.391600 14.722902
0.083886 12.659723 -0.000020 -0.000706 0.050409 0.466138 1.998596 12.648702 12.403347 14.634618 15.017379 14.676173
0.085626 12.643555 -0.000048 -0.000863 0.045612 0.465644 1.535284 12.606356 12.394286 15.097801 15.001438 14.941546
0.084819 12.619674 -0.000041 -0.000809 0.041272 0.474196 1.077255 12.638657 12.425153 15.865674 15.276956 15.492576
0.085739 12.614966 -0.000042 -0.000682 0.037344 0.491193 0.648888 12.646896 12.495018 15.092828 15.824553 15.297651
0.087395 12.613090 -0.000030 -0.000424 0.033790 0.484051 0.213971 12.522802 12.443582 14.242356 15.594473 14.747946
0.088897 12.609929 -0.000015 -0.000597 0.030575 0.465519 -0.825927 12.562767 12.343352 14.464981 14.997415 14.647514
0.090990 12.592064 -0.000044 -0.000893 0.027665 0.461903 -0.500582 12.569484 12.322205 14.715059 14.880926 14.752513
0.093466 12.577597 -0.000050 -0.000917 0.025033 0.465858 -0.124326 12.569751 12.333408 14.688496 15.008359 14.799678
0.096550 12.581742 -0.000048 -0.000892 0.022650 0.467434 0.988701 12.563689 12.330596 13.961245 15.059115 14.422610
0.096896 12.556531 -0.000047 -0.000811 0.020495 0.455101 0.765286 12.455915 12.258300 13.532807 14.661804 14.038053
0.094181 12.502044 -0.000040 -0.000875 0.018545 0.441749 0.512542 12.441367 12.185095 14.084455 14.231644 14.192097
0.093115 12.452798 -0.000052 -0.000961 0.016780 0.445949 0.217686 12.449220 12.199143 14.644732 14.366959 14.569969
0.093680 12.413159 -0.000051 -0.000769 0.015183 0.458376 -0.243451 12.408318 12.244553 15.337665 14.767313 15.126989
0.096179 12.382981 -0.000034 -0.000497 0.013738 0.477058 0.050580 12.412007 12.307692 15.038468 15.369174 15.196798
0.101095 12.365043 -0.000022 -0.000206 0.012431 0.481111 -0.772895 12.298889 12.284844 14.589060 15.499758 15.001849
0.108265 12.361313 -0.000004 -0.000275 0.011248 0.476790 -0.639269 12.332541 12.213779 14.638229 15.360551 14.995652
0.118302 12.398368 -0.000025 -0.000663 0.010177 0.479080 -0.499318 12.388599 12.169807 14.608250 15.434322 15.026098
0.124395 12.401198 -0.000045 -0.000831 0.012097 0.481407 -0.339632 12.339879 12.121548 14.797544 15.509271 15.187837
0.128176 12.371145 -0.000045 -0.000896 0.012103 0.486908 -0.095035 12.334643 12.084993 14.387258 15.686488 15.031967
0.133858 12.377037 -0.000051 -0.001049 0.013824 0.481299 0.760287 12.298659 12.001904 14.448142 15.505805 15.026574
0.138210 12.374884 -0.000061 -0.001339 0.016404 0.479944 0.532438 12.344449 11.947788 15.788964 15.462153 15.836052
0.141523 12.351543 -0.000081 -0.001450 0.021847 0.505050 0.216278 12.385465 12.016410 17.085843 16.270988 16.921462
0.143225 12.310296 -0.000076 -0.001055 0.021847 0.539300 -0.481012 12.320590 12.116227 17.898100 17.374384 17.817335
0.143858 12.274285 -0.000043 -0.000568 0.021847 0.566487 -0.272239 12.282507 12.177298 18.544632 18.250252 18.532528
0.144417 12.256355 -0.000023 -0.000284 0.021847 0.586961 -0.219523 12.260877 12.210647 18.789070 18.909863 18.925474
0.142309 12.216832 -0.000012 -0.000022 0.021847 0.596369 -0.456089 12.171156 12.200825 18.806477 19.212963 19.053446
0.138052 12.163804 0.000004 0.000133 0.021847 0.596737 -0.605823 12.122791 12.161990 19.825929 19.224818 19.687556
0.136670 12.119675 0.000006 0.000152 0.021847 0.614337 -0.733737 12.169136 12.209713 20.915789 19.791830 20.552133
0.134874 12.075173 0.000007 0.000483 0.021847 0.641411 -0.878378 12.097147 12.293403 22.703547 20.664063 21.948687
0.132467 12.058293 0.000038 0.000844 0.021847 0.684910 -1.028379 12.203483 12.446166 23.789916 22.065460 23.096303
0.131868 12.076763 0.000048 0.001327 0.021847 0.719884 -1.222491 12.124432 12.558271 23.092921 23.192201 23.061395
0.133677 12.150524 0.000087 0.001464 0.023299 0.715848 -1.381756 12.162817 12.508915 22.180169 23.062151 22.461997
0.140362 12.267105 0.000069 0.000868 0.023299 0.693771 -1.485146 12.274306 12.408504 20.273853 22.350929 21.054514
0.149707 12.389299 0.000027 0.000069 0.023299 0.647695 -1.484723 12.301770 12.227061 20.164074 20.866513 20.466417
0.158276 12.504730 -0.000015 -0.000997 0.023299 0.629785 -1.368386 12.606387 12.194116 22.423024 20.289518 21.631740
0.163632 12.566473 -0.000083 -0.001337 0.023299 0.669559 -1.217261 12.718942 12.415752 22.555130 21.570898 22.149828
0.163122 12.585094 -0.000061 -0.000608 0.023299 0.687618 -1.082073 12.563083 12.517753 22.497207 22.152674 22.315567
0.163160 12.634007 -0.000010 -0.000418 0.023299 0.691608 -0.927966 12.720524 12.559157 22.168521 22.281218 22.159757
0.181027 12.946906 -0.000033 -0.001393 0.023299 0.685343 -0.775383 13.118271 12.588191 21.512300 22.079406 21.701938
0.178765 12.958876 -0.000107 -0.001331 0.028805 0.668303 -0.570669 12.782344 12.576244 21.863335 21.530428 21.703622
0.163998 12.748138 -0.000042 -0.000617 0.028805 0.667537 -0.290153 12.749546 12.622207 21.810875 21.505758 21.654027
0.167781 12.792600 -0.000027 -0.000612 0.028805 0.666832 0.064377 12.853414 12.665618 21.047808 21.483035 21.179473
0.170632 12.845727 -0.000039 -0.000647 0.028805 0.653472 -1.121615 12.801960 12.646012 19.718134 21.052631 20.223663
0.172251 12.909543 -0.000033 -0.000946 0.028805 0.622760 -0.902617 12.880268 12.557024 18.767285 20.063186 19.296794
0.176617 13.003652 -0.000066 -0.001604 0.028805 0.592315 -0.610662 12.990354 12.489681 18.525006 19.082339 18.793627
0.180463 13.098964 -0.000102 -0.002188 0.028805 0.576444 -0.170737 13.137682 12.502439 19.097336 18.571056 18.917416
0.181775 13.148348 -0.000129 -0.002320 0.034819 0.579734 1.160507 13.202367 12.612517 18.599736 18.677038 18.667621
0.180668 13.156583 -0.000121 -0.001954 0.034819 0.571978 0.853893 13.113275 12.660242 17.535981 18.427162 17.954741
0.178108 13.152169 -0.000094 -0.001767 0.034819 0.548116 0.493676 13.106258 12.632410 16.967622 17.658412 17.326307
0.176554 13.133679 -0.000098 -0.001800 0.034819 0.528302 -0.085397 13.095911 12.622831 16.507864 17.020069 16.809393
0.172761 13.091446 -0.000098 -0.001683 0.034819 0.512004 3.343007 13.043605 12.625423 17.128612 16.495022 16.971063
0.167104 13.042452 -0.000087 -0.001498 0.034819 0.517689 2.923388 13.096291 12.721887 17.364580 16.678150 17.162633
0.162411 12.992763 -0.000079 -0.000973 0.034819 0.524160 2.567579 12.969269 12.808303 16.542472 16.886629 16.742351
0.160108 12.959688 -0.000036 -0.000544 0.034819 0.511385 2.265602 12.922279 12.793696 15.519791 16.475059 15.978565
0.160256 12.957696 -0.000029 -0.000589 0.034819 0.488141 1.990628 12.903466 12.727532 15.793282 15.726218 15.854284
0.162370 12.982114 -0.000038 -0.000914 0.034819 0.485834 1.721909 13.050829 12.758786 16.988016 15.651888 16.520278
0.166561 13.027133 -0.000062 -0.000964 0.034819 0.509525 1.505528 13.123659 12.901103 17.004133 16.415147 16.802057
0.168227 13.051153 -0.000048 -0.000539 0.031506 0.520323 1.357907 13.044054 12.967015 16.322972 16.763021 16.525223
0.166139 13.023791 -0.000018 -0.000204 0.028507 0.511703 1.247362 12.969547 12.934659 15.265077 16.485298 15.799354
0.162404 12.961653 -0.000010 -0.000097 0.025795 0.488363 1.126626 12.849874 12.831894 15.304439 15.733378 15.546257
0.157866 12.891493 -0.000006 -0.000214 0.023340 0.480287 0.964551 12.887714 12.800780 16.946560 15.473204 16.415700
0.154847 12.828178 -0.000020 -0.000098 0.021119 0.508987 0.822340 12.907892 12.930863 17.678476 16.397798 17.181747
0.152947 12.775319 0.000003 0.000559 0.019109 0.534949 0.755675 12.779951 13.025998 17.302667 17.234218 17.264362
0.152207 12.748452 0.000048 0.000997 0.017291 0.538301 0.734916 12.729169 13.004160 16.726198 17.342199 16.965872
0.155475 12.761343 0.000054 0.000872 0.015645 0.529232 0.718380 12.733841 12.926637 15.991938 17.050025 16.429259
0.160070 12.780078 0.000038 0.000526 0.014156 0.513171 0.675385 12.725617 12.820530 16.146413 16.532615 16.341738
0.163634 12.786956 0.000018 0.000121 0.012809 0.511843 0.605818 12.802648 12.783793 16.238789 16.489825 16.388873
0.166177 12.782157 -0.000004 0.000006 0.011590 0.514583 0.541437 12.744067 12.761932 15.299107 16.578089 15.865079
0.166633 12.764698 0.000003 -0.000010 0.010487 0.497850 0.457370 12.670659 12.651666 15.025814 16.039029 15.519763
0.166446 12.747643 -0.000004 -0.000345 0.009489 0.485822 0.323925 12.721658 12.573691 16.311960 15.651506 16.164372
0.166464 12.722620 -0.000030 -0.000535 0.008586 0.505934 0.157234 12.780472 12.645667 17.510268 16.299465 17.119830
0.164786 12.685583 -0.000028 -0.000143 0.007769 0.536198 -0.004047 12.714322 12.754309 18.345387 17.274446 17.971318
0.163389 12.662436 0.000007 0.000330 0.007030 0.562338 -0.098780 12.713488 12.837684 18.253957 18.116599 18.216635
0.162455 12.646268 0.000024 0.000687 0.006571 0.568866 -0.296344 12.604365 12.830414 17.368825 18.326913 17.760702
0.161245 12.613795 0.000045 0.000778 0.012123 0.552721 -0.335364 12.538532 12.725944 17.240927 17.806783 17.504650
0.161641 12.573293 0.000038 0.000548 0.012123 0.544598 -0.363279 12.552195 12.661772 17.756041 17.545065 17.728673
0.159636 12.518154 0.000022 0.000516 0.012123 0.552949 -0.350221 12.509156 12.665645 18.550747 17.814108 18.308566
0.155027 12.464826 0.000032 0.000721 0.012123 0.571230 -0.344321 12.493031 12.709231 19.064953 18.403075 18.828589
0.152487 12.424524 0.000044 0.001022 0.012123 0.586748 -0.393301 12.426924 12.737967 18.831441 18.903000 18.862764
0.154275 12.416588 0.000063 0.001154 0.016947 0.587696 -0.467730 12.402135 12.699644 18.373957 18.933538 18.597979
0.158382 12.445411 0.000061 0.000913 0.016947 0.579772 -0.524097 12.431667 12.625856 19.013886 18.678270 18.905319
0.163722 12.477555 0.000040 0.000533 0.016947 0.590782 -0.533323 12.543273 12.640033 19.445345 19.032975 19.296257
0.169505 12.507379 0.000021 0.000476 0.016947 0.605344 -0.567681 12.514305 12.662409 18.780077 19.502112 19.054363
0.176224 12.556547 0.000031 0.000380 0.016947 0.598902 -0.584729 12.527935 12.589417 17.627220 19.294579 18.283631
0.183487 12.621040 0.000013 -0.000114 0.016947 0.576706 -0.527557 12.551414 12.448469 17.319539 18.579471 17.850329
0.188391 12.665510 -0.000020 -0.000779 0.016947 0.563411 -0.340690 12.647889 12.361276 19.069811 18.151158 18.630742
0.191855 12.693724 -0.000057 -0.001194 0.016947 0.586942 -0.024945 12.809791 12.473921 20.862431 18.909260 19.900056
0.191679 12.688503 -0.000067 -0.000771 0.018023 0.626387 2.220795 12.760287 12.664192 21.272982 20.180034 20.678478
0.190797 12.685504 -0.000019 -0.000077 0.018023 0.649650 1.999981 12.720142 12.760788 20.527801 20.929505 20.622523
0.192389 12.703612 0.000008 0.000205 0.018023 0.645773 1.823514 12.655668 12.720351 19.750999 20.804589 20.178046
0.194309 12.725085 0.000013 -0.000017 0.018023 0.630418 1.664972 12.689556 12.629762 20.094780 20.309896 20.132855
0.193734 12.737103 -0.000012 -0.000385 0.018023 0.627657 1.509740 12.756548 12.621903 21.366423 20.220946 20.737217
0.190181 12.730684 -0.000027 -0.000391 0.018023 0.645970 1.373636 12.808996 12.731785 21.805544 20.810944 21.223432
0.184743 12.729132 -0.000016 0.000010 0.018023 0.659541 1.275887 12.751204 12.817484 21.735631 21.248153 21.356971
0.181009 12.752294 0.000013 0.000234 0.018023 0.659886 1.209015 12.795298 12.853098 21.657411 21.259248 21.310632
0.182733 12.827017 0.000012 0.000094 0.018023 0.655919 1.167840 12.886805 12.884903 21.445251 21.131465 21.132350
0.185970 12.920649 -0.000000 -0.000128 0.018023 0.649602 1.130990 12.974844 12.915598 21.308011 20.927952 20.964827
0.187151 12.990566 -0.000012 -0.000269 0.018023 0.644213 1.094547 13.035992 12.955944 20.609993 20.754329 20.509842
0.188360 13.042281 -0.000016 -0.000310 0.016308 0.630050 1.056946 13.034837 12.952102 18.816638 20.298034 19.365230
0.190955 13.099312 -0.000017 -0.000529 0.014756 0.595509 0.992055 13.022854 12.838786 17.109478 19.185268 17.996395
0.192129 13.145107 -0.000037 -0.001100 0.013352 0.553275 0.868535 13.063498 12.690006 17.100565 17.824616 17.364057
0.190331 13.156022 -0.000075 -0.001674 0.020288 0.533370 0.695510 13.167461 12.674028 18.395411 17.183362 17.726445
0.187220 13.161482 -0.000100 -0.001751 0.026859 0.545953 0.436414 13.261458 12.827531 19.264880 17.588746 18.350001
0.212752 13.655006 -0.000088 -0.002972 0.026859 0.560047 0.144365 14.114714 13.055148 17.872960 18.042782 18.066034
0.204530 13.579675 -0.000214 -0.001884 0.057657 0.549651 -0.055076 13.136966 13.092923 16.354475 17.707874 17.235361
0.175320 13.144474 -0.000011 -0.000185 0.057657 0.511417 1.386153 13.033504 12.981103 15.845731 16.476098 16.452692
0.180832 13.268071 -0.000013 -0.001031 0.057657 0.488320 1.143963 13.401241 12.955317 15.882349 15.731984 16.149645
0.180195 13.301993 -0.000092 -0.001245 0.057657 0.479961 0.880701 13.235591 13.002981 16.823822 15.462698 16.546366
0.171350 13.205696 -0.000049 -0.000728 0.057657 0.494802 0.694757 13.299422 13.140895 16.305623 15.940816 16.390558
0.158861 13.073361 -0.000034 0.000243 0.057657 0.490746 0.667035 12.924042 13.165672 15.825650 15.810137 16.035304
0.149004 12.976081 0.000046 0.000681 0.057657 0.479485 0.646749 13.019052 13.148053 16.134319 15.447349 16.050701
0.144146 12.924121 0.000024 0.000804 0.057657 0.481298 0.665036 12.907550 13.185035 16.567872 15.505766 16.297301
0.141864 12.900511 0.000054 0.001022 0.057657 0.491512 0.725008 12.986679 13.248381 16.909191 15.834828 16.595752
0.140752 12.890413 0.000052 0.001286 0.057657 0.503740 0.866548 12.906258 13.305442 16.356538 16.228776 16.406853
0.140548 12.878024 0.000080 0.001535 0.057657 0.500127 1.000009 12.866480 13.273743 14.956605 16.112390 15.540267
0.141792 12.865468 0.000082 0.001466 0.052170 0.474973 1.026322 12.764763 13.133020 13.772793 15.302009 14.540814
0.141473 12.842226 0.000074 0.001044 0.047205 0.445497 0.853251 12.772026 12.971770 14.154759 14.352379 14.399892
0.135736 12.787375 0.000041 0.000662 0.042713 0.442196 0.504210 12.782573 12.936250 16.288845 14.246031 15.587871
0.127350 12.705429 0.000032 0.000829 0.038648 0.479788 0.095003 12.820275 13.089729 17.485667 15.457124 16.726834
0.120594 12.633227 0.000055 0.001639 0.034970 0.515621 0.140456 12.658916 13.219407 16.872803 16.611540 16.803369
0.117518 12.605508 0.000114 0.002205 0.031643 0.517095 0.912939 12.585363 13.180598 15.912014 16.659020 16.262006
0.117891 12.597189 0.000121 0.002095 0.032549 0.499716 0.946976 12.542087 13.057693 15.603320 16.099128 15.865603
0.118732 12.584007 0.000105 0.001701 0.032549 0.488412 0.922313 12.574690 12.967472 16.610852 15.734957 16.303653
0.117744 12.543691 0.000081 0.001522 0.032549 0.504605 0.888335 12.594596 13.000798 16.681475 16.256640 16.537572
0.114694 12.483545 0.000084 0.001858 0.032549 0.513908 0.900856 12.431422 12.985791 15.119318 16.556338 15.746404
0.114150 12.490160 0.000114 0.001780 0.032549 0.488522 0.875756 12.412948 12.812026 14.307082 15.738506 14.970375
0.109682 12.451109 0.000083 0.001296 0.032549 0.462313 0.734135 12.357919 12.652215 15.575944 14.894145 15.381835
0.103179 12.359154 0.000062 0.001052 0.032549 0.474884 0.523599 12.419070 12.681837 17.589259 15.299123 16.691660
0.100233 12.301815 0.000056 0.001365 0.032549 0.517892 0.408386 12.405949 12.841772 18.026897 16.684695 17.463178
0.098736 12.272041 0.000091 0.002046 0.032549 0.543502 0.545774 12.280922 12.900806 16.984885 17.509782 17.171510
0.100429 12.272427 0.000128 0.002257 0.034326 0.534447 0.711043 12.220263 12.792601 15.629805 17.218046 16.279846
0.105975 12.294211 0.000118 0.001790 0.034326 0.506756 0.757440 12.216097 12.605490 14.910725 16.325949 15.533104
0.112596 12.334875 0.000082 0.000972 0.034326 0.484650 0.644616 12.307580 12.456110 15.626008 15.613744 15.692746
0.115238 12.351001 0.000033 0.000377 0.034326 0.491155 0.410324 12.386798 12.446659 16.645826 15.823317 16.372784
0.114136 12.346307 0.000015 0.000360 0.034326 0.512776 0.139940 12.385005 12.507714 17.124403 16.519869 16.915703
0.112899 12.351240 0.000028 0.000562 0.034326 0.528342 -0.146435 12.376479 12.544317 17.116871 17.021365 17.101213
0.114015 12.370038 0.000037 0.000626 0.034326 0.532321 -0.223887 12.373140 12.535143 16.877348 17.149559 17.011012
0.115566 12.380342 0.000035 0.000556 0.034326 0.528396 -0.280938 12.362577 12.496136 17.229668 17.023111 17.170819
0.116364 12.385131 0.000030 0.000399 0.034326 0.533303 -0.252230 12.421027 12.502888 17.346965 17.181197 17.298033
0.115332 12.383258 0.000019 0.000430 0.034326 0.536932 -0.241317 12.367370 12.505253 17.019583 17.298100 17.149987
0.114075 12.369281 0.000030 0.000488 0.034326 0.531303 -0.236278 12.346737 12.467583 15.895296 17.116757 16.425342
0.113342 12.351247 0.000027 0.000418 0.031060 0.507679 -0.122041 12.249284 12.350378 15.109666 16.355686 15.682853
0.111254 12.338260 0.000023 0.000044 0.028104 0.483182 0.816683 12.301748 12.241472 16.641575 15.566454 16.279503
0.109613 12.329297 -0.000010 -0.000315 0.025430 0.502017 0.573638 12.444260 12.343178 17.844545 16.173279 17.199696
0.108614 12.311205 -0.000018 0.000115 0.023010 0.532019 0.432040 12.349209 12.484429 17.671077 17.139820 17.452944
0.107858 12.298270 0.000029 0.000669 0.020820 0.540630 0.422339 12.303435 12.511730 16.739123 17.417230 17.010462
0.110070 12.312769 0.000043 0.000715 0.018839 0.526763 0.460430 12.261627 12.433225 15.054933 16.970502 15.860802
0.114004 12.343394 0.000036 0.000323 0.017046 0.490497 0.414531 12.243245 12.258678 15.034507 15.802121 15.416626
0.117599 12.369159 0.000005 -0.000397 0.015424 0.477306 0.258472 12.403546 12.203381 15.628402 15.377152 15.607061
0.118446 12.362692 -0.000039 -0.000572 0.013956 0.484745 0.061309 12.351725 12.241028 15.477332 15.616809 15.606467
0.116157 12.333780 -0.000021 -0.000333 0.012628 0.485046 -0.531847 12.307370 12.238248 15.513805 15.626530 15.632377
0.115148 12.323455 -0.000013 -0.000306 0.011426 0.485198 -0.427413 12.326580 12.237026 15.821938 15.631415 15.814849
0.116403 12.321250 -0.000017 -0.000302 0.010339 0.490816 -0.339494 12.333453 12.261915 16.192713 15.812390 16.098592
0.145392 12.731079 -0.000014 -0.001685 0.009355 0.500374 -0.275785 13.082052 12.341703 17.182103 16.120340 16.793497
0.140280 12.658195 -0.000148 -0.001137 0.039889 0.522467 -0.249729 12.410879 12.465121 16.998343 16.832081 16.946880
0.113632 12.270579 0.000011 0.000699 0.039889 0.527131 -0.425956 12.172709 12.460037 15.813457 16.982350 16.306536
0.121496 12.362311 0.000058 0.000351 0.039889 0.506220 -0.435316 12.412965 12.349236 15.596808 16.308656 15.934186
0.128422 12.425513 -0.000013 -0.000274 0.039889 0.494918 -0.249711 12.374026 12.295338 15.773109 15.944545 15.907062
0.126978 12.409255 -0.000016 -0.000409 0.039889 0.494526 0.362429 12.422621 12.291913 17.399323 15.931917 16.863749
0.119842 12.346671 -0.000026 -0.000197 0.039889 0.524200 -0.108655 12.412740 12.424217 19.054847 16.887924 18.187088
0.114450 12.280977 0.000002 0.000514 0.039889 0.565434 0.065073 12.362854 12.597181 18.697995 18.216355 18.462537
0.112402 12.242444 0.000047 0.001274 0.039889 0.573484 1.673101 12.187745 12.603336 18.113671 18.475694 18.213580
0.115019 12.260494 0.000084 0.001231 0.039889 0.565700 1.569044 12.287403 12.537762 18.229145 18.224919 18.191177
0.120576 12.300568 0.000051 0.000852 0.039889 0.566226 1.453277 12.311465 12.514408 18.602233 18.241858 18.420297
0.126026 12.341432 0.000041 0.000621 0.039889 0.575492 1.330914 12.396553 12.528258 19.125440 18.540385 18.843556
0.130044 12.359990 0.000027 0.000604 0.036093 0.590756 1.221702 12.381306 12.561997 18.233225 19.032125 18.497660
0.133150 12.372379 0.000037 0.000681 0.032658 0.580710 1.113395 12.296188 12.473986 16.947973 18.708475 17.626010
0.134072 12.408848 0.000037 0.000234 0.029550 0.551873 0.911179 12.346815 12.315311 17.887818 17.779448 17.860939
0.132640 12.443426 -0.000005 -0.000460 0.026738 0.556426 0.623697 12.530081 12.337489 20.237177 17.926139 19.309042
0.131220 12.459703 -0.000038 -0.000439 0.024194 0.600040 0.393720 12.603144 12.549455 20.842221 19.331234 20.175569
0.128729 12.456755 -0.000010 0.000333 0.021891 0.625725 0.393594 12.470238 12.670780 19.876852 20.158708 19.906306
0.128102 12.482163 0.000041 0.000677 0.019808 0.615024 0.510585 12.467342 12.627557 18.695956 19.813954 19.082185
0.131127 12.535486 0.000033 0.000331 0.017923 0.587410 0.558624 12.493372 12.521721 17.645617 18.924339 18.133036
0.132858 12.570942 0.000006 -0.000177 0.016217 0.557073 0.511488 12.522478 12.416123 17.904974 17.946987 17.918982
0.130526 12.561378 -0.000021 -0.000522 0.014674 0.550606 0.405101 12.588867 12.427017 17.776149 17.738643 17.758538
0.123277 12.517109 -0.000032 -0.000324 0.013278 0.545209 0.294415 12.462944 12.439268 17.617982 17.564777 17.592874
0.116420 12.485239 -0.000004 -0.000165 0.012014 0.538185 0.158200 12.507674 12.448464 17.872953 17.338467 17.644259
0.113316 12.462019 -0.000012 -0.000049 0.010871 0.539348 0.032671 12.471690 12.496015 17.679163 17.375940 17.533311
0.112323 12.459640 0.000005 0.000131 0.009836 0.536814 -0.322131 12.476207 12.518585 17.969225 17.294293 17.659122
0.112327 12.468269 0.000009 0.000181 0.008900 0.542292 -0.266543 12.520253 12.571888 18.108383 17.470778 17.796664
0.113476 12.467908 0.000011 0.000373 0.008053 0.548801 -0.257080 12.481141 12.616599 16.865505 17.680474 17.150313
0.114469 12.461392 0.000027 0.000557 0.007390 0.530320 -0.266972 12.375156 12.530640 15.363802 17.085088 16.054871
0.115447 12.464771 0.000032 0.000237 0.008501 0.496656 -0.214578 12.387691 12.375281 15.291962 16.000557 15.606844
0.118086 12.489472 -0.000002 -0.000410 0.008501 0.483503 -0.057322 12.509653 12.325456 16.065185 15.576794 15.896880
0.118212 12.496459 -0.000037 -0.000614 0.009845 0.493613 0.508182 12.528116 12.384768 17.352696 15.902508 16.765605
0.115029 12.473294 -0.000029 -0.000318 0.009845 0.521345 0.416140 12.554777 12.518961 17.625186 16.795959 17.258163
0.113758 12.470134 -0.000007 0.000175 0.009845 0.536372 0.398427 12.474090 12.585749 16.667211 17.280067 16.885686
0.114440 12.485027 0.000022 0.000362 0.009845 0.523537 0.414763 12.440807 12.522707 15.955576 16.866561 16.318497
0.115223 12.490712 0.000017 0.000115 0.009845 0.504985 0.409191 12.451899 12.440771 15.723785 16.268883 15.958668
0.114722 12.476787 -0.000002 -0.000129 0.009845 0.493768 0.368317 12.449585 12.397260 15.968529 15.907521 15.963044
0.111667 12.433064 -0.000010 -0.000129 0.009845 0.494396 0.309158 12.425120 12.406113 16.049366 15.927729 16.015718
0.108052 12.391174 -0.000004 0.000054 0.009845 0.496253 0.250797 12.374530 12.415132 16.077525 15.987555 16.053028
0.106791 12.372986 0.000008 0.000151 0.009845 0.497348 0.192663 12.379527 12.418694 16.150523 16.022841 16.107021
0.106822 12.367208 0.000008 0.000185 0.009845 0.499456 0.135184 12.368388 12.424581 16.810054 16.090769 16.513487
0.107087 12.369502 0.000011 0.000198 0.009845 0.512911 0.074364 12.432561 12.481241 17.066127 16.524244 16.824102
0.106946 12.375377 0.000010 0.000380 0.008908 0.522989 0.141526 12.376464 12.517490 16.984649 16.848897 16.899444
0.106737 12.373262 0.000029 0.000518 0.008060 0.525038 0.209271 12.382434 12.514800 16.091283 16.914921 16.407887
0.106997 12.373453 0.000027 0.000508 0.007293 0.509142 0.251596 12.295082 12.429478 15.486428 16.402804 15.866234
0.106193 12.375946 0.000027 0.000192 0.007376 0.491294 0.212729 12.361435 12.344922 16.679558 15.827790 16.339107
0.103794 12.358552 -0.000003 -0.000049 0.007376 0.506112 0.153958 12.429865 12.419904 17.694667 16.305191 17.102666
0.099418 12.322696 -0.000002 0.000349 0.007376 0.530173 0.162558 12.357053 12.530276 18.222949 17.080347 17.697566
0.096918 12.305447 0.000035 0.000807 0.009468 0.548590 0.273773 12.362918 12.606548 17.509317 17.673698 17.509308
0.098892 12.327775 0.000049 0.001001 0.013309 0.542400 0.393082 12.285454 12.564464 16.175423 17.474268 16.664534
0.102527 12.366422 0.000057 0.000711 0.015271 0.515630 0.441537 12.318937 12.432400 16.146622 16.611818 16.321057
0.106846 12.408126 0.000024 0.000087 0.015271 0.505659 0.392668 12.439270 12.389765 16.800398 16.290591 16.576369
0.113077 12.468982 -0.000009 -0.000284 0.015271 0.515554 0.311983 12.536815 12.441750 16.640792 16.609371 16.604872
0.118281 12.529677 -0.000018 -0.000316 0.015271 0.517810 0.221962 12.526683 12.453258 16.205585 16.682056 16.383736
0.121146 12.574372 -0.000014 -0.000435 0.015271 0.510845 0.054899 12.571341 12.424188 16.097453 16.457659 16.240834
0.119892 12.575169 -0.000029 -0.000542 0.015271 0.505686 -0.813510 12.547099 12.408153 16.603918 16.291465 16.473691
0.115259 12.532187 -0.000028 -0.000445 0.015271 0.511724 -0.668751 12.547263 12.447562 17.132420 16.485987 16.852188
0.109729 12.476869 -0.000020 -0.000105 0.015271 0.522621 -0.556607 12.476426 12.506364 17.105611 16.837046 16.968233
0.106731 12.442751 0.000006 0.000228 0.015271 0.525328 -0.492160 12.439023 12.523215 16.569356 16.924279 16.690439
0.108652 12.443736 0.000017 0.000285 0.015271 0.516680 -0.469150 12.416831 12.484591 15.973709 16.645649 16.240142
0.112680 12.464869 0.000014 0.000071 0.015271 0.503692 -0.433900 12.445224 12.424543 15.983857 16.227236 16.088863
0.116222 12.494143 -0.000004 -0.000250 0.013818 0.500491 -0.369479 12.512242 12.410468 16.119148 16.124110 16.130423
0.119235 12.509657 -0.000020 -0.000356 0.012503 0.502977 -0.304817 12.507160 12.419958 15.442565 16.204176 15.770963
0.122578 12.523000 -0.000017 -0.000370 0.011313 0.492533 -0.234670 12.469846 12.364436 14.478906 15.867707 15.090050
0.123815 12.536827 -0.000021 -0.000619 0.010237 0.470789 -0.052850 12.470377 12.261640 15.102565 15.167203 15.197580
0.143518 12.829169 -0.000042 -0.002038 0.011323 0.473269 0.999283 13.110615 12.312806 16.562917 15.247113 16.079570
0.138504 12.750178 -0.000161 -0.001571 0.043217 0.501124 0.852804 12.575554 12.470269 17.510069 16.144492 16.966290
0.115509 12.429749 -0.000022 0.000146 0.043217 0.528904 0.630372 12.431133 12.584244 17.080094 17.039456 17.051327
0.116105 12.452064 0.000030 0.000475 0.043217 0.530217 0.547530 12.472320 12.574539 16.121853 17.081771 16.511646
0.118829 12.477726 0.000020 0.000348 0.043217 0.511847 0.481384 12.399084 12.481891 15.854128 16.489955 16.135504
0.120639 12.480372 0.000016 0.000005 0.043217 0.500143 0.311931 12.490447 12.426784 15.883731 16.112883 16.012312
0.117999 12.447050 -0.000013 -0.000073 0.043217 0.496664 -0.078317 12.392526 12.409005 16.202332 16.000800 16.155930
0.113690 12.406347 0.000003 0.000010 0.043217 0.500286 1.520310 12.434821 12.426158 16.331436 16.117496 16.272457
0.110522 12.369684 -0.000002 0.000203 0.043217 0.503343 1.306829 12.336065 12.439001 16.040172 16.215979 16.136999
0.108829 12.332077 0.000020 0.000384 0.043217 0.498963 1.113310 12.313692 12.413114 15.934623 16.074868 16.020344
0.107706 12.302654 0.000020 0.000397 0.043217 0.495985 0.901793 12.281703 12.389946 16.938697 15.978921 16.567897
0.107621 12.283054 0.000022 0.000384 0.043217 0.514643 0.682481 12.367089 12.462211 17.545187 16.580033 17.144101
0.107954 12.256303 0.000019 0.000739 0.039104 0.534690 0.563849 12.251092 12.525039 17.034846 17.225869 17.086719
0.107490 12.209765 0.000055 0.001132 0.035383 0.534154 0.526895 12.160193 12.477001 16.234649 17.208620 16.616570
0.107953 12.169821 0.000064 0.001103 0.032016 0.520383 0.456865 12.093343 12.362103 16.297258 16.764939 16.499363
0.109730 12.161282 0.000055 0.000721 0.028969 0.517742 0.257036 12.175211 12.301599 17.635590 16.679859 17.267797
0.111916 12.175191 0.000026 0.000454 0.026212 0.542964 -0.022903 12.257778 12.371562 18.410437 17.492419 18.030052
0.112547 12.201586 0.000024 0.000610 0.023718 0.566257 0.569612 12.235976 12.433909 19.133867 18.242867 18.738940
0.114624 12.245907 0.000041 0.000675 0.021461 0.586663 0.572153 12.330862 12.492118 19.132420 18.900273 18.984065
0.118858 12.299746 0.000033 0.000691 0.019418 0.592901 0.644589 12.294917 12.492946 18.556982 19.101219 18.722845
0.120874 12.337002 0.000041 0.000560 0.017571 0.583124 0.664479 12.323632 12.430313 18.650883 18.786236 18.667002
0.120127 12.353162 0.000023 0.000277 0.015898 0.579803 0.632074 12.365088 12.410899 19.136800 18.679254 18.914582
0.118408 12.340038 0.000010 0.000254 0.014386 0.586438 0.584566 12.359544 12.443359 18.885186 18.893015 18.843536
0.117666 12.325040 0.000018 0.000425 0.013017 0.583962 0.545541 12.296759 12.430850 17.962001 18.813261 18.270086
0.117032 12.328032 0.000028 0.000369 0.011778 0.565379 0.471574 12.279475 12.346994 18.137865 18.214558 18.152361
0.118625 12.356763 0.000015 -0.000035 0.010657 0.561443 0.357809 12.411965 12.341342 18.634611 18.087750 18.394705
0.122688 12.404652 -0.000013 -0.000227 0.009643 0.569874 0.246164 12.446067 12.394938 18.513492 18.359384 18.420899
0.126782 12.450892 -0.000009 -0.000201 0.008725 0.571641 0.141985 12.468071 12.413853 17.983312 18.416314 18.129522
0.131425 12.501862 -0.000010 -0.000316 0.007895 0.563167 0.005450 12.491471 12.385230 17.387484 18.143318 17.680035
0.137471 12.557363 -0.000021 -0.000618 0.007144 0.550787 -4.129807 12.544749 12.337116 16.733478 17.744457 17.152570
0.141586 12.594087 -0.000041 -0.000923 0.011102 0.534942 -3.708896 12.546179 12.275434 16.853849 17.234006 17.043503
0.141493 12.604704 -0.000054 -0.001183 0.014579 0.531390 -3.319328 12.618668 12.275504 17.949972 17.119575 17.653638
0.139064 12.594069 -0.000069 -0.001144 0.018569 0.549755 -2.962977 12.646162 12.379132 18.553200 17.711202 18.226677
0.137786 12.586747 -0.000054 -0.000746 0.018569 0.566714 -2.649569 12.611990 12.472668 17.888430 18.257587 18.034728
0.136881 12.591204 -0.000029 -0.000426 0.018569 0.559273 -2.380667 12.542670 12.452615 17.173460 18.017848 17.525918
0.137226 12.611570 -0.000019 -0.000571 0.018569 0.541465 -2.137297 12.593710 12.395530 16.781553 17.444136 17.082498
0.141240 12.674747 -0.000041 -0.001003 0.018569 0.526662 -1.912816 12.682309 12.366184 17.047944 16.967240 17.059583
0.146049 12.750569 -0.000064 -0.001380 0.018569 0.525932 -1.705920 12.812153 12.411598 17.152231 16.943719 17.106739
0.150541 12.821640 -0.000082 -0.001473 0.021938 0.527849 -1.528155 12.847252 12.470624 16.425958 17.005473 16.697974
0.153200 12.867291 -0.000077 -0.001425 0.021938 0.514880 -1.362726 12.833236 12.460203 16.092407 16.587662 16.344265
0.177658 13.241742 -0.000077 -0.002807 0.021938 0.503925 -1.192574 13.525742 12.495552 15.754387 16.234733 16.011681
0.169815 13.124580 -0.000209 -0.002259 0.056170 0.493851 -1.003736 12.762133 12.516938 16.881227 15.910171 16.549714
0.138930 12.666662 -0.000052 -0.000538 0.056170 0.511175 -0.598466 12.674214 12.615839 17.470490 16.468293 17.095643
0.136229 12.633465 -0.000014 -0.000063 0.056170 0.528899 -0.244819 12.687487 12.704222 16.847810 17.039312 16.937152
0.136772 12.626583 0.000001 0.000279 0.056170 0.523826 0.214656 12.561308 12.679907 16.064532 16.875879 16.414862
0.140063 12.646573 0.000022 0.000120 0.056170 0.508312 -0.217344 12.644659 12.606448 15.995654 16.376055 16.190435
0.143249 12.682323 -0.000010 -0.000272 0.056170 0.501933 0.542023 12.679576 12.581157 17.056307 16.170568 16.739079
0.143699 12.679993 -0.000021 -0.000355 0.056170 0.520481 0.297463 12.756882 12.667596 16.937422 16.768097 16.887532
0.142088 12.658322 -0.000020 0.000033 0.056170 0.525356 0.266097 12.594109 12.681303 16.248801 16.925178 16.540847
0.141669 12.654896 0.000016 0.000095 0.056170 0.513501 0.307866 12.645067 12.620203 15.605781 16.543233 16.023477
0.142514 12.666148 -0.000006 -0.000165 0.056170 0.496329 0.114516 12.601989 12.543773 16.089483 15.990029 16.105636
0.142384 12.666524 -0.000013 -0.000441 0.056170 0.498942 -1.121360 12.726748 12.564644 17.624772 16.074208 17.038685
0.140818 12.646738 -0.000034 -0.000295 0.050824 0.528940 -0.936105 12.716746 12.706869 18.173519 17.040621 17.713324
0.140011 12.629879 -0.000003 0.000276 0.045988 0.550683 -0.909317 12.658302 12.797087 17.154004 17.741119 17.368954
0.170160 13.080813 0.000027 -0.001019 0.041612 0.539631 -0.946148 13.368078 12.774715 16.225986 17.385070 16.693618
0.165642 13.008969 -0.000120 -0.000841 0.037652 0.517721 -0.889631 12.621502 12.697961 15.986063 16.679208 16.295239
0.134365 12.520841 0.000014 0.000636 0.034069 0.504980 -0.761359 12.380403 12.620340 16.517493 16.268705 16.458861
0.133472 12.499928 0.000047 0.000432 0.030827 0.511028 -0.597511 12.617051 12.629801 17.694367 16.463552 17.224524
0.131487 12.483176 0.000002 0.000527 0.027893 0.535668 -0.481881 12.482456 12.721519 17.900915 17.257377 17.635663
0.128069 12.445163 0.000047 0.000992 0.025239 0.548368 -0.477534 12.470949 12.749504 17.741054 17.666534 17.691422
0.136405 12.569522 0.000056 0.000646 0.022837 0.549468 -0.492775 12.654821 12.737947 18.207372 17.701962 17.979549
0.133268 12.511023 0.000017 0.000815 0.020664 0.558826 -0.490383 12.439667 12.758937 19.146289 18.003438 18.643784
0.121176 12.323122 0.000064 0.001565 0.018697 0.581090 -0.498936 12.328663 12.814133 19.774304 18.720715 19.277852
0.120657 12.322235 0.000098 0.001767 0.026319 0.601995 -0.549020 12.408155 12.856005 19.531070 19.394209 19.383699
0.122901 12.349877 0.000091 0.001818 0.026319 0.605018 -0.654789 12.315083 12.817221 18.305871 19.491596 18.700659
0.128734 12.414847 0.000102 0.001445 0.027437 0.583085 -0.694958 12.392176 12.674501 17.775362 18.785009 18.135850
0.135127 12.497165 0.000058 0.000637 0.027437 0.564944 -0.593915 12.493892 12.569503 19.033446 18.200562 18.672623
0.140456 12.565600 0.000017 0.000014 0.027437 0.582630 -0.425562 12.694953 12.641099 19.965106 18.770348 19.434221
0.140725 12.593996 -0.000009 0.000169 0.027437 0.606821 -0.310156 12.616493 12.739653 20.253201 19.549683 19.891611
0.137987 12.595017 0.000026 0.000519 0.027437 0.619577 -0.333774 12.638641 12.785994 19.558808 19.960646 19.635131
0.135895 12.595169 0.000031 0.000685 0.027437 0.609228 -0.456754 12.525660 12.732181 18.481672 19.627227 18.880159
0.132838 12.592773 0.000043 0.000501 0.027437 0.582960 -0.442586 12.547452 12.619229 18.589883 18.780963 18.628507
0.130038 12.579223 0.000016 0.000144 0.027437 0.573368 -0.332005 12.588125 12.598714 18.562104 18.471942 18.491116
0.127070 12.554600 0.000003 0.000158 0.027437 0.568794 -0.206974 12.535572 12.602095 18.446962 18.324588 18.361648
0.124345 12.533690 0.000015 0.000246 0.027437 0.564770 -0.040616 12.542761 12.605831 17.814678 18.194962 17.937331
0.124697 12.547604 0.000014 0.000209 0.027437 0.551632 0.550334 12.518611 12.567140 16.921838 17.771690 17.252877
0.126355 12.579019 0.000011 -0.000043 0.024826 0.530388 0.383871 12.553893 12.494875 16.883881 17.087292 16.969407
0.127731 12.604064 -0.000011 -0.000392 0.022463 0.522344 0.130259 12.626620 12.488213 17.278622 16.828121 17.096265
0.129156 12.617619 -0.000027 -0.000465 0.020326 0.527830 -0.434151 12.649355 12.540091 16.645546 17.004879 16.788868
0.128722 12.620589 -0.000021 -0.000289 0.018391 0.519023 -0.267325 12.566518 12.517083 16.302776 16.721146 16.481082
0.128565 12.631285 -0.000009 -0.000410 0.016641 0.509105 0.017393 12.646938 12.492344 16.393778 16.401612 16.411523
0.128234 12.623196 -0.000031 -0.000470 0.015058 0.508353 -3.777996 12.603526 12.504752 16.598002 16.377387 16.519602
0.124900 12.589593 -0.000020 -0.000305 0.013625 0.512034 -3.382354 12.597516 12.532304 17.591309 16.495985 17.139228
0.121205 12.565259 -0.000013 -0.000118 0.012328 0.531531 -3.030196 12.634123 12.630269 18.126044 17.124089 17.682620
0.118088 12.543621 -0.000001 0.000311 0.011155 0.548229 -2.722817 12.557818 12.708203 17.597841 17.662049 17.577568
0.127225 12.688625 0.000030 0.000070 0.010093 0.544221 -2.454849 12.787722 12.700696 16.839445 17.532941 17.089044
0.126408 12.679588 -0.000017 0.000076 0.009133 0.528303 -2.211553 12.533141 12.638646 17.046261 17.020106 17.012881
0.118479 12.559551 0.000021 0.000284 0.008264 0.526551 -1.990810 12.582939 12.632997 17.678784 16.963649 17.354782
0.121928 12.613502 0.000010 0.000070 0.007477 0.538446 -1.792121 12.699761 12.692857 17.768511 17.346882 17.549897
0.125140 12.663365 -0.000001 0.000106 0.006766 0.545132 -1.616670 12.670690 12.726349 16.874479 17.562275 17.115139
0.126077 12.690901 0.000011 0.000127 0.006122 0.531184 -1.458522 12.647623 12.663358 16.339135 17.112935 16.637494
0.123550 12.671386 0.000003 -0.000029 0.005539 0.515153 -1.307698 12.623515 12.597281 16.170084 16.596465 16.343743
0.119627 12.627430 -0.000005 -0.000108 0.005012 0.505345 -1.166179 12.593710 12.563443 16.685555 16.280471 16.518150
0.115692 12.580171 -0.000006 -0.000060 0.004535 0.510776 -1.036193 12.604352 12.600128 17.026335 16.455445 16.777131
0.114271 12.556966 -0.000001 0.000155 0.004104 0.519537 -0.925106 12.568400 12.645154 16.755474 16.737710 16.725997
0.115867 12.557554 0.000016 0.000315 0.004176 0.518726 -0.828970 12.550412 12.637929 16.204550 16.711566 16.398101
0.119105 12.577417 0.000018 0.000217 0.004775 0.509640 -0.743557 12.555200 12.588056 16.017511 16.418848 16.181315
0.122336 12.597928 0.000007 -0.000035 0.004775 0.503884 -0.660731 12.597423 12.554356 15.959210 16.233419 16.080735
0.124371 12.605036 -0.000008 -0.000182 0.004775 0.501837 -0.585888 12.587426 12.535724 15.590799 16.167457 15.846783
0.124546 12.602315 -0.000010 -0.000239 0.004775 0.494493 -0.513407 12.564385 12.492542 15.134776 15.930856 15.498250
0.123473 12.591118 -0.000014 -0.000354 0.004775 0.482645 -0.439943 12.543699 12.433594 15.103967 15.549155 15.340498
0.121819 12.577720 -0.000022 -0.000518 0.005943 0.476424 -0.357134 12.566459 12.409529 15.745162 15.348753 15.637354
0.121464 12.574274 -0.000032 -0.000592 0.008504 0.485075 -0.264641 12.614787 12.460265 16.166822 15.627435 15.985074
0.121079 12.567718 -0.000031 -0.000386 0.008504 0.495845 -0.157753 12.576682 12.517630 16.650638 15.974407 16.394250
0.145874 12.925520 -0.000012 -0.001465 0.008504 0.508887 -0.083862 13.263037 12.616866 16.346982 16.394592 16.375098
0.140191 12.824897 -0.000130 -0.000747 0.035030 0.508539 -0.112118 12.470271 12.633554 15.683490 16.383387 15.986482
0.113459 12.411315 0.000032 0.000798 0.035030 0.496481 -0.039218 12.303658 12.550838 15.246553 15.994912 15.588738
0.117333 12.427672 0.000049 0.000442 0.035030 0.484612 0.854834 12.462203 12.473840 15.319747 15.612521 15.491321
0.119370 12.434962 0.000002 0.000140 0.035030 0.482666 0.679237 12.387865 12.444648 15.964620 15.549827 15.847662
0.117841 12.405498 0.000011 0.000141 0.035030 0.494473 0.498802 12.455454 12.476584 16.006005 15.930228 16.015747
0.114651 12.350438 0.000004 0.000453 0.035030 0.499589 0.359711 12.272974 12.470519 16.191051 16.095055 16.188329
0.113687 12.310696 0.000039 0.000574 0.035030 0.505020 0.252896 12.349171 12.462833 16.168562 16.270019 16.243109
0.113315 12.281473 0.000023 0.000651 0.035030 0.507103 0.192945 12.218546 12.435928 16.430326 16.337128 16.425825
0.113943 12.249511 0.000044 0.000669 0.035030 0.513361 0.075627 12.282339 12.425342 16.887235 16.538715 16.773643
0.117637 12.241170 0.000029 0.000661 0.035030 0.526094 0.258731 12.238358 12.437047 16.773334 16.948931 16.862319
0.122929 12.254976 0.000040 0.000654 0.035030 0.530417 0.336154 12.253094 12.403663 16.407940 17.088198 16.705413
0.129462 12.284835 0.000031 0.000427 0.031696 0.526805 0.359176 12.251432 12.332985 16.673474 16.971837 16.835674
0.134501 12.316788 0.000017 0.000058 0.028680 0.531739 0.279369 12.343285 12.305578 17.759123 17.130808 17.557115
0.137578 12.338784 -0.000007 -0.000119 0.025951 0.554505 0.235104 12.389488 12.363204 18.372176 17.864240 18.197893
0.139745 12.347526 -0.000005 0.000056 0.023481 0.573810 0.361886 12.357858 12.405538 18.152518 18.486179 18.297192
0.140636 12.353857 0.000010 0.000186 0.021247 0.575134 0.481452 12.321817 12.371531 17.895358 18.528840 18.168226
0.142837 12.385811 0.000010 -0.000051 0.019225 0.568476 0.519180 12.382255 12.318207 17.778745 18.314334 18.029867
0.143013 12.368018 -0.000012 -0.000179 0.017395 0.562253 0.518511 12.310338 12.276897 17.526505 18.113858 17.811701
0.140153 12.319767 -0.000006 -0.000154 0.015740 0.554233 0.474427 12.276545 12.230419 17.796426 17.855479 17.886684
0.136448 12.287721 -0.000009 -0.000206 0.014242 0.555100 0.400586 12.291558 12.231045 18.142683 17.883406 18.104999
0.132001 12.248353 -0.000012 -0.000062 0.012887 0.560176 0.347227 12.236199 12.255185 18.222813 18.046934 18.207804
0.130660 12.242566 0.000004 0.000045 0.011660 0.561927 0.330174 12.262861 12.269125 18.457192 18.103351 18.363506
0.131920 12.258566 0.000001 0.000038 0.010551 0.566392 0.344671 12.285713 12.298651 18.506290 18.247213 18.438024
0.132601 12.272078 0.000003 0.000095 0.009547 0.568983 0.371823 12.283562 12.318386 18.796856 18.330692 18.636843
0.133642 12.285184 0.000007 0.000119 0.008638 0.575638 0.394921 12.326772 12.355357 18.480940 18.545078 18.517979
0.135308 12.303824 0.000006 0.000185 0.007816 0.572523 0.418137 12.279922 12.344660 17.873480 18.444734 18.114063
0.136668 12.335609 0.000013 0.000033 0.007072 0.559693 0.402554 12.330785 12.294381 18.299121 18.031370 18.220323
0.137596 12.362581 -0.000007 -0.000245 0.006399 0.562997 0.362765 12.411160 12.324343 19.080523 18.137815 18.722676
0.137295 12.374884 -0.000017 -0.000182 0.005790 0.579062 0.327663 12.427341 12.410876 19.846346 18.655382 19.361121
0.134499 12.370019 -0.000003 0.000147 0.005239 0.599060 0.312947 12.427097 12.509726 20.072319 19.299654 19.721897
0.131737 12.373771 0.000017 0.000488 0.004741 0.609355 0.319657 12.397891 12.562912 20.186912 19.631320 19.904230
0.132846 12.411875 0.000033 0.000542 0.008953 0.614239 0.330991 12.471081 12.595828 20.205353 19.788673 19.966040
0.138063 12.487714 0.000025 0.000388 0.008953 0.616499 0.370964 12.537034 12.621031 19.663207 19.861481 19.664990
0.144024 12.586566 0.000017 0.000124 0.008953 0.607593 0.368766 12.609055 12.600447 19.607402 19.574549 19.524623
0.149529 12.690734 -0.000001 -0.000324 0.008953 0.603391 0.326110 12.758917 12.612315 19.606490 19.439199 19.471317
0.153257 12.763069 -0.000029 -0.000541 0.008953 0.601914 0.275816 12.780850 12.641850 19.254848 19.391606 19.242251
0.150863 12.756693 -0.000028 -0.000412 0.008953 0.594587 0.210199 12.725548 12.641514 18.737448 19.155556 18.847191
0.143250 12.698741 -0.000017 -0.000206 0.008953 0.581007 0.104449 12.641159 12.611100 18.653169 18.718052 18.632022
0.137672 12.672901 -0.000006 -0.000222 0.008953 0.572566 -0.162195 12.692688 12.611672 19.495751 18.446109 19.016464
0.134737 12.662536 -0.000016 -0.000183 0.008953 0.584144 -0.010323 12.729135 12.707479 19.776982 18.819098 19.308730
0.133476 12.664555 -0.000004 0.000154 0.008953 0.593789 0.564877 12.695681 12.785977 19.546100 19.129833 19.280488
0.135302 12.702099 0.000018 0.000301 0.008953 0.593818 0.515777 12.743211 12.813567 19.000854 19.130772 18.956201
0.139707 12.751887 0.000014 0.000222 0.008101 0.585086 0.482453 12.747599 12.796170 17.768730 18.849464 18.128868
0.146114 12.819169 0.000010 -0.000083 0.007330 0.560850 0.430783 12.783017 12.705062 17.066377 18.068654 17.428215
0.152202 12.886544 -0.000016 -0.000652 0.006633 0.540746 0.337270 12.882739 12.636583 16.649706 17.420990 16.946277
0.153196 12.920025 -0.000049 -0.001018 0.013310 0.526608 0.199604 12.883192 12.598265 17.012787 16.965496 16.991919
0.147338 12.897561 -0.000058 -0.001075 0.015469 0.526771 -0.275061 12.913143 12.632282 18.394488 16.970766 17.796444
0.141199 12.844220 -0.000057 -0.000761 0.015469 0.550341 0.015272 12.912135 12.776528 18.272437 17.730105 18.005412
0.136026 12.793288 -0.000028 -0.000060 0.015469 0.556280 -1.357840 12.745085 12.825078 17.988327 17.921441 17.908522
0.132775 12.770917 0.000015 0.000195 0.015469 0.552213 -1.222410 12.797364 12.825443 17.451026 17.790409 17.543489
0.133358 12.777352 0.000005 0.000173 0.015469 0.540605 -1.112933 12.732009 12.791301 16.445575 17.416449 16.816545
0.134149 12.769797 0.000011 0.000077 0.015469 0.518372 -1.006724 12.716116 12.705238 16.100207 16.700153 16.343382
0.133943 12.738358 -0.000003 -0.000119 0.015469 0.505203 -0.897653 12.704298 12.656696 15.131187 16.275918 15.620299
0.131523 12.705208 -0.000010 -0.000174 0.015469 0.483499 -0.776089 12.606997 12.562608 14.650490 15.576672 15.078953
0.128182 12.674965 -0.000009 -0.000404 0.015469 0.465993 -0.620856 12.649290 12.493793 14.807015 15.012691 14.955699
0.124882 12.627738 -0.000032 -0.000481 0.015469 0.461874 -0.442583 12.592721 12.489411 15.844859 14.879979 15.503183
0.121844 12.576651 -0.000021 -0.000313 0.015469 0.479946 -0.247789 12.647191 12.581530 17.380132 15.462213 16.607656
0.117519 12.514884 -0.000014 0.000239 0.013997 0.516236 -0.109779 12.574805 12.740632 18.366416 16.631339 17.616351
0.114799 12.460332 0.000033 0.001007 0.012665 0.549402 -0.296867 12.518717 12.862566 17.445904 17.699843 17.484589
0.114080 12.435304 0.000069 0.001534 0.018488 0.545912 -0.439844 12.346626 12.797891 16.599042 17.587405 16.956023
0.114564 12.422144 0.000091 0.001349 0.024393 0.528999 -0.508311 12.397133 12.674892 16.471710 17.042514 16.684006
0.117775 12.443700 0.000056 0.000830 0.024393 0.521015 -0.514394 12.431619 12.602438 17.054197 16.785315 16.933079
0.118957 12.462644 0.000035 0.000502 0.024393 0.529109 -0.454338 12.510704 12.611698 17.813159 17.046085 17.477005
0.117352 12.456822 0.000021 0.000556 0.024393 0.545854 -0.447430 12.480015 12.662509 17.867085 17.585533 17.713503
0.116011 12.459046 0.000037 0.000731 0.024393 0.551881 -0.473363 12.466606 12.666497 18.159838 17.779699 17.958826
0.121835 12.545300 0.000041 0.000435 0.024393 0.558598 -0.526304 12.641111 12.687233 18.079967 17.996103 17.994697
0.121431 12.539695 0.000010 0.000530 0.024393 0.559319 -0.560460 12.465811 12.679728 18.444574 18.019335 18.216179
0.115114 12.445813 0.000044 0.000840 0.024393 0.566415 -0.574710 12.466569 12.693090 18.180356 18.247953 18.149211
0.114217 12.428889 0.000047 0.000949 0.024393 0.564556 -0.590921 12.392902 12.660827 17.417446 18.188063 17.685603
0.115091 12.430587 0.000055 0.000827 0.024393 0.549700 -0.559764 12.394130 12.571198 16.704452 17.709447 17.094636
0.117367 12.447554 0.000037 0.000444 0.024393 0.531159 -0.461062 12.403432 12.471972 16.466435 17.112122 16.735758
0.119129 12.469684 0.000015 0.000008 0.022072 0.519807 -0.251503 12.466878 12.415936 17.046047 16.746402 16.938407
0.120680 12.486495 -0.000009 -0.000253 0.019971 0.526408 0.067727 12.528087 12.448890 17.194987 16.959053 17.104802
0.121493 12.494362 -0.000015 -0.000163 0.018071 0.532010 -0.602452 12.487773 12.473829 16.748086 17.139537 16.912773
0.121754 12.494710 -0.000002 -0.000075 0.016351 0.525537 -0.501332 12.466427 12.442084 16.060224 16.930998 16.435659
0.123143 12.511955 -0.000004 -0.000251 0.014795 0.509833 -0.404831 12.473116 12.373810 15.810159 16.425081 16.102484
0.125210 12.536682 -0.000019 -0.000585 0.013387 0.498783 -0.290520 12.534387 12.336949 15.737339 16.069084 15.926995
0.125199 12.530136 -0.000039 -0.000694 0.012113 0.493135 -0.172603 12.498063 12.327595 15.561520 15.887114 15.755380
0.123099 12.498157 -0.000034 -0.000613 0.010960 0.487535 -0.031666 12.470092 12.316510 15.358739 15.706688 15.568181
0.120001 12.451814 -0.000031 -0.000486 0.009917 0.481289 0.553414 12.407119 12.299967 15.495566 15.505483 15.570878
0.117039 12.407756 -0.000022 -0.000387 0.008974 0.481413 0.465058 12.407408 12.309889 16.456704 15.509486 16.130543
0.117069 12.390508 -0.000020 -0.000290 0.008120 0.499966 0.397684 12.458856 12.399819 16.892984 16.107200 16.604303
0.117535 12.384794 -0.000012 0.000054 0.007347 0.516126 0.367636 12.393460 12.466232 17.548847 16.627820 17.180397
0.120928 12.409768 0.000014 0.000203 0.006648 0.535309 0.363498 12.502418 12.540191 17.233908 17.245811 17.225110
0.127475 12.461837 0.000007 0.000281 0.006015 0.538037 0.385133 12.428342 12.531327 16.277663 17.333710 16.699810
0.132428 12.504872 0.000021 0.000095 0.005539 0.521990 0.372187 12.474822 12.437407 16.508548 16.816719 16.653908
0.133004 12.498448 -0.000008 -0.000219 0.005539 0.520908 0.330404 12.490713 12.416875 16.904424 16.781882 16.881046
0.127929 12.443670 -0.000015 -0.000096 0.005539 0.527414 0.274999 12.416628 12.430146 18.006253 16.991471 17.611785
0.122572 12.385319 0.000003 0.000161 0.005539 0.549079 0.229764 12.447980 12.513371 18.438616 17.689451 18.123899
0.119272 12.346481 0.000013 0.000599 0.005539 0.564188 0.233464 12.330033 12.561433 18.615301 18.176212 18.407590
0.119547 12.346962 0.000047 0.000770 0.012507 0.572323 0.254996 12.398456 12.577937 18.673891 18.438286 18.538927
0.122131 12.375048 0.000036 0.000729 0.012507 0.576499 0.349895 12.376685 12.578011 18.846763 18.572809 18.691235
0.126788 12.430648 0.000041 0.000529 0.012507 0.581478 0.395341 12.497497 12.586953 19.130024 18.733238 18.918401
0.133436 12.492095 0.000019 0.000341 0.012507 0.589756 0.453838 12.522067 12.611761 18.342705 18.999912 18.553527
0.140005 12.548930 0.000019 0.000226 0.012507 0.579362 0.481874 12.513618 12.548676 17.300264 18.665066 17.820584
0.143099 12.585846 0.000008 -0.000133 0.012507 0.556516 0.436712 12.525668 12.434432 16.953967 17.929047 17.355900
0.140739 12.577331 -0.000018 -0.000513 0.012507 0.540569 0.295790 12.534385 12.364446 18.056050 17.415271 17.825703
0.136464 12.545643 -0.000034 -0.000651 0.012507 0.553828 0.069352 12.610032 12.437948 19.133912 17.842440 18.617478
0.131745 12.502956 -0.000034 -0.000233 0.012507 0.577662 -0.433838 12.528918 12.556072 18.875047 18.610276 18.743509
0.126586 12.470342 0.000005 0.000308 0.012507 0.579854 -0.371007 12.446365 12.570383 18.394604 18.680889 18.484188
0.123546 12.469478 0.000025 0.000362 0.012507 0.569380 -0.336041 12.463224 12.535549 17.423694 18.343470 17.785402
0.123525 12.492408 0.000015 0.000155 0.011317 0.545590 -0.305591 12.436259 12.451738 16.752214 17.577037 17.101009
0.122385 12.497729 0.000003 -0.000165 0.010240 0.523239 -0.231099 12.475615 12.385047 17.154049 16.856955 17.057816
0.118823 12.478854 -0.000018 -0.000337 0.009265 0.522038 -0.149263 12.507124 12.420106 17.033737 16.818267 16.962086
0.113249 12.448629 -0.000017 -0.000102 0.008384 0.518773 -0.116176 12.420456 12.441581 16.638930 16.713072 16.682243
0.108401 12.409574 0.000004 0.000115 0.007586 0.509413 -0.123483 12.394461 12.431973 16.314663 16.411534 16.369034
0.104004 12.362097 0.000008 0.000251 0.006864 0.500146 -0.125583 12.327833 12.416612 16.686821 16.112990 16.459798
0.098800 12.298949 0.000018 0.000423 0.006211 0.504312 -0.098950 12.325438 12.454443 17.516898 16.247205 16.979041
0.095339 12.243034 0.000026 0.000759 0.007014 0.523091 -0.143587 12.286850 12.543042 17.854002 16.852179 17.394481
0.094594 12.207219 0.000052 0.001206 0.013918 0.538923 -0.257286 12.230103 12.596048 16.435473 17.362234 16.762680
0.096740 12.218941 0.000074 0.001354 0.019911 0.520725 -0.389915 12.129912 12.478237 15.110329 16.775983 15.776793
0.100833 12.256939 0.000071 0.000795 0.019911 0.489997 -0.338806 12.214597 12.312144 15.419419 15.786026 15.588294
0.103186 12.269717 0.000021 0.000152 0.019911 0.485233 -0.148445 12.282126 12.276215 16.316242 15.632536 16.054712
0.099504 12.238331 -0.000000 0.000136 0.019911 0.500380 0.304174 12.262388 12.331520 17.416092 16.120513 16.877689
0.093862 12.189092 0.000015 0.000512 0.019911 0.525716 0.172344 12.242433 12.429254 17.458513 16.936751 17.209776
0.091093 12.166562 0.000038 0.000943 0.019911 0.535073 0.250665 12.150962 12.448081 10.306881 17.238207 13.187537
0.090080 12.165194 0.000061 0.001016 0.019911 0.403084 0.320569 11.577502 11.820715 1.837151 12.985994 6.691339
0.089297 12.150601 0.000050 -0.001185 0.019911 0.191211 0.268184 11.645480 10.890104 -3.181853 6.160177 1.209596
0.082898 12.053781 -0.000151 -0.004179 0.040478 0.013766 0.209472 11.572986 10.199036 -7.360953 0.443499 -3.381741
0.065790 11.838808 -0.000276 -0.005889 0.074145 -0.134086 0.094497 11.376924 9.688471 -11.975158 -4.319795 -7.876664
0.045405 11.578806 -0.000340 -0.006789 0.091514 -0.278666 -1.346339 11.078655 9.215849 -16.416170 -8.977653 -12.239669
0.022742 11.298840 -0.000377 -0.007481 0.101354 -0.418658 -0.903701 10.832075 8.781234 -18.505968 -13.487707 -15.192490
-0.009650 10.929618 -0.000416 -0.007716 0.111939 -0.514789 0.065144 10.573922 8.562342 -17.221152 -16.584745 -15.619167
-0.054197 10.421055 -0.000410 -0.006675 0.111939 -0.524452 -11.011249 10.243756 8.693208 -8.720117 -16.896031 -10.258007
-0.109523 9.800007 -0.000319 -0.003975 0.111939 -0.324891 -9.922103 10.151657 9.510536 1.244632 -10.466871 -1.553684
-0.149214 9.369528 -0.000137 0.000506 0.111939 -0.014445 -9.050580 9.756056 10.508665 6.552953 -0.465368 4.257836
-0.149319 9.371655 0.000144 0.004083 0.111939 0.172329 -8.370505 9.670730 11.001561 10.180226 5.551844 8.132780
-0.119853 9.670136 0.000261 0.004782 0.111939 0.288988 -7.808776 10.069694 11.268451 14.437926 9.310190 12.143472
-0.085765 10.015148 0.000237 0.004501 0.111939 0.410229 -7.314714 10.414704 11.586313 20.313780 13.216180 17.290548
-0.064386 10.282866 0.000233 0.004681 0.111939 0.568575 -6.884317 10.790844 12.069417 25.977569 18.317528 22.571785
-0.043251 10.556833 0.000256 0.005432 0.111939 0.728529 -6.541304 11.031684 12.580219 29.881299 23.470686 26.731175
-0.004066 10.986851 0.000311 0.005722 0.111939 0.850882 -6.345597 11.505057 12.974954 29.214381 27.412495 27.823861
0.052802 11.630700 0.000297 0.004828 0.111939 0.884910 -6.169815 11.886952 12.996267 27.762186 28.508760 27.420988
0.111657 12.360373 0.000226 0.002284 0.101287 0.871781 -5.844535 12.674583 12.868151 27.722715 28.085779 27.273195
0.144567 12.804345 0.000042 0.000229 0.091648 0.867944 -5.264472 12.876775 12.830391 30.064545 27.962160 28.627902
0.173745 13.240853 -0.000006 -0.001474 0.082927 0.912280 -4.543360 13.713826 13.053147 31.833444 29.390529 30.223646
0.183593 13.378806 -0.000130 -0.001170 0.075035 0.959901 -3.821379 13.321932 13.296855 32.848653 30.924702 31.437729
0.187571 13.416722 -0.000003 -0.000430 0.067895 0.997001 -3.168761 13.658843 13.475130 31.573879 32.119935 31.339731
0.212175 13.856792 -0.000035 -0.001371 0.061434 0.994103 -2.547267 13.967956 13.466100 27.061057 32.026581 29.617672
0.229819 14.290951 -0.000099 -0.002962 0.055587 0.945884 -1.792840 14.120174 13.119413 27.541361 30.473125 28.798297
0.244440 14.658018 -0.000200 -0.005526 0.053857 0.919238 -0.769846 14.834899 13.019880 30.055552 29.614689 28.887991
0.253333 14.919792 -0.000365 -0.006823 0.098155 0.918506 1.152302 15.025811 13.247975 28.234924 29.591124 28.480782
0.252367 15.088705 -0.000359 -0.006611 0.098155 0.902387 -1.060735 15.021803 13.314831 26.020604 29.071802 27.620755
0.252098 15.240004 -0.000347 -0.006914 0.098155 0.870403 0.966095 15.150849 13.243632 18.058063 28.041410 25.061821
0.254459 15.389756 -0.000388 -0.007707 0.104374 0.788134 -1.043742 14.718016 12.595379 -5.503112 25.390978 17.883835
0.253542 15.502961 -0.000433 -0.010442 0.116392 0.552154 1.293635 13.460727 10.215948 -21.833643 17.788493 8.687648
0.248872 15.499219 -0.000660 -0.018974 0.177444 0.239529 -1.162423 13.705454 7.319717 -22.360209 7.716803 1.278403
0.236980 15.277417 -0.001294 -0.028579 0.347880 -0.033016 3.046505 13.935419 5.515918 -27.583920 -1.063665 -6.251394
0.208004 14.786853 -0.001708 -0.033295 0.459218 -0.365490 -0.500255 13.175844 4.150855 -27.848077 -11.774836 -12.855538
0.163337 14.080153 -0.001836 -0.035659 0.493743 -0.674432 29.076457 13.414384 3.754568 -32.552673 -21.727893 -19.907609
0.104033 13.175343 -0.001970 -0.033833 0.529841 -0.886612 25.558932 12.048521 3.761055 -31.997624 -28.563587 -22.825631
0.030607 12.134969 -0.001701 -0.030073 0.529841 -0.963799 22.247696 11.907323 4.301641 -27.733184 -31.050298 -21.914974
-0.037367 11.263634 -0.001569 -0.025003 0.529841 -0.910528 19.414986 11.035382 5.284540 -25.305315 -29.334093 -20.213993
-0.093342 10.602718 -0.001199 -0.019099 0.529841 -0.829067 17.111716 10.604796 6.164567 -23.249337 -26.709676 -18.402066
-0.145076 9.993386 -0.000937 -0.013751 0.529841 -0.748116 15.382126 9.803336 6.846527 -23.668512 -24.101740 -18.455868
-0.187683 9.474161 -0.000639 -0.009437 0.529841 -0.739427 14.093020 9.248264 7.146735 -25.012715 -23.821803 -19.624691
-0.220895 9.034493 -0.000466 -0.006780 0.529841 -0.760224 13.063016 8.760545 7.232580 -22.325072 -24.491817 -18.723456
-0.246510 8.668343 -0.000348 -0.005156 0.529841 -0.728786 12.303124 8.781854 7.563429 -14.791380 -23.478989 -15.201335
-0.272961 8.350715 -0.000284 -0.002827 0.529841 -0.628394 11.793724 8.756677 8.393031 -4.175044 -20.244687 -9.786673
-0.296785 8.077952 -0.000109 0.001132 0.529841 -0.473380 11.649514 8.923877 9.750429 0.581125 -15.250690 -5.360831
-0.308067 7.967194 0.000133 0.006404 0.529841 -0.332874 11.914635 8.570198 10.940456 1.777421 -10.724066 -2.214744
-0.290497 8.164685 0.000447 0.009969 0.479420 -0.208954 12.235253 8.920783 11.743388 -0.787004 -6.731785 -0.642820
-0.247274 8.610634 0.000543 0.011251 0.433797 -0.126645 12.340248 8.876325 11.943922 -1.541787 -4.080080 0.265338
-0.205510 9.032676 0.000598 0.010455 0.392516 -0.072652 11.991664 9.377142 11.872183 -0.635373 -2.340593 1.280083
-0.171799 9.336525 0.000487 0.009106 0.355163 -0.018533 11.302736 9.451415 11.766000 -1.061022 -0.597068 1.056991
-0.143909 9.586698 0.000455 0.007827 0.321365 -0.018947 10.279921 9.654826 11.507971 -0.905594 -0.610408 1.096408
-0.117096 9.848335 0.000365 0.005960 0.290783 -0.013462 9.072220 9.977629 11.316494 -0.299305 -0.433710 1.507823
-0.093667 10.101629 0.000264 0.004363 0.263111 0.001244 7.711015 10.212445 11.206624 2.221915 0.040065 3.319457
-0.074748 10.308291 0.000197 0.003226 0.238073 0.058007 6.309872 10.573545 11.305369 4.646318 1.868777 5.391467
-0.055162 10.494067 0.000145 0.002914 0.215417 0.123738 5.095465 10.670548 11.464303 3.518232 3.986400 5.247680
-0.035761 10.685853 0.000159 0.002796 0.194917 0.120792 4.038605 10.657632 11.345994 0.501504 3.891505 3.279046
-0.017580 10.888476 0.000138 0.001643 0.176369 0.060001 2.892887 10.780152 11.007243 -1.588495 1.933022 1.271093
-0.001978 11.041846 0.000046 -0.000124 0.159585 -0.002462 1.299185 10.946834 10.706337 -2.611320 -0.079305 -0.135421
0.003173 11.093718 -0.000048 -0.001391 0.144398 -0.045803 -2.037607 10.992382 10.526232 -1.763628 -1.475602 -0.231203
-0.003109 11.087913 -0.000093 -0.002017 0.130657 -0.049797 0.190881 11.139444 10.557506 0.781181 -1.604303 1.127812
-0.009138 11.102720 -0.000117 -0.001958 0.118223 -0.003337 -16.503082 11.279518 10.818206 2.363400 -0.107511 2.544168
-0.009978 11.156004 -0.000093 -0.001213 0.106973 0.040044 -14.735239 11.270755 11.065547 3.065932 1.290065 3.412983
-0.005133 11.231963 -0.000042 -0.000598 0.096793 0.067375 -13.201098 11.354419 11.235678 1.701855 2.170577 2.907664
0.000193 11.323344 -0.000025 -0.000315 0.087582 0.052546 -11.854596 11.257972 11.203933 0.952065 1.692838 2.241132
0.000323 11.380718 -0.000012 -0.000635 0.079248 0.031874 -10.641737 11.414890 11.157586 1.757914 1.026874 2.376470
0.026177 11.693140 -0.000053 -0.001923 0.071706 0.037685 -9.557036 11.978925 11.274325 0.341489 1.214082 1.598687
0.024447 11.668046 -0.000143 -0.001414 0.064882 0.015702 -8.582797 11.343925 11.238279 -0.697664 0.505872 0.686210
0.000566 11.417746 -0.000023 -0.000645 0.058708 -0.010884 -7.683556 11.372781 11.152203 1.775313 -0.350634 1.687240
0.004956 11.503202 -0.000046 -0.001261 0.053121 0.023303 -6.859674 11.791285 11.371050 3.701321 0.750756 3.152365
0.006605 11.569179 -0.000086 -0.000712 0.048066 0.071894 -6.140436 11.646512 11.645881 4.548213 2.316189 4.203560
0.008253 11.616212 -0.000002 0.000107 0.043492 0.106564 -5.526233 11.784886 11.835829 3.687113 3.433110 4.132450
0.017273 11.696081 0.000008 0.000502 0.039353 0.106405 -4.996453 11.646990 11.843808 1.549051 3.427990 2.907156
0.029854 11.794753 0.000038 0.000176 0.035608 0.070250 -4.506723 11.750565 11.676505 0.462519 2.263220 1.810918
0.039028 11.866935 -0.000016 -0.000684 0.032220 0.038864 -4.027381 11.804395 11.539912 1.380003 1.252064 1.902983
0.041088 11.889167 -0.000054 -0.001254 0.029154 0.044705 -3.566358 11.968042 11.585896 3.011969 1.440255 2.870146
0.038544 11.887808 -0.000078 -0.001084 0.026379 0.076650 -3.157352 11.959464 11.751931 3.085995 2.469395 3.296727
0.037119 11.903918 -0.000043 -0.000546 0.023869 0.089324 -2.810148 11.912775 11.820423 2.695052 2.877707 3.219656
0.037627 11.927393 -0.000020 -0.000384 0.021597 0.085768 -2.510270 11.923301 11.815333 2.695296 2.763147 3.152781
0.038016 11.939302 -0.000023 -0.000445 0.019542 0.083300 -2.241785 11.946238 11.821865 3.079639 2.683631 3.313019
0.037225 11.939648 -0.000027 -0.000423 0.017683 0.088842 -2.001038 11.968603 11.867871 3.673943 2.862187 3.692923
0.033783 11.925980 -0.000022 -0.000209 0.016000 0.101298 -1.792174 11.962042 11.943842 4.151154 3.263465 4.096789
0.031500 11.899952 -0.000005 0.000158 0.014477 0.114535 -1.621503 11.927003 12.016176 3.220010 3.689931 3.730168
0.032728 11.888585 0.000017 0.000458 0.013100 0.104198 -1.478271 11.817235 11.962802 2.706537 3.356907 3.294864
0.036145 11.912152 0.000028 0.000182 0.011853 0.092051 -1.331266 11.931875 11.901525 3.848034 2.965558 3.760346
0.040152 11.942560 -0.000007 -0.000147 0.010725 0.109101 -1.188074 12.027381 11.981901 4.375161 3.514846 4.259422
0.042356 11.955005 -0.000010 0.000097 0.009704 0.126853 -1.065439 11.971462 12.053569 4.029765 4.086758 4.283418
0.044782 11.965161 0.000016 0.000318 0.008781