0.000000 -0.005470 0.000000 0.000000 0.000000 0.000000 0.000000 0.000000 0.000000 6.833171 0.000000 6.833171
0.000000 -0.009664 0.000000 0.000000 0.000000 0.000000 0.000000 0.000000 0.000000 6.832726 0.000000 6.832726
0.000000 -0.007453 0.000000 0.000000 0.000000 0.000000 0.000000 0.000000 0.000000 6.833349 0.000000 6.833349
0.000000 0.057246 0.000000 0.000000 0.000000 0.000000 0.000000 0.000000 0.000000 6.833448 0.000000 6.833448
0.000000 0.209281 0.000000 0.000000 0.000000 0.000000 0.000000 0.000000 0.000000 6.833473 0.000000 6.833473
0.000000 0.386303 0.000000 0.000000 0.000000 0.000000 0.000000 0.000000 0.000000 6.834256 0.000000 6.834256
0.000000 0.527084 0.000000 0.000000 0.000000 0.000000 0.000000 0.000000 0.000000 6.835140 0.000000 6.835140
0.000000 0.658979 0.000000 0.000000 0.000000 0.000000 0.000000 0.000000 0.000000 6.835366 0.000000 6.835366
0.000000 0.716931 0.000000 0.000000 0.000000 0.000000 0.000000 0.000000 0.000000 6.836513 0.000000 6.836513
0.000000 0.739828 0.000000 0.000000 0.000000 0.000000 0.000000 0.000000 0.000000 6.840165 0.000000 6.840165
0.000000 0.808119 0.000000 0.000000 0.000000 0.000000 0.000000 0.000000 0.000000 6.827513 0.000000 6.827513
0.000000 0.863524 0.000000 0.000000 0.000000 0.000000 0.000000 0.000000 0.000000 6.801156 0.000000 6.801156
0.000000 0.914411 0.000000 0.000000 0.000000 0.000000 0.000000 0.000000 0.000000 6.792744 0.000000 6.792744
0.000000 0.976372 0.000000 0.000000 0.000000 0.000000 0.000000 0.000000 0.000000 6.805442 0.000000 6.805442
0.549694 1.045427 0.000000 0.000000 0.000000 0.000000 0.000000 0.000000 0.000000 6.820039 0.000000 6.820039
0.412256 1.114323 0.000000 0.000000 0.000000 0.000000 0.000000 0.000000 0.000000 6.826305 0.000000 6.826305
0.277073 1.180219 0.000000 0.000000 0.000000 0.000000 0.000000 0.000000 0.000000 6.831595 0.000000 6.831595
0.192915 1.255967 0.000000 0.000000 0.000000 0.000000 0.000000 0.000000 0.000000 6.831756 0.000000 6.831756
0.153195 1.331724 0.000000 0.000000 0.000000 0.000000 0.000000 0.000000 0.000000 6.824882 0.000000 6.824882
0.124245 1.411692 0.000000 0.000000 0.000000 0.000000 0.000000 0.000000 0.000000 6.825304 0.000000 6.825304
0.110758 1.513748 0.000000 0.000000 0.000000 0.000000 0.000000 0.000000 0.000000 6.828371 0.000000 6.828371
0.098111 1.613704 0.000000 0.000000 0.000000 0.000000 0.000000 0.000000 0.000000 6.831144 0.000000 6.831144
0.100192 1.707868 0.000000 0.000000 0.000000 0.000000 0.000000 0.000000 0.000000 6.829613 0.000000 6.829613
0.108072 1.809249 0.000000 0.000000 0.000000 0.000000 0.000000 0.000000 0.000000 6.829709 0.000000 6.829709
0.122778 1.918046 0.000000 0.000000 0.000000 0.000000 0.000000 0.000000 0.000000 6.827315 0.000000 6.827315
0.126631 2.024876 0.000000 0.000000 0.000000 0.000000 0.000000 0.000000 0.000000 6.828760 0.000000 6.828760
0.119893 2.129386 0.000000 0.000000 0.000000 0.000000 0.000000 0.000000 0.000000 6.834175 0.000000 6.834175
0.119133 2.229452 0.000000 0.000000 0.000000 0.000000 0.000000 0.000000 0.000000 6.834055 0.000000 6.834055
0.110950 2.324121 0.000000 0.000000 0.000000 0.000000 0.000000 0.000000 0.000000 6.840114 0.000000 6.840114
0.107181 2.421644 0.000000 0.000000 0.000000 0.000000 0.000000 0.000000 0.000000 6.844881 0.000000 6.844881
0.110716 2.517021 0.000000 0.000000 0.000000 0.000000 0.000000 0.000000 0.000000 6.845231 0.000000 6.845231
0.117780 2.609929 0.000000 0.000000 0.000000 0.000000 0.000000 0.000000 0.000000 6.840831 0.000000 6.840831
0.116825 2.708662 0.000000 0.000000 0.000000 0.000000 0.000000 0.000000 0.000000 6.837410 0.000000 6.837410
0.108798 2.803848 0.000000 0.000000 0.000000 0.000000 0.000000 0.000000 0.000000 6.837158 0.000000 6.837158
0.101836 2.899498 0.000000 0.000000 0.000000 0.000000 0.000000 0.000000 0.000000 6.839274 0.000000 6.839274
0.099810 2.997434 0.000000 0.000000 0.000000 0.000000 0.000000 0.000000 0.000000 6.835917 0.000000 6.835917
0.099164 3.093553 0.000000 0.000000 0.000000 0.000000 0.000000 0.000000 0.000000 6.830568 0.000000 6.830568
0.094942 3.192144 0.000000 0.000000 0.000000 0.000000 0.000000 0.000000 0.000000 6.831685 0.000000 6.831685
0.100809 3.326826 0.000000 0.000000 0.000000 0.000000 0.000000 0.000000 0.000000 6.832297 0.000000 6.832297
0.098710 3.421905 0.000000 0.000000 0.000000 0.000000 0.000000 0.000000 0.000000 6.832376 0.000000 6.832376
0.092054 3.487227 0.000000 0.000000 0.000000 0.000000 0.000000 0.000000 0.000000 6.831228 0.000000 6.831228
0.090250 3.591273 0.000000 0.000000 0.000000 0.000000 0.000000 0.000000 0.000000 6.834415 0.000000 6.834415
0.088044 3.690408 0.000000 0.000000 0.000000 0.000000 0.000000 0.000000 0.000000 6.835456 0.000000 6.835456
0.089936 3.783245 0.000000 0.000000 0.000000 0.000000 0.000000 0.000000 0.000000 6.831466 0.000000 6.831466
0.093444 3.879286 0.000000 0.000000 0.000000 0.000000 0.000000 0.000000 0.000000 6.826454 0.000000 6.826454
0.089724 3.976685 0.000000 0.000000 0.000000 0.000000 0.000000 0.000000 0.000000 6.830838 0.000000 6.830838
0.081736 4.074927 0.000000 0.000000 0.000000 0.000000 0.000000 0.000000 0.000000 6.845131 0.000000 6.845131
0.079427 4.163242 0.000000 0.000000 0.000000 0.000000 0.000000 0.000000 0.000000 6.847090 0.000000 6.847090
0.079497 4.248583 0.000000 0.000000 0.000000 0.000000 0.000000 4.248583 4.248583 6.842100 0.000000 6.842100
0.082031 4.346736 0.000000 -0.000520 0.000000 0.293496 0.000000 4.919988 4.753127 6.838799 7.660357 6.838799
0.081115 4.436485 -0.000049 0.001678 0.013308 0.178693 0.000049 3.990278 -439.541449 10.913534 4.663958 10.913534
0.079394 4.524686 0.000199 -2.353004 0.053515 0.431419 0.235174 5.404098 -394.682950 10.768459 11.260204 10.768459
0.079997 4.612494 -0.000089 -2.115775 0.053515 0.338996 -0.623265 3.943654 -354.788962 10.630441 8.847933 10.630441
0.086309 4.739431 0.000318 -1.905058 0.085581 0.362302 -0.356063 5.504939 -318.707235 10.486073 9.456216 10.486073
0.098483 4.910570 -0.000113 -1.714776 0.085581 0.346806 0.747238 4.509540 -286.270990 10.346834 9.051776 10.346834
0.104739 5.047029 0.000197 -1.543627 0.085581 0.342759 0.162994 5.570661 -257.045546 10.211875 8.946135 10.211875
0.107907 5.159450 -0.000093 -1.389364 0.085581 0.337337 -1.950486 4.922002 -230.733526 10.063248 8.804638 10.063248
0.116146 5.291439 0.000124 -1.250642 0.085581 0.332001 -1.597281 5.677995 -207.040023 9.912878 8.665348 9.912878
0.117830 5.430442 -0.000074 -1.125832 0.085581 0.326319 -1.240103 5.322605 -185.702772 9.720375 8.517044 9.720375
0.114132 5.558716 0.000057 -1.013451 0.085581 0.313324 -0.894252 5.834614 -166.489615 9.424291 8.177890 9.424291
0.110427 5.685865 -0.000067 -0.912318 0.085581 0.296812 -0.551107 5.656990 -149.181944 9.078023 7.746912 9.078023
0.102682 5.820269 0.000014 -0.821321 0.085581 0.276926 0.138025 6.047139 -133.585474 8.770126 7.227872 8.770126
0.092985 5.944300 -0.000069 -0.739336 0.085581 0.258858 -3.088857 5.973544 -119.520982 8.505699 6.756291 8.505699
0.079140 6.053058 -0.000011 -0.665388 0.085581 0.242552 -2.636940 6.243162 -106.837084 8.266988 6.330692 8.266988
0.074216 6.214306 -0.000050 -0.599033 0.077437 0.226569 -2.227018 6.331228 -95.391938 7.969303 5.913544 7.969303
0.064132 6.320876 -0.000031 -0.538953 0.070068 0.212137 -1.891183 6.461239 -85.072012 7.618067 5.536853 7.618067
0.047131 6.385445 -0.000023 -0.484612 0.063400 0.198440 -1.573858 6.475296 -75.775781 7.299435 5.179363 7.299435
0.051998 6.576990 0.000018 -0.436368 0.057367 0.185308 -1.267289 6.811640 -67.387208 6.974617 4.836619 6.974617
0.046203 6.680156 -0.000035 -0.392466 0.051908 0.175694 -0.970718 6.729559 -59.825881 6.737719 4.585684 6.737719
0.031777 6.721191 0.000034 -0.352618 0.046968 0.170731 -0.660965 6.870103 -53.015567 6.657179 4.456138 6.657179
0.054405 7.002374 0.000035 -0.318021 0.042498 0.169482 -0.392159 7.267340 -46.854623 6.540630 4.423544 6.540630
0.053179 7.088494 -0.000035 -0.285832 0.038454 0.171330 -0.228132 7.098497 -41.307232 6.362561 4.471783 6.362561
0.033237 7.038518 0.000059 -0.256173 0.034795 0.173524 -0.097732 7.127251 -36.335942 6.192962 4.529035 6.192962
0.034737 7.170170 0.000083 -0.230529 0.031483 0.172567 0.182729 7.324817 -31.865018 6.082245 4.504079 6.082245
0.045742 7.390858 0.000054 -0.208008 0.028487 0.169504 0.095083 7.557803 -27.825318 6.013096 4.424124 6.013096
0.037866 7.457696 0.000015 -0.186957 0.025777 0.166687 0.423590 7.492503 -24.182124 5.930871 4.350603 5.930871
0.023769 7.436485 0.000064 -0.167540 0.023324 0.165188 0.557936 7.505934 -20.905999 5.714163 4.311478 5.714163
0.024757 7.522785 0.000087 -0.150638 0.023281 0.161769 0.656926 7.637689 -17.961697 5.463680 4.222223 5.463680
0.021386 7.600641 0.000070 -0.135449 0.023281 0.156266 0.675791 7.660768 -15.315698 5.357923 4.078612 5.357923
0.018878 7.675809 0.000082 -0.121827 0.023281 0.153076 0.662322 7.780344 -12.924045 5.169402 3.995351 5.169402
0.024055 7.796079 0.000066 -0.109791 0.023281 0.148384 0.650166 7.893558 -10.767141 4.915052 3.872876 4.898279
0.022563 7.853198 0.000052 -0.098665 0.023281 0.142234 0.609073 7.896267 -8.829751 4.654674 3.712371 4.619327
0.015385 7.861605 0.000068 -0.088444 0.023281 0.136277 0.532408 7.902010 -7.092481 4.432375 3.556882 4.374468
0.015478 7.928228 0.000079 -0.079591 0.023281 0.130718 0.409715 8.012506 -5.527106 4.319114 3.411792 4.212264
0.018786 8.005750 0.000058 -0.071707 0.023281 0.128283 0.261140 8.065951 -4.108215 4.117038 3.348242 4.016239
0.050804 8.323463 0.000056 -0.065873 0.023281 0.124016 0.071514 8.585061 -2.809458 3.935919 3.236869 3.825821
0.045003 8.319593 -0.000079 -0.058970 0.023281 0.120606 -0.568685 8.157765 -1.646007 3.820489 3.147866 3.690975
0.016178 8.109112 0.000062 -0.051690 0.023281 0.119430 -0.443314 8.118824 -0.621860 3.602553 3.117168 3.508837
0.020518 8.183987 0.000081 -0.046660 0.021701 0.115395 -0.316417 8.271214 0.293821 3.439322 3.011847 3.346210
0.023340 8.259110 0.000040 -0.042206 0.021701 0.110695 -0.156257 8.280335 1.121259 3.386762 2.889183 3.254127
0.023539 8.310056 0.000042 -0.038092 0.021701 0.107895 0.095590 8.369811 1.876117 3.326222 2.816098 3.171936
0.022468 8.349369 0.000023 -0.034300 0.021701 0.105380 -0.201549 8.369901 2.560328 3.333868 2.750472 3.137400
0.022802 8.399228 0.000031 -0.030939 0.021701 0.104518 -0.103066 8.464873 3.186401 3.370460 2.727957 3.134993
0.020709 8.442869 0.000014 -0.027853 0.021701 0.104702 -0.095565 8.471722 3.758505 3.337652 2.732766 3.096075
0.017313 8.481929 0.000023 -0.025028 0.021701 0.102358 -0.219522 8.533833 4.274585 3.233548 2.671580 2.990037
0.015156 8.532494 0.000016 -0.022562 0.021701 0.097376 -0.258225 8.572057 4.741010 3.214810 2.541561 2.915712
0.012923 8.577412 0.000015 -0.020328 0.021701 0.093697 -0.252257 8.630377 5.173330 3.153539 2.445536 2.823834
0.011402 8.617865 0.000011 -0.018252 0.021701 0.090449 -0.233202 8.659048 5.568977 3.069628 2.360745 2.721581
0.009434 8.651744 0.000016 -0.016335 0.021701 0.087420 -0.170598 8.697158 5.928511 3.079181 2.281692 2.680666
0.009236 8.679330 0.000018 -0.014576 0.019636 0.087750 -0.083488 8.722731 6.261256 2.834633 2.290310 2.512757
0.009020 8.716366 0.000026 -0.013009 0.017767 0.083815 0.095219 8.750632 6.546125 2.336101 2.187618 2.154268
0.007799 8.750519 0.000026 -0.011681 0.016076 0.071082 -0.192522 8.761165 6.777301 1.777414 1.855256 1.684015
0.006177 8.781079 0.000024 -0.010618 0.014546 0.053676 -0.068271 8.791382 6.972050 1.261705 1.400970 1.200223
0.004188 8.809972 0.000012 -0.009739 0.013162 0.034865 0.176007 8.814775 7.145773 0.836746 0.909980 0.759064
0.005151 8.838266 0.000001 -0.008968 0.011910 0.018538 0.137216 8.851763 7.309727 0.098727 0.483844 0.150323
0.006550 8.872359 -0.000011 -0.008280 0.010776 -0.003516 0.120413 8.860990 7.438143 -0.466465 -0.091772 -0.403083
0.030724 9.101466 -0.000020 -0.008814 0.009751 -0.023795 0.050477 9.266754 7.577383 -1.080357 -0.621068 -0.968864
0.027240 9.059357 -0.000139 -0.007853 0.037501 -0.042959 -0.135170 8.860229 7.692371 -1.883899 -1.121238 -1.636669
0.005108 8.852890 -0.000022 -0.006149 0.037501 -0.066687 0.760557 8.791873 7.753277 -2.564359 -1.740551 -2.268585
0.003150 8.863413 -0.000016 -0.005882 0.037501 -0.090083 0.455268 8.861079 7.804724 -2.965459 -2.351205 -2.727190
-0.001462 8.858758 -0.000050 -0.005585 0.037501 -0.109343 -0.034953 8.812487 7.865713 -3.416129 -2.853900 -3.180512
-0.001285 8.866985 -0.000044 -0.005306 0.037501 -0.129061 4.632719 8.869929 7.925187 -4.171342 -3.368542 -3.824958
-0.002453 8.878997 -0.000068 -0.005054 0.037501 -0.154515 4.137585 8.828203 7.962520 -4.607445 -4.032903 -4.329694
-0.004948 8.873559 -0.000066 -0.004827 0.037501 -0.175021 3.687043 8.868300 8.012081 -5.137055 -4.568121 -4.847380
0.021034 9.103067 -0.000082 -0.005781 0.037501 -0.194543 3.284284 9.249743 8.080042 -5.910848 -5.077654 -5.502282
0.010440 9.021306 -0.000193 -0.004988 0.051885 -0.219312 2.914016 8.778311 8.113923 -6.249354 -5.724135 -5.943950
-0.030063 8.678195 -0.000059 -0.002990 0.051885 -0.237703 2.533032 8.560126 8.132373 -6.464000 -6.204134 -6.244803
-0.044000 8.581629 -0.000003 -0.002381 0.051885 -0.249980 2.190968 8.580041 8.158509 -6.418069 -6.524567 -6.324356
-0.052756 8.506067 -0.000014 -0.001842 0.051885 -0.253471 1.900953 8.454589 8.200965 -6.611009 -6.615690 -6.492627
-0.061043 8.410432 0.000025 -0.001110 0.051885 -0.257742 1.693048 8.375446 8.222251 -6.675862 -6.727163 -6.578373
-0.073330 8.296888 0.000045 -0.000395 0.051885 -0.258693 1.544313 8.237752 8.233424 -6.438262 -6.752002 -6.427656
-0.082106 8.204504 0.000080 0.000153 0.051885 -0.250391 1.495871 8.200591 8.253217 -6.370379 -6.535308 -6.332138
-0.078806 8.174454 0.000089 0.000417 0.051885 -0.243109 1.543571 8.165470 8.257266 -6.514193 -6.345250 -6.388990
-0.078593 8.091565 0.000094 0.000878 0.051885 -0.238985 1.619633 8.020225 8.228480 -6.864239 -6.237611 -6.607735
-0.083928 7.974940 0.000122 0.001343 0.051885 -0.241874 1.624343 7.893403 8.157817 -7.194837 -6.313014 -6.852420
-0.083617 7.919866 0.000133 0.001261 0.051885 -0.247826 1.538618 7.877274 8.070260 -7.534758 -6.468362 -7.118158
-0.057567 8.115622 0.000107 -0.000240 0.046947 -0.256521 1.375419 8.229193 7.997689 -7.533288 -6.695306 -7.154366
-0.063058 8.009569 -0.000023 -0.000063 0.042480 -0.259417 1.189725 7.773279 7.938286 -7.388669 -6.770877 -7.051082
-0.088258 7.693916 0.000090 0.001295 0.038437 -0.253535 1.045845 7.585756 7.869178 -7.374227 -6.617375 -6.990307
-0.083527 7.653263 0.000121 0.001144 0.034780 -0.248123 0.920728 7.652543 7.792861 -7.270747 -6.476102 -6.860106
-0.075412 7.618716 0.000076 0.000923 0.031470 -0.240688 0.812178 7.534197 7.717989 -7.324517 -6.282045 -6.836010
-0.066249 7.569200 0.000086 0.000788 0.028475 -0.235658 0.715588 7.521826 7.627732 -7.555210 -6.150762 -6.952384
-0.061476 7.503905 0.000060 0.000656 0.025765 -0.237412 0.557690 7.388018 7.513799 -7.771210 -6.196536 -7.089317
-0.032921 7.628880 0.000063 -0.000610 0.023313 -0.240768 0.290490 7.707710 7.411448 -7.677688 -6.284128 -7.003043
-0.035030 7.509576 -0.000064 -0.000520 0.021095 -0.237691 -0.236246 7.250304 7.320497 -7.328051 -6.203835 -6.689638
-0.058535 7.215479 0.000042 0.000556 0.019087 -0.226639 0.340235 7.106331 7.228707 -7.068417 -5.915358 -6.400745
-0.055242 7.133160 0.000055 0.000506 0.017271 -0.215102 -0.002496 7.071250 -12679.393676 -6.655905 -5.614260 -5.988073
-0.047614 7.101250 0.000037 -67.222822 0.015627 -0.235500 6.719824 7.049933 -11410.819502 -5.823557 -6.146651 -5.422944
-0.045825 7.005222 0.000018 -60.500430 0.014140 -0.209063 6.041016 6.992815 -10269.013667 -5.282227 -5.456618 -4.886409
-0.048380 6.872551 0.000039 -54.449560 0.012795 -0.182623 5.433771 6.788950 -9241.412436 -4.712326 -4.766542 -4.321806
-0.042372 6.802040 0.000096 -49.004164 0.025734 -0.156315 4.889095 6.816431 -8316.587068 -4.202290 -4.079873 -3.801408
-0.038835 6.727495 0.000080 -44.103332 0.025734 -0.132316 4.401181 6.647494 -7484.264464 -3.725568 -3.453488 -3.312126
-0.036551 6.658350 0.000117 -39.692679 0.031520 -0.112298 3.959784 6.647361 -6735.191855 -3.247315 -2.931034 -2.833272
-0.029885 6.606314 0.000101 -35.723240 0.031520 -0.093105 3.562712 6.550607 -6061.034908 -2.897993 -2.430077 -2.463568
-0.025662 6.557155 0.000112 -32.150776 0.031520 -0.078658 3.200161 6.528561 -5454.309535 -2.466098 -2.053011 -2.038987
-0.021624 6.502128 0.000098 -28.935586 0.031520 -0.063390 2.867110 6.451112 -4908.258237 -2.103602 -1.654501 -1.671437
-0.013907 6.455949 0.000102 -26.041941 0.031520 -0.048684 2.568472 6.427345 -4416.819292 -1.911552 -1.270664 -1.447988
-0.008807 6.424432 0.000090 -23.437752 0.031520 -0.040434 2.280532 6.375762 -3974.541260 -1.570888 -1.055338 -1.118901
-0.004308 6.390652 0.000083 -21.094044 0.031520 -0.029898 1.998424 6.365287 -3576.485346 -1.316235 -0.780352 -0.857986
-0.003957 6.349515 0.000067 -18.984619 0.031520 -0.022121 1.734771 6.298150 -3218.240608 -1.111706 -0.577361 -0.649997
-0.007634 6.301575 0.000069 -17.086108 0.031520 -0.018986 1.472275 6.265677 -2895.825026 0.558412 -0.495550 0.794284
-0.012339 6.250937 0.000061 -15.377434 0.031520 0.034939 1.241950 6.315353 -2605.541222 0.891057 0.911918 1.208808
-0.016353 6.208092 0.000062 -13.839060 0.031520 0.046633 1.042155 6.120775 -2344.367799 1.268151 1.217135 1.562868
-0.018038 6.173619 0.000110 -12.454979 0.029670 0.057757 0.890434 6.219583 -2109.309968 1.629049 1.507473 1.899020
-0.022219 6.156055 0.000073 -11.209368 0.029670 0.068120 0.767585 6.114023 -1897.754575 2.032453 1.777946 2.269014
-0.022181 6.159958 0.000098 -10.088406 0.029670 0.078604 0.675348 6.215109 -1707.344719 2.359605 2.051607 2.566809
-0.020130 6.175303 0.000066 -9.079549 0.029670 0.088314 0.657323 6.165728 -1535.970447 2.656587 2.305020 2.834214
-0.019685 6.189892 0.000080 -8.171553 0.029670 0.096574 0.639124 6.234644 -1381.728992 3.031306 2.520626 3.164923
-0.011108 6.242065 0.000060 -7.354540 0.029670 0.108707 0.660029 6.284927 -1242.894961 3.377378 2.837298 3.476400
-0.009634 6.266788 0.000050 -6.619021 0.029670 0.120914 0.689241 6.291328 -1117.939735 3.750216 3.155908 3.811327
-0.016387 6.262383 0.000055 -5.956889 0.029670 0.132708 0.717362 6.282199 -1005.476550 4.143730 3.463744 4.162377
-0.012128 6.308316 0.000064 -5.361216 0.029670 0.144464 0.782821 6.378376 -904.248896 4.377352 3.770565 4.373081
0.001197 6.378402 0.000045 -4.825205 0.029670 0.153768 0.861646 6.422297 -813.142292 4.537936 4.013396 4.518142
0.013647 6.457017 0.000041 -4.342868 0.029670 0.162738 0.858915 6.522720 -731.144433 4.784555 4.247531 4.738730
0.023279 6.537936 0.000019 -3.908809 0.026847 0.173090 0.768845 6.588939 -657.337366 5.148803 4.517709 5.064340
0.034536 6.628554 0.000010 -3.518203 0.024292 0.186633 0.665644 6.705878 -590.895142 5.535616 4.871207 5.419662
0.042444 6.711284 -0.000011 -3.166579 0.021980 0.200598 0.586784 6.763650 -531.086458 5.700091 5.235677 5.591498
0.044857 6.772611 -0.000013 -2.849992 0.019889 0.205513 0.520269 6.813360 -477.266971 5.743164 5.363982 5.632360
0.044538 6.834831 -0.000016 -2.565144 0.017996 0.203942 0.404416 6.879424 -428.829373 5.893470 5.322973 5.735324
0.046404 6.907547 -0.000025 -2.308870 0.016283 0.203959 0.227133 6.971296 -385.214431 5.961425 5.323413 5.770972
0.046223 6.985124 -0.000037 -2.078175 0.014734 0.202450 -0.069326 7.042319 -345.948343 6.016974 5.284018 5.786517
0.040417 7.063130 -0.000041 -1.870527 0.013332 0.197517 0.979227 7.132776 -310.594198 6.195979 5.155279 5.876801
0.034818 7.142584 -0.000047 -1.683614 0.012709 0.195236 0.827430 7.225680 -278.745270 6.282706 5.095728 5.896425
0.032156 7.222077 -0.000048 -1.515275 0.012829 0.192014 0.710865 7.305021 -250.062709 6.335814 5.011634 5.879230
0.029557 7.305564 -0.000041 -1.363735 0.012829 0.190203 0.623354 7.401746 -224.230135 6.379324 4.964385 5.859165
0.027298 7.399101 -0.000038 -1.227350 0.012829 0.188676 0.550994 7.499295 -200.964902 6.504459 4.924515 5.899359
0.027487 7.493233 -0.000033 -1.104572 0.012829 0.190972 0.504879 7.602624 -180.004848 6.494091 4.984438 5.861249
0.028217 7.577452 -0.000027 -0.993956 0.012829 0.191939 0.476637 7.666472 -161.137460 6.497630 5.009679 5.828968
0.029125 7.667819 -0.000011 -0.894460 0.012829 0.194111 0.446651 7.776486 -144.149344 6.413056 5.066379 5.745114
0.028149 7.766104 -0.000011 -0.804965 0.012829 0.193091 0.404768 7.855173 -128.860425 6.341864 5.039745 5.654571
0.026489 7.861319 -0.000005 -0.724457 0.012829 0.190265 0.353261 7.960388 -115.094099 6.326285 4.965988 5.592212
0.028453 7.954405 -0.000007 -0.652006 0.012829 0.189093 0.323116 8.047977 -102.690890 6.141008 4.935398 5.424701
0.031010 8.044188 -0.000004 -0.586760 0.012829 0.185676 0.303298 8.128331 -91.530209 5.870748 4.846230 5.187922
0.041866 8.210548 -0.000001 -0.528503 0.012829 0.179002 0.238627 8.350402 -81.482054 5.781550 4.672011 5.055261
0.040936 8.259335 -0.000043 -0.475519 0.011608 0.177152 0.128247 8.266708 -72.427688 5.617765 4.623742 4.910712
0.030139 8.249353 0.000007 -0.427489 0.010504 0.174813 -0.077997 8.307344 -64.288109 5.345080 4.562692 4.694461
0.025485 8.315400 0.000015 -0.384709 0.009504 0.166202 0.306963 8.378416 -56.971187 5.128348 4.337942 4.468730
0.020229 8.360289 0.000010 -0.346176 0.008600 0.156752 0.192996 8.402939 -50.380888 4.925626 4.091297 4.244549
0.016045 8.418873 0.000018 -0.311566 0.007781 0.147706 0.071979 8.491948 -44.440584 4.726053 3.855184 4.024740
0.021148 8.570379 0.000008 -0.280893 0.007041 0.138072 -0.149772 8.696093 -39.076518 4.586335 3.603733 3.836480
0.012827 8.619295 -0.000032 -0.252729 0.008620 0.129502 -0.083777 8.628905 -34.235888 4.558365 3.380041 3.724784
-0.004755 8.586349 0.000010 -0.226905 0.008620 0.123846 -0.090337 8.637504 -29.868464 4.704881 3.232423 3.744918
-0.008821 8.651843 0.000030 -0.204110 0.008620 0.124224 -0.296872 8.769782 -25.909965 4.678082 3.242294 3.707505
-0.009404 8.730932 0.000020 -0.183554 0.008620 0.123748 -0.386886 8.803669 -22.342058 4.423477 3.229882 3.523104
-0.008692 8.804966 0.000038 -0.165041 0.010168 0.118980 -0.453628 8.892309 -19.141051 4.270295 3.105417 3.367072
-0.008763 8.878999 0.000034 -0.148472 0.010168 0.115969 -0.496499 8.952579 -16.254818 4.018006 3.026831 3.170424
-0.007283 8.971620 0.000037 -0.133669 0.010168 0.110376 -0.503412 9.058521 -13.660505 3.808466 2.880856 2.979423
-0.004570 9.053820 0.000024 -0.120358 0.010168 0.105032 -0.485448 9.117132 -11.322001 3.551576 2.741371 2.765541
0.000296 9.130158 0.000024 -0.108371 0.010168 0.099839 -0.447673 9.199161 -9.218202 3.184600 2.605845 2.493184
0.007284 9.209751 0.000015 -0.097645 0.010168 0.093251 -0.374257 9.260071 -7.333559 2.824829 2.433886 2.216674
0.039565 9.547516 0.000008 -0.089449 0.010168 0.085896 -0.230865 9.805739 -5.617183 2.750180 2.241925 2.103509
0.036653 9.559437 -0.000137 -0.080417 0.036931 0.083822 0.070644 9.399145 -4.062771 2.913034 2.187794 2.182043
0.006065 9.336514 -0.000000 -0.071000 0.036931 0.088812 -4.100357 9.338849 -2.670403 3.283104 2.318021 2.450834
0.003332 9.405846 0.000032 -0.063989 0.036931 0.096694 -3.626158 9.529227 -1.392996 3.856001 2.523746 2.859806
0.002202 9.480623 -0.000005 -0.057617 0.036931 0.109686 -3.222284 9.538070 -0.209304 4.142673 2.862850 3.153250
0.004334 9.564514 0.000020 -0.051789 0.036931 0.119052 -2.897040 9.678209 0.860618 4.103432 3.107307 3.224478
0.007314 9.633025 0.000005 -0.046483 0.036931 0.121867 -2.638771 9.668904 1.809885 4.008063 3.180785 3.197899
0.010966 9.712551 0.000027 -0.041874 0.036931 0.122020 -2.422561 9.807287 2.659969 3.990656 3.184761 3.189150
0.012970 9.776661 0.000002 -0.037710 0.036931 0.122854 -2.227370 9.810431 3.429910 3.904658 3.206542 3.150960
0.018950 9.889398 0.000018 -0.034227 0.036931 0.122229 -2.043739 10.003051 4.126337 3.852594 3.190212 3.117569
0.013609 9.911893 -0.000024 -0.030656 0.036931 0.120599 -1.861658 9.886861 4.752787 3.799185 3.147671 3.072540
0.002460 9.868573 0.000024 -0.027107 0.036931 0.117698 -1.690219 9.901052 5.311474 3.621230 3.071966 2.944836
0.004782 9.917076 0.000031 -0.024404 0.033417 0.112650 -1.531597 9.969610 5.811750 3.188128 2.940198 2.655758
0.008066 9.966938 0.000020 -0.022017 0.030237 0.103247 -1.370076 9.982727 6.245196 2.880488 2.694800 2.390219
0.011983 10.013217 0.000020 -0.019966 0.027359 0.094979 -1.187579 10.051035 6.635424 2.518593 2.478983 2.109901
0.014551 10.048378 0.000002 -0.018084 0.024756 0.086695 -0.993570 10.049116 6.979584 2.165193 2.262770 1.837133
0.012742 10.078645 0.000003 -0.016421 0.022400 0.076681 -0.772889 10.095212 7.282434 2.433196 2.001415 1.880707
0.012447 10.112865 -0.000012 -0.014998 0.020268 0.077539 -0.549910 10.158208 7.596698 2.565494 2.023789 1.967722
0.040187 10.442138 -0.000020 -0.015077 0.018339 0.080281 -0.357427 10.708451 7.920411 2.793443 2.095361 2.125448
0.031259 10.398655 -0.000161 -0.013132 0.043251 0.085340 -0.185690 10.201295 8.218711 3.380308 2.227402 2.497640
0.002177 10.116572 0.000011 -0.010056 0.043251 0.099665 0.114850 10.132157 8.491860 3.545146 2.601287 2.747850
0.007269 10.186850 0.000052 -0.008981 0.043251 0.110257 0.433874 10.298852 8.729606 3.602137 2.877762 2.901217
0.014316 10.259574 0.000020 -0.008107 0.043251 0.117163 0.560344 10.280529 8.934980 3.443384 3.058005 2.900978
0.018612 10.325078 0.000038 -0.007366 0.043251 0.118844 0.638107 10.388582 9.101855 3.666029 3.101888 3.046734
0.017519 10.381323 0.000012 -0.006780 0.043251 0.123349 0.608163 10.416306 9.270593 4.238960 3.219451 3.405812
0.018700 10.430650 0.000014 -0.006147 0.043251 0.135624 0.598806 10.515843 9.460316 4.339138 3.539840 3.602210
0.016836 10.455421 0.000006 -0.005273 0.043251 0.142412 0.627139 10.464878 9.617621 4.378661 3.716998 3.704756
0.013162 10.478189 0.000036 -0.004560 0.043251 0.144602 0.600354 10.536680 9.751520 4.538143 3.774176 3.815455
0.010837 10.511116 0.000025 -0.004025 0.043251 0.147346 0.545168 10.545905 9.882720 4.344395 3.845789 3.748541
0.032901 10.833490 0.000036 -0.005038 0.043251 0.142384 0.447502 11.099611 10.013849 4.128980 3.716270 3.579785
0.020504 10.785056 -0.000112 -0.004086 0.039135 0.133255 0.287374 10.563254 10.120812 4.102836 3.478018 3.455466
-0.011944 10.492578 0.000057 -0.001970 0.035411 0.127254 0.087590 10.481215 10.203167 3.814537 3.321391 3.231955
0.001570 10.655573 0.000087 -0.002397 0.032041 0.119370 -0.430609 10.830718 10.284065 3.396436 3.115597 2.923642
0.003737 10.684424 -0.000009 -0.002121 0.028992 0.109894 -0.213825 10.587695 10.344408 3.139253 2.868277 2.680506
-0.003593 10.610936 0.000065 -0.001412 0.026233 0.103521 0.339421 10.649122 10.390654 2.920797 2.701937 2.496732
0.000922 10.662967 0.000048 -0.001443 0.023737 0.099349 -0.104791 10.689868 10.433710 2.831889 2.593044 2.407649
0.028222 10.996671 0.000036 -0.002983 0.021478 0.097050 1.298172 11.259384 10.507276 3.360257 2.533039 2.651073
0.024390 11.010434 -0.000122 -0.002666 0.032833 0.106149 1.075203 10.871087 10.617405 4.144887 2.770521 3.155476
0.002053 10.782405 0.000015 -0.000874 0.032833 0.125604 0.855849 10.810836 10.733281 4.209045 3.278318 3.424336
0.003736 10.841962 0.000058 -0.000576 0.032833 0.136340 0.734277 10.934161 10.811447 4.483222 3.558519 3.694600
0.002607 10.921673 0.000037 -0.000584 0.032833 0.144597 0.684134 10.978544 10.889332 5.223428 3.774027 4.161357
0.006395 11.008401 0.000040 -0.000631 0.032833 0.160407 0.744015 11.137088 11.006040 5.017071 4.186689 4.252761
0.008832 11.077807 0.000021 -0.000380 0.032833 0.163591 0.855113 11.090424 11.073259 4.960806 4.269784 4.264798
0.009963 11.137782 0.000049 -0.000342 0.032833 0.163322 0.900888 11.225634 11.129676 5.020896 4.262770 4.290583
0.045391 11.564918 0.000020 -0.002306 0.032833 0.164783 0.914897 11.891163 11.228018 4.555795 4.300891 4.083486
0.062326 11.828628 -0.000153 -0.003182 0.041049 0.157410 0.859755 11.797031 11.306510 4.776090 4.108472 4.100520
0.046897 11.703878 -0.000107 -0.002106 0.041049 0.157418 0.712929 11.677628 11.394520 4.949338 4.108669 4.184103
0.016925 11.399015 -0.000049 -0.000024 0.041049 0.160528 0.532606 11.236910 11.455755 4.979304 4.189855 4.237240
0.002721 11.269496 0.000096 0.000987 0.041049 0.162612 0.294171 11.352647 11.494212 4.926036 4.244229 4.238110
0.005768 11.344150 0.000070 0.000795 0.041049 0.163494 -0.100999 11.386652 11.528505 5.040615 4.267265 4.304867
-0.000875 11.339587 0.000068 0.001001 0.041049 0.165365 1.154855 11.357853 11.565531 2.715845 4.316084 3.230914
0.022679 11.684705 0.000085 -0.000631 0.041049 0.120929 0.953879 11.830478 11.461741 3.433774 3.156304 3.002606
0.016489 11.689572 -0.000088 -0.001207 0.041049 0.110569 0.790510 11.596911 11.504587 3.399041 2.885888 2.849198
-0.006127 11.462205 -0.000008 0.000225 0.041049 0.104074 0.688436 11.391545 11.537453 2.678695 2.716366 2.422707
-0.002193 11.534055 0.000060 0.000018 0.041049 0.088779 0.636278 11.645340 11.534390 2.058773 2.317162 1.934870
-0.001106 11.609788 -0.000017 -0.000400 0.041049 0.070189 0.520199 11.562664 11.523246 1.931196 1.831972 1.632883
0.003116 11.698400 0.000002 -0.000928 0.037142 0.058436 0.343373 11.814164 11.547936 1.453753 1.525194 1.257281
0.006227 11.759546 -0.000066 -0.001121 0.033608 0.044829 0.076656 11.710686 11.563931 1.664034 1.170064 1.173787
0.006234 11.790766 -0.000033 -0.001202 0.030410 0.043215 -1.278278 11.890548 11.622332 2.049783 1.127934 1.326871
0.006973 11.824728 -0.000070 -0.001072 0.027516 0.050556 -1.081530 11.838727 11.709227 2.027290 1.319529 1.411438
0.010464 11.896699 -0.000030 -0.000993 0.024897 0.054884 -0.911109 11.994252 11.779150 2.071762 1.432502 1.488899
0.009894 11.915218 -0.000056 -0.000721 0.022528 0.058531 -0.766475 11.898214 11.838980 1.873818 1.527686 1.448449
0.007345 11.899009 -0.000011 -0.000318 0.020384 0.057741 -0.656499 11.924672 11.870010 1.611696 1.507056 1.322196
0.009308 11.935776 -0.000010 -0.000348 0.018444 0.053552 -0.570619 11.952225 11.884153 1.475715 1.397732 1.209612
0.020507 12.058282 -0.000015 -0.000923 0.016689 0.050245 -0.503801 12.148766 11.907205 1.370216 1.311426 1.123570
0.018777 12.055418 -0.000067 -0.000785 0.018049 0.048400 -0.443392 11.984990 11.926277 2.012705 1.263248 1.396749
0.010755 11.983957 -0.000014 -0.000306 0.018049 0.058729 -0.380530 12.037322 11.986236 2.138346 1.532848 1.595017
0.007848 11.979107 -0.000012 0.000038 0.018049 0.066273 -0.369955 11.976317 12.029304 2.071206 1.729748 1.670086
0.010915 12.039604 0.000019 -0.000055 0.018049 0.067812 -0.376422 12.114923 12.055024 2.105788 1.769927 1.710591
0.011796 12.028511 -0.000015 0.000140 0.018049 0.070043 -0.424388 11.983666 12.076658 1.596247 1.828141 1.516059
0.005064 11.947642 0.000030 0.000684 0.018049 0.063521 -0.447488 11.902056 12.046989 1.697631 1.657925 1.482958
0.009078 11.957358 0.000045 0.000475 0.018049 0.063351 -0.439952 12.004471 12.040896 1.034205 1.653480 1.189262
0.012322 11.958156 0.000013 0.000438 0.018049 0.054394 -0.420289 11.876327 11.987845 0.873533 1.419708 1.010712
0.047653 12.414463 0.000035 -0.002261 0.018049 0.047900 -0.329876 12.805480 11.991015 1.593021 1.250221 1.263025
0.040585 12.298933 -0.000240 -0.001632 0.064404 0.057628 -0.236499 11.918482 12.046593 1.370025 1.504110 1.300058
0.003475 11.797816 0.000039 0.001318 0.064404 0.059771 0.174268 11.691588 12.012020 -13.402773 1.560037 -5.383050
0.009012 11.834726 0.000096 0.000939 0.064404 -0.208773 -0.508039 10.867327 10.912381 -6.189165 -5.449066 -5.572715
0.013478 11.861198 0.000015 -0.005028 0.064404 -0.215628 -0.033218 12.602780 10.953749 -6.266764 -5.627987 -5.699416
0.010807 11.787298 -0.000488 -0.004417 0.131211 -0.221189 4.818002 11.088725 10.990916 -6.454828 -5.773117 -5.860847
-0.001728 11.600305 -0.000030 -0.003229 0.131211 -0.226476 4.214548 11.960277 11.002563 -6.677879 -5.911116 -6.033966
-0.017575 11.405373 -0.000285 -0.002134 0.131211 -0.233486 3.657368 10.906007 10.987402 -6.696327 -6.094078 -6.132518
-0.036097 11.246309 0.000022 -0.001372 0.131211 -0.239895 3.118316 11.475003 10.969746 -6.363408 -6.261365 -6.051078
-0.057765 11.118184 -0.000152 -0.000787 0.131211 -0.243166 2.651213 10.825350 10.977211 -6.019631 -6.346737 -5.927272
-0.079034 10.995793 0.000042 -0.000098 0.131211 -0.246685 2.348830 11.155799 11.002721 -6.823688 -6.438566 -6.415396
-0.081221 11.075866 -0.000048 -0.000388 0.131211 -0.273230 2.288583 10.984073 10.982189 -7.929208 -7.131413 -7.326330
-0.092572 10.967284 -0.000003 0.000079 0.131211 -0.313190 2.408638 10.896168 10.923013 -9.219395 -8.174388 -8.492937
-0.110850 10.757518 0.000006 0.000877 0.131211 -0.358026 2.562113 10.571037 10.830902 -10.204724 -9.344616 -9.544563
-0.116768 10.705870 0.000075 0.000663 0.131211 -0.396650 2.600386 10.751545 10.756208 -11.634687 -10.352713 -10.781858
-0.133446 10.586991 0.000000 0.000897 0.131211 -0.443948 2.538441 10.362653 10.646591 -12.052998 -11.587208 -11.519893
-0.122321 10.845354 0.000083 -0.001053 0.118725 -0.474704 2.320840 11.197834 10.632787 -11.331404 -12.389955 -11.468980
-0.134753 10.758330 -0.000168 -0.000665 0.107427 -0.473266 2.226311 10.483267 10.721882 -11.267550 -12.352431 -11.460177
-0.160234 10.425004 0.000069 0.001573 0.097204 -0.470104 2.273185 10.456837 10.770638 -12.037983 -12.269909 -11.858708
-0.149805 10.459285 0.000092 0.001650 0.087954 -0.479052 2.365866 10.478014 10.756272 -13.841031 -12.503436 -13.043503
-0.151068 10.467973 0.000082 0.001528 0.079584 -0.516442 2.281192 10.363223 10.630726 -14.301682 -13.479332 -13.693616
-0.158133 10.439172 0.000079 0.001015 0.072010 -0.539305 2.032780 10.440470 10.552109 -14.402254 -14.076075 -14.017915
-0.163745 10.377564 0.000034 0.000925 0.065158 -0.550423 1.804911 10.303655 10.511070 -14.906493 -14.366266 -14.416304
-0.174074 10.281921 0.000062 0.001214 0.058957 -0.564190 1.590868 10.225473 10.449093 -14.335825 -14.725578 -14.369208
-0.182622 10.203703 0.000067 0.001300 0.053347 -0.562488 1.434742 10.214469 10.452735 -14.406681 -14.681171 -14.387143
-0.191958 10.109590 0.000072 0.001818 0.048270 -0.562983 1.356109 10.045534 10.438268 -14.906170 -14.694088 -14.587032
-0.207737 9.983439 0.000118 0.002410 0.043676 -0.570001 1.313768 9.918428 10.377451 -13.947170 -14.877247 -14.431077
-0.220242 9.882260 0.000138 0.002624 0.039520 -0.565586 1.306342 9.920576 10.395182 -13.959015 -14.762009 -14.370964
-0.227129 9.780287 0.000143 0.003258 0.038447 -0.562714 1.370768 9.726117 10.391754 -15.715491 -14.687058 -14.774399
-0.234276 9.681280 0.000200 0.003765 0.053808 -0.576286 1.432832 9.571047 10.246345 -16.348327 -15.041296 -15.190274
-0.241729 9.597380 0.000204 0.003439 0.054765 -0.590664 1.502872 9.523940 10.086941 -16.912119 -15.416553 -15.600214
-0.257021 9.487306 0.000171 0.003177 0.054765 -0.604827 1.509325 9.349860 9.918839 -14.871096 -15.786224 -15.492786
-0.272555 9.346328 0.000173 0.003034 0.054765 -0.601920 1.509072 9.409672 9.927757 -14.550796 -15.710345 -15.388911
-0.282240 9.191312 0.000158 0.003902 0.054765 -0.597529 1.609275 9.100467 9.937956 -16.778730 -15.595738 -15.665957
-0.291898 9.045728 0.000254 0.004728 0.068166 -0.606760 1.688009 8.916399 9.763195 -15.451617 -15.836673 -15.667452
-0.301569 8.928295 0.000257 0.004424 0.069098 -0.605874 1.754073 8.965655 9.707547 -14.615195 -15.813555 -15.537743
-0.315391 8.801001 0.000227 0.004804 0.069098 -0.600888 1.781670 8.755928 9.703542 -12.140862 -15.683427 -15.120318
-0.327808 8.655346 0.000288 0.005554 0.077433 -0.585495 1.813897 8.831032 9.854873 -11.693015 -15.281664 -14.739912
-0.334931 8.526756 0.000311 0.007037 0.083699 -0.570219 1.929093 8.542818 9.981544 -14.118122 -14.882933 -14.688751
-0.338956 8.445816 0.000435 0.008137 0.116986 -0.567400 2.024926 8.423515 9.883272 -14.610480 -14.809365 -14.687613
-0.339537 8.402059 0.000443 0.007849 0.119001 -0.566561 2.115895 8.399275 9.749531 -14.667795 -14.787469 -14.680366
-0.342773 8.337261 0.000411 0.007483 0.119001 -0.565566 2.101724 8.296303 9.616958 -14.588248 -14.761488 -14.653595
-0.348490 8.237357 0.000403 0.007310 0.119001 -0.564112 2.033083 8.202727 9.491524 -12.602631 -14.723553 -14.412921
-0.351934 8.112514 0.000395 0.007307 0.119001 -0.553898 1.982770 8.193701 9.506980 -12.244823 -14.456947 -14.151467
-0.354306 7.984484 0.000403 0.008067 0.119001 -0.542401 1.946501 7.977061 9.514681 -13.944287 -14.156878 -14.077044
-0.360218 7.887832 0.000470 0.008620 0.126318 -0.538915 1.810207 7.831820 9.367368 -11.293196 -14.065883 -13.727589
-0.366191 7.823632 0.000470 0.008180 0.126391 -0.525668 1.584243 8.017564 9.413478 -9.962952 -13.720138 -13.300479
-0.370327 7.757506 0.000429 0.008775 0.126391 -0.509306 1.443938 7.821128 9.519550 -10.665319 -13.293083 -13.002959
-0.372715 7.697918 0.000520 0.009652 0.139736 -0.497778 1.393228 7.789355 9.527391 -8.355121 -12.992216 -12.522743
-0.371314 7.678968 0.000532 0.009794 0.143139 -0.478329 1.431542 7.925951 9.677842 -8.589294 -12.484577 -12.109651
-0.370662 7.678589 0.000537 0.010594 0.144479 -0.461841 1.520226 7.762354 9.759571 -8.845514 -12.054241 -11.764289
-0.368979 7.693143 0.000611 0.010950 0.164263 -0.448238 1.591279 7.869787 9.784940 -7.630769 -11.699190 -11.338163
-0.364950 7.724975 0.000588 0.010915 0.164263 -0.431019 1.693635 7.903299 9.873117 -6.629480 -11.249776 -10.850116
-0.362047 7.748323 0.000605 0.011259 0.164263 -0.411373 1.779622 7.958420 9.994716 -5.529527 -10.737001 -10.295929
-0.358952 7.775195 0.000625 0.011761 0.168134 -0.389029 1.889046 8.005150 10.149298 -5.801477 -10.153816 -9.823423
-0.353635 7.829937 0.000658 0.012290 0.176971 -0.369828 2.016639 8.004470 10.232065 -6.073093 -9.652645 -9.421585
-0.346135 7.907997 0.000684 0.012315 0.183880 -0.353353 2.140141 8.089643 10.258483 -6.715485 -9.222641 -9.123873
-0.337942 7.991951 0.000667 0.012010 0.183880 -0.341165 2.220489 8.095081 10.213114 -7.213091 -8.904550 -8.907453
-0.326564 8.068772 0.000653 0.011362 0.183880 -0.331933 2.207702 8.170028 10.120983 -9.589139 -8.663577 -9.002000
-0.314402 8.132778 0.000604 0.010535 0.183880 -0.335490 2.037572 8.036053 9.855239 -10.564385 -8.756431 -9.202066
-0.305922 8.185862 0.000565 0.008846 0.183880 -0.343486 1.517687 8.174982 9.557574 -10.463732 -8.965120 -9.343604
-0.303601 8.213843 0.000436 0.007120 0.183880 -0.349318 0.476619 8.136572 9.314841 -9.033565 -9.117331 -9.239256
-0.304444 8.205256 0.000375 0.005879 0.183880 -0.345319 -3.338249 8.266259 9.209940 -8.097592 -9.012972 -9.004443
-0.299642 8.225336 0.000305 0.005217 0.183880 -0.336636 -2.478750 8.258785 9.177667 -9.137953 -8.786331 -8.975123
-0.296052 8.228483 0.000296 0.005030 0.183880 -0.336129 -1.517133 8.178816 9.057324 -9.170881 -8.773095 -8.960281
-0.294444 8.232650 0.000283 0.004370 0.183880 -0.336297 -0.134611 8.246956 8.946094 -8.214936 -8.777492 -8.800186
-0.288060 8.330357 0.000229 0.003263 0.183880 -0.334054 13.962221 8.437755 8.925197 -6.200329 -8.718951 -8.410398
-0.289952 8.344406 0.000165 0.003077 0.166381 -0.319610 12.447601 8.451840 9.049231 -5.326797 -8.341948 -7.965727
-0.277760 8.485299 0.000197 0.002988 0.150548 -0.300657 11.120093 8.730082 9.210853 -5.394292 -7.847268 -7.590606
-0.273290 8.493633 0.000161 0.003800 0.136221 -0.284774 9.960874 8.481841 9.316497 -6.628761 -7.432717 -7.497864
-0.283548 8.384843 0.000265 0.004937 0.123258 -0.281152 8.923877 8.365377 9.281463 -5.843391 -7.338181 -7.279903
-0.277753 8.482202 0.000289 0.004235 0.111529 -0.272625 7.984011 8.683745 9.309620 -5.027460 -7.115627 -6.952792
-0.270129 8.551389 0.000202 0.004018 0.100915 -0.258879 7.154667 8.596491 9.384785 -5.708502 -6.756837 -6.801083
-0.260194 8.605967 0.000250 0.004127 0.091312 -0.251559 6.411660 8.689349 9.382705 -6.214526 -6.565791 -6.752986
-0.246228 8.699474 0.000221 0.003620 0.082622 -0.247608 5.735984 8.732972 9.339781 -6.860821 -6.462675 -6.816477
-0.239421 8.756725 0.000195 0.003089 0.074760 -0.249245 5.094374 8.746940 9.252687 -6.574678 -6.505389 -6.760681
-0.241183 8.778333 0.000164 0.002513 0.067646 -0.247892 4.482927 8.798438 9.200241 -5.177659 -6.470079 -6.381586
-0.238977 8.825962 0.000133 0.001983 0.061208 -0.234591 3.927276 8.941432 9.256264 -4.640600 -6.122911 -5.991647
-0.229396 8.876409 0.000106 0.002013 0.055383 -0.218140 3.453372 8.931571 9.325459 -5.268312 -5.693533 -5.854326
-0.217663 8.935438 0.000129 0.002067 0.050113 -0.210627 3.033729 8.969277 9.317203 -5.443488 -5.497460 -5.763034
-0.206481 9.004799 0.000115 0.001655 0.045344 -0.204806 2.641926 9.037119 9.289865 -5.486016 -5.345528 -5.664326
-0.176404 9.354925 0.000086 -0.000345 0.041029 -0.198659 2.270266 9.599011 9.286213 -5.892359 -5.185069 -5.751486
-0.174303 9.471996 -0.000082 -0.000984 0.037125 -0.206986 1.922604 9.319243 9.253650 -5.483652 -5.402412 -5.647473
-0.200729 9.158782 -0.000011 0.000503 0.033592 -0.208305 1.621422 9.024539 9.238289 -6.076031 -5.436853 -5.868286
-0.199412 9.069377 0.000071 0.000895 0.030395 -0.216562 1.388244 9.059031 9.175181 -7.507057 -5.652366 -6.505464
-0.177321 9.324342 0.000042 -0.000790 0.027503 -0.246793 1.106980 9.402484 9.055991 -6.415232 -6.441393 -6.388928
-0.182321 9.350371 -0.000096 -0.001560 0.025758 -0.245001 0.750941 9.310572 9.087320 -5.080112 -6.394614 -5.789189
-0.200629 9.211519 -0.000060 -0.000658 0.025758 -0.228803 0.379601 9.227324 9.194787 -3.643995 -5.971839 -5.037212
-0.195748 9.291031 -0.000005 -0.000510 0.025758 -0.199689 -0.006237 9.510315 9.372730 -3.245101 -5.211953 -4.455481
-0.188175 9.361044 -0.000036 0.000062 0.025758 -0.175532 5.161462 9.383844 9.513778 -3.998321 -4.581453 -4.416393
-0.185144 9.411125 0.000042 0.000544 0.025758 -0.172576 4.643986 9.475114 9.545677 -4.055473 -4.504305 -4.402699
-0.182950 9.485673 0.000025 0.000318 0.025758 -0.172080 4.177260 9.526573 9.572130 -3.712209 -4.491345 -4.255272
-0.182467 9.550478 0.000017 0.000115 0.025758 -0.167298 3.757591 9.625938 9.626301 -3.167938 -4.366547 -3.964968
-0.174216 9.607359 0.000003 0.000100 0.025758 -0.154354 3.387160 9.679162 9.711074 -3.522676 -4.028705 -3.967685
-0.153962 9.714491 0.000012 -0.000018 0.025758 -0.146434 3.060727 9.779343 9.748005 -4.197058 -3.821994 -4.294401
-0.135298 9.858663 -0.000007 -0.000586 0.025758 -0.150385 2.742560 9.895000 9.731951 -4.194607 -3.925097 -4.308757
-0.135601 9.908557 -0.000046 -0.000936 0.025758 -0.148352 2.417677 9.899915 9.730125 -3.793167 -3.872046 -4.019791
-0.147949 9.852315 -0.000048 -0.000647 0.023307 -0.142997 2.103854 9.819939 9.748047 -3.620950 -3.732284 -3.852307
-0.145512 9.910091 -0.000020 -0.000859 0.021089 -0.142681 1.838298 9.990262 9.772302 -3.354985 -3.724020 -3.675495
-0.136593 9.956704 -0.000063 -0.000977 0.019082 -0.137247 1.620610 9.956541 9.817425 -3.378705 -3.582198 -3.639019
-0.123905 9.981882 -0.000040 -0.000871 0.017266 -0.129985 1.437049 10.016868 9.848585 -4.182077 -3.392670 -4.054292
-0.119936 10.023417 -0.000049 -0.000926 0.015623 -0.140896 1.248139 9.971577 9.808989 -4.262827 -3.677441 -4.183805
-0.127044 10.030549 -0.000048 -0.001174 0.014136 -0.149911 1.039741 10.035399 9.788818 -3.864845 -3.912736 -4.008009
-0.128219 10.076033 -0.000073 -0.001522 0.019675 -0.149601 0.856004 10.112002 9.821002 -3.782516 -3.904633 -3.950155
-0.123554 10.122402 -0.000087 -0.001597 0.023311 -0.151511 0.678594 10.139552 9.859972 -3.644199 -3.954494 -3.884356
-0.081117 10.538241 -0.000084 -0.003594 0.023311 -0.147433 0.521514 10.879630 9.950235 -3.792235 -3.848065 -3.921875
-0.082413 10.507115 -0.000277 -0.002951 0.074417 -0.145085 0.354601 10.213141 10.009960 -4.118334 -3.786764 -4.072059
-0.117455 10.167723 -0.000063 -0.000836 0.074417 -0.152342 -0.853275 10.107414 10.001762 -4.031807 -3.976187 -4.083353
-0.118751 10.232621 -0.000034 -0.001223 0.074417 -0.157700 -0.267036 10.328765 10.020826 -3.595038 -4.116032 -3.875951
-0.111615 10.291066 -0.000094 -0.001432 0.074417 -0.153097 0.809002 10.298579 10.085521 -4.033721 -3.995882 -4.094296
-0.096961 10.343176 -0.000066 -0.001365 0.074417 -0.156530 0.555585 10.376118 10.108551 -5.109955 -4.085484 -4.744413
-0.083674 10.396571 -0.000082 -0.001526 0.074417 -0.174007 -0.081951 10.338858 10.063277 -5.757465 -4.541659 -5.276675
-0.071364 10.453399 -0.000084 -0.002067 0.074417 -0.190249 7.710044 10.457120 10.014378 -6.261857 -4.965569 -5.709946
-0.070428 10.487013 -0.000134 -0.002504 0.074417 -0.205376 6.822458 10.417196 9.967911 -5.887580 -5.360403 -5.647186
-0.076628 10.501718 -0.000136 -0.002829 0.074417 -0.208879 5.994686 10.531218 9.983174 -5.199428 -5.451818 -5.294789
-0.040521 10.938653 -0.000166 -0.005063 0.074417 -0.201943 5.271594 11.282851 10.096971 -5.173225 -5.270805 -5.200177
-0.053263 10.867155 -0.000356 -0.004081 0.095654 -0.202898 4.660551 10.541655 10.181045 -4.694247 -5.295719 -4.966394
-0.100439 10.452685 -0.000112 -0.001439 0.095654 -0.200222 4.104750 10.425000 10.251700 -3.955220 -5.225869 -4.531431
-0.106055 10.508781 -0.000057 -0.001362 0.095654 -0.190346 3.684687 10.667682 10.369284 -3.564287 -4.968105 -4.230886
-0.107313 10.561100 -0.000094 -0.001016 0.095654 -0.183347 3.410816 10.577340 10.489971 -3.738009 -4.785426 -4.285587
-0.103504 10.594331 -0.000031 -0.000553 0.095654 -0.184104 3.247741 10.683659 10.576142 -4.517176 -4.805199 -4.756975
-0.102533 10.630878 -0.000037 -0.000290 0.095654 -0.197933 3.094407 10.609480 10.602441 -4.631761 -5.166128 -4.982047
-0.082290 10.946409 -0.000006 -0.001823 0.095654 -0.204880 2.878166 11.254590 10.675476 -4.602622 -5.347443 -5.060032
-0.092196 10.905386 -0.000176 -0.001218 0.095654 -0.207552 2.654778 10.679877 10.752323 -4.788383 -5.417189 -5.206167
-0.118193 10.635929 0.000017 0.000617 0.095654 -0.213034 2.414646 10.646237 10.786150 -4.666640 -5.560260 -5.208209
-0.107762 10.761059 0.000038 0.000133 0.095654 -0.210511 2.176641 10.917530 10.848256 -4.822677 -5.494427 -5.282784
-0.099374 10.858987 -0.000024 -0.000057 0.095654 -0.209242 1.920649 10.860725 10.897901 -5.063968 -5.461308 -5.409876
-0.096576 10.899794 0.000008 -0.000010 0.086551 -0.210415 1.610668 10.959780 10.926820 -5.260202 -5.491919 -5.532931
-0.100003 10.855723 -0.000013 0.000377 0.078314 -0.212329 1.275863 10.789231 10.936465 -5.593320 -5.541871 -5.736008
-0.103552 10.808713 0.000041 0.000677 0.070862 -0.217692 0.918327 10.820579 10.919970 -5.761280 -5.681855 -5.882197
-0.100940 10.847577 0.000027 0.000384 0.064118 -0.221913 0.511719 10.863433 10.906988 -5.668606 -5.792008 -5.871531
-0.099233 10.857577 0.000011 0.000262 0.058017 -0.220393 0.015791 10.861815 10.910969 -5.982178 -5.752347 -6.021335
-0.101277 10.862080 0.000013 0.000259 0.052496 -0.223232 -10.803781 10.845674 10.889462 -6.263310 -5.826440 -6.196100
-0.102244 10.876960 0.000012 0.000066 0.047500 -0.232791 -9.710224 10.870401 10.856623 -6.740890 -6.075931 -6.552971
-0.099785 10.895475 -0.000005 -0.000206 0.042980 -0.247557 -8.731055 10.867453 10.812428 -7.327015 -6.461338 -7.025158
-0.099543 10.899828 -0.000017 -0.000463 0.038890 -0.266387 -7.849478 10.863134 10.758574 -7.496478 -6.952813 -7.314236
-0.100151 10.894834 -0.000032 -0.000722 0.035189 -0.277868 -7.056555 10.880884 10.732889 -7.599932 -7.252454 -7.489591
-0.096818 10.885644 -0.000045 -0.000809 0.031840 -0.283850 -6.345620 10.864327 10.723040 -8.075726 -7.408605 -7.808408
-0.090804 10.866984 -0.000043 -0.000763 0.028810 -0.292081 -5.707290 10.820872 10.689197 -8.892533 -7.623441 -8.330207
-0.085908 10.849616 -0.000040 -0.000850 0.026069 -0.308028 -5.121770 10.780848 10.613475 -9.425603 -8.039645 -8.775806
-0.082834 10.823073 -0.000051 -0.001111 0.023588 -0.322504 -4.579586 10.756638 10.534221 -9.729800 -8.417473 -9.078890
-0.088711 10.771884 -0.000067 -0.001259 0.021343 -0.335099 -4.079200 10.689191 10.463097 -8.968345 -8.746206 -8.781885
-0.100433 10.712975 -0.000069 -0.001324 0.019312 -0.329591 -3.626367 10.715941 10.472023 -7.838154 -8.602450 -8.088741
-0.108226 10.651730 -0.000074 -0.000952 0.019934 -0.308773 -3.235819 10.655626 10.545257 -7.612670 -8.059086 -7.748898
-0.115944 10.602793 -0.000035 -0.000305 0.019934 -0.299775 -2.904629 10.592806 10.583290 -7.716564 -7.824238 -7.722187
-0.125488 10.574129 -0.000005 0.000049 0.019934 -0.304448 -2.622760 10.566973 10.590159 -7.516141 -7.946213 -7.662473
-0.131831 10.555838 0.000005 0.000182 0.019934 -0.306899 -2.386460 10.578026 10.617824 -7.386560 -8.010189 -7.626949
-0.135635 10.537660 0.000010 0.000425 0.019934 -0.307085 -2.191075 10.550460 10.654900 -7.203589 -8.015038 -7.539714
-0.138884 10.517064 0.000030 0.000730 0.019934 -0.302572 -2.025852 10.549020 10.699790 -6.929906 -7.897257 -7.352458
-0.140747 10.509759 0.000044 0.001007 0.019934 -0.292822 -1.885462 10.548297 10.750733 -6.850398 -7.642772 -7.227591
-0.139153 10.502665 0.000059 0.001314 0.019934 -0.284422 -1.764916 10.523454 10.783220 -7.068783 -7.423535 -7.287115
-0.137735 10.502796 0.000077 0.001486 0.020610 -0.281645 -1.653630 10.511921 10.780828 -7.035690 -7.351039 -7.244395
-0.137602 10.515164 0.000080 0.001408 0.021449 -0.277425 -1.534887 10.540560 10.777064 -6.786338 -7.240890 -7.057189
-0.135991 10.513983 0.000071 0.001394 0.021449 -0.267968 -1.416800 10.525588 10.783623 -6.825881 -6.994068 -6.987786
-0.133135 10.504888 0.000077 0.001477 0.021449 -0.262283 -1.298196 10.500488 10.767910 -6.895221 -6.845697 -6.967637
-0.127649 10.504916 0.000080 0.001394 0.021595 -0.257636 -1.173423 10.504877 10.738030 -7.179396 -6.724410 -7.077286
-0.122869 10.511136 0.000070 0.001202 0.021595 -0.258111 -1.033819 10.483244 10.682442 -7.373974 -6.736808 -7.178609
-0.121150 10.509141 0.000061 0.000918 0.021595 -0.260984 -0.869054 10.483787 10.619041 -7.321761 -6.811795 -7.158867
-0.120663 10.495376 0.000042 0.000655 0.021595 -0.260873 -0.689703 10.467774 10.569800 -7.191264 -6.808884 -7.065458
-0.120255 10.469514 0.000032 0.000531 0.021595 -0.258408 -0.506250 10.443258 10.532123 -7.018656 -6.744543 -6.926004
-0.118845 10.436126 0.000028 0.000509 0.021595 -0.253146 -0.314226 10.410601 10.502703 -7.044083 -6.607222 -6.874738
-0.117881 10.405919 0.000029 0.000513 0.021595 -0.250840 -0.064437 10.370587 10.461437 -7.099227 -6.547021 -6.869034
-0.118636 10.382555 0.000029 0.000418 0.021595 -0.251812 1.056427 10.352202 10.413621 -7.127289 -6.572381 -6.880640
-0.120029 10.358739 0.000020 0.000291 0.021595 -0.254556 0.888585 10.323844 10.368009 -7.155562 -6.644025 -6.912147
-0.119099 10.332280 0.000015 0.000189 0.021595 -0.257535 0.744540 10.302041 10.327449 -7.450929 -6.721777 -7.105061
-0.117836 10.302786 0.000009 0.000131 0.021595 -0.265078 0.619129 10.250660 10.272260 -7.511161 -6.918632 -7.203233
-0.117659 10.271114 0.000008 0.000006 0.019540 -0.268902 0.477560 10.244634 10.229302 -7.335585 -7.018456 -7.126905
-0.119035 10.241681 -0.000003 -0.000066 0.017681 -0.266249 0.336363 10.216389 10.207609 -7.021393 -6.949212 -6.907234
-0.121786 10.216356 -0.000002 -0.000046 0.015998 -0.259672 0.195673 10.211111 10.203265 -6.478680 -6.777553 -6.516290
-0.122316 10.201889 -0.000001 0.000007 0.014476 -0.246386 0.117380 10.216122 10.224737 -6.220370 -6.430777 -6.234820
-0.121172 10.192314 0.000003 0.000172 0.013098 -0.236264 0.195155 10.188482 10.236709 -6.121082 -6.166588 -6.078466
-0.119162 10.199323 0.000015 0.000198 0.011852 -0.230314 0.274218 10.211287 10.236261 -6.137174 -6.011294 -6.029443
-0.119223 10.193118 0.000008 0.000229 0.010724 -0.229012 0.310420 10.169481 10.222844 -6.186933 -5.977297 -6.044499
-0.122076 10.172214 0.000017 0.000268 0.009703 -0.230932 0.313634 10.159242 10.202623 -5.964021 -6.027408 -5.927828
-0.121877 10.169557 0.000014 0.000175 0.008780 -0.227990 0.300038 10.182392 10.203900 -5.866401 -5.950631 -5.843304
-0.120549 10.163261 0.000007 0.000215 0.007944 -0.224406 0.288903 10.154047 10.205926 -5.980315 -5.857083 -5.879062
-0.120413 10.156910 0.000016 0.000260 0.007188 -0.225499 0.253443 10.150290 10.192114 -5.972592 -5.885608 -5.884830
-0.120044 10.154534 0.000013 0.000199 0.006504 -0.225620 0.194928 10.151639 10.182067 -5.975613 -5.888773 -5.887946
-0.122320 10.148938 0.000010 0.000176 0.005885 -0.226447 0.114087 10.140498 10.172475 -5.687178 -5.910350 -5.723340
-0.124988 10.146527 0.000010 0.000137 0.005325 -0.222153 0.008685 10.167487 10.186017 -5.667523 -5.798293 -5.675877
-0.125502 10.143817 0.000006 0.000224 0.004819 -0.221647 -0.435094 10.134337 10.191252 -5.769805 -5.785087 -5.738161
-0.124469 10.146697 0.000018 0.000236 0.004708 -0.224008 -0.389100 10.157691 10.187902 -5.716092 -5.846710 -5.732551
-0.122592 10.156785 0.000010 0.000165 0.004708 -0.222614 -0.349711 10.165506 10.194235 -5.835746 -5.810305 -5.795283
-0.123112 10.163495 0.000009 0.000163 0.004708 -0.224313 -0.311975 10.160047 10.189321 -5.746712 -5.854650 -5.760265
-0.123704 10.170791 0.000009 0.000098 0.004708 -0.223541 -0.277076 10.187190 10.195273 -5.626061 -5.834504 -5.684276
-0.122269 10.182646 0.000003 0.000067 0.004708 -0.220384 -0.259486 10.194083 10.209082 -5.647610 -5.752113 -5.671264
-0.119972 10.201045 0.000005 0.000043 0.004708 -0.219136 -0.259263 10.214171 10.215835 -5.813809 -5.719540 -5.761015
-0.116992 10.224660 0.000001 -0.000047 0.004708 -0.221634 -0.265805 10.226235 10.209901 -6.002522 -5.784737 -5.897439
-0.114217 10.246776 -0.000004 -0.000195 0.004708 -0.226061 -0.263272 10.247462 10.197841 -6.104153 -5.900272 -5.999410
-0.113961 10.262349 -0.000014 -0.000342 0.004708 -0.229862 -0.247229 10.259517 10.189550 -5.897478 -5.999498 -5.913908
-0.113853 10.272672 -0.000020 -0.000440 0.005501 -0.227534 -0.223490 10.290574 10.205239 -5.800855 -5.938717 -5.836136
-0.115586 10.264809 -0.000025 -0.000316 0.006761 -0.224997 -0.207339 10.254166 10.221164 -5.796285 -5.872513 -5.811142
-0.119048 10.252190 -0.000010 -0.000164 0.006761 -0.225608 -0.187119 10.256122 10.229779 -5.737997 -5.888451 -5.786029
-0.121657 10.255946 -0.000008 -0.000139 0.006761 -0.226345 -0.179807 10.266683 10.243274 -5.940531 -5.907683 -5.919015
-0.125327 10.253251 -0.000007 -0.000053 0.006761 -0.233936 -0.178805 10.240129 10.241897 -6.135193 -6.105826 -6.114542
-0.128348 10.248952 0.000000 -0.000037 0.006761 -0.243350 -0.180491 10.253887 10.240479 -6.297806 -6.351520 -6.310060
-0.130981 10.245988 -0.000004 -0.000029 0.006761 -0.251875 -0.177588 10.243552 10.244914 -6.393868 -6.574025 -6.458555
-0.133451 10.242873 0.000000 0.000011 0.006761 -0.257794 -0.168028 10.255357 10.257736 -6.318410 -6.728519 -6.479926
-0.137273 10.237740 0.000001 0.000106 0.006761 -0.258498 -0.156763 10.253300 10.285390 -6.057597 -6.746894 -6.341006
-0.141492 10.236180 0.000009 0.000261 0.006761 -0.253550 -0.165637 10.272324 10.330310 -5.812961 -6.617766 -6.160876
-0.144011 10.243552 0.000017 0.000460 0.006761 -0.246748 -0.217843 10.278727 10.379827 -5.724578 -6.440212 -6.059493
-0.144320 10.253551 0.000030 0.000669 0.008082 -0.241928 -0.285146 10.285154 10.418944 -5.960790 -6.314405 -6.172593
-0.143062 10.263168 0.000040 0.000825 0.010727 -0.243863 -0.355622 10.271147 10.428935 -6.465725 -6.364909 -6.506320
-0.143021 10.268594 0.000047 0.000850 0.012686 -0.254180 -0.404735 10.259262 10.405611 -6.703014 -6.634201 -6.749419
-0.143089 10.275241 0.000044 0.000691 0.012686 -0.261848 -0.411140 10.283048 10.387599 -6.815742 -6.834326 -6.890947
-0.142509 10.276814 0.000032 0.000587 0.012686 -0.265572 -0.394503 10.273170 10.377864 -7.000002 -6.931528 -7.038313
-0.140972 10.282826 0.000032 0.000504 0.012686 -0.269430 -0.357131 10.285599 10.363409 -7.076168 -7.032218 -7.119062
-0.138828 10.292671 0.000024 0.000375 0.012686 -0.270644 -0.290294 10.295151 10.353157 -6.995107 -7.063909 -7.078554
-0.135517 10.317497 0.000018 0.000189 0.012686 -0.267376 -0.187189 10.340349 10.354566 -6.867128 -6.978622 -6.966959
-0.133244 10.325841 0.000005 0.000152 0.012686 -0.261729 -0.028890 10.322296 10.359755 -6.875911 -6.831219 -6.913486
-0.131081 10.323197 0.000012 0.000194 0.012686 -0.258573 0.918946 10.320686 10.352868 -6.966820 -6.748849 -6.930561
-0.128920 10.334542 0.000010 0.000097 0.012686 -0.258269 0.795278 10.329865 10.335275 -6.844361 -6.740929 -6.845909
-0.127389 10.343173 0.000002 -0.000042 0.012686 -0.255220 0.679182 10.346340 10.328586 -6.883276 -6.661339 -6.831574
-0.125563 10.358255 -0.000005 -0.000157 0.012686 -0.255219 0.579315 10.351739 10.315505 -7.034617 -6.661320 -6.912863
-0.126660 10.355738 -0.000010 -0.000213 0.011479 -0.260088 0.486944 10.331945 10.292536 -7.037110 -6.788395 -6.954254
-0.128635 10.344397 -0.000011 -0.000275 0.010387 -0.263900 0.409213 10.336375 10.279739 -7.121759 -6.887884 -7.037035
-0.129557 10.343260 -0.000016 -0.000337 0.009398 -0.269145 0.346983 10.331857 10.269180 -7.200296 -7.024783 -7.132147
-0.129985 10.346114 -0.000018 -0.000408 0.008504 -0.274341 0.297646 10.344829 10.264183 -7.292789 -7.160403 -7.237018
-0.129926 10.353199 -0.000024 -0.000472 0.007695 -0.279365 0.258890 10.350323 10.263512 -7.401699 -7.291535 -7.351302
-0.129978 10.349665 -0.000026 -0.000457 0.006962 -0.284129 0.228065 10.341174 10.264162 -7.564172 -7.415883 -7.495459
-0.131561 10.333187 -0.000023 -0.000366 0.006300 -0.289494 0.198773 10.316075 10.260342 -7.623103 -7.555902 -7.583339
-0.132108 10.323574 -0.000017 -0.000335 0.005700 -0.292823 0.159772 10.324715 10.261806 -7.706330 -7.642807 -7.666741
-0.133529 10.311902 -0.000019 -0.000265 0.005158 -0.295542 0.112134 10.297058 10.262223 -7.509672 -7.713757 -7.576295
-0.134240 10.301779 -0.000011 -0.000210 0.004667 -0.292024 0.047164 10.320313 10.280935 -7.483280 -7.621942 -7.530275
-0.132424 10.315259 -0.000012 -0.000182 0.004223 -0.289238 -0.008798 10.321241 10.294393 -7.793633 -7.549217 -7.690953
-0.132096 10.313035 -0.000008 -0.000099 0.003821 -0.295324 0.250872 10.288798 10.278585 -7.949416 -7.708066 -7.841220
-0.132158 10.302918 -0.000003 -0.000129 0.003457 -0.300444 0.217224 10.296763 10.263567 -8.009198 -7.841707 -7.924321
-0.134275 10.281542 -0.000010 -0.000095 0.003128 -0.303623 0.181934 10.257254 10.253254 -7.968710 -7.924680 -7.929144
-0.136881 10.253515 -0.000002 -0.000001 0.002831 -0.304118 0.150666 10.247340 10.250096 -8.007635 -7.937611 -7.957578
-0.137555 10.247944 0.000000 0.000011 0.002561 -0.305681 0.127950 10.243364 10.244818 -7.866184 -7.978401 -7.887089
-0.137846 10.254105 0.000000 -0.000049 0.002318 -0.303401 0.113166 10.270811 10.253860 -7.579316 -7.918894 -7.694322
-0.138967 10.264173 -0.000005 -0.000055 0.002097 -0.296844 0.104256 10.283417 10.279445 -7.250798 -7.747753 -7.438594
-0.139934 10.268299 -0.000001 0.000059 0.001897 -0.288045 0.106501 10.292139 10.314264 -7.012282 -7.518083 -7.218287
-0.139670 10.267439 0.000006 0.000248 0.001717 -0.279420 0.121971 10.284253 10.346154 -6.868922 -7.292966 -7.056969
-0.138731 10.259237 0.000018 0.000461 0.004886 -0.271720 0.136330 10.269885 10.368124 -6.944185 -7.092003 -7.034514
-0.134428 10.310179 0.000029 0.000307 0.007813 -0.269177 0.184054 10.353102 10.373017 -6.871439 -7.025638 -6.967061
-0.136989 10.293300 0.000006 0.000422 0.007813 -0.266498 0.214371 10.256608 10.376195 -6.838115 -6.955707 -6.921969
-0.142299 10.231259 0.000036 0.000768 0.009561 -0.264849 0.243558 10.219484 10.370204 -7.072876 -6.912662 -7.049920
-0.141376 10.235717 0.000045 0.000713 0.012088 -0.269799 0.267871 10.237119 10.345171 -7.245895 -7.041853 -7.199259
-0.118260 10.475865 0.000032 -0.000693 0.012088 -0.274221 0.274314 10.652107 10.343487 -7.287138 -7.157274 -7.264215
-0.107265 10.568729 -0.000091 -0.001194 0.024466 -0.274080 0.250705 10.492637 10.356621 -6.972914 -7.153594 -7.079331
-0.129812 10.283978 -0.000040 0.000385 0.024466 -0.264584 0.139722 10.130115 10.362421 -6.597257 -6.905747 -6.758602
-0.139827 10.150947 0.000069 0.001121 0.024466 -0.250887 0.022387 10.189917 10.363579 -6.332015 -6.548257 -6.464648
-0.136517 10.177652 0.000052 0.000985 0.024466 -0.239434 0.139575 10.183475 10.360622 -6.126925 -6.249319 -6.226830
-0.133412 10.185838 0.000053 0.000926 0.024466 -0.230235 0.260212 10.196578 10.351994 -6.388012 -6.009238 -6.291617
-0.130630 10.177866 0.000047 0.000923 0.024466 -0.232046 0.313834 10.135509 10.307193 -6.884081 -6.056481 -6.596824
-0.129243 10.172182 0.000052 0.000715 0.024466 -0.243687 0.248410 10.141678 10.233851 -7.049341 -6.360335 -6.791225
-0.130831 10.165434 0.000028 0.000363 0.024466 -0.252748 0.023240 10.134619 10.177190 -6.915867 -6.596814 -6.783145
-0.131748 10.152145 0.000014 0.000133 0.024466 -0.254453 -2.709642 10.143096 10.151615 -7.060524 -6.641335 -6.879578
-0.132934 10.134034 0.000004 0.000093 0.024466 -0.259858 -2.418092 10.096474 10.119547 -7.142631 -6.782384 -6.973390
-0.136418 10.114005 0.000008 0.000029 0.024466 -0.266049 -2.149365 10.101982 10.092945 -6.921514 -6.943990 -6.891441
-0.142099 10.092950 -0.000002 -0.000000 0.022138 -0.265942 -1.908635 10.087349 10.094570 -6.794426 -6.941187 -6.814338
-0.148880 10.076981 0.000003 0.000093 0.020031 -0.267572 -1.705850 10.079299 10.103423 -6.653924 -6.983738 -6.748730
-0.153799 10.070986 0.000008 0.000172 0.018125 -0.268972 -1.545861 10.088184 10.124027 -6.560175 -7.020282 -6.720616
-0.156576 10.080758 0.000011 0.000229 0.016400 -0.270095 -1.423865 10.108087 10.152969 -6.520639 -7.049579 -6.725685
-0.159179 10.084698 0.000014 0.000362 0.014840 -0.270926 -1.328587 10.104233 10.184388 -6.533100 -7.071267 -6.757820
-0.158224 10.084651 0.000024 0.000528 0.013427 -0.270898 -1.249428 10.107899 10.213327 -6.643020 -7.070553 -6.832486
-0.156178 10.093110 0.000032 0.000637 0.012150 -0.269748 -1.175291 10.112193 10.232219 -6.494119 -7.040523 -6.747020
-0.155420 10.096518 0.000036 0.000719 0.010993 -0.262968 -1.095756 10.123486 10.258157 -6.316586 -6.863556 -6.583708
-0.151891 10.099338 0.000041 0.000842 0.010977 -0.252114 -1.015298 10.119569 10.281825 -6.268029 -6.580264 -6.453768
-0.146530 10.100579 0.000049 0.000960 0.013207 -0.241587 -0.932013 10.107963 10.286277 -6.482409 -6.305526 -6.488645
-0.140137 10.108237 0.000054 0.000943 0.014524 -0.237542 -0.839862 10.095665 10.255683 -6.924118 -6.199938 -6.711258
-0.139084 10.105357 0.000049 0.000797 0.014524 -0.243444 -0.717712 10.060747 10.188288 -6.934148 -6.353981 -6.752380
-0.140195 10.091394 0.000039 0.000513 0.014524 -0.246498 -0.568417 10.073961 10.136648 -7.127505 -6.433706 -6.883208
-0.140431 10.068115 0.000020 0.000363 0.014524 -0.253412 -0.418500 10.013272 10.079629 -7.507689 -6.614166 -7.165748
-0.141401 10.044857 0.000021 0.000184 0.014524 -0.266575 -0.247717 10.005518 10.011544 -7.675235 -6.957717 -7.373838
-0.141156 10.048490 0.000003 -0.000196 0.014524 -0.276988 -0.005450 10.030986 9.963357 -7.891486 -7.229484 -7.591370
-0.144115 10.024441 -0.000019 -0.000324 0.014524 -0.290790 9.175459 9.971338 9.921599 -8.058571 -7.589726 -7.813919
-0.149758 9.981776 -0.000014 -0.000319 0.014524 -0.302305 8.253054 9.956226 9.893716 -8.118615 -7.890275 -7.954094
-0.152725 9.972392 -0.000018 -0.000417 0.014524 -0.310595 7.423578 9.968814 9.885073 -8.082998 -8.106660 -8.017005
-0.155575 9.944712 -0.000024 -0.000316 0.014524 -0.314578 6.678357 9.927141 9.892748 -8.123713 -8.210613 -8.088868
-0.158621 9.906231 -0.000010 -0.000071 0.014524 -0.317296 6.008287 9.895787 9.900380 -8.207248 -8.281554 -8.172574
-0.161838 9.893200 0.000002 0.000038 0.013142 -0.320295 5.405370 9.896504 9.905034 -8.025368 -8.359820 -8.118124
-0.157885 9.999678 0.000003 -0.000501 0.011891 -0.319593 4.863568 10.106400 9.938682 -7.474438 -8.341506 -7.816432
-0.166854 9.954627 -0.000049 -0.000084 0.013284 -0.311345 4.380538 9.895904 10.002971 -6.903065 -8.126239 -7.450725
-0.180781 9.807725 0.000032 0.001035 0.013284 -0.299937 3.951162 9.825626 10.071890 -7.104986 -7.828467 -7.394420
-0.178982 9.807682 0.000073 0.001400 0.019699 -0.295851 3.572794 9.845639 10.097782 -7.785693 -7.721824 -7.645636
-0.175540 9.822093 0.000075 0.001461 0.020257 -0.302934 3.241079 9.798638 10.065595 -8.199455 -7.906705 -7.936323
-0.176334 9.827939 0.000080 0.001259 0.021521 -0.311713 2.933099 9.830212 10.020661 -8.151167 -8.135822 -8.041493
-0.181482 9.819538 0.000058 0.001066 0.021521 -0.315714 2.645178 9.809890 9.999439 -7.773438 -8.240271 -7.950440
-0.185447 9.804780 0.000058 0.001031 0.021521 -0.313195 2.384946 9.834447 10.013729 -7.650116 -8.174519 -7.875698
-0.187093 9.785006 0.000055 0.001212 0.021521 -0.310136 2.157259 9.783370 10.028774 -7.841477 -8.094679 -7.915573
-0.189522 9.765722 0.000074 0.001394 0.021521 -0.310697 1.954017 9.769911 10.020777 -7.847040 -8.109311 -7.935300
-0.192835 9.754515 0.000076 0.001411 0.021521 -0.311111 1.767198 9.761161 10.013115 -7.795942 -8.120128 -7.931824
-0.196318 9.734711 0.000077 0.001475 0.021521 -0.310892 1.598762 9.736992 10.008715 -8.062295 -8.114405 -8.030582
-0.200562 9.709787 0.000083 0.001584 0.022246 -0.314561 1.446664 9.691791 9.982590 -7.900065 -8.210169 -8.043796
-0.203042 9.686767 0.000089 0.001567 0.023816 -0.314820 1.309396 9.705170 9.975430 -8.003019 -8.216933 -8.089942
-0.203920 9.662028 0.000083 0.001661 0.023816 -0.315413 1.195707 9.642982 9.959558 -8.515637 -8.232392 -8.272885
-0.206324 9.642129 0.000097 0.001682 0.025964 -0.321372 1.091285 9.620967 9.907334 -8.370310 -8.387935 -8.331156
-0.209540 9.627778 0.000088 0.001481 0.025964 -0.323335 0.991379 9.634502 9.880653 -8.149183 -8.439171 -8.301631
-0.200919 9.753121 0.000076 0.000676 0.025964 -0.322123 0.912108 9.868985 9.888868 -8.203376 -8.407545 -8.305099
-0.205061 9.718937 0.000009 0.000900 0.025964 -0.322329 0.859247 9.613662 9.886638 -8.270608 -8.412907 -8.335063
-0.217040 9.585434 0.000084 0.001596 0.025964 -0.323309 0.826197 9.573141 9.866807 -8.381696 -8.438482 -8.388645
-0.214095 9.612149 0.000090 0.001349 0.025964 -0.325058 0.809289 9.647462 9.845447 -7.813591 -8.484132 -8.257249
-0.207793 9.662606 0.000062 0.000969 0.025964 -0.318055 0.797415 9.723206 9.875647 -7.262571 -8.301354 -7.970683
-0.186832 9.859719 0.000048 0.000084 0.025964 -0.301310 0.781988 10.044041 9.949165 -7.864962 -7.864310 -7.951867
-0.186920 9.776467 -0.000025 0.000915 0.025964 -0.297042 0.741431 9.562361 9.931848 -8.496559 -7.752902 -8.126136
-0.200740 9.569786 0.000112 0.001918 0.030156 -0.300899 0.618475 9.521953 9.841871 -8.139780 -7.853572 -8.053652
-0.199035 9.584527 0.000098 0.001364 0.030156 -0.297839 0.374906 9.613892 9.795442 -7.492312 -7.773719 -7.768036
-0.198993 9.582016 0.000057 0.001131 0.030156 -0.287621 -0.011429 9.576863 9.794447 -6.950941 -7.507030 -7.406586
-0.197215 9.573708 0.000068 0.001170 0.030156 -0.276785 10.306979 9.611392 9.812582 -6.713118 -7.224203 -7.144443
-0.193182 9.570726 0.000063 0.001282 0.030156 -0.265465 9.267045 9.575147 9.825351 -7.056033 -6.928734 -7.089101
-0.191986 9.573426 0.000077 0.001335 0.030156 -0.263128 8.328668 9.562845 9.790954 -6.880099 -6.867754 -6.977345
-0.189267 9.629231 0.000071 0.000857 0.030156 -0.260213 7.481470 9.681448 9.773889 -6.591734 -6.791663 -6.814270
-0.189995 9.642106 0.000031 0.000698 0.030156 -0.256212 6.721140 9.625089 9.775167 -6.523740 -6.687243 -6.722666
-0.190192 9.602593 0.000047 0.000914 0.030156 -0.253911 6.040934 9.596419 9.769732 -6.768139 -6.627171 -6.777237
-0.185215 9.608658 0.000054 0.000853 0.030156 -0.254740 5.432401 9.608256 9.743432 -6.697894 -6.648815 -6.754510
-0.181929 9.631507 0.000043 0.000593 0.030156 -0.252750 4.879841 9.646560 9.728690 -6.355306 -6.596885 -6.575307
-0.179130 9.651149 0.000027 0.000411 0.027287 -0.245154 4.379514 9.672288 9.738404 -6.284349 -6.398623 -6.433374
-0.176205 9.678101 0.000022 0.000320 0.024690 -0.239716 3.930414 9.691014 9.740637 -6.280701 -6.256673 -6.351907
-0.169917 9.701666 0.000017 0.000206 0.022340 -0.236211 3.528556 9.708449 9.735002 -6.424346 -6.165197 -6.370086
-0.162804 9.718144 0.000010 0.000089 0.020214 -0.234478 3.166135 9.707162 9.714578 -6.517301 -6.119974 -6.388709
-0.158601 9.730671 0.000004 -0.000085 0.018291 -0.233512 2.832462 9.720749 9.687458 -6.515927 -6.094743 -6.364121
-0.158019 9.736719 -0.000008 -0.000261 0.016550 -0.232882 2.526472 9.719041 9.661930 -6.438398 -6.078325 -6.300192
-0.159877 9.740331 -0.000015 -0.000415 0.014975 -0.233674 2.249878 9.731327 9.643734 -6.215281 -6.098984 -6.175475
-0.159582 9.737124 -0.000025 -0.000495 0.013550 -0.232029 2.007540 9.733353 9.644664 -6.393166 -6.056049 -6.251548
-0.156111 9.747631 -0.000025 -0.000546 0.012261 -0.236293 1.795832 9.734677 9.630585 -6.781805 -6.167344 -6.514997
-0.157377 9.756040 -0.000030 -0.000665 0.011094 -0.247598 1.601467 9.728701 9.598701 -6.578763 -6.462418 -6.508844
-0.161417 9.758880 -0.000038 -0.000849 0.010176 -0.250892 1.422599 9.774611 9.606307 -6.364208 -6.548380 -6.430169
-0.164634 9.765106 -0.000049 -0.000841 0.013299 -0.251173 1.269734 9.770819 9.635503 -6.103993 -6.555705 -6.304739
-0.167127 9.774322 -0.000040 -0.000736 0.013299 -0.249039 1.139032 9.809787 9.682047 -5.662779 -6.500029 -6.068261
-0.166950 9.782578 -0.000038 -0.000533 0.013299 -0.240336 1.041217 9.821350 9.752639 -5.654227 -6.272865 -5.971118
-0.167919 9.787625 -0.000021 -0.000185 0.013299 -0.235684 0.965957 9.805377 9.800869 -5.356765 -6.151452 -5.777086
-0.168647 9.799741 -0.000002 0.000006 0.013299 -0.227557 0.900969 9.852693 9.858217 -5.379520 -5.939338 -5.697609
-0.167951 9.810083 0.000001 0.000255 0.013299 -0.223222 0.849899 9.816474 9.893882 -5.802579 -5.826179 -5.860195
-0.165993 9.818298 0.000023 0.000401 0.013299 -0.228076 0.798335 9.821463 9.888030 -6.132087 -5.952884 -6.087743
-0.163819 9.827666 0.000020 0.000320 0.013299 -0.234804 0.736149 9.819670 9.869036 -6.498340 -6.128473 -6.355976
-0.162521 9.840343 0.000015 0.000152 0.013299 -0.243890 0.653591 9.830138 9.839423 -6.753739 -6.365629 -6.591932
-0.164524 9.834675 0.000003 0.000025 0.013299 -0.252511 0.553943 9.810242 9.810886 -6.711002 -6.590642 -6.668453
-0.167919 9.816484 0.000000 -0.000030 0.013299 -0.256341 0.447543 9.812774 9.802743 -6.631100 -6.690598 -6.676095
-0.168684 9.810356 -0.000003 -0.000040 0.012033 -0.257176 0.357715 9.812723 9.807806 -6.738931 -6.712406 -6.740578
-0.169279 9.810553 -0.000001 -0.000015 0.010888 -0.259765 0.285713 9.806898 9.806163 -6.739354 -6.779964 -6.774282
-0.169242 9.822068 -0.000000 -0.000084 0.009852 -0.261309 0.222110 9.837141 9.810690 -6.839057 -6.820276 -6.843607
-0.170776 9.822829 -0.000008 -0.000064 0.008914 -0.264305 0.164870 9.810022 9.810546 -6.690212 -6.898454 -6.812981
-0.162370 9.928451 0.000000 -0.000625 0.008066 -0.263454 0.109689 10.038252 9.837394 -6.737666 -6.876248 -6.831377
-0.165327 9.906739 -0.000060 -0.000367 0.016021 -0.263860 0.073610 9.811549 9.854348 -6.587637 -6.886860 -6.762975
-0.176935 9.798460 0.000012 0.000296 0.016021 -0.262031 -0.110454 9.809624 9.870395 -6.206056 -6.839112 -6.574329
-0.178513 9.814225 0.000018 0.000298 0.016021 -0.255379 -0.094857 9.863680 9.910553 -6.146375 -6.665483 -6.462360
-0.181782 9.815096 0.000014 0.000506 0.016021 -0.252172 -0.219249 9.813764 9.938542 -6.045579 -6.581797 -6.381272
-0.182192 9.818372 0.000037 0.000637 0.016021 -0.249277 -0.341967 9.860831 9.965297 -6.236947 -6.506220 -6.425022
-0.177036 9.835352 0.000031 0.000689 0.016021 -0.249319 -0.430416 9.834438 9.971773 -6.814360 -6.507324 -6.682142
-0.169283 9.859399 0.000041 0.000595 0.016021 -0.256089 -0.454552 9.857167 9.938334 -7.426507 -6.684019 -7.060336
-0.164107 9.885636 0.000025 0.000279 0.016021 -0.267688 -0.371117 9.854724 9.879378 -7.098464 -6.986759 -7.020584
-0.142940 10.117223 0.000008 -0.001260 0.016021 -0.263117 -0.170813 10.319146 9.895085 -6.651217 -6.867448 -6.697302
-0.143587 10.084605 -0.000125 -0.001004 0.033683 -0.249118 0.267264 9.912607 9.929672 -6.496577 -6.502083 -6.470591
-0.162138 9.870399 0.000005 0.000314 0.033683 -0.241805 -0.386659 9.837031 9.924143 -5.891570 -6.311207 -6.062063
-0.162298 9.894908 0.000026 0.000155 0.033683 -0.228121 -0.005964 9.971552 9.951562 -5.169421 -5.954055 -5.524520
-0.162084 9.919072 -0.000006 0.000172 0.033683 -0.211751 8.598142 9.933822 10.005047 -4.694402 -5.526785 -5.092542
-0.153658 10.036669 0.000021 -0.000168 0.033683 -0.194769 7.742187 10.179133 10.068396 -4.391600 -5.083550 -4.752183
-0.155540 10.028839 -0.000033 0.000210 0.033683 -0.183218 6.982448 9.958637 10.114473 -4.129087 -4.782073 -4.488710
-0.161962 9.943231 0.000046 0.000907 0.033683 -0.173928 6.303942 9.978121 10.144564 -4.553746 -4.539581 -4.611483
-0.156980 9.975662 0.000050 0.000895 0.033683 -0.177454 5.697903 9.972671 10.126650 -5.260808 -4.631630 -5.045752
-0.153424 10.006818 0.000046 0.000635 0.033683 -0.193643 5.143581 9.988642 10.069173 -5.556699 -5.054151 -5.373967
-0.152329 10.019828 0.000024 0.000261 0.033683 -0.206028 4.628711 10.008440 10.027901 -5.776701 -5.377401 -5.620297
-0.152149 10.020627 0.000006 0.000039 0.033683 -0.215648 4.149163 10.001504 9.998301 -5.942729 -5.628486 -5.808866
-0.149830 10.030833 -0.000000 -0.000172 0.030477 -0.222991 3.703484 10.031574 9.978833 -6.243203 -5.820161 -6.059270
-0.147564 10.040075 -0.000015 -0.000325 0.027577 -0.231883 3.295380 10.016287 9.954368 -6.569103 -6.052242 -6.338620
-0.146336 10.059445 -0.000018 -0.000557 0.024953 -0.242766 2.919596 10.056600 9.927503 -6.631122 -6.336298 -6.470691
-0.146296 10.072358 -0.000038 -0.000768 0.022578 -0.249005 2.579898 10.063647 9.920671 -6.739493 -6.499120 -6.593231
-0.145995 10.079192 -0.000042 -0.000840 0.020430 -0.255031 2.280693 10.074248 9.919143 -6.971274 -6.656416 -6.792346
-0.123172 10.316544 -0.000046 -0.002106 0.018485 -0.262349 2.020450 10.487614 9.936116 -6.952338 -6.847413 -6.852693
-0.122319 10.273708 -0.000164 -0.001789 0.044079 -0.261960 1.793470 10.094996 9.962289 -6.909981 -6.837268 -6.823182
-0.137710 10.050492 -0.000040 -0.000467 0.044079 -0.257504 1.516858 10.009631 9.965851 -7.028257 -6.720958 -6.852377
-0.134907 10.076979 -0.000014 -0.000589 0.044079 -0.257053 1.242300 10.108638 9.954745 -7.134965 -6.709176 -6.907064
-0.136479 10.095411 -0.000047 -0.000745 0.044079 -0.261425 0.969069 10.054041 9.938024 -6.985625 -6.823293 -6.850053
-0.138666 10.094706 -0.000036 -0.000830 0.044079 -0.263157 0.721472 10.115500 9.941954 -7.035124 -6.868497 -6.896626
-0.139483 10.084798 -0.000053 -0.000757 0.044079 -0.267455 0.552220 10.048189 9.944191 -7.478687 -6.980685 -7.211791
-0.139726 10.078351 -0.000032 -0.000711 0.044079 -0.280884 0.416948 10.066472 9.921598 -7.816048 -7.331196 -7.543181
-0.143646 10.069485 -0.000044 -0.000784 0.044079 -0.295110 0.223977 10.036838 9.901329 -7.969534 -7.702478 -7.769225
-0.151804 10.054969 -0.000042 -0.000814 0.044079 -0.307522 -0.160343 10.050164 9.897383 -7.848071 -8.026449 -7.822796
-0.159418 10.031967 -0.000047 -0.000713 0.044079 -0.313670 0.120345 10.030307 9.923739 -7.800551 -8.186910 -7.880578
-0.163963 10.014766 -0.000033 -0.000482 0.044079 -0.317908 0.399466 10.030270 9.960778 -7.960686 -8.297535 -8.030985
-0.167869 10.005697 -0.000022 -0.000238 0.039884 -0.323712 0.548689 10.010395 9.989626 -7.787319 -8.449009 -8.038039
-0.171903 10.000345 -0.000008 -0.000057 0.036089 -0.323607 0.643397 10.040148 10.038543 -7.694716 -8.446273 -8.013604
-0.176468 9.994719 -0.000002 0.000232 0.032654 -0.322118 0.725579 10.012719 10.088503 -7.504927 -8.407418 -7.929903
-0.178943 9.991871 0.000021 0.000512 0.029547 -0.318182 0.789346 10.040448 10.144096 -7.526879 -8.304673 -7.902340
-0.180384 9.990339 0.000030 0.000815 0.026735 -0.315165 0.845726 10.006492 10.184960 -7.610141 -8.225937 -7.909702
-0.182423 9.989272 0.000052 0.001037 0.024191 -0.313793 0.864713 10.020022 10.209917 -7.627775 -8.190113 -7.910484
-0.185161 9.986001 0.000056 0.001186 0.021889 -0.312412 0.866636 9.999444 10.228186 -7.821800 -8.154066 -7.977492
-0.188065 9.981985 0.000068 0.001305 0.019806 -0.314320 0.851596 9.992043 10.227591 -7.910396 -8.203878 -8.050330
-0.188142 9.977881 0.000070 0.001323 0.018831 -0.316071 0.833343 9.987771 10.223841 -8.307727 -8.249584 -8.235809
-0.187659 9.971468 0.000071 0.001337 0.018959 -0.321387 0.804598 9.954221 10.194399 -8.269519 -8.388335 -8.308127
-0.187173 9.967734 0.000072 0.001201 0.019364 -0.322271 0.754815 9.987135 10.180324 -8.378236 -8.411406 -8.367688
-0.187137 9.962968 0.000058 0.001152 0.019364 -0.322940 0.693358 9.946034 10.160987 -8.663661 -8.428859 -8.489538
-0.186863 9.959157 0.000065 0.001069 0.019364 -0.326826 0.611996 9.952678 10.123826 -8.775495 -8.530291 -8.592066
-0.186978 9.948211 0.000052 0.000931 0.019364 -0.329994 0.515029 9.926907 10.088535 -8.558201 -8.612982 -8.556891
-0.188506 9.929358 0.000049 0.000843 0.019364 -0.328193 0.397248 9.935280 10.076578 -8.154380 -8.565963 -8.378058
-0.189459 9.899564 0.000044 0.000938 0.019364 -0.320765 0.284076 9.900752 10.088637 -8.459243 -8.372103 -8.379581
-0.190206 9.871359 0.000057 0.001151 0.019364 -0.320087 0.174584 9.841544 10.060608 -8.917334 -8.354392 -8.538327
-0.192904 9.854007 0.000067 0.001095 0.019364 -0.326310 -0.028322 9.823273 9.999244 -8.961935 -8.516827 -8.649498
-0.194884 9.833794 0.000054 0.000877 0.019364 -0.331928 1.274937 9.810026 9.950515 -9.399106 -8.663459 -8.892455
-0.195603 9.798117 0.000044 0.000808 0.019364 -0.341521 1.126152 9.735398 9.882083 -10.056819 -8.913840 -9.275171
-0.196648 9.752049 0.000045 0.000689 0.019364 -0.355892 0.982314 9.682725 9.786435 -10.141778 -9.288930 -9.531765
-0.197830 9.716202 0.000033 0.000372 0.017522 -0.365071 0.831365 9.681317 9.717745 -9.341008 -9.528494 -9.400103
-0.199697 9.678090 0.000013 0.000210 0.015854 -0.359475 0.683986 9.689064 9.727336 -8.612280 -9.382444 -9.062157
-0.203414 9.625943 0.000013 0.000537 0.014346 -0.346304 0.564415 9.631134 9.772884 -8.023655 -9.038681 -8.653388
-0.207084 9.588813 0.000044 0.000975 0.012980 -0.331075 0.481622 9.628349 9.827870 -7.279574 -8.641196 -8.164720
-0.203837 9.589993 0.000061 0.001260 0.016383 -0.311031 0.460561 9.657763 9.902537 -8.186847 -8.118032 -8.132652
-0.200912 9.593698 0.000074 0.001636 0.020024 -0.308745 0.494527 9.537470 9.866677 -8.312807 -8.058372 -8.135066
-0.197349 9.599820 0.000100 0.001414 0.026804 -0.308496 0.513426 9.631303 9.821594 -8.673824 -8.051873 -8.254218
-0.194054 9.609904 0.000059 0.001122 0.026804 -0.312396 0.540669 9.547813 9.755454 -8.618884 -8.153651 -8.289160
-0.193325 9.599741 0.000064 0.000825 0.026804 -0.314094 0.499599 9.607644 9.706243 -8.175258 -8.197974 -8.147237
-0.187872 9.588034 0.000032 0.000626 0.026804 -0.307102 0.485371 9.573988 9.696065 -9.245471 -8.015487 -8.459832
-0.186019 9.579683 0.000039 0.000617 0.026804 -0.318520 0.413734 9.495303 9.595491 -9.043784 -8.313509 -8.535600
-0.187869 9.572970 0.000032 0.000119 0.026804 -0.322802 0.203266 9.582300 9.540435 -8.808955 -8.425253 -8.500246
-0.191215 9.555180 -0.000010 -0.000078 0.026804 -0.323663 -0.196326 9.505739 9.514165 -8.596496 -8.447730 -8.430019
-0.196779 9.526073 0.000004 -0.000063 0.026804 -0.323970 0.197796 9.531582 9.504599 -7.717199 -8.455734 -8.122221
-0.198991 9.497055 -0.000006 0.000040 0.026804 -0.313862 0.024984 9.522834 9.557246 -7.867868 -8.191913 -8.018969
-0.198528 9.466771 0.000012 0.000479 0.026804 -0.309674 0.512714 9.445351 9.571629 -8.482041 -8.082605 -8.172583
-0.198750 9.452194 0.000039 0.000633 0.026804 -0.314932 0.476885 9.428787 9.530803 -8.593083 -8.219839 -8.296321
-0.200744 9.439940 0.000032 0.000481 0.024253 -0.319712 0.368132 9.421875 9.494729 -8.109936 -8.344603 -8.208123
-0.203219 9.415729 0.000023 0.000419 0.021945 -0.316562 0.221591 9.427780 9.503797 -7.410230 -8.262406 -7.925060
-0.204955 9.393153 0.000024 0.000586 0.019857 -0.305451 0.091462 9.427068 9.554351 -6.937931 -7.972382 -7.590910
-0.204197 9.380994 0.000039 0.000919 0.017967 -0.291601 0.151008 9.418932 9.611813 -7.502342 -7.610899 -7.556306
-0.204016 9.385330 0.000059 0.001200 0.016258 -0.289622 0.298955 9.366298 9.597014 -7.593226 -7.559241 -7.554847
-0.207020 9.396043 0.000070 0.001065 0.018835 -0.290454 0.343280 9.417382 9.574459 -6.890660 -7.580953 -7.343027
-0.206802 9.408260 0.000048 0.000881 0.018835 -0.283238 0.441400 9.450875 9.607752 -7.605797 -7.392612 -7.457906
-0.203933 9.400056 0.000048 0.001101 0.018835 -0.287507 0.549455 9.343986 9.571568 -8.386037 -7.504058 -7.789433
-0.199974 9.395727 0.000069 0.000932 0.018835 -0.299384 0.577689 9.373347 9.490211 -8.861509 -7.814032 -8.143568
-0.199951 9.394537 0.000037 0.000507 0.018835 -0.311950 0.513555 9.335750 9.404904 -8.821707 -8.142024 -8.327477
-0.205761 9.376157 0.000023 0.000152 0.018835 -0.319702 0.354096 9.359337 9.352884 -8.100826 -8.344340 -8.218249
-0.209323 9.362516 0.000000 -0.000051 0.018835 -0.317249 0.143427 9.382667 9.371455 -8.060277 -8.280330 -8.167654
-0.208121 9.365412 -0.000002 0.000032 0.018835 -0.315801 -0.177561 9.367519 9.386762 -8.298015 -8.242528 -8.223367
-0.206106 9.375179 0.000007 0.000061 0.018835 -0.317649 0.046310 9.377295 9.381591 -8.049715 -8.290770 -8.175644
-0.205453 9.389068 0.000003 -0.000040 0.018835 -0.315015 -0.808122 9.415916 9.399769 -7.790898 -8.222026 -8.049932
-0.205554 9.403179 -0.000003 -0.000018 0.018835 -0.310113 -0.686990 9.424163 9.431283 -7.805729 -8.094080 -7.976969
-0.205855 9.412046 0.000003 0.000102 0.017043 -0.307521 -0.589143 9.423202 9.450209 -7.786982 -8.026416 -7.930844
-0.202555 9.428964 0.000009 0.000113 0.015421 -0.305427 -0.519237 9.450887 9.465397 0.727878 -7.971776 -5.022714
-0.200048 9.444824 0.000005 0.000109 0.013953 -0.184067 -0.455881 10.069015 10.092382 10.939261 -4.804220 0.447553
-0.199259 9.459246 0.000008 0.003355 0.012626 0.037472 -0.353347 10.109788 11.167426 5.059856 0.978024 1.904993
-0.192864 9.527803 0.000315 0.008688 0.084585 0.099295 -0.267124 9.357358 11.298607 -1.708076 2.591635 0.346128
-0.178508 9.695119 0.000578 0.008497 0.155441 0.024595 0.303429 9.654431 10.827361 -2.449720 0.641946 -0.970185
-0.159603 9.886770 0.000353 0.004984 0.155441 -0.041484 -1.101390 9.849094 10.509754 -3.358687 -1.082754 -2.172014
-0.147137 9.971845 0.000202 0.002850 0.155441 -0.093846 -0.607056 9.905481 10.291398 -4.458558 -2.449427 -3.318958
-0.136468 9.956260 0.000121 0.001776 0.155441 -0.133180 0.494867 9.851609 10.112611 -5.818713 -3.476061 -4.511753
-0.121829 9.896493 0.000084 0.001145 0.155441 -0.167210 -1.684811 9.763011 9.921610 -6.947917 -4.364253 -5.499010
-0.112942 9.833371 0.000053 0.000468 0.155441 -0.193883 -0.337257 9.702844 9.725970 -7.174450 -5.060415 -5.853059
-0.109115 9.824143 0.000013 -0.000520 0.155441 -0.206103 8.209163 9.768323 9.582929 -7.075879 -5.379372 -5.879012
-0.106353 9.855590 -0.000050 -0.001445 0.155441 -0.211316 7.014774 9.802735 9.487526 -7.557986 -5.515436 -6.201512
-0.107885 9.872850 -0.000089 -0.002042 0.155441 -0.233637 5.914092 9.781253 9.378369 -7.679499 -6.098009 -6.471321
-0.109545 9.857029 -0.000116 -0.002536 0.155441 -0.254331 4.932196 9.803298 9.311883 -7.655513 -6.638141 -6.649785
-0.108609 9.829451 -0.000143 -0.002742 0.155441 -0.266490 4.144207 9.776812 9.290077 -8.131100 -6.955506 -7.063218
-0.107994 9.801253 -0.000143 -0.002709 0.140649 -0.285027 3.555840 9.735803 9.256191 -9.216088 -7.439325 -7.909831
-0.109912 9.772128 -0.000141 -0.002734 0.127265 -0.320177 3.139212 9.672716 9.179313 -10.379451 -8.356758 -8.956145
-0.116604 9.714239 -0.000146 -0.002834 0.115154 -0.365000 2.763066 9.601204 9.086552 -10.885792 -9.526643 -9.683760
-0.136373 9.634343 -0.000153 -0.002903 0.104196 -0.400402 2.380999 9.562578 9.043056 -10.329074 -10.450661 -9.648073
-0.160605 9.556852 -0.000155 -0.002722 0.094280 -0.410636 2.058323 9.561062 9.103227 -8.803272 -10.717759 -8.952870
-0.176288 9.483426 -0.000138 -0.002015 0.085308 -0.394665 2.028751 9.559748 9.279677 -8.368619 -10.300901 -8.611904
-0.184640 9.427601 -0.000085 -0.000784 0.077190 -0.383101 2.196819 9.461600 9.434186 -8.694896 -9.999076 -8.651640
-0.186665 9.407857 -0.000011 0.000140 0.069844 -0.381001 2.350510 9.459163 9.525854 -9.808233 -9.944276 -9.135993
-0.175570 9.608451 0.000017 -0.000438 0.063198 -0.397841 2.387291 9.737719 9.543950 -9.555907 -10.383817 -9.298407
-0.194394 9.527838 -0.000059 0.000085 0.057184 -0.402040 2.315463 9.419796 9.602203 -8.458415 -10.493398 -9.017054
-0.228377 9.257714 0.000052 0.001825 0.051742 -0.393862 2.252242 9.275190 9.714896 -7.991747 -10.279950 -8.807589
-0.241517 9.225808 0.000129 0.002592 0.046818 -0.385852 2.227314 9.351755 9.831440 -7.316029 -10.070881 -8.560845
-0.252022 9.208562 0.000141 0.003300 0.042363 -0.375648 2.223530 9.293201 9.968346 -6.703946 -9.804564 -8.293967
-0.259886 9.200962 0.000200 0.004066 0.053821 -0.363703 2.223424 9.351365 10.115802 -7.237838 -9.492797 -8.219190
-0.265403 9.202875 0.000228 0.004837 0.061204 -0.358281 2.292897 9.247132 10.187558 -8.224360 -9.351265 -8.347805
-0.268584 9.225837 0.000281 0.005096 0.075510 -0.360406 2.372962 9.290284 10.172869 -8.200524 -9.406752 -8.436788
-0.272253 9.234165 0.000265 0.004974 0.075510 -0.361000 2.475792 9.276488 10.166217 -8.048331 -9.422240 -8.469247
-0.272681 9.226085 0.000268 0.004982 0.075510 -0.359160 2.534643 9.285106 10.171546 -10.093078 -9.374228 -8.830241
-0.272668 9.226074 0.000268 0.005010 0.075510 -0.369976 2.528918 9.126870 10.025021 -9.104032 -9.656510 -8.917504
-0.275765 9.236456 0.000272 0.004178 0.075510 -0.370762 2.400509 9.364073 9.986113 -6.166603 -9.677037 -8.473388
-0.277413 9.243870 0.000191 0.003933 0.075510 -0.351278 2.220498 9.401535 10.165716 -6.640355 -9.168492 -8.185678
-0.277377 9.241923 0.000233 0.004895 0.075510 -0.337685 2.020543 9.297034 10.256137 -6.313484 -8.813706 -7.882341
-0.268491 9.279559 0.000292 0.005175 0.078417 -0.321781 1.803941 9.446362 10.339262 -8.423948 -8.398601 -7.964200
-0.255741 9.343998 0.000273 0.005274 0.078417 -0.321261 1.557428 9.260274 10.237903 -9.970016 -8.385043 -8.282606
-0.243770 9.459248 0.000298 0.004126 0.080220 -0.331902 1.165562 9.503823 10.045433 -8.712129 -8.662763 -8.226629
-0.238802 9.484050 0.000170 0.002975 0.080220 -0.327473 0.592733 9.464662 9.985726 -8.823581 -8.547172 -8.184175
-0.241130 9.418447 0.000163 0.003006 0.080220 -0.324297 -0.396361 9.361488 9.909011 -8.036618 -8.464292 -7.958681
-0.238580 9.422651 0.000171 0.002577 0.080220 -0.314810 0.997457 9.502504 9.891299 -7.142838 -8.216676 -7.584805
-0.232151 9.451430 0.000124 0.002331 0.080220 -0.298150 0.473869 9.488216 9.924958 -8.894443 -7.781838 -7.720203
-0.228129 9.492076 0.000138 0.002294 0.080220 -0.303295 -0.353621 9.414716 9.801221 -8.935025 -7.916111 -7.833420
-0.224219 9.533026 0.000123 0.001421 0.080220 -0.309206 0.860342 9.554001 9.700727 -8.435364 -8.070388 -7.818160
-0.215476 9.560215 0.000052 0.000745 0.080220 -0.307942 0.355197 9.538796 9.660286 -9.587311 -8.037395 -8.140398
-0.205236 9.577832 0.000044 0.000437 0.080220 -0.319631 -0.815276 9.496992 9.539972 -9.841090 -8.342491 -8.424021
-0.195258 9.599247 0.000020 -0.000314 0.080220 -0.329220 -0.005064 9.572692 9.437540 -9.937837 -8.592780 -8.615097
-0.196169 9.600991 -0.000034 -0.000866 0.080220 -0.376601 163.299819 9.526374 9.356629 -6.575437 -9.829426 -8.210869
-0.203989 9.577782 -0.000045 -0.001172 0.072586 -0.362676 146.964424 9.854194 9.614029 -4.797994 -9.465990 -7.461670
-0.205611 9.567321 -0.000066 0.000247 0.065679 -0.331481 132.264452 9.675350 9.946885 -5.176198 -8.651796 -7.126724
-0.200235 9.587664 0.000085 0.001903 0.059428 -0.311259 119.032850 9.768824 10.162272 -5.616277 -8.123973 -7.001542
-0.190122 9.645900 0.000121 0.002736 0.053773 -0.296172 107.127411 9.728883 10.291958 -6.565946 -7.730195 -7.172624
-0.183651 9.699882 0.000171 0.003137 0.048656 -0.296045 96.412343 9.760864 10.316933 -7.112729 -7.726899 -7.420828
-0.182528 9.729608 0.000170 0.003112 0.045578 -0.302879 86.769455 9.749011 10.302609 -6.424657 -7.905269 -7.255678
-0.181032 9.741155 0.000169 0.002975 0.045578 -0.294103 78.091007 9.841927 10.353521 -5.852175 -7.676206 -6.913168
-0.178418 9.741602 0.000157 0.003242 0.045578 -0.276671 70.281297 9.793231 10.424219 -5.829033 -7.221212 -6.682015
-0.180130 9.750043 0.000193 0.003572 0.051797 -0.266159 63.251890 9.816156 10.457465 -5.146536 -6.946851 -6.259986
-0.184341 9.771978 0.000196 0.003632 0.052721 -0.251949 56.926205 9.866811 10.519091 -4.132198 -6.575969 -5.662787
-0.183206 9.840437 0.000200 0.003596 0.053692 -0.229284 51.234808 9.996039 10.627926 -3.986344 -5.984394 -5.295338
-0.181482 9.875427 0.000194 0.003987 0.053692 -0.214347 46.115030 9.923410 10.697149 -4.035309 -5.594540 -5.119275
-0.173392 9.890046 0.000236 0.004277 0.063545 -0.202016 41.508199 9.976099 10.729181 -5.251216 -5.272707 -5.520662
-0.159582 9.944943 0.000231 0.004155 0.063545 -0.210311 37.362828 9.921573 10.652311 -6.529874 -5.489203 -6.302982
-0.157061 9.988579 0.000224 0.003517 0.063545 -0.236095 33.623527 9.966937 10.510691 -6.089138 -6.162175 -6.312798
-0.162108 10.015670 0.000169 0.002623 0.063545 -0.238898 30.249528 10.059937 10.466470 -4.988588 -6.235335 -5.766442
-0.161572 10.039489 0.000129 0.002262 0.063545 -0.220489 27.211821 10.113279 10.513920 -4.687076 -5.754847 -5.402114
-0.154079 10.064857 0.000127 0.002379 0.063545 -0.202859 24.479686 10.103326 10.546220 -4.692921 -5.294690 -5.229123
-0.144172 10.102812 0.000139 0.002350 0.063545 -0.189928 22.019535 10.145913 10.545391 -4.699157 -4.957204 -5.107470
-0.138908 10.140854 0.000126 0.002144 0.063545 -0.180634 19.801485 10.155466 10.523596 -4.878481 -4.714618 -5.116255
-0.138124 10.165802 0.000117 0.001896 0.063545 -0.181225 17.800414 10.162223 10.475968 -5.037688 -4.730040 -5.200360
-0.134572 10.194526 0.000100 0.001491 0.063545 -0.186254 15.997447 10.198122 10.425579 -5.039956 -4.861308 -5.230997
-0.126032 10.221217 0.000074 0.001083 0.063545 -0.186783 14.374904 10.226776 10.392225 -5.520091 -4.875101 -5.506514
-0.119073 10.248402 0.000056 0.000762 0.057498 -0.194579 12.910865 10.219066 10.331206 -5.824066 -5.078588 -5.739490
-0.121139 10.270439 0.000039 0.000322 0.052026 -0.205166 11.585531 10.257633 10.271226 -5.351454 -5.354917 -5.540384
-0.128204 10.274380 0.000010 -0.000017 0.047075 -0.203926 10.393357 10.288027 10.271792 -4.837993 -5.322548 -5.211796
-0.131757 10.279170 0.000000 -0.000039 0.042595 -0.197965 9.332632 10.307120 10.307566 -4.487691 -5.166964 -4.944747
-0.126624 10.293574 0.000005 0.000074 0.038542 -0.189450 8.393523 10.331852 10.355283 -4.675356 -4.944709 -4.977046
-0.118300 10.321739 0.000011 0.000178 0.034874 -0.186604 7.558245 10.333125 10.371404 -5.258479 -4.870445 -5.287749
-0.116552 10.350237 0.000015 0.000112 0.031555 -0.195754 6.803196 10.335869 10.341230 -5.369326 -5.109259 -5.431809
-0.118510 10.373748 0.000005 -0.000172 0.028552 -0.202871 6.117401 10.385246 10.325678 -5.296979 -5.295025 -5.451185
-0.120787 10.386213 -0.000014 -0.000321 0.025835 -0.206697 5.500314 10.386845 10.331590 -5.366052 -5.394873 -5.525564
-0.118229 10.391349 -0.000014 -0.000317 0.023377 -0.211261 4.946096 10.397036 10.339650 -5.603734 -5.513989 -5.707694
-0.112299 10.406073 -0.000015 -0.000352 0.021152 -0.215455 4.445886 10.406813 10.339803 -5.704160 -5.623451 -5.802698
-0.111349 10.422436 -0.000018 -0.000438 0.019139 -0.216899 3.986541 10.429100 10.342230 -5.231545 -5.661154 -5.537050
-0.111686 10.442479 -0.000024 -0.000531 0.017318 -0.206986 3.568769 10.484246 10.383319 -5.187162 -5.402428 -5.407871
-0.111790 10.461472 -0.000028 -0.000414 0.015670 -0.203459 3.196163 10.458817 10.406699 -5.297195 -5.310366 -5.431924
-0.107556 10.480643 -0.000014 -0.000392 0.014179 -0.205182 2.863277 10.499055 10.415046 -5.458437 -5.355338 -5.537621
-0.103401 10.499974 -0.000024 -0.000450 0.012829 -0.207066 2.565178 10.493254 10.416084 -5.507948 -5.404508 -5.578305
-0.106870 10.515016 -0.000022 -0.000524 0.011609 -0.209420 2.290552 10.524946 10.418498 -4.819728 -5.465936 -5.204344
-0.111440 10.529041 -0.000031 -0.000586 0.010504 -0.198668 2.045820 10.579043 10.476277 -4.466347 -5.185318 -4.894569
-0.115203 10.541166 -0.000030 -0.000344 0.009504 -0.190434 1.837069 10.562850 10.534752 -4.233738 -4.970403 -4.683348
-0.115713 10.559954 -0.000008 -0.000134 0.008600 -0.184726 1.660336 10.610902 10.590538 -4.197661 -4.821412 -4.612726
-0.114596 10.577160 -0.000006 0.000071 0.007781 -0.181396 1.512048 10.595268 10.634302 -4.733112 -4.734505 -4.891338
-0.116466 10.587975 0.000012 0.000245 0.007041 -0.191708 1.378843 10.582242 10.629770 -5.107965 -5.003642 -5.213473
-0.119522 10.598949 0.000014 0.000163 0.006371 -0.205006 1.253201 10.604771 10.619145 -5.206630 -5.350749 -5.408141
-0.122513 10.605879 0.000005 0.000070 0.005765 -0.213599 1.134387 10.617185 10.628239 -5.261587 -5.575013 -5.532331
-0.124274 10.611715 0.000004 0.000088 0.005216 -0.218741 1.022876 10.630002 10.649249 -5.159902 -5.709227 -5.532752
-0.121518 10.621916 0.000006 0.000145 0.004720 -0.216876 0.919565 10.655168 10.686236 -5.166264 -5.660557 -5.524042
-0.115592 10.638332 0.000009 0.000254 0.004271 -0.211409 0.823614 10.660603 10.717186 -5.391787 -5.517849 -5.597248
-0.112873 10.652747 0.000017 0.000341 0.004583 -0.209386 0.729589 10.655577 10.719857 -5.362284 -5.465047 -5.553856
-0.108516 10.668709 0.000019 0.000271 0.005212 -0.204882 0.635102 10.686645 10.722173 -5.527219 -5.347503 -5.591000
-0.102345 10.685865 0.000011 0.000192 0.005212 -0.202669 0.541645 10.672245 10.705547 -5.478189 -5.289747 -5.526517
-0.097967 10.707890 0.000010 -0.000012 0.005212 -0.197927 0.446578 10.722781 10.692156 -5.087120 -5.165964 -5.243391
-0.092876 10.720566 -0.000009 -0.000151 0.005212 -0.185639 0.360294 10.724496 10.700698 -5.308822 -4.845246 -5.217429
-0.090884 10.723789 -0.000007 -0.000122 0.005212 -0.184142 0.283923 10.689705 10.669488 -5.202366 -4.806184 -5.123656
-0.090910 10.744621 -0.000006 -0.000398 0.005212 -0.183099 0.205764 10.759907 10.648354 -4.673539 -4.778962 -4.806543
-0.086635 10.774291 -0.000033 -0.000667 0.008842 -0.173561 0.153241 10.793421 10.668571 -4.855470 -4.530022 -4.790564
-0.081311 10.788360 -0.000037 -0.000635 0.009951 -0.173339 0.140710 10.760778 10.657018 -5.219950 -4.524223 -4.972259
-0.078114 10.789801 -0.000031 -0.000704 0.009951 -0.180232 0.116587 10.762713 10.619990 -5.339039 -4.704131 -5.098116
-0.076761 10.791474 -0.000043 -0.000909 0.011460 -0.185491 0.029030 10.768574 10.591231 -5.677002 -4.841387 -5.324401
-0.079435 10.785234 -0.000053 -0.001028 0.014269 -0.196724 -0.655953 10.738142 10.550210 -5.731495 -5.134579 -5.465952
-0.084825 10.764094 -0.000056 -0.001133 0.015169 -0.206785 -0.534085 10.741695 10.528438 -5.476598 -5.397169 -5.431684
-0.088679 10.754273 -0.000064 -0.001197 0.017244 -0.209717 -0.411169 10.758591 10.545278 -5.357933 -5.473692 -5.399999
-0.091135 10.754439 -0.000064 -0.001108 0.017308 -0.211641 -0.294395 10.759488 10.574564 -5.272124 -5.523924 -5.379269
-0.092323 10.764310 -0.000056 -0.001005 0.017308 -0.212673 -0.202099 10.786374 10.611746 -5.222479 -5.550840 -5.371145
-0.094287 10.773667 -0.000053 -0.000858 0.017308 -0.213333 -0.141688 10.787244 10.651680 -5.190483 -5.568082 -5.369945
-0.099452 10.774623 -0.000042 -0.000651 0.017308 -0.214804 -0.125596 10.791829 10.691278 -4.907632 -5.606476 -5.240626
-0.104008 10.777749 -0.000031 -0.000458 0.017308 -0.211887 -0.154162 10.817016 10.750456 -4.558801 -5.530323 -5.030807
-0.105557 10.792057 -0.000021 -0.000220 0.017308 -0.204226 -0.153450 10.842337 10.824863 -4.399446 -5.330377 -4.877147
-0.106831 10.830314 -0.000007 -0.000029 0.017308 -0.198034 -0.063251 10.888009 10.892721 -4.029906 -5.168754 -4.622100
-0.107836 10.868907 -0.000000 0.000126 0.017308 -0.188397 0.283215 10.935972 10.972686 -3.750035 -4.917237 -4.380968
-0.105516 10.906044 0.000010 0.000353 0.017308 -0.177544 0.199154 10.966498 11.050418 -3.773350 -4.633956 -4.291389
-0.099174 10.943876 0.000024 0.000565 0.017308 -0.170093 0.119312 10.988006 11.101991 -4.215727 -4.439500 -4.458885
-0.091649 10.982405 0.000033 0.000634 0.017308 -0.170531 -0.060479 10.994104 11.106213 -4.705499 -4.450915 -4.725950
-0.087756 11.020875 0.000033 0.000452 0.015661 -0.176668 0.835487 11.023884 11.079271 -4.475601 -4.611106 -4.665435
-0.088063 11.041881 0.000016 0.000198 0.014170 -0.173063 0.666451 11.066077 11.085330 -4.050968 -4.517026 -4.393120
-0.086882 11.052180 0.000005 0.000176 0.012822 -0.162651 0.511253 11.074762 11.115714 -4.215638 -4.245256 -4.358648
-0.084117 11.056777 0.000012 0.000312 0.011602 -0.160434 0.379182 11.044530 11.111962 -4.493110 -4.187403 -4.472572
-0.079405 11.069120 0.000020 0.000227 0.010498 -0.163413 0.241238 11.066687 11.085573 -5.046075 -4.265142 -4.786265
-0.075368 11.082879 0.000006 0.000014 0.009499 -0.173736 0.055039 11.039366 11.028837 -5.618583 -4.534570 -5.189128
-0.073828 11.086085 -0.000003 -0.000303 0.008595 -0.189232 -0.819791 11.045079 10.956181 -5.821619 -4.939022 -5.457448
-0.073400 11.073390 -0.000026 -0.000621 0.007777 -0.200328 -0.679360 11.032222 10.904084 -5.894693 -5.228643 -5.609458
-0.071245 11.046893 -0.000038 -0.000757 0.010260 -0.206495 -0.548465 11.010471 10.870205 -6.117403 -5.389606 -5.784489
-0.070336 11.022291 -0.000042 -0.000806 0.011273 -0.212237 -0.394598 10.979123 10.832789 -5.843394 -5.539472 -5.694216
-0.073757 10.995462 -0.000044 -0.000862 0.011802 -0.210078 -0.194081 10.986558 10.827081 -5.095836 -5.483110 -5.267347
-0.075085 10.972459 -0.000048 -0.000770 0.012894 -0.195349 0.070237 10.989183 10.869621 -5.034395 -5.098681 -5.063483
-0.075588 10.960841 -0.000036 -0.000483 0.012894 -0.188691 -0.329521 10.942816 10.883392 -4.627667 -4.924916 -4.768370
-0.073750 10.947162 -0.000019 -0.000338 0.012894 -0.177912 -0.268271 10.972131 10.911262 -4.464873 -4.643569 -4.557037
-0.069466 10.924272 -0.000019 -0.000069 0.012894 -0.167469 -0.294800 10.898905 10.925484 -4.902561 -4.371007 -4.662445
-0.065191 10.913248 0.000007 0.000065 0.012894 -0.168960 -0.319610 10.886287 10.885825 -5.115891 -4.409933 -4.778965
-0.067700 10.885338 -0.000001 0.000003 0.012894 -0.172914 -0.302915 10.833534 10.834731 -5.009174 -4.513129 -4.753913
-0.075365 10.850396 -0.000000 -0.000083 0.012894 -0.175891 -0.260674 10.828019 10.800430 -4.584034 -4.590813 -4.551961
-0.081433 10.828674 -0.000009 -0.000150 0.012894 -0.173407 -0.263908 10.829689 10.803745 -4.241464 -4.525980 -4.339576
-0.084308 10.806818 -0.000008 -0.000016 0.012894 -0.169162 -0.349862 10.809093 10.824624 -4.309375 -4.415185 -4.334285
-0.082190 10.796149 0.000004 0.000151 0.012894 -0.169429 -0.444790 10.793444 10.829428 -4.796869 -4.422172 -4.604594
-0.078623 10.790912 0.000010 0.000204 0.012894 -0.177725 -0.485475 10.761794 10.798483 -5.272565 -4.638685 -4.951903
-0.076205 10.780014 0.000010 0.000098 0.011667 -0.188546 -0.458100 10.748756 10.750802 -5.630230 -4.921114 -5.259841
-0.074369 10.775768 0.000000 -0.000132 0.010557 -0.198618 -0.374084 10.746104 10.702025 -5.551274 -5.184002 -5.323220
-0.074382 10.754630 -0.000013 -0.000279 0.009552 -0.200212 -0.253023 10.734895 10.680730 -5.348308 -5.225601 -5.226735
-0.075625 10.716956 -0.000016 -0.000192 0.008643 -0.195947 -0.123163 10.693732 10.675480 -5.390107 -5.114303 -5.198073
