0.000000 -0.004923 0.000000 0.000000 0.000000 0.000000 0.000000 0.000000 0.000000 6.833613 0.000000 6.833613
0.000000 -0.008697 0.000000 0.000000 0.000000 0.000000 0.000000 0.000000 0.000000 6.833581 0.000000 6.833581
0.000000 -0.007200 0.000000 0.000000 0.000000 0.000000 0.000000 0.000000 0.000000 6.833459 0.000000 6.833459
0.000000 0.037251 0.000000 0.000000 0.000000 0.000000 0.000000 0.000000 0.000000 6.833881 0.000000 6.833881
0.000000 0.179163 0.000000 0.000000 0.000000 0.000000 0.000000 0.000000 0.000000 6.833877 0.000000 6.833877
0.000000 0.373104 0.000000 0.000000 0.000000 0.000000 0.000000 0.000000 0.000000 6.833315 0.000000 6.833315
0.000000 0.556746 0.000000 0.000000 0.000000 0.000000 0.000000 0.000000 0.000000 6.834164 0.000000 6.834164
0.000000 0.733973 0.000000 0.000000 0.000000 0.000000 0.000000 0.000000 0.000000 6.835168 0.000000 6.835168
0.000000 0.916260 0.000000 0.000000 0.000000 0.000000 0.000000 0.000000 0.000000 6.834094 0.000000 6.834094
0.991033 1.096619 0.000000 0.000000 0.000000 0.000000 0.000000 0.000000 0.000000 6.833485 0.000000 6.833485
1.000960 1.263816 0.000000 0.000000 0.000000 0.000000 0.000000 0.000000 0.000000 6.832047 0.000000 6.832047
0.963436 1.393037 0.000000 0.000000 0.000000 0.000000 0.000000 0.000000 0.000000 6.841738 0.000000 6.841738
0.896830 1.465420 0.000000 0.000000 0.000000 0.000000 0.000000 0.000000 0.000000 6.852982 0.000000 6.852982
0.840870 1.481143 0.000000 0.000000 0.000000 0.000000 0.000000 0.000000 0.000000 6.848708 0.000000 6.848708
0.765579 1.472207 0.000000 0.000000 0.000000 0.000000 0.000000 0.000000 0.000000 6.845640 0.000000 6.845640
0.676446 1.470693 0.000000 0.000000 0.000000 0.000000 0.000000 0.000000 0.000000 6.836772 0.000000 6.836772
0.565018 1.486162 0.000000 0.000000 0.000000 0.000000 0.000000 0.000000 0.000000 6.831779 0.000000 6.831779
0.444746 1.514028 0.000000 0.000000 0.000000 0.000000 0.000000 0.000000 0.000000 6.829834 0.000000 6.829834
0.327312 1.545681 0.000000 0.000000 0.000000 0.000000 0.000000 0.000000 0.000000 6.828059 0.000000 6.828059
0.228151 1.593394 0.000000 0.000000 0.000000 0.000000 0.000000 0.000000 0.000000 6.830638 0.000000 6.830638
0.163236 1.657084 0.000000 0.000000 0.000000 0.000000 0.000000 0.000000 0.000000 6.830266 0.000000 6.830266
0.115442 1.725101 0.000000 0.000000 0.000000 0.000000 0.000000 0.000000 0.000000 6.831769 0.000000 6.831769
0.101275 1.794132 0.000000 0.000000 0.000000 0.000000 0.000000 0.000000 0.000000 6.824889 0.000000 6.824889
0.086131 1.866738 0.000000 0.000000 0.000000 0.000000 0.000000 0.000000 0.000000 6.827965 0.000000 6.827965
0.073572 1.953622 0.000000 0.000000 0.000000 0.000000 0.000000 0.000000 0.000000 6.835429 0.000000 6.835429
0.073489 2.047416 0.000000 0.000000 0.000000 0.000000 0.000000 0.000000 0.000000 6.834457 0.000000 6.834457
0.062817 2.137885 0.000000 0.000000 0.000000 0.000000 0.000000 0.000000 0.000000 6.839667 0.000000 6.839667
0.057201 2.232513 0.000000 0.000000 0.000000 0.000000 0.000000 0.000000 0.000000 6.847170 0.000000 6.847170
0.062151 2.333631 0.000000 0.000000 0.000000 0.000000 0.000000 0.000000 0.000000 6.847717 0.000000 6.847717
0.063996 2.423747 0.000000 0.000000 0.000000 0.000000 0.000000 0.000000 0.000000 6.842952 0.000000 6.842952
0.063399 2.509004 0.000000 0.000000 0.000000 0.000000 0.000000 0.000000 0.000000 6.836694 0.000000 6.836694
0.060215 2.603839 0.000000 0.000000 0.000000 0.000000 0.000000 0.000000 0.000000 6.835309 0.000000 6.835309
0.053243 2.703041 0.000000 0.000000 0.000000 0.000000 0.000000 0.000000 0.000000 6.837813 0.000000 6.837813
0.043825 2.794885 0.000000 0.000000 0.000000 0.000000 0.000000 0.000000 0.000000 6.837157 0.000000 6.837157
0.026280 2.879699 0.000000 0.000000 0.000000 0.000000 0.000000 0.000000 0.000000 6.842687 0.000000 6.842687
0.022656 2.970125 0.000000 0.000000 0.000000 0.000000 0.000000 0.000000 0.000000 6.837483 0.000000 6.837483
0.022010 3.062876 0.000000 0.000000 0.000000 0.000000 0.000000 0.000000 0.000000 6.832256 0.000000 6.832256
0.015140 3.154536 0.000000 0.000000 0.000000 0.000000 0.000000 0.000000 0.000000 6.837994 0.000000 6.837994
0.016344 3.246321 0.000000 0.000000 0.000000 0.000000 0.000000 0.000000 0.000000 6.835605 0.000000 6.835605
0.015945 3.340397 0.000000 0.000000 0.000000 0.000000 0.000000 0.000000 0.000000 6.834451 0.000000 6.834451
0.014797 3.438423 0.000000 0.000000 0.000000 0.000000 0.000000 0.000000 0.000000 6.834059 0.000000 6.834059
0.011563 3.539173 0.000000 0.000000 0.000000 0.000000 0.000000 0.000000 0.000000 6.838363 0.000000 6.838363
0.009896 3.636195 0.000000 0.000000 0.000000 0.000000 0.000000 0.000000 0.000000 6.843303 0.000000 6.843303
0.015605 3.732104 0.000000 0.000000 0.000000 0.000000 0.000000 0.000000 0.000000 6.837638 0.000000 6.837638
0.015946 3.829394 0.000000 0.000000 0.000000 0.000000 0.000000 0.000000 0.000000 6.837522 0.000000 6.837522
0.014059 3.927546 0.000000 0.000000 0.000000 0.000000 0.000000 3.927546 3.927546 6.840792 0.000000 6.840792
0.014360 4.024539 0.000000 -0.000514 0.000000 0.298111 0.000000 4.596767 4.431880 6.840160 7.780818 6.840160
0.011789 4.114887 -0.000049 0.001680 0.013151 0.176896 0.000049 3.661368 -145.299131 6.843193 4.617059 6.843193
0.014049 4.205787 0.000199 -0.792192 0.053437 0.222199 0.079087 4.802286 -130.187675 6.839444 5.799479 6.839444
0.044035 4.425826 -0.000095 -0.713286 0.053437 0.207168 -1.472068 4.199855 -116.651129 6.835960 5.407169 6.835960
0.037359 4.489857 0.000104 -0.641898 0.053437 0.212990 -1.184501 4.825169 -104.433719 11.111442 5.559123 11.111442
0.007360 4.446166 -0.000052 -0.576929 0.053437 0.422495 -0.866300 4.544432 -93.144262 10.965770 11.027284 10.965770
0.011334 4.553978 0.000144 -0.517681 0.053437 0.358904 -0.432205 4.557167 -83.378886 10.850612 9.367531 10.850612
0.033354 4.718599 0.000126 -0.466808 0.053437 0.369613 0.161888 4.954982 -74.461901 10.707779 9.647044 10.707779
0.055465 4.907740 0.000032 -0.420561 0.053437 0.363461 -1.227121 4.946644 -66.448239 10.593347 9.486466 10.593347
0.062707 5.038636 0.000053 -0.378793 0.053437 0.359819 -0.902201 5.192264 -59.219516 10.497812 9.391430 10.497812
0.062607 5.145245 0.000002 -0.341054 0.053437 0.355639 -0.605525 5.187629 -52.703042 10.382581 9.282332 10.382581
0.065897 5.289046 0.000025 -0.307287 0.053437 0.347026 -0.350887 5.449735 -46.824278 10.224742 9.057524 10.224742
0.072774 5.440407 -0.000028 -0.276939 0.053437 0.336978 -0.211162 5.517342 -41.513412 9.937342 8.795264 9.937342
0.071787 5.579958 -0.000021 -0.249537 0.048352 0.322157 0.059398 5.712631 -36.721495 9.674290 8.408414 9.674290
0.066413 5.712628 -0.000051 -0.224849 0.043751 0.306339 -1.783479 5.804157 -32.386551 9.356093 7.995581 9.356093
0.081471 6.005486 -0.000046 -0.203431 0.039587 0.285534 -1.540016 6.264924 -28.448974 9.104541 7.452553 9.104541
0.062720 6.102926 -0.000143 -0.183083 0.038438 0.266891 -1.295800 6.092777 -24.874334 9.013762 6.965955 9.013762
0.025945 6.049593 -0.000048 -0.163859 0.038438 0.258153 -1.119836 6.163116 -21.633872 8.767881 6.737884 8.767881
0.020599 6.182695 -0.000021 -0.147394 0.038438 0.245529 -1.005858 6.345140 -18.705433 8.477517 6.408399 8.477517
0.016470 6.320811 -0.000029 -0.132608 0.038438 0.233395 -0.895838 6.450959 -16.053197 8.227157 6.091704 8.227157
0.009917 6.440413 -0.000014 -0.119188 0.038438 0.224299 -0.787507 6.586384 -13.649429 7.929703 5.854298 7.929703
0.002916 6.551866 -0.000007 -0.107042 0.038438 0.214626 -0.675736 6.674317 -11.479234 7.630284 5.601813 7.630284
-0.001032 6.663731 0.000011 -0.096135 0.038438 0.205666 -0.554335 6.801933 -9.518266 7.341089 5.367960 7.341089
-0.003905 6.773234 0.000015 -0.086325 0.038438 0.198458 -0.413038 6.892946 -7.746446 7.109518 5.179824 7.109518
-0.003549 6.880917 0.000028 -0.077507 0.038438 0.193940 -0.229055 7.010824 -6.144180 6.828680 5.061913 6.828680
0.030141 7.212311 0.000031 -0.070773 0.038438 0.188236 0.084461 7.501249 -4.680782 6.559513 4.913044 6.559513
0.020193 7.259102 -0.000073 -0.063267 0.038438 0.184647 -1.157052 7.184434 -3.367743 6.528091 4.819369 6.528091
-0.013811 7.115582 0.000056 -0.055549 0.034780 0.187235 -0.956046 7.184052 -2.195859 6.402443 4.886915 6.402443
-0.008776 7.231195 0.000085 -0.049952 0.031471 0.187349 -0.814469 7.378492 -1.143571 6.189137 4.889876 6.189137
-0.004356 7.344214 0.000053 -0.044975 0.028476 0.184357 -0.691544 7.410738 -0.200847 6.044960 4.811788 6.044960
-0.000556 7.441234 0.000066 -0.040494 0.025766 0.182773 -0.589259 7.554797 0.652528 5.787543 4.770460 5.787543
-0.000162 7.529885 0.000044 -0.036442 0.023314 0.177825 -0.486897 7.583497 1.413805 5.649942 4.641305 5.649942
-0.001043 7.615763 0.000052 -0.032863 0.021095 0.173380 -0.370233 7.714507 2.106932 5.671943 4.525287 5.582964
0.000421 7.703642 0.000031 -0.029656 0.019088 0.173385 -0.289377 7.777861 2.749514 5.576956 4.525418 5.466636
0.025450 7.977899 0.000034 -0.027704 0.017271 0.170842 -0.236749 8.213963 3.348385 5.668916 4.459057 5.464412
0.046193 8.220249 -0.000070 -0.025815 0.018944 0.173123 -0.219432 8.312759 3.923053 5.741118 4.518574 5.484712
0.015166 8.023768 -0.000067 -0.021729 0.018944 0.178336 -0.265730 7.880973 4.421522 5.521280 4.654633 5.333778
-0.014806 7.860244 0.000085 -0.018221 0.022903 0.175650 -0.312211 7.906326 4.828059 5.326286 4.584539 5.145043
-0.011267 7.958639 0.000088 -0.016588 0.023533 0.169573 -0.307442 8.054122 5.194750 5.105420 4.425920 4.917407
-0.008068 8.046098 0.000053 -0.015109 0.023533 0.162405 -0.270420 8.088812 5.529017 4.879473 4.238840 4.680866
0.018150 8.324278 0.000052 -0.014811 0.023533 0.154324 -0.165660 8.558974 5.854865 4.865570 4.027921 4.577877
0.013600 8.325319 -0.000072 -0.013090 0.023533 0.152872 0.023149 8.198963 6.162478 4.576844 3.990015 4.350358
-0.015530 8.140325 0.000053 -0.010480 0.023533 0.147702 -1.398518 8.135846 6.402694 4.518611 3.855086 4.249478
-0.014131 8.217717 0.000077 -0.009617 0.023533 0.144602 -1.223678 8.331191 6.632174 4.606599 3.774156 4.261329
-0.010869 8.289065 0.000029 -0.008779 0.023533 0.146376 -1.074550 8.315555 6.858054 4.451479 3.820459 4.152984
-0.012052 8.332105 0.000047 -0.007811 0.023533 0.143646 -0.949369 8.390973 7.051086 4.611172 3.749228 4.216021
-0.008806 8.378227 0.000034 -0.007032 0.023533 0.147925 -0.850034 8.430355 7.246124 4.302968 3.860896 4.034931
0.015799 8.606564 0.000038 -0.007209 0.023533 0.144305 -0.780516 8.779496 7.414133 3.593051 3.766421 3.543407
0.013996 8.618389 -0.000055 -0.006381 0.023533 0.126993 -0.687307 8.476967 7.522023 3.123845 3.314578 3.091251
-0.006125 8.466551 0.000032 -0.005005 0.021294 0.111411 -0.598787 8.444426 7.602684 2.452735 2.907860 2.527048
-0.007817 8.499959 0.000034 -0.004754 0.019267 0.089573 -0.488602 8.511477 7.659503 2.214974 2.337880 2.185980
-0.008273 8.523933 0.000003 -0.004580 0.017434 0.075742 -0.385698 8.525010 7.737059 1.560655 1.976884 1.646555
-0.011137 8.527423 -0.000004 -0.004188 0.015775 0.054920 -0.317674 8.499256 7.786000 0.976398 1.433434 1.092941
-0.014859 8.527464 -0.000005 -0.003929 0.014274 0.032728 -0.235611 8.516983 7.827099 0.421022 0.854218 0.545124
-0.019884 8.531093 -0.000019 -0.003730 0.012915 0.010830 -0.162555 8.511058 7.866176 -0.293056 0.282657 -0.102918
-0.027444 8.533003 -0.000024 -0.003533 0.011686 -0.017152 -0.055902 8.508931 7.891231 -0.845349 -0.447686 -0.700102
-0.032815 8.531916 -0.000033 -0.003395 0.010574 -0.042756 0.114358 8.521551 7.926545 -1.536120 -1.115939 -1.370936
-0.037982 8.524006 -0.000041 -0.003166 0.011068 -0.069744 0.053524 8.495589 7.955910 -1.910704 -1.820350 -1.847992
-0.040620 8.507947 -0.000038 -0.002925 0.011068 -0.087342 -0.063275 8.511299 8.004580 -2.369591 -2.279670 -2.305712
-0.039078 8.486168 -0.000041 -0.002552 0.011068 -0.100842 -0.032828 8.459561 8.046237 -3.132707 -2.632017 -2.926349
-0.038364 8.457467 -0.000024 -0.002179 0.011068 -0.119329 0.349049 8.419589 8.051157 -3.523444 -3.114543 -3.334471
-0.038457 8.428093 -0.000021 -0.001997 0.011068 -0.130196 0.226931 8.405329 8.059284 -3.711062 -3.398172 -3.544235
-0.038034 8.407025 -0.000023 -0.001843 0.011068 -0.134449 0.044470 8.385757 8.071434 -3.670210 -3.509165 -3.547809
-0.034369 8.398716 -0.000022 -0.001734 0.011068 -0.131525 -0.657836 8.397439 8.092518 -3.812585 -3.432854 -3.613939
-0.031230 8.388703 -0.000026 -0.001569 0.011068 -0.131314 -0.567164 8.354258 8.094679 -4.044616 -3.427341 -3.756203
-0.034088 8.354727 -0.000020 -0.001378 0.011068 -0.136631 -0.490528 8.310470 8.076051 -4.024643 -3.566132 -3.774067
-0.038109 8.307399 -0.000018 -0.001226 0.011068 -0.138549 -0.439297 8.271789 8.066032 -4.187441 -3.616191 -3.889715
-0.042576 8.252012 -0.000015 -0.000985 0.011068 -0.144479 -0.420298 8.194885 8.043325 -4.370077 -3.770972 -4.050335
-0.048342 8.185631 -0.000003 -0.000754 0.010015 -0.152175 -0.416832 8.134909 8.014237 -4.602867 -3.971827 -4.259823
-0.054070 8.119696 0.000002 -0.000559 0.009062 -0.161557 -0.415525 8.061897 7.979154 -5.126748 -4.216695 -4.685349
-0.061773 8.056563 0.000009 -0.000410 0.008199 -0.180224 -0.405576 7.986494 7.921092 -5.609606 -4.703920 -5.147166
-0.070626 8.004089 0.000011 -0.000440 0.007419 -0.201969 -0.379712 7.952678 7.863905 -5.843539 -5.271459 -5.453637
-0.073908 7.965820 0.000001 -0.000540 0.006713 -0.216858 -0.359283 7.934969 7.832731 -6.219197 -5.660068 -5.824177
-0.072677 7.930279 -0.000006 -0.000517 0.006074 -0.230325 -0.353334 7.886099 7.802057 -6.406722 -6.011562 -6.048554
-0.069561 7.891280 -0.000003 -0.000473 0.005496 -0.235309 -0.340960 7.866852 7.782407 -6.560586 -6.141658 -6.194209
-0.066251 7.846749 -0.000005 -0.000341 0.004973 -0.235434 -0.326969 7.800376 7.758550 -6.829604 -6.144924 -6.389046
-0.068475 7.787349 0.000006 -0.000153 0.004500 -0.239310 -0.299033 7.727419 7.711923 -6.671340 -6.246087 -6.287229
-0.071526 7.720001 0.000012 -0.000043 0.004072 -0.234035 -0.269323 7.683317 7.681982 -6.500722 -6.108394 -6.122999
-0.069440 7.658980 0.000014 0.000122 0.003823 -0.225500 -0.261094 7.611143 7.651314 -6.689927 -5.885626 -6.208823
-0.063624 7.599850 0.000025 0.000273 0.006759 -0.224888 -0.260101 7.532659 7.588011 -6.769505 -5.869658 -6.249305
-0.055577 7.532705 0.000028 0.000293 0.007647 -0.220516 -0.246326 7.467678 7.517416 -6.776108 -5.755560 -6.207911
-0.052127 7.460354 0.000026 0.000302 0.007647 -0.213397 -0.180221 7.380703 7.437917 -6.548393 -5.569741 -5.968851
-0.051296 7.378917 0.000027 0.000313 0.007647 -0.202712 -0.032792 7.306725 7.361254 -6.327267 -5.290857 -5.715108
-0.038037 7.378688 0.000025 -0.000092 0.007647 -0.191789 0.613740 7.361319 7.288058 -5.897667 -5.005767 -5.300879
-0.037801 7.280474 -0.000013 0.000040 0.007647 -0.175503 0.520259 7.151307 7.222810 -5.114412 -4.580702 -4.588173
-0.044449 7.100492 0.000029 0.000648 0.007700 -0.146073 0.455779 7.021249 7.171987 -4.851621 -3.812571 -4.218207
-0.040208 7.019118 0.000052 0.000810 0.013857 -0.129740 0.416168 6.942282 7.081570 -4.480612 -3.386257 -3.816502
-0.038858 6.948687 0.000048 0.000704 0.013857 -0.115494 0.355173 6.874682 6.989153 -3.850985 -3.014440 -3.217651
-0.036399 6.878305 0.000040 0.000587 0.013857 -0.094727 0.324001 6.820716 6.917580 -3.467557 -2.472413 -2.793983
-0.031779 6.806636 0.000034 0.000588 0.013857 -0.080284 0.333520 6.723416 6.834530 -2.979065 -2.095454 -2.311157
-0.025861 6.744047 0.000038 0.000479 0.013857 -0.062097 0.345111 6.696660 6.761591 -2.395933 -1.620744 -1.737870
-0.018990 6.700653 0.000024 0.000323 0.013857 -0.040776 0.353194 6.647796 6.699446 -2.114017 -1.064262 -1.399305
-0.015145 6.652498 0.000020 0.000249 0.013857 -0.030064 0.343154 6.580356 6.618847 -1.861142 -0.784692 -1.125582
-0.011535 6.601537 0.000016 0.000092 0.013857 -0.023021 0.291097 6.540647 6.539282 -1.555298 -0.600847 -0.825467
-0.007928 6.562980 0.000003 -0.000126 0.013857 -0.014531 0.215139 6.511832 6.472638 -1.294418 -0.379262 -0.560894
-0.001732 6.532669 -0.000008 -0.000318 0.013857 -0.007977 0.077290 6.483167 6.412470 -1.090562 -0.208212 -0.354277
0.004771 6.503683 -0.000018 -0.000483 0.013857 -0.001443 -0.319931 6.456296 6.357791 -0.931140 -0.037658 -0.185970
0.007426 6.474519 -0.000027 -0.000619 0.012538 0.002001 -0.138627 6.424493 6.304859 -0.782163 0.052221 -0.039824
0.010103 6.453145 -0.000033 -0.000786 0.011345 0.003953 0.229646 6.415736 6.259357 -0.665901 0.103173 0.070217
0.007962 6.429235 -0.000045 -0.000900 0.011969 0.003210 -0.006094 6.384425 6.220735 -0.423832 0.083779 0.271740
0.003300 6.395241 -0.000047 -0.000925 0.012660 0.003046 7.133973 6.367191 6.201482 -0.252260 0.079509 0.406127
0.003912 6.368529 -0.000048 -0.000885 0.012921 0.004434 6.417397 6.345611 6.194198 -0.224292 0.115724 0.419833
0.001781 6.333983 -0.000044 -0.000741 0.012921 0.003589 5.773641 6.300095 6.183591 -0.041086 0.093663 0.557001
0.014768 6.402240 -0.000034 -0.001159 0.012921 0.007649 5.193892 6.474213 6.195713 0.171026 0.199648 0.730948
0.010663 6.346749 -0.000082 -0.000800 0.022142 0.014606 4.675512 6.242709 6.208747 1.658211 0.381214 1.999792
-0.010595 6.203164 -0.000010 0.000030 0.022142 0.066902 4.206063 6.263863 6.300524 2.048710 1.746177 2.438132
-0.008508 6.191464 0.000011 0.000578 0.022142 0.084093 3.784633 6.155421 6.311493 2.435513 2.194850 2.799927
-0.001800 6.201684 0.000046 0.000582 0.022142 0.100249 3.411103 6.256095 6.317913 2.760884 2.616548 3.109554
0.006869 6.236044 0.000018 0.000434 0.022142 0.113642 3.070923 6.230438 6.320163 3.169949 2.966100 3.487045
0.017389 6.275239 0.000027 0.000238 0.022142 0.129928 2.760459 6.325818 6.330410 3.446787 3.391174 3.758680
0.022045 6.308812 0.000002 0.000114 0.022142 0.140745 2.474827 6.299228 6.332271 3.854955 3.673500 4.132642
0.030631 6.347443 0.000010 -0.000080 0.022142 0.153869 2.209847 6.399135 6.346909 4.230698 4.016034 4.482191
0.040768 6.396357 -0.000015 -0.000262 0.022142 0.168749 1.977728 6.409656 6.367375 4.627151 4.404418 4.855414
0.045739 6.461508 -0.000012 -0.000499 0.022142 0.181237 1.759141 6.519095 6.392894 5.027171 4.730370 5.224164
0.051492 6.535191 -0.000037 -0.000754 0.022142 0.191320 1.573712 6.569528 6.428584 5.259526 4.993518 5.437218
0.054012 6.611266 -0.000042 -0.000968 0.020035 0.194514 1.417266 6.663892 6.466086 5.579481 5.076899 5.701868
0.058888 6.699795 -0.000059 -0.001238 0.018129 0.198833 1.289611 6.764859 6.525797 5.640976 5.189608 5.741356
0.061566 6.791323 -0.000071 -0.001407 0.019208 0.196169 1.187300 6.845131 6.584987 5.762348 5.120076 5.805826
0.056061 6.856976 -0.000078 -0.001441 0.020967 0.192677 1.078980 6.912893 6.658626 6.266982 5.028936 6.174541
0.048173 6.897424 -0.000077 -0.001265 0.020967 0.202143 1.009314 6.974567 6.772025 6.484121 5.276014 6.342665
0.041283 6.936410 -0.000061 -0.000871 0.020967 0.205543 0.990153 6.993238 6.875818 6.488354 5.364746 6.312616
0.039173 6.991288 -0.000036 -0.000612 0.020967 0.203834 0.976393 7.070972 6.968609 6.537451 5.320141 6.297511
0.038691 7.065764 -0.000032 -0.000515 0.020967 0.204738 0.939124 7.149618 7.066344 6.641572 5.343743 6.338001
0.043341 7.147400 -0.000026 -0.000429 0.020967 0.208597 0.875762 7.239467 7.168291 6.439987 5.444462 6.154811
0.048205 7.224903 -0.000023 -0.000300 0.020967 0.206725 0.783759 7.285234 7.245935 6.205867 5.395607 5.927975
0.046438 7.303661 -0.000013 -0.000306 0.020967 0.200721 0.604668 7.376989 7.310295 6.354810 5.238891 5.980740
0.045672 7.390001 -0.000021 -0.000422 0.020967 0.202812 0.365269 7.481099 7.398954 6.037491 5.293466 5.717834
0.040807 7.459779 -0.000026 -0.000322 0.020967 0.191882 0.036516 7.496521 7.458834 5.779170 5.008195 5.432508
0.032433 7.523132 -0.000013 -0.000341 0.020967 0.178946 -3.443429 7.600167 7.521011 5.955954 4.670556 5.452802
0.029803 7.591016 -0.000025 -0.000371 0.018972 0.177969 -3.069671 7.676638 7.620954 5.809085 4.645057 5.301875
0.026900 7.653194 -0.000018 -0.000171 0.017167 0.173400 -2.745906 7.718605 7.708345 5.567054 4.525809 5.063134
0.022604 7.730039 -0.000004 -0.000115 0.015533 0.164758 -2.456810 7.814474 7.785803 5.541452 4.300250 4.953598
0.018248 7.813747 -0.000010 -0.000148 0.014055 0.160477 -2.201485 7.902913 7.878345 5.435718 4.188516 4.814937
0.010204 7.888991 -0.000008 -0.000056 0.012717 0.154160 -1.979774 7.968035 7.969590 5.615782 4.023625 4.856593
0.005395 7.960277 -0.000001 0.000049 0.011507 0.154770 -1.792117 8.069193 8.083782 5.497601 4.039557 4.742224
0.004880 8.043086 0.000003 0.000216 0.010412 0.152196 -1.637903 8.127626 8.185139 5.194202 3.972377 4.483668
0.000881 8.107699 0.000016 0.000410 0.009421 0.144575 -1.498383 8.180104 8.265741 5.090456 3.773458 4.323266
-0.000723 8.157085 0.000025 0.000576 0.008525 0.141615 -1.370311 8.233898 8.350103 4.537682 3.696197 3.907683
-0.004156 8.219904 0.000034 0.000690 0.009148 0.129387 -1.248532 8.269555 8.397928 4.228722 3.377043 3.585121
-0.009808 8.289042 0.000038 0.000577 0.010175 0.117384 -1.124192 8.366214 8.448621 4.199527 3.063766 3.447131
-0.011578 8.347214 0.000024 0.000537 0.010175 0.113059 -1.011019 8.414137 8.520603 3.470072 2.950873 2.916127
-0.016670 8.398158 0.000032 0.000649 0.010175 0.093960 -0.904086 8.422916 8.545900 3.373192 2.452399 2.679511
-0.019018 8.456004 0.000037 0.000476 0.010175 0.085367 -0.789988 8.549054 8.603490 3.321146 2.228111 2.555511
-0.018427 8.509638 0.000017 0.000497 0.010175 0.083670 -0.689564 8.557140 8.673139 3.071235 2.183829 2.363916
-0.016525 8.567611 0.000035 0.000559 0.010175 0.079628 -0.588929 8.640154 8.726751 3.209315 2.078329 2.404519
-0.012010 8.625259 0.000026 0.000538 0.010175 0.085972 -0.492680 8.695121 8.798380 3.065164 2.243897 2.360084
-0.013674 8.680738 0.000031 0.000623 0.010175 0.087746 -0.394555 8.728614 8.845998 3.506456 2.290214 2.647700
-0.013129 8.738676 0.000036 0.000569 0.010175 0.099318 -0.303944 8.834667 8.923208 3.555440 2.592251 2.775708
-0.008897 8.793000 0.000027 0.000690 0.010175 0.106669 -0.278592 8.829311 8.979833 3.216578 2.784094 2.632974
-0.007866 8.853632 0.000046 0.000669 0.012236 0.102458 -0.246238 8.904360 8.998484 3.504542 2.674187 2.772622
-0.007496 8.918370 0.000029 0.000425 0.012236 0.107786 -0.198949 8.989619 9.050513 3.554474 2.813246 2.853117
-0.009079 8.995314 0.000019 0.000292 0.012236 0.109262 -0.182037 9.053465 9.098588 3.850299 2.851776 3.044198
-0.009524 9.054457 0.000014 0.000234 0.012236 0.114047 -0.215984 9.127450 9.166375 3.743318 2.976660 3.021581
-0.009859 9.113636 0.000013 0.000279 0.012236 0.112808 -0.311767 9.158019 9.216536 3.608602 2.944333 2.926403
-0.007869 9.184688 0.000018 0.000169 0.012236 0.108069 -0.336809 9.254055 9.261382 3.378943 2.820637 2.741341
-0.006248 9.241305 0.000003 0.000106 0.012236 0.102165 -0.345913 9.271474 9.299743 3.015851 2.666560 2.469260
-0.006001 9.293274 0.000009 0.000034 0.012236 0.091913 -0.282251 9.335971 9.324353 3.041969 2.398978 2.381195
-0.005629 9.322654 -0.000003 0.000009 0.012236 0.090172 -0.172453 9.358493 9.370675 2.771248 2.353516 2.206562
-0.007629 9.343400 0.000004 0.000145 0.012236 0.084837 0.055049 9.361530 9.398152 2.875058 2.214278 2.214578
-0.007664 9.370978 0.000012 0.000144 0.012236 0.086566 -0.729838 9.426316 9.443214 2.839670 2.259403 2.213362
-0.008242 9.399144 0.000006 0.000234 0.011071 0.087907 -0.603149 9.419364 9.480764 3.010618 2.294418 2.328596
-0.008622 9.427729 0.000019 0.000281 0.010018 0.092897 -0.492967 9.486207 9.527246 3.181139 2.424643 2.480262
-0.010557 9.454540 0.000013 0.000385 0.009064 0.099375 -0.416567 9.483906 9.574675 3.230752 2.593737 2.578367
-0.011311 9.479402 0.000028 0.000505 0.008202 0.102501 -0.368575 9.521860 9.611208 2.960293 2.675306 2.459691
-0.009300 9.513557 0.000027 0.000517 0.007421 0.098684 -0.350050 9.527522 9.622050 2.596773 2.575693 2.220523
-0.010347 9.552036 0.000029 0.000371 0.007747 0.089154 -0.314508 9.573172 9.616573 3.075664 2.326957 2.400551
-0.011553 9.580674 0.000014 0.000190 0.007747 0.095434 -0.274739 9.640812 9.667119 3.309636 2.490858 2.600539
-0.010030 9.613265 0.000009 0.000285 0.007747 0.103411 -0.256201 9.650430 9.720937 3.427526 2.699056 2.752739
-0.005955 9.655438 0.000022 0.000347 0.007747 0.110596 -0.244592 9.712118 9.767060 3.613501 2.886587 2.936847
-0.002864 9.713569 0.000017 0.000283 0.007747 0.119205 -0.230175 9.767290 9.814272 3.931308 3.111291 3.210590
-0.001528 9.761101 0.000015 0.000282 0.007747 0.129575 -0.207756 9.815443 9.868247 4.008621 3.381956 3.370376
-0.000240 9.810302 0.000016 0.000307 0.007747 0.135435 -0.205878 9.851501 9.907765 4.077539 3.534911 3.478036
0.002918 9.871820 0.000017 0.000190 0.007747 0.138503 -0.197345 9.927311 9.943406 4.151781 3.614992 3.557652
0.006816 9.938874 0.000006 0.000024 0.007747 0.141486 -0.193834 9.986938 9.981766 4.231304 3.692831 3.639134
0.006681 9.986583 -0.000001 -0.000026 0.007747 0.143658 -0.162843 10.025234 10.021183 4.701150 3.749525 3.921235
0.006481 10.018413 -0.000001 0.000015 0.007747 0.153895 -0.141422 10.081765 10.089715 4.531831 4.016720 3.945597
0.004352 10.076513 0.000003 0.000070 0.007010 0.153529 -0.131359 10.109556 10.125640 4.933724 4.007172 4.158868
0.040606 10.582033 0.000005 -0.002418 0.006343 0.156980 -0.109942 11.027010 10.238275 6.037449 4.097243 4.775952
0.023760 10.500885 -0.000233 -0.001392 0.062766 0.177331 -0.200713 10.220275 10.404826 6.717187 4.628397 5.352339
-0.025570 10.051463 0.000054 0.001872 0.062766 0.200458 -1.081846 10.067446 10.520523 6.917399 5.232023 5.701108
-0.015977 10.169913 0.000134 0.001858 0.062766 0.214971 -1.242635 10.373750 10.607326 6.411096 5.610836 5.584337
-0.007415 10.276883 0.000070 0.001751 0.062766 0.213565 -1.340355 10.257252 10.632145 6.083564 5.574124 5.396340
-0.005002 10.342687 0.000112 0.001534 0.062766 0.208741 -1.327524 10.447871 10.640036 6.076816 5.448223 5.340857
-0.001201 10.418125 0.000058 0.001176 0.062766 0.208068 -1.235220 10.439780 10.663296 5.894920 5.430656 5.243903
-0.000406 10.444632 0.000068 0.001159 0.062766 0.205788 -1.089934 10.482083 10.674999 5.813082 5.371146 5.181842
0.002978 10.464723 0.000059 0.001114 0.062766 0.205682 -0.880986 10.482789 10.685926 5.514559 5.368385 5.036419
0.012092 10.551330 0.000062 0.000713 0.062766 0.203131 -0.569018 10.616732 10.683036 5.175767 5.301803 4.845915
0.016524 10.621355 0.000021 0.000327 0.062766 0.196769 0.061295 10.615940 10.667755 5.039266 5.135739 4.716703
0.016465 10.650360 0.000017 0.000092 0.062766 0.192946 -6.620929 10.670920 10.659039 4.669265 5.035958 4.498846
0.013578 10.680040 -0.000002 -0.000111 0.056793 0.182109 -5.889680 10.660822 10.634625 4.914833 4.753116 4.509957
0.040938 11.055230 -0.000006 -0.002229 0.051388 0.178528 -5.231699 11.382449 10.688379 5.189725 4.659641 4.613960
0.032840 11.011266 -0.000205 -0.001711 0.055020 0.179759 -4.650814 10.752648 10.758996 4.953783 4.691776 4.513581
-0.003505 10.683023 0.000002 0.000403 0.055020 0.173855 -4.139280 10.646269 10.770344 4.996489 4.537684 4.466889
-0.006743 10.750829 0.000037 0.000103 0.055020 0.168668 -3.682033 10.867652 10.801567 5.241496 4.402301 4.525483
0.013462 11.067342 -0.000019 -0.001408 0.055020 0.167104 -3.285541 11.287773 10.888824 5.285724 4.361481 4.520476
0.005995 11.058483 -0.000118 -0.000899 0.055020 0.165076 -2.951289 10.941880 10.972619 5.442944 4.308554 4.562271
-0.015809 10.851383 0.000009 0.000642 0.055020 0.167532 -2.672444 10.861009 11.042519 5.638750 4.372661 4.680279
-0.007783 10.945726 0.000054 0.000513 0.055020 0.175174 -2.432059 11.105047 11.124386 5.813679 4.572111 4.853000
-0.002928 11.027432 0.000006 0.000514 0.055020 0.185427 -2.209763 11.055113 11.204464 5.991367 4.839723 5.063475
-0.001531 11.083535 0.000044 0.000641 0.055020 0.195760 -2.001507 11.189544 11.275643 5.754967 5.109415 5.077817
0.028064 11.464956 0.000026 -0.001003 0.055020 0.196922 -1.799993 11.731963 11.341252 5.314049 5.139731 4.883363
0.022582 11.446076 -0.000116 -0.000555 0.055020 0.189341 -1.585335 11.229970 11.364339 5.108143 4.941888 4.693872
-0.005819 11.144272 0.000040 0.001166 0.049784 0.182275 -1.356359 11.087735 11.354353 4.629491 4.757458 4.379161
-0.001005 11.204882 0.000079 0.000792 0.045046 0.171060 -1.109484 11.289346 11.330153 3.967038 4.464736 3.927717
-0.001430 11.255368 0.000012 0.000396 0.040760 0.153658 -0.808168 11.192198 11.286688 1.645109 4.010530 2.609916
-0.004212 11.297908 0.000028 -0.000059 0.036881 0.098734 -0.435537 11.211440 11.116774 2.496730 2.577005 2.329909
-0.008453 11.318667 -0.000028 -0.001070 0.033371 0.085472 0.062641 11.398645 11.131159 2.555962 2.230865 2.188801
-0.012994 11.338594 -0.000079 -0.001099 0.030196 0.078337 -2.263664 11.314061 11.175409 3.070138 2.044631 2.339446
-0.014472 11.370298 -0.000041 -0.001033 0.027322 0.083383 -2.005351 11.489438 11.269049 3.045358 2.176329 2.382387
-0.016183 11.406587 -0.000066 -0.000729 0.024722 0.085171 -1.797205 11.403143 11.345639 3.110980 2.222992 2.428277
-0.017328 11.449501 -0.000018 -0.000550 0.022369 0.086950 -1.630543 11.550794 11.420233 2.714668 2.269431 2.254382
-0.016682 11.500853 -0.000039 -0.000427 0.020241 0.080584 -1.495125 11.493094 11.460489 2.037632 2.103278 1.847229
-0.016095 11.551727 -0.000010 -0.000483 0.018315 0.065185 -1.372009 11.593887 11.464866 1.995985 1.701355 1.627106
-0.014991 11.604053 -0.000039 -0.000738 0.016572 0.057419 -1.252213 11.633490 11.500088 1.917960 1.498653 1.486304
-0.012641 11.650229 -0.000040 -0.000796 0.014995 0.053248 -1.139451 11.693939 11.545421 1.636395 1.389802 1.297702
-0.009588 11.689188 -0.000045 -0.000762 0.013568 0.048124 -1.028169 11.703217 11.577628 1.785684 1.256059 1.299156
-0.007730 11.725080 -0.000038 -0.000781 0.012277 0.050488 -0.913468 11.780865 11.630668 2.074649 1.317764 1.463325
-0.006860 11.756352 -0.000046 -0.000666 0.012288 0.058387 -0.803056 11.791469 11.697965 1.960908 1.523914 1.515946
-0.007000 11.784440 -0.000029 -0.000458 0.012288 0.060976 -0.700001 11.810414 11.738210 2.021215 1.591486 1.580575
-0.006568 11.809152 -0.000023 -0.000376 0.012288 0.063405 -0.606969 11.839215 11.776376 2.037805 1.654886 1.623145
-0.001590 11.878949 -0.000020 -0.000544 0.012288 0.065488 -0.535805 11.938424 11.814321 1.527373 1.709274 1.424225
-0.004579 11.855361 -0.000038 -0.000217 0.012288 0.057783 -0.481008 11.775757 11.805272 1.164187 1.508157 1.163199
-0.011964 11.771044 0.000007 0.000181 0.012288 0.047728 -0.432499 11.742402 11.776978 1.052710 1.245724 0.986642
-0.014856 11.751845 0.000009 0.000133 0.012288 0.041049 -0.384403 11.745443 11.760509 1.272335 1.071401 1.006728
-0.016010 11.739514 0.000004 0.000111 0.012288 0.041928 -0.342186 11.749299 11.772938 1.484836 1.094338 1.120551
-0.013335 11.744655 0.000006 0.000150 0.012288 0.047734 -0.321099 11.769175 11.798345 1.711962 1.245887 1.305749
-0.011279 11.741926 0.000008 0.000299 0.012288 0.057036 -0.306747 11.753827 11.826404 2.047066 1.488662 1.588227
-0.008237 11.736627 0.000021 0.000476 0.012288 0.070235 -0.305245 11.763242 11.857802 1.787501 1.833153 1.650302
-0.002671 11.751956 0.000028 0.000561 0.011118 0.074962 -0.309797 11.739627 11.843917 1.447057 1.956543 1.570650
0.003375 11.777026 0.000031 0.000354 0.010060 0.073478 -0.293634 11.770107 11.800389 -16.353005 1.917795 -6.546597
0.008573 11.801588 0.000009 -0.000006 0.009103 -0.253149 -0.252637 10.505673 10.479409 -7.639352 -6.607284 -6.785205
0.011726 11.818391 -0.000008 -0.007095 0.008237 -0.262343 -0.136907 12.793940 10.538682 -7.894874 -6.847245 -7.023822
0.004741 11.732139 -0.000669 -0.006324 0.179894 -0.272849 -0.002598 10.806947 17771.395869 -7.905749 -7.121476 -7.168964
-0.013296 11.528531 -0.000070 94.105457 0.179894 -0.231448 -9.414245 12.049090 15995.352427 -9.040385 -6.040883 -7.128107
-0.031921 11.312480 -0.000427 84.695755 0.179894 -0.241220 -8.348585 10.506308 14396.731549 -8.861916 -6.295926 -7.119571
-0.048903 11.122914 -0.000015 76.226035 0.179894 -0.250547 -7.402120 11.430661 12957.985147 -8.871999 -6.539386 -7.205771
-0.068584 10.971941 -0.000325 68.603248 0.179894 -0.264199 -6.542454 10.436302 11663.115163 -8.322586 -6.895707 -7.056135
-0.092094 10.818770 -0.000062 61.742841 0.179894 -0.270939 -5.808622 11.021572 10497.782351 -8.952921 -7.071624 -7.471954
-0.110869 10.683038 -0.000249 55.568730 0.179894 -0.299821 -5.226304 10.276182 9448.936390 -10.402551 -7.825456 -8.598674
-0.124233 10.586848 -0.000055 50.011646 0.179894 -0.353344 -4.775486 10.649039 8504.915095 -10.663090 -9.222418 -9.302981
-0.132212 10.511864 -0.000206 45.009891 0.179894 -0.385077 -4.404325 10.297953 7655.370602 -11.575292 -10.050653 -10.176632
-0.132568 10.489734 -0.000117 40.508467 0.179894 -0.418013 -4.106965 10.532917 6890.772273 -12.867829 -10.910310 -11.284842
-0.134429 10.506672 -0.000203 36.456947 0.179894 -0.459415 -3.746091 10.344136 6202.604172 -12.512722 -11.990923 -11.502903
-0.141470 10.503951 -0.000170 32.810516 0.162775 -0.469186 -3.306961 10.594075 5583.356420 -11.713070 -12.245931 -11.155381
-0.150393 10.468575 -0.000235 29.529452 0.147285 -0.457426 -2.970767 10.406705 5026.106165 -11.931567 -11.939011 -11.209364
-0.160007 10.409975 -0.000149 26.577022 0.133269 -0.459219 -2.778780 10.413129 4524.537084 -12.475185 -11.985791 -11.547515
-0.166682 10.366910 -0.000137 23.919551 0.120587 -0.470836 -2.664310 10.294547 4073.084680 -13.000382 -12.289016 -11.976859
-0.173104 10.329925 -0.000100 21.527604 0.109111 -0.485114 -2.575836 10.306791 3666.757768 -13.480307 -12.661677 -12.411345
-0.179700 10.275484 -0.000109 19.374860 0.098728 -0.499574 -2.488148 10.191246 3301.050348 -14.048293 -13.039071 -12.877877
-0.187867 10.205457 -0.000082 17.437431 0.089333 -0.514378 -2.403579 10.143852 2971.892885 -13.993717 -13.425466 -13.109003
-0.196732 10.111083 -0.000082 15.693801 0.080832 -0.521128 -2.312874 10.043779 2675.673617 -13.745497 -13.601651 -13.157490
-0.204444 10.012596 -0.000057 14.124725 0.073140 -0.520655 -2.249160 9.977249 2409.097114 -13.633645 -13.589293 -13.135286
-0.214626 9.907336 -0.000036 12.712755 0.066179 -0.518041 -2.185806 9.848199 2169.174929 -12.647906 -13.521081 -12.829926
-0.224672 9.805474 0.000002 11.442003 0.059882 -0.505810 -2.138008 9.834431 1953.301120 -12.337442 -13.201831 -12.545844
-0.231462 9.725362 0.000024 10.298561 0.054183 -0.494265 -2.118667 9.700608 1759.006045 -13.402886 -12.900502 -12.606146
-0.234866 9.657304 0.000076 9.269397 0.049027 -0.495491 -2.111208 9.586336 1584.034845 -15.104485 -12.932499 -13.045159
-0.235931 9.600619 0.000091 8.342565 0.044361 -0.511417 -2.074394 9.454997 1426.434374 -15.732254 -13.348185 -13.505175
-0.239101 9.536025 0.000075 7.507819 0.040140 -0.527793 -1.985049 9.428464 1284.572155 -14.805505 -13.775596 -13.615366
-0.230269 9.635847 0.000027 6.755595 0.036320 -0.531994 -1.857578 9.727284 1157.004055 -13.628896 -13.885251 -13.415078
-0.243509 9.450890 -0.000080 6.080621 0.032864 -0.523998 -1.723212 9.248311 1042.267275 -12.942827 -13.676543 -13.123154
-0.270906 9.094804 0.000067 5.474544 0.029736 -0.513696 -1.601443 9.025051 939.003080 -11.762676 -13.407656 -12.717490
-0.277060 9.004966 0.000138 4.927846 0.037111 -0.497778 -1.490174 9.107842 846.122212 -11.802256 -12.992201 -12.412892
-0.281192 8.949255 0.000135 4.435987 0.037111 -0.485660 -1.411693 8.908426 762.490957 -12.148179 -12.675925 -12.234444
-0.284511 8.907346 0.000202 3.993066 0.054347 -0.478639 -1.353547 8.944641 687.170755 -12.693647 -12.492666 -12.190719
-0.285476 8.869272 0.000183 3.594164 0.054347 -0.476682 -1.359026 8.794444 619.326075 -14.466271 -12.441592 -12.449470
-0.285897 8.828209 0.000204 3.234888 0.054844 -0.486488 -1.362677 8.708823 558.129890 -13.916472 -12.697531 -12.574356
-0.286374 8.775374 0.000168 2.910903 0.054844 -0.490745 -1.320967 8.740476 503.106301 -12.362558 -12.808642 -12.420751
-0.288038 8.697498 0.000118 2.619759 0.054844 -0.483598 -1.243454 8.695371 453.697676 -11.638338 -12.622090 -12.165732
-0.294816 8.599842 0.000128 2.358471 0.054844 -0.473129 -1.115656 8.594552 409.259024 -7.720562 -12.348844 -11.350722
-0.302973 8.519837 0.000164 2.123425 0.054844 -0.442384 -0.967857 8.794721 369.519761 -4.664867 -11.546386 -10.266675
-0.306139 8.483405 0.000186 1.913049 0.054844 -0.400134 -0.922783 8.731931 333.913704 -5.890590 -10.443663 -9.557909
-0.304600 8.482295 0.000326 1.724386 0.087564 -0.371397 -1.017011 8.611803 301.699780 -7.375897 -9.693605 -9.173734
-0.297192 8.534725 0.000421 1.553414 0.113075 -0.354830 -1.266502 8.640648 272.550860 -8.819543 -9.261206 -9.052743
-0.285730 8.616645 0.000419 1.398527 0.113075 -0.348871 -1.510224 8.629379 246.189374 -11.037692 -9.105679 -9.302118
-0.276165 8.689382 0.000392 1.258458 0.113075 -0.358849 -1.591453 8.597688 222.299678 -10.428879 -9.366097 -9.397590
-0.267290 8.737807 0.000324 1.131615 0.113075 -0.362377 -1.495932 8.773056 200.866644 -8.561400 -9.458172 -9.111239
-0.254966 8.763032 0.000223 1.017913 0.113075 -0.348070 -1.313452 8.819856 181.721126 -9.108484 -9.084775 -8.951654
-0.246359 8.784974 0.000206 0.916349 0.113075 -0.339251 -0.964260 8.755355 164.425796 -8.247646 -8.854586 -8.581717
-0.244475 8.816232 0.000204 0.824539 0.113075 -0.324670 -0.227282 8.908819 148.908725 -7.287288 -8.474023 -8.077906
-0.243052 8.846809 0.000154 0.742156 0.113075 -0.307073 2.819597 8.883009 134.988343 -8.638560 -8.014739 -8.067250
-0.243498 8.868179 0.000171 0.668282 0.113075 -0.308849 2.314484 8.811208 122.331220 -7.454191 -8.061074 -7.820899
-0.237411 8.899923 0.000162 0.601046 0.113075 -0.300174 1.870504 9.014777 111.031972 -9.467427 -7.834659 -8.163899
-0.224923 8.924953 0.000102 0.541042 0.113075 -0.314414 1.549407 8.735034 100.703210 -13.790724 -8.206334 -9.631591
-0.218637 8.943125 0.000137 0.486216 0.102314 -0.374813 1.016769 8.705810 91.123413 -13.167899 -9.782765 -10.481393
-0.222316 8.933567 0.000019 0.435505 0.092578 -0.407548 -0.106832 8.871006 82.659661 -10.454573 -10.637162 -10.272690
-0.233461 8.860928 -0.000097 0.391043 0.083768 -0.404662 9.836104 8.866068 75.292990 -8.203408 -10.561845 -9.648761
-0.248353 8.763485 -0.000083 0.352525 0.075796 -0.384987 8.774115 8.851948 68.810570 -4.397879 -10.048311 -8.428478
-0.256130 8.716520 -0.000023 0.318425 0.068583 -0.340797 7.848003 9.016741 63.209729 -2.572778 -8.894937 -7.209032
-0.252412 8.748020 0.000047 0.288580 0.062057 -0.289909 7.057234 8.990177 58.220691 -4.285390 -7.566748 -6.629555
-0.248584 8.846414 0.000178 0.261623 0.056151 -0.265312 6.368706 8.968667 53.520527 -2.311629 -6.924745 -5.732175
-0.241420 8.955477 0.000234 0.236140 0.062848 -0.227294 5.770053 9.278485 49.397581 -5.596694 -5.932469 -5.815463
-0.228996 9.059522 0.000218 0.213742 0.062848 -0.229222 5.269999 8.908630 45.388054 -9.381706 -5.982785 -6.864663
-0.218331 9.197271 0.000308 0.191767 0.082757 -0.273417 4.798452 9.182418 41.523211 -6.852278 -7.136289 -6.900049
-0.201903 9.318248 0.000133 0.170647 0.082757 -0.272533 4.348811 9.447448 38.323251 -7.806960 -7.113212 -7.224891
-0.185992 9.381921 0.000052 0.153353 0.082757 -0.281238 3.919961 9.279337 35.378955 -8.867743 -7.340434 -7.789421
-0.180705 9.452620 0.000080 0.137378 0.082757 -0.300894 3.414210 9.480812 32.675887 -7.366600 -7.853461 -7.404914
-0.183209 9.513998 -0.000015 0.122730 0.082757 -0.288146 2.847979 9.575750 30.394902 -6.794796 -7.520714 -6.993320
-0.187499 9.537039 -0.000030 0.110521 0.082757 -0.277179 2.300608 9.558559 28.361604 -7.358038 -7.234477 -7.069563
-0.176417 9.725707 -0.000008 0.098747 0.082757 -0.284776 1.802841 9.850490 26.489080 -6.865976 -7.432760 -6.967870
-0.172870 9.728199 -0.000091 0.088812 0.082757 -0.281866 1.358278 9.671349 24.853974 -8.129088 -7.356819 -7.538430
-0.178677 9.580921 -0.000021 0.080928 0.082757 -0.298825 0.978880 9.452739 23.270829 -10.237388 -7.799462 -8.705406
-0.177486 9.637770 0.000026 0.072238 0.082757 -0.343121 0.338686 9.609517 21.731245 -9.688943 -8.955588 -9.061572
-0.185820 9.639563 -0.000069 0.064071 0.082757 -0.357421 -1.764472 9.610573 20.469050 -8.818845 -9.328828 -8.931337
-0.200029 9.583352 -0.000078 0.057681 0.074882 -0.356298 -1.261504 9.598450 19.417355 -6.869235 -9.299527 -8.264398
-0.210470 9.552955 -0.000057 0.052269 0.067756 -0.335322 -0.929525 9.692285 18.606641 -4.688755 -8.752036 -7.266886
-0.212805 9.545596 -0.000028 0.048012 0.061308 -0.296825 -0.926417 9.722047 17.994339 -5.431447 -7.747242 -6.854325
-0.207740 9.574783 0.000048 0.044613 0.055474 -0.276934 -1.128563 9.624419 17.319830 -6.650015 -7.228078 -6.923712
-0.203522 9.643474 0.000118 0.040675 0.050195 -0.276421 -1.247424 9.700516 16.593993 -6.074245 -7.214687 -6.741042
-0.201006 9.699528 0.000097 0.036532 0.045418 -0.267240 -1.284295 9.781199 15.987008 -7.178444 -6.975069 -6.972982
-0.194417 9.733544 0.000088 0.033136 0.041096 -0.274574 -1.311470 9.680715 15.346956 -8.927598 -7.166481 -7.723482
-0.184980 9.780973 0.000104 0.029493 0.037185 -0.303563 -1.258063 9.733839 14.663017 -8.612279 -7.923116 -8.025786
-0.177334 9.809028 0.000044 0.025720 0.033647 -0.311758 -1.106653 9.819348 14.127787 -8.439334 -8.136996 -8.065707
-0.177653 9.805838 0.000001 0.022901 0.030445 -0.310330 -0.883056 9.773168 13.673731 -7.651265 -8.099737 -7.704886
-0.184206 9.797367 0.000008 0.020540 0.027548 -0.298722 -0.599079 9.849154 13.318522 -6.473970 -7.796768 -7.069098
-0.185914 9.814636 -0.000005 0.018566 0.024926 -0.277154 -0.327162 9.882668 13.063781 -6.725592 -7.233818 -6.861160
-0.182736 9.839249 0.000013 0.017086 0.022554 -0.269944 -0.102670 9.841261 12.778076 -6.810268 -7.045637 -6.801955
-0.175331 9.878140 0.000034 0.015366 0.020408 -0.266178 0.168176 9.924663 12.505101 -7.414421 -6.947360 -7.027911
-0.164909 9.915330 0.000012 0.013723 0.018466 -0.272261 0.112083 9.874092 12.212352 -9.484569 -7.106122 -8.152956
-0.159795 9.931422 0.000015 0.012086 0.016708 -0.315522 -0.250639 9.805308 11.812282 -10.341323 -8.235247 -9.084341
-0.164189 9.935790 -0.000015 0.009943 0.015118 -0.351009 0.210503 9.887893 11.472349 -8.734733 -9.161463 -8.674873
-0.170359 9.899119 -0.000079 0.008336 0.021323 -0.339642 -0.355302 9.938954 11.345882 -7.829027 -8.864799 -8.113143
-0.175386 9.840994 -0.000077 0.007974 0.021323 -0.320341 0.000265 9.837520 -902.330657 -6.744321 -8.361014 -7.385808
-0.177494 9.811509 -0.000021 -4.833232 0.021323 -0.295215 0.484304 9.907599 -810.999542 -5.621006 -7.705230 -6.572577
-0.177606 9.817658 -0.000006 -4.349322 0.021323 -0.261878 0.394340 9.896408 -728.767119 -6.023977 -6.835113 -6.310452
-0.180637 9.847140 0.000040 -3.913747 0.021323 -0.252845 0.394724 9.866376 -654.847043 -5.541952 -6.599363 -5.996764
-0.177600 9.861480 0.000061 -3.522138 0.021323 -0.240732 0.513221 9.934020 -588.299733 -7.129275 -6.283190 -6.534075
-0.170393 9.861011 0.000058 -3.169516 0.021323 -0.259886 0.650931 9.741426 -528.544836 -8.700945 -6.783125 -7.531009
-0.163586 9.886923 0.000089 -2.853026 0.023998 -0.297937 0.646045 9.864650 -474.840331 -8.498388 -7.776263 -7.869060
-0.156726 9.905598 0.000007 -2.568557 0.023998 -0.307299 0.529427 9.886142 -426.417953 -8.340438 -8.020631 -7.880494
-0.157486 9.881816 -0.000014 -2.311852 0.023998 -0.304520 0.301826 9.855232 -382.811100 -7.545227 -7.948096 -7.407499
-0.165633 9.862818 -0.000010 -2.080689 0.023998 -0.289868 -0.152359 9.898017 -343.514578 -5.319284 -7.565664 -6.119170
-0.158427 9.997400 -0.000013 -1.873179 0.023998 -0.239674 0.423074 10.239334 -308.000952 -4.811778 -6.255593 -5.319109
-0.157995 9.979335 -0.000062 -1.684904 0.023998 -0.209787 0.412921 9.875734 -276.098526 -5.724247 -5.475526 -5.521197
-0.164269 9.878646 0.000075 -1.515327 0.023998 -0.216671 0.503090 9.862992 -247.518793 -6.348613 -5.655210 -5.927184
-0.153243 9.946279 0.000066 -1.364248 0.023998 -0.232520 0.559557 9.962771 -221.822423 -7.907882 -6.068856 -7.008513
-0.147290 9.979886 0.000018 -1.228267 0.023998 -0.273568 0.526661 9.860604 -198.775166 -8.901553 -7.140245 -7.986291
-0.149578 9.991491 0.000008 -1.106207 0.023998 -0.312252 0.315199 9.968847 -178.025855 -8.162042 -8.149907 -7.865135
-0.147017 9.989424 -0.000059 -0.996250 0.023998 -0.308831 -0.093354 10.005009 -159.225204 -7.902776 -8.060623 -7.682670
-0.130545 10.118747 -0.000064 -0.897315 0.021715 -0.299025 1.066512 10.221151 -142.279396 -7.442334 -7.804664 -7.320346
-0.139915 10.075917 -0.000115 -0.807296 0.030953 -0.284596 0.841483 9.985929 -127.017665 -5.491874 -7.428081 -5.995075
-0.158470 9.921611 -0.000031 -0.725610 0.030953 -0.242513 0.564004 10.010156 -113.183737 -4.890916 -6.329685 -5.240256
-0.160809 9.936387 0.000004 -0.652385 0.030953 -0.216361 0.444776 9.981404 -100.767692 -5.092409 -5.647117 -5.082752
-0.161521 9.971859 0.000041 -0.586783 0.030953 -0.213139 0.480524 10.004331 -89.653628 -4.937368 -5.563011 -4.988053
-0.152017 10.019244 0.000042 -0.528144 0.030953 -0.207284 0.688553 10.076412 -79.641103 -7.016075 -5.410202 -6.202011
-0.145266 10.043075 0.000031 -0.475216 0.030953 -0.250785 0.791856 9.900290 -70.788800 -8.683738 -6.545598 -7.631475
-0.146902 10.061662 0.000044 -0.428408 0.030953 -0.304825 0.667417 10.036158 -62.858356 -8.123252 -7.956058 -7.761613
-0.150440 10.060786 -0.000041 -0.386382 0.030953 -0.310944 0.403672 10.068398 -55.578531 -7.188603 -8.115768 -7.261414
-0.153843 10.045019 -0.000050 -0.347724 0.030953 -0.292972 0.089347 10.093357 -48.949136 -6.376234 -7.646687 -6.632781
-0.154086 10.071530 -0.000033 -0.312737 0.030953 -0.268720 -0.614627 10.145931 -42.955207 -5.330536 -7.013685 -5.808801
-0.151183 10.087577 -0.000019 -0.281062 0.030953 -0.233970 -0.559521 10.162597 -37.529226 -5.701513 -6.106704 -5.730230
-0.152363 10.081832 0.000012 -0.252280 0.028007 -0.228284 -0.592829 10.046518 -32.738822 -6.037576 -5.958299 -5.887304
-0.152396 10.111628 0.000052 -0.227055 0.025342 -0.234870 -0.591096 10.157984 -28.459509 -6.307392 -6.130212 -6.120508
-0.144308 10.136219 0.000014 -0.204510 0.022930 -0.242221 -0.613688 10.105996 -24.612748 -8.350930 -6.322052 -7.455126
-0.137676 10.152207 0.000024 -0.184212 0.020748 -0.288775 -0.564075 10.042475 -21.282953 -9.062350 -7.537153 -8.308425
-0.135809 10.163034 -0.000002 -0.166625 0.018774 -0.319615 -0.349723 10.149199 -18.248636 -8.394246 -8.342071 -8.179217
-0.136319 10.148797 -0.000062 -0.150471 0.016987 -0.313462 0.007432 10.144703 -15.412666 -8.069364 -8.181483 -7.926093
-0.143575 10.128314 -0.000056 -0.135336 0.015371 -0.302139 -13.875209 10.123310 -12.850461 -6.627759 -7.885935 -6.935755
-0.153241 10.115701 -0.000043 -0.121692 0.013908 -0.271892 -12.482813 10.200588 -10.462870 -4.859463 -7.096480 -5.619719
-0.154076 10.120888 -0.000035 -0.109069 0.012584 -0.225365 -11.234789 10.218879 -8.242743 -5.120662 -5.882113 -5.327086
-0.150505 10.139762 0.000009 -0.097405 0.011387 -0.212850 -10.116669 10.131527 -6.349435 -5.638588 -5.555458 -5.538791
-0.145436 10.178159 0.000048 -0.087576 0.012845 -0.219097 -9.111039 10.209454 -4.702686 -6.442690 -5.718516 -6.096994
-0.137407 10.213666 0.000020 -0.079038 0.012845 -0.236757 -8.204833 10.164672 -3.263414 -8.445106 -6.179447 -7.476087
-0.137966 10.230831 0.000016 -0.071503 0.012845 -0.288380 -7.384826 10.119937 -2.077811 -8.433541 -7.526826 -7.937249
-0.139066 10.236737 -0.000019 -0.065252 0.012845 -0.308829 -6.638799 10.264615 -0.911918 -7.941644 -8.060561 -7.828753
-0.134366 10.218159 -0.000076 -0.058976 0.020494 -0.302375 -5.966103 10.189593 0.209688 -8.447067 -7.892096 -8.078979
-0.137467 10.188333 -0.000046 -0.052875 0.020494 -0.309816 -5.350569 10.147198 1.167425 -7.076047 -8.086308 -7.311255
-0.143967 10.169727 -0.000041 -0.047701 0.020494 -0.281654 -4.790675 10.260799 2.140703 -6.052718 -7.351286 -6.435940
-0.147130 10.159908 -0.000048 -0.042492 0.020494 -0.250085 -4.296081 10.173089 3.036519 -6.560269 -6.527306 -6.477769
-0.151053 10.160597 0.000007 -0.037749 0.020494 -0.254787 -3.861461 10.148220 3.746543 -6.229922 -6.650045 -6.330960
-0.150475 10.182446 0.000013 -0.034102 0.020494 -0.251476 -3.478329 10.240204 4.420511 -6.391164 -6.563622 -6.409285
-0.142687 10.194328 -0.000006 -0.030594 0.020494 -0.251906 -3.148909 10.170098 5.010363 -8.362608 -6.574834 -7.627950
-0.135905 10.198122 0.000018 -0.027489 0.020494 -0.293169 -2.851027 10.091274 5.399871 -9.730402 -7.651836 -8.831371
-0.137488 10.202270 0.000002 -0.025447 0.020494 -0.337788 -2.550528 10.140772 5.729817 -8.921114 -8.816399 -8.739542
-0.144209 10.173418 -0.000054 -0.023546 0.020494 -0.336595 -2.254365 10.191964 6.166605 -7.537499 -8.785253 -7.880862
-0.152787 10.124750 -0.000065 -0.020973 0.020494 -0.307472 -1.995894 10.161199 6.652641 -5.872793 -8.025138 -6.632407
-0.156586 10.094988 -0.000025 -0.018240 0.018544 -0.263374 -1.787976 10.197647 7.152504 -5.440359 -6.874169 -5.949008
-0.153236 10.098025 0.000011 -0.015608 0.016779 -0.233709 -1.636197 10.122002 7.550730 -6.356753 -6.099889 -6.208251
-0.154080 10.123638 0.000060 -0.013633 0.016098 -0.242674 -1.500014 10.106375 7.789448 -5.864033 -6.333882 -6.017906
-0.152988 10.156374 0.000053 -0.012542 0.016098 -0.236483 -1.369782 10.230346 8.060114 -6.474447 -6.172306 -6.322179
-0.147329 10.178316 0.000023 -0.011224 0.016098 -0.247267 -1.263817 10.114845 8.250087 -8.008862 -6.453754 -7.368978
-0.143676 10.199201 0.000047 -0.010328 0.016098 -0.285615 -1.144049 10.154242 8.332554 -7.828908 -7.454675 -7.602866
-0.138839 10.207071 0.000000 -0.009933 0.016098 -0.291808 -0.997689 10.222275 8.492946 -7.748589 -7.616292 -7.610152
-0.138762 10.194550 -0.000027 -0.009016 0.016098 -0.288662 -0.847622 10.162803 8.653541 -7.441189 -7.534186 -7.391040
-0.145983 10.185858 -0.000010 -0.008119 0.016098 -0.282402 -0.681737 10.211027 8.813497 -6.162861 -7.370806 -6.548672
-0.150112 10.200956 -0.000021 -0.007352 0.016098 -0.255163 -0.547605 10.280242 9.039585 -5.677278 -6.659858 -6.013430
-0.150814 10.208937 -0.000014 -0.006196 0.016098 -0.237742 -0.500336 10.222941 9.227567 -5.881265 -6.205159 -5.984292
-0.149374 10.215339 0.000024 -0.005234 0.016098 -0.236808 -0.524463 10.232676 9.349764 -6.347364 -6.180782 -6.270410
-0.143704 10.236258 0.000025 -0.004697 0.016098 -0.245454 -0.562444 10.227079 9.426369 -7.769521 -6.406456 -7.222200
-0.128303 10.382961 0.000021 -0.005069 0.014566 -0.277796 -0.552288 10.409108 9.423469 -9.055333 -7.250578 -8.288597
-0.137068 10.337603 -0.000060 -0.004844 0.016034 -0.320231 -0.437698 10.149903 9.384387 -8.351405 -8.358160 -8.260188
-0.156738 10.154368 -0.000018 -0.004080 0.016034 -0.322820 -0.233827 10.158429 9.461873 -7.798153 -8.425733 -7.988501
-0.160494 10.116237 -0.000018 -0.003467 0.016034 -0.313928 -0.010873 10.127861 9.572688 -7.400707 -8.193649 -7.689929
-0.165455 10.085139 0.000005 -0.002715 0.016034 -0.304060 3.101861 10.108296 9.681268 -5.949430 -7.936078 -6.864995
-0.167344 10.080808 0.000026 -0.002117 0.016034 -0.272048 2.789808 10.202465 9.864870 -5.923002 -7.100564 -6.471582
-0.168297 10.082918 0.000037 -0.001155 0.016034 -0.255860 2.521208 10.072426 9.971820 -6.491218 -6.678041 -6.551865
-0.165908 10.105917 0.000094 -0.000711 0.025236 -0.258185 2.284699 10.146219 9.998738 -6.919225 -6.738720 -6.799060
-0.157537 10.148381 0.000068 -0.000793 0.025236 -0.265644 2.084234 10.137059 10.000651 -7.987898 -6.933426 -7.469989
-0.149707 10.174981 0.000060 -0.000924 0.025236 -0.289353 1.888149 10.129073 9.941839 -8.445262 -7.552230 -7.964592
-0.144536 10.186942 0.000036 -0.001299 0.025236 -0.303814 1.671813 10.168665 9.901777 -8.204686 -7.929654 -7.942931
-0.142869 10.183469 0.000003 -0.001493 0.025236 -0.299931 1.440604 10.175427 9.910059 -7.745316 -7.828322 -7.621487
-0.145931 10.174018 -0.000005 -0.001399 0.025236 -0.287969 1.205621 10.178893 9.942457 -6.626184 -7.516103 -6.822238
-0.150352 10.159531 -0.000004 -0.001150 0.025236 -0.260812 0.995833 10.208388 10.028511 -5.623039 -6.807297 -5.968017
-0.150040 10.148039 0.000007 -0.000633 0.025236 -0.229564 0.864125 10.185389 10.126094 -5.921030 -5.991716 -5.871387
-0.147104 10.154981 0.000036 -0.000153 0.025236 -0.225482 0.807974 10.135766 10.134094 -6.496172 -5.885157 -6.191700
-0.142593 10.166211 0.000048 -0.000170 0.025236 -0.237067 0.764495 10.146386 10.093125 -7.491737 -6.187535 -6.904994
-0.129123 10.250608 0.000028 -0.000834 0.025236 -0.261393 0.697984 10.239683 10.014571 -9.065201 -6.822467 -8.068300
-0.129648 10.222201 -0.000027 -0.001100 0.022835 -0.305201 0.523797 10.046051 9.873169 -8.882016 -7.965868 -8.354554
-0.138095 10.105755 -0.000016 -0.001232 0.020662 -0.317363 0.208605 10.087275 9.830184 -8.174579 -8.283307 -8.023901
-0.134921 10.075235 -0.000044 -0.001298 0.018696 -0.302904 -0.372175 10.073464 9.862551 -8.144998 -7.905917 -7.872385
-0.137541 10.047102 -0.000034 -0.000978 0.016916 -0.296237 -0.058875 10.008725 9.863719 -6.829846 -7.731898 -6.995324
-0.142815 10.024114 -0.000017 -0.000850 0.015307 -0.265559 1.320613 10.101649 9.944983 -5.803448 -6.931199 -6.089154
-0.145328 10.015723 -0.000024 -0.000375 0.013850 -0.233396 1.175136 10.028526 10.033601 -5.857009 -6.091720 -5.847983
-0.147721 10.010051 0.000022 0.000125 0.012532 -0.227718 1.077867 10.012242 10.048217 -6.088424 -5.943543 -5.949485
-0.143281 10.018750 0.000029 0.000156 0.011339 -0.232767 1.017292 10.013481 10.034794 -7.520840 -6.075319 -6.891780
-0.136791 10.031994 0.000023 0.000015 0.010260 -0.266591 0.961736 9.942284 9.929994 -8.875051 -6.958118 -8.026977
-0.136278 10.042497 0.000012 -0.000596 0.009284 -0.309552 0.872455 9.984061 9.802637 -8.635820 -8.079430 -8.258113
-0.138727 10.036950 -0.000040 -0.001242 0.010751 -0.320089 0.761566 10.039030 9.785838 -7.991871 -8.354442 -7.955811
-0.143305 10.000942 -0.000063 -0.001140 0.016898 -0.309774 0.650709 9.996687 9.833564 -7.310304 -8.085227 -7.448058
-0.150491 9.972282 -0.000038 -0.000735 0.016898 -0.292727 0.525349 10.008790 9.903468 -5.799549 -7.640286 -6.376447
-0.155148 9.966520 -0.000022 -0.000334 0.016898 -0.256442 0.451292 10.065802 10.042871 -4.935218 -6.693247 -5.537325
-0.156608 9.982035 0.000002 0.000322 0.016898 -0.225477 0.494551 10.042138 10.163904 -5.011266 -5.885029 -5.283387
-0.156608 10.019271 0.000044 0.000766 0.016898 -0.216450 0.585234 10.064155 10.212620 -4.982625 -5.649423 -5.192843
-0.150535 10.068471 0.000051 0.000764 0.016898 -0.211408 0.683521 10.120137 10.246419 -6.240919 -5.517833 -5.931050
-0.142048 10.114268 0.000044 0.000700 0.016898 -0.235939 0.745078 10.057288 10.180920 -7.593406 -6.158089 -6.990799
-0.137445 10.148416 0.000043 0.000172 0.016898 -0.272772 0.706098 10.117536 10.073886 -7.320736 -7.119447 -7.158195
-0.132769 10.167553 -0.000007 -0.000496 0.016898 -0.275800 0.591778 10.193012 10.068699 -6.803146 -7.198491 -6.873346
-0.131242 10.173403 -0.000032 -0.000555 0.016898 -0.261227 0.439947 10.186301 10.107755 -5.903674 -6.818127 -6.194195
-0.134741 10.174650 -0.000019 -0.000354 0.016898 -0.235127 0.229005 10.231450 10.180565 -4.642398 -6.136914 -5.190145
-0.135225 10.187715 -0.000011 -0.000038 0.015290 -0.197885 -0.009009 10.260791 10.289344 -4.465848 -5.164884 -4.746323
-0.133875 10.220222 0.000012 0.000366 0.013835 -0.182409 1.124012 10.238312 10.332977 -4.441026 -4.760940 -4.591475
-0.129479 10.244310 0.000031 0.000470 0.012519 -0.177058 1.022774 10.272240 10.347242 -5.398642 -4.621281 -5.118246
-0.120048 10.268299 0.000025 0.000418 0.011327 -0.193890 0.944557 10.208938 10.283139 -7.502597 -5.060608 -6.519663
-0.115065 10.292659 0.000025 -0.000050 0.010249 -0.245048 0.840285 10.183063 10.107519 -8.132199 -6.395837 -7.370893
-0.115419 10.307441 -0.000020 -0.001059 0.009274 -0.278786 0.695690 10.281393 10.001961 -7.543917 -7.276415 -7.343051
-0.118438 10.293704 -0.000081 -0.001546 0.021666 -0.280007 0.543549 10.284210 10.011793 -6.884459 -7.308284 -6.964115
-0.118010 10.327925 -0.000079 -0.001675 0.021666 -0.267943 0.268729 10.393543 10.074052 -5.935838 -6.993407 -6.293367
-0.124085 10.301427 -0.000094 -0.001205 0.025174 -0.244470 -0.041686 10.304203 10.173258 -4.909492 -6.380763 -5.468735
-0.132986 10.225807 -0.000038 -0.000278 0.025174 -0.214293 0.422557 10.269473 10.284896 -4.710137 -5.593128 -5.079564
-0.134391 10.241416 0.000005 0.000230 0.025174 -0.200445 0.504972 10.282817 10.344394 -4.890304 -5.231704 -5.069483
-0.131580 10.279424 0.000019 0.000344 0.025174 -0.201029 0.645947 10.301395 10.362582 -5.592694 -5.246930 -5.504315
-0.122811 10.322486 0.000019 0.000212 0.025174 -0.215168 0.773643 10.314358 10.333572 -7.246870 -5.615980 -6.620520
-0.118019 10.348534 0.000006 -0.000079 0.025174 -0.254470 0.792488 10.257951 10.217144 -7.761978 -6.641769 -7.299095
-0.117706 10.349632 -0.000012 -0.000702 0.025174 -0.279360 0.680080 10.341979 10.149394 -7.497682 -7.291404 -7.381898
-0.118345 10.328003 -0.000057 -0.000946 0.025174 -0.281344 0.498461 10.301907 10.152340 -7.616763 -7.343198 -7.468922
-0.124234 10.304502 -0.000044 -0.000806 0.025174 -0.285615 0.222404 10.286798 10.147775 -6.566223 -7.454653 -6.885423
-0.130517 10.292139 -0.000041 -0.000765 0.025174 -0.266465 -0.327726 10.360650 10.226451 -5.708890 -6.954848 -6.198951
-0.133444 10.286927 -0.000040 -0.000320 0.025174 -0.242382 -0.117055 10.318039 10.322590 -5.827132 -6.326277 -6.054645
-0.135658 10.292058 0.000001 0.000162 0.022779 -0.238664 -0.004943 10.307364 10.355628 -6.139143 -6.229230 -6.216573
-0.134968 10.315248 0.000014 0.000214 0.020611 -0.244967 -3.762138 10.328070 10.358104 -7.116849 -6.393732 -6.869315
-0.131964 10.332384 0.000009 0.000136 0.018650 -0.269607 -3.391665 10.283549 10.303246 -8.536585 -7.036842 -7.953100
-0.135406 10.320255 0.000006 -0.000090 0.016875 -0.311146 -3.049416 10.241178 10.196505 -8.620167 -8.121032 -8.393632
-0.139801 10.305926 -0.000013 -0.000580 0.015269 -0.329891 -2.728801 10.321633 10.171357 -8.112734 -8.610273 -8.268335
-0.142893 10.278415 -0.000045 -0.000567 0.013816 -0.324456 -2.443208 10.279817 10.218038 -7.859662 -8.468429 -8.075218
-0.138775 10.398029 -0.000019 -0.000954 0.012501 -0.317680 -2.189987 10.536616 10.280055 -6.735593 -8.291567 -7.351119
-0.147409 10.351516 -0.000077 -0.000379 0.020598 -0.291305 -1.969005 10.315944 10.399708 -6.421631 -7.603176 -6.934516
-0.162793 10.188959 0.000024 0.001117 0.020598 -0.277580 -1.798582 10.172805 10.464067 -6.860051 -7.244945 -7.012923
-0.161249 10.222133 0.000086 0.001282 0.023063 -0.280065 -1.661924 10.289426 10.467704 -7.182992 -7.309820 -7.222310
-0.153460 10.263574 0.000053 0.001082 0.023063 -0.285767 -1.552032 10.252063 10.456461 -8.418920 -7.458628 -7.999272
-0.145435 10.287340 0.000061 0.000896 0.023063 -0.311276 -1.438014 10.246126 10.370114 -9.405658 -8.124439 -8.834668
-0.143038 10.306734 0.000037 0.000336 0.023063 -0.338860 -1.275196 10.262579 10.271135 -8.779498 -8.844369 -8.705320
-0.138819 10.365218 0.000003 -0.000499 0.023063 -0.332558 -1.075068 10.452020 10.285234 -7.908103 -8.679892 -8.123718
-0.143296 10.330310 -0.000049 -0.000239 0.023063 -0.309620 -0.888535 10.288748 10.345547 -7.115519 -8.081196 -7.434283
-0.152452 10.255120 0.000017 0.000479 0.023063 -0.285818 -0.737258 10.298042 10.406329 -6.204200 -7.459961 -6.674802
-0.133199 10.473262 0.000032 -0.000355 0.023063 -0.256772 -0.666844 10.704239 10.503822 -6.553785 -6.701840 -6.606948
-0.135284 10.448537 -0.000059 0.000293 0.023063 -0.253527 -0.659055 10.254682 10.508999 -6.916108 -6.617154 -6.791507
-0.149978 10.256741 0.000076 0.001337 0.023063 -0.261358 -0.650113 10.236772 10.462157 -7.781029 -6.821552 -7.386432
-0.141084 10.291129 0.000067 0.000906 0.023063 -0.282056 -0.624527 10.265238 10.375678 -9.220711 -7.361771 -8.444229
-0.137664 10.302559 0.000033 0.000387 0.020868 -0.320414 -0.490664 10.198003 10.233952 -8.947788 -8.362927 -8.626506
-0.138447 10.277616 0.000011 -0.000231 0.018882 -0.326859 -0.233235 10.299017 10.196029 -8.401099 -8.531150 -8.350174
-0.142090 10.231702 -0.000030 -0.000189 0.017085 -0.315739 0.184717 10.187253 10.209000 -8.007512 -8.240910 -8.005555
-0.151514 10.189966 0.000007 0.000101 0.015459 -0.305866 -0.241216 10.209012 10.223973 -6.498427 -7.983211 -7.015200
-0.156996 10.187821 0.000005 0.000192 0.013988 -0.275144 -0.094405 10.278228 10.327717 -5.900634 -7.181359 -6.371714
-0.158866 10.174645 0.000015 0.000811 0.012657 -0.253037 -0.427852 10.184383 10.405015 -6.782204 -6.604369 -6.616246
-0.157569 10.165313 0.000066 0.001270 0.017739 -0.262674 -0.521835 10.137199 10.368186 -7.492529 -6.855896 -7.118184
-0.149051 10.185616 0.000069 0.000967 0.018635 -0.280788 -0.616560 10.178316 10.303896 -8.655297 -7.328668 -8.003701
-0.141301 10.195499 0.000038 0.000574 0.018635 -0.308216 -0.619339 10.113321 10.197133 -9.730306 -8.044570 -8.906934
-0.138993 10.206148 0.000026 -0.000048 0.018635 -0.339586 -0.496843 10.158520 10.076144 -9.274261 -8.863327 -8.908407
-0.137968 10.185527 -0.000023 -0.000580 0.018635 -0.338698 -0.264596 10.177420 10.057369 -8.737328 -8.840157 -8.570004
-0.139821 10.148280 -0.000035 -0.000482 0.018635 -0.324369 0.122363 10.132404 10.073896 -7.793788 -8.466156 -7.859765
-0.147654 10.126926 -0.000017 -0.000281 0.018635 -0.299539 -0.681868 10.171160 10.127815 -5.950220 -7.818097 -6.499495
-0.149818 10.122689 -0.000012 0.000027 0.018635 -0.251885 -0.550482 10.218973 10.262363 -5.902293 -6.574302 -6.051832
-0.149094 10.136085 0.000013 0.000669 0.018635 -0.235972 -0.546887 10.118365 10.298325 -6.260148 -6.158974 -6.139911
-0.143633 10.166944 0.000054 0.000696 0.018635 -0.240513 -0.583430 10.198491 10.277872 -7.444383 -6.277492 -6.914276
-0.132311 10.193362 0.000024 0.000448 0.018635 -0.265852 -0.621255 10.104885 10.185047 -9.738791 -6.938841 -8.533241
-0.126339 10.231761 0.000024 -0.000248 0.018635 -0.324638 -0.521295 10.130807 9.987263 -9.518567 -8.473187 -8.941427
-0.128112 10.220889 -0.000042 -0.001238 0.016862 -0.340744 -0.253497 10.217367 9.935038 -8.474114 -8.893543 -8.459976
-0.130833 10.162973 -0.000083 -0.001208 0.022393 -0.322183 0.170326 10.149784 9.988159 -8.345227 -8.409111 -8.211557
-0.134764 10.134366 -0.000048 -0.000775 0.022393 -0.313056 -0.539069 10.126650 10.007399 -7.169784 -8.170881 -7.410839
-0.141067 10.113633 -0.000036 -0.000563 0.022393 -0.285411 -0.314233 10.175605 10.090408 -6.090847 -7.449338 -6.505353
-0.145523 10.100980 -0.000026 -0.000056 0.022393 -0.253547 -0.237326 10.139507 10.189693 -6.108527 -6.617670 -6.245176
-0.149946 10.106514 0.000014 0.000441 0.022393 -0.247410 -0.441490 10.116934 10.218190 -5.841750 -6.457508 -6.037389
-0.144785 10.138937 0.000030 0.000420 0.022393 -0.240915 -0.661233 10.201063 10.254788 -7.215318 -6.287986 -6.840084
-0.133713 10.164095 0.000016 0.000481 0.022393 -0.266708 -0.821739 10.067468 10.178666 -9.504040 -6.961196 -8.468727
-0.119586 10.302593 0.000033 -0.000657 0.022393 -0.323512 -0.810797 10.306828 10.007195 -9.546831 -8.443782 -9.030195
-0.124134 10.265658 -0.000089 -0.001370 0.023872 -0.344918 -0.657260 10.152964 9.953283 -8.856405 -9.002501 -8.817631
-0.142226 10.086921 -0.000060 -0.000708 0.023872 -0.337566 -0.445712 10.044651 9.977211 -8.034888 -8.810613 -8.245177
-0.152436 10.048525 -0.000021 -0.000378 0.023872 -0.320240 -0.196833 10.107714 10.040432 -6.371787 -8.358386 -7.099541
-0.158565 10.023684 -0.000021 0.000089 0.023872 -0.283111 -0.017701 10.100104 10.182402 -5.858165 -7.389308 -6.439617
-0.160140 10.013247 0.000024 0.000896 0.023872 -0.257849 -2.919444 10.054472 10.276198 -6.334684 -6.729962 -6.434326
-0.161874 10.025571 0.000065 0.001328 0.023872 -0.257707 -2.656518 10.031031 10.279716 -6.428672 -6.726259 -6.495780
-0.158509 10.050700 0.000074 0.001214 0.023872 -0.259576 -2.426045 10.087953 10.278332 -7.803529 -6.775047 -7.279722
-0.152938 10.069281 0.000057 0.001108 0.023872 -0.288867 -2.217447 9.979978 10.183061 -9.033612 -7.539535 -8.294606
-0.151823 10.079907 0.000061 0.000547 0.023872 -0.326033 -1.996405 10.051818 10.064714 -8.600907 -8.509579 -8.389485
-0.150669 10.068598 0.000005 -0.000021 0.023872 -0.327378 -1.765365 10.075419 10.058499 -8.157398 -8.544704 -8.138853
-0.152454 10.033537 -0.000004 0.000132 0.023872 -0.314685 -1.549651 10.028037 10.084007 -7.542064 -8.213401 -7.657701
-0.160806 10.006141 0.000017 0.000413 0.021600 -0.298694 -1.344238 10.037167 10.124763 -5.963284 -7.796031 -6.649464
-0.165018 9.995990 0.000027 0.000682 0.019545 -0.264196 -1.188548 10.095567 10.244405 -5.921008 -6.895611 -6.235051
-0.165003 9.987933 0.000045 0.001359 0.017685 -0.248217 -1.101033 9.972295 10.289228 -6.324056 -6.478562 -6.262152
-0.164706 9.985806 0.000095 0.001608 0.025500 -0.248537 -1.040124 10.007786 10.270058 -6.245644 -6.486902 -6.236958
-0.158744 9.993457 0.000079 0.001466 0.025500 -0.244521 -1.026478 9.999438 10.259842 -7.943858 -6.382097 -7.131137
-0.154247 9.987590 0.000079 0.001443 0.025500 -0.277056 -0.993047 9.865186 10.119691 -8.945090 -7.231266 -8.033334
-0.154685 9.980900 0.000077 0.000735 0.025500 -0.310226 -0.857192 9.949550 9.981891 -8.093440 -8.097016 -7.864651
-0.154939 9.957671 0.000011 0.000128 0.025500 -0.303058 -0.660654 9.964427 9.979728 -7.530135 -7.909940 -7.470669
-0.159825 9.903565 0.000006 0.000404 0.025500 -0.288103 -0.455697 9.882338 9.999574 -6.472401 -7.519614 -6.738000
-0.166521 9.863072 0.000036 0.000723 0.025500 -0.263633 -0.245790 9.923379 10.061644 -5.250132 -6.880929 -5.845072
-0.167242 9.856746 0.000043 0.001086 0.025500 -0.230281 -0.205806 9.921356 10.159072 -5.914515 -6.010423 -5.783707
-0.167551 9.867464 0.000072 0.001545 0.025500 -0.228646 -0.419747 9.831285 10.136846 -6.037565 -5.967739 -5.833440
-0.164825 9.886696 0.000092 0.001325 0.025500 -0.231451 -0.522485 9.925975 10.106782 -6.725557 -6.040970 -6.226338
-0.156488 9.902015 0.000056 0.001085 0.025500 -0.245780 -0.600899 9.833346 10.036805 -8.441943 -6.414962 -7.356787
-0.152046 9.919125 0.000063 0.000624 0.023074 -0.288892 -0.529471 9.841185 9.878473 -8.240234 -7.540208 -7.633026
-0.151809 9.922610 0.000013 -0.000234 0.020878 -0.298779 -0.287522 9.937133 9.832270 -7.446057 -7.798258 -7.247040
-0.156395 9.886454 -0.000029 -0.000287 0.018891 -0.284882 0.101250 9.871376 9.863155 -6.708939 -7.435545 -6.696518
-0.166847 9.853183 -0.000001 0.000053 0.017093 -0.269124 -0.753968 9.891166 9.914696 -4.514882 -7.024254 -5.432966
-0.171913 9.844564 0.000009 0.000372 0.015467 -0.226390 -0.642076 9.988727 10.089127 -4.156456 -5.908878 -4.746441
-0.168608 9.863797 0.000031 0.001194 0.013995 -0.198324 -0.645651 9.890565 10.193306 -5.387532 -5.176342 -5.023366
-0.164281 9.906959 0.000091 0.001517 0.024536 -0.208133 -0.670540 9.904804 10.149401 -5.351750 -5.432352 -5.137191
-0.154885 9.959111 0.000074 0.001008 0.024536 -0.209662 -0.725897 10.008384 10.136200 -6.399451 -5.472252 -5.775381
-0.143176 9.997405 0.000040 0.000735 0.024536 -0.229198 -0.732798 9.921579 10.055278 -7.885059 -5.982163 -6.880319
-0.138174 10.025497 0.000042 0.000158 0.024536 -0.266681 -0.593483 9.971040 9.914708 -7.325172 -6.960485 -6.863296
-0.131539 10.052627 -0.000015 -0.000731 0.024536 -0.263614 -0.294642 10.091528 9.902130 -6.910477 -6.880439 -6.582777
-0.130650 10.049611 -0.000055 -0.000781 0.024536 -0.250357 0.259057 10.013906 9.914707 -6.476539 -6.534408 -6.197082
-0.139046 10.033135 -0.000028 -0.000628 0.024536 -0.239532 -0.463520 10.052702 9.930734 -5.224618 -6.251890 -5.330148
-0.140511 10.026205 -0.000035 -0.000506 0.024536 -0.211111 -0.150162 10.079287 10.014559 -5.790214 -5.510070 -5.444015
-0.142667 10.033563 -0.000018 -0.000101 0.024536 -0.218511 0.264766 9.976728 9.996204 -5.915773 -5.703220 -5.598269
-0.145437 10.047638 0.000006 -0.000273 0.024536 -0.229280 0.062713 10.088997 9.985978 -6.002492 -5.984295 -5.763225
-0.140950 10.058429 -0.000030 -0.000384 0.024536 -0.235895 0.277933 10.032658 9.991907 -8.001673 -6.156950 -7.077471
-0.139960 10.067194 -0.000012 -0.000399 0.022201 -0.285418 0.248060 9.961437 9.866050 -8.515245 -7.449521 -7.844793
-0.145228 10.065866 -0.000028 -0.001059 0.020088 -0.316605 -0.087026 10.072350 9.808973 -7.385652 -8.263514 -7.431281
-0.152110 10.044349 -0.000078 -0.001247 0.020984 -0.303335 0.762737 10.085423 9.895986 -6.673927 -7.917152 -6.906094
-0.160414 10.024156 -0.000056 -0.000679 0.020984 -0.287095 0.638004 10.065036 9.998696 -5.348996 -7.493305 -6.049737
-0.165019 10.021508 -0.000020 -0.000121 0.020984 -0.257063 0.587457 10.141733 10.156025 -4.101447 -6.709445 -5.102109
-0.164205 10.045917 0.000004 0.000583 0.020984 -0.217778 0.653517 10.157839 10.333590 -4.024168 -5.684093 -4.632718
-0.162513 10.102428 0.000052 0.001225 0.020984 -0.196737 0.763840 10.178123 10.430497 -4.285995 -5.134909 -4.550794
-0.140765 10.358377 0.000075 0.000382 0.020984 -0.190572 0.870684 10.563962 10.484667 -5.714300 -4.973994 -5.373105
-0.132026 10.376161 -0.000023 0.000575 0.020984 -0.216510 0.936980 10.172391 10.420287 -8.019782 -5.651005 -6.998600
-0.141708 10.231259 0.000074 0.001002 0.020984 -0.274932 0.886156 10.107075 10.230106 -8.327599 -7.175845 -7.717713
-0.136260 10.282081 0.000037 -0.000275 0.020984 -0.300035 0.709593 10.338807 10.152024 -8.027016 -7.831032 -7.771261
-0.130010 10.289913 -0.000055 -0.000731 0.020984 -0.297959 0.471917 10.236627 10.151642 -8.326140 -7.776851 -7.931096
-0.134508 10.269870 -0.000025 -0.000626 0.020984 -0.302599 0.078258 10.256746 10.123748 -6.954121 -7.897957 -7.146026
-0.141548 10.264551 -0.000039 -0.000746 0.018987 -0.275599 -2.141081 10.339040 10.206074 -5.863997 -7.193252 -6.243089
-0.144030 10.270633 -0.000040 -0.000342 0.017180 -0.244615 -1.886449 10.312021 10.308644 -6.215227 -6.384554 -6.185605
-0.146763 10.282532 -0.000001 0.000138 0.015545 -0.246158 -1.686654 10.271184 10.318276 -6.342822 -6.424815 -6.288603
-0.144564 10.299885 0.000014 0.000097 0.014066 -0.252045 -1.528010 10.328775 10.322365 -7.346448 -6.578471 -6.964916
-0.140036 10.304605 -0.000002 0.000094 0.012727 -0.275581 -1.397218 10.229739 10.265059 -9.155629 -7.192769 -8.282290
-0.140670 10.300708 0.000010 -0.000189 0.011516 -0.324969 -1.260362 10.215556 10.126697 -9.875680 -8.481818 -9.175509
-0.144256 10.288831 -0.000026 -0.000859 0.010420 -0.360561 -1.107254 10.246666 10.042125 -9.595881 -9.410774 -9.336854
-0.149679 10.255366 -0.000061 -0.001130 0.016374 -0.368036 -0.958477 10.248942 10.050064 -8.696788 -9.605885 -8.871822
-0.157973 10.207914 -0.000059 -0.000836 0.016374 -0.353081 -0.803501 10.240826 10.131583 -7.162647 -9.215545 -7.896837
-0.161845 10.179259 -0.000033 -0.000253 0.016374 -0.317423 -0.699757 10.278445 10.284789 -6.928763 -8.284873 -7.387920
-0.161161 10.177644 0.000001 0.000568 0.016374 -0.295431 -0.667886 10.195059 10.372130 -7.360575 -7.710874 -7.379708
-0.163097 10.182336 0.000052 0.001006 0.016374 -0.293822 -0.656552 10.197487 10.378479 -6.945631 -7.668872 -7.164626
-0.162295 10.200028 0.000053 0.000946 0.016374 -0.284575 -0.661484 10.254356 10.412929 -7.675245 -7.427509 -7.443442
-0.157365 10.215893 0.000047 0.001044 0.016374 -0.293753 -0.685915 10.167210 10.375313 -9.072830 -7.667062 -8.314366
-0.153950 10.216187 0.000062 0.000843 0.016631 -0.325840 -0.670422 10.153722 10.257754 -9.351097 -8.504563 -8.800800
-0.150960 10.216977 0.000031 0.000216 0.016631 -0.342224 -0.587435 10.206371 10.192466 -9.306492 -8.932187 -8.932110
-0.153099 10.190249 -0.000004 0.000012 0.016631 -0.344965 -0.460606 10.150287 10.165180 -8.756890 -9.003726 -8.642717
-0.159604 10.153964 0.000005 0.000059 0.016631 -0.335833 -0.297878 10.174753 10.181906 -7.512978 -8.765377 -7.886120
-0.162287 10.128662 0.000003 0.000282 0.016631 -0.308821 -0.165229 10.182346 10.267138 -7.210851 -8.060340 -7.430311
-0.162824 10.104289 0.000026 0.000863 0.016631 -0.290774 -0.169585 10.103268 10.312277 -7.214121 -7.589313 -7.232203
-0.161474 10.101997 0.000062 0.001114 0.016799 -0.281887 -0.272762 10.128109 10.318378 -7.470858 -7.357350 -7.272212
-0.157530 10.108462 0.000057 0.001112 0.016799 -0.281705 -0.352294 10.084538 10.289179 -8.573673 -7.352601 -7.881124
-0.155164 10.112541 0.000062 0.000936 0.016799 -0.304575 -0.361427 10.046652 10.183224 -9.089218 -7.949528 -8.406604
-0.158091 10.098695 0.000042 0.000448 0.016799 -0.324872 -0.268333 10.057921 10.092364 -8.533163 -8.479287 -8.321015
-0.159163 10.062280 0.000011 0.000159 0.016799 -0.322602 -0.135550 10.061870 10.085460 -8.626414 -8.420040 -8.351745
-0.158010 10.022590 0.000008 0.000333 0.016799 -0.321973 0.001692 9.976244 10.064250 -8.450677 -8.403620 -8.250724
-0.159592 9.996052 0.000027 0.000361 0.016799 -0.315261 -6.025979 10.008497 10.054028 -7.497955 -8.228428 -7.662189
-0.161193 9.991467 0.000015 0.000331 0.016799 -0.293245 -5.418935 10.030661 10.100590 -7.095112 -7.653810 -7.205492
-0.164048 9.967546 0.000022 0.000705 0.016799 -0.277543 -4.876460 9.957452 10.127683 -6.995429 -7.243993 -6.975418
-0.163921 9.953756 0.000052 0.000922 0.016799 -0.269481 -4.393304 9.968772 10.128263 -7.080330 -7.033549 -6.929071
-0.157552 9.977631 0.000049 0.000798 0.016799 -0.266533 -3.961529 9.981337 10.109817 -7.539286 -6.956612 -7.155840
-0.151816 9.985542 0.000039 0.000659 0.015200 -0.273193 -3.571899 9.946775 10.055259 -8.003400 -7.130444 -7.495509
-0.151726 9.983313 0.000034 0.000381 0.013754 -0.284927 -3.213522 9.949423 9.984944 -7.693164 -7.436697 -7.411467
-0.154713 9.981548 0.000012 0.000018 0.012445 -0.283934 -2.883884 9.988704 9.966060 -6.896494 -7.410797 -6.939863
-0.157404 9.969581 -0.000005 -0.000019 0.011261 -0.268937 -2.589600 9.991471 10.003599 -6.166416 -7.019355 -6.381533
-0.158044 9.960456 0.000005 0.000229 0.010189 -0.248894 -2.331248 9.997317 10.060958 -5.938368 -6.496242 -6.052438
-0.155357 9.966309 0.000020 0.000502 0.009219 -0.235326 -2.104451 9.981840 10.091831 -6.398483 -6.142095 -6.188001
-0.152323 9.992465 0.000034 0.000527 0.009055 -0.239933 -1.899152 9.982427 10.063356 -6.530325 -6.262350 -6.313012
-0.152179 10.018820 0.000025 0.000236 0.009055 -0.245481 -1.707971 10.028558 10.039526 -6.320026 -6.407140 -6.242747
-0.150651 10.031771 0.000004 0.000041 0.009055 -0.243790 -1.533698 10.040641 10.045049 -6.639088 -6.363006 -6.428488
-0.147132 10.028952 0.000002 0.000085 0.009055 -0.249810 -1.377672 9.999638 10.023477 -6.891033 -6.520146 -6.641817
-0.142824 10.029507 0.000008 -0.000032 0.009055 -0.255024 -1.229737 10.026584 9.997263 -6.728686 -6.656236 -6.586370
-0.141188 10.032414 -0.000008 -0.000186 0.009055 -0.250058 -1.085857 10.031839 9.995539 -6.268735 -6.526625 -6.254938
-0.145288 10.023421 -0.000010 -0.000148 0.009055 -0.237928 -0.948153 10.035334 10.016974 -5.556313 -6.210020 -5.704059
-0.151038 10.008966 -0.000005 0.000042 0.009055 -0.220713 -0.831210 10.035139 10.063441 -5.072077 -5.760696 -5.257554
-0.151434 10.000069 0.000009 0.000336 0.009055 -0.206248 -0.751654 10.021804 10.106895 -5.507696 -5.383149 -5.397085
-0.146356 10.006424 0.000026 0.000532 0.009055 -0.210499 -0.706625 9.985115 10.087843 -6.410632 -5.494115 -6.003480
-0.141668 10.018429 0.000031 0.000368 0.009055 -0.230972 -0.662670 9.978810 10.014631 -7.168354 -6.028449 -6.652558
-0.136896 10.039786 0.000011 -0.000133 0.008194 -0.253720 -0.599281 10.006144 9.934724 -8.112824 -6.622184 -7.433145
-0.125636 10.142158 -0.000021 -0.001099 0.007414 -0.282225 -0.508902 10.143186 9.847684 -8.199823 -7.366195 -7.742115
-0.126812 10.108560 -0.000087 -0.001382 0.023431 -0.294011 -0.386354 10.020582 9.813495 -7.766032 -7.673809 -7.582392
-0.137440 9.979586 -0.000061 -0.000880 0.023431 -0.288090 0.048837 9.940122 9.823436 -7.333064 -7.519254 -7.259129
-0.140623 9.958433 -0.000035 -0.000715 0.023431 -0.276362 -3.053261 9.986544 9.850398 -6.549338 -7.213156 -6.666795
-0.144638 9.955916 -0.000041 -0.000559 0.023431 -0.256382 -2.710834 9.979412 9.908948 -6.194900 -6.691670 -6.276284
-0.150382 9.963031 -0.000021 -0.000287 0.023431 -0.246593 -2.420134 9.985846 9.950276 -6.141615 -6.436188 -6.165537
-0.154592 9.972283 -0.000011 -0.000117 0.023431 -0.247792 -2.181012 9.982731 9.973777 -6.293965 -6.467465 -6.280088
-0.154765 9.982909 -0.000003 -0.000048 0.023431 -0.254551 -1.991282 9.995597 9.987235 -7.025643 -6.643888 -6.787099
-0.153031 10.001698 -0.000003 -0.000077 0.023431 -0.274171 -1.833589 9.978975 9.961078 -7.294759 -7.155970 -7.148376
-0.152397 10.026316 -0.000006 -0.000346 0.023431 -0.286678 -1.683652 10.054153 9.957566 -6.664817 -7.482405 -6.904662
-0.154346 10.038157 -0.000029 -0.000427 0.023431 -0.276182 -1.536599 10.084476 10.024742 -5.854217 -7.208463 -6.347214
-0.157040 10.041682 -0.000018 -0.000090 0.023431 -0.254542 -1.403878 10.105368 10.124357 -4.877007 -6.643644 -5.593356
-0.155935 10.058421 0.000005 0.000349 0.021201 -0.223201 -1.296601 10.148603 10.245503 -4.404286 -5.825623 -5.020644
-0.154546 10.089313 0.000028 0.000828 0.019183 -0.197848 -1.216883 10.144653 10.332656 -4.446835 -5.163919 -4.802202
-0.154809 10.125225 0.000055 0.001099 0.017358 -0.188968 -1.148216 10.161532 10.363763 -4.784285 -4.932145 -4.912572
-0.149265 10.162543 0.000060 0.001066 0.016120 -0.192707 -1.088595 10.174043 10.354332 -6.250515 -5.029737 -5.853849
-0.144101 10.191393 0.000054 0.000863 0.016120 -0.225853 -1.013153 10.117003 10.249768 -7.109003 -5.894846 -6.675653
-0.142636 10.218511 0.000040 0.000166 0.016120 -0.256412 -0.884416 10.211926 10.158851 -6.879397 -6.692458 -6.808720
-0.137668 10.236463 -0.000015 -0.000411 0.016120 -0.259904 -0.727954 10.242576 10.153095 -7.256801 -6.783600 -7.067846
-0.135507 10.227064 -0.000026 -0.000392 0.016120 -0.266802 -0.551904 10.180440 10.126277 -7.076419 -6.963649 -7.016227
-0.137881 10.208979 -0.000016 -0.000438 0.016120 -0.264156 -0.312828 10.223656 10.126393 -6.465294 -6.894573 -6.615115
-0.140672 10.206621 -0.000029 -0.000425 0.016120 -0.249967 0.024458 10.224033 10.165455 -6.118086 -6.524241 -6.272197
-0.144417 10.201134 -0.000017 -0.000189 0.016120 -0.239182 -2.795547 10.212182 10.198391 -5.885239 -6.242744 -6.032527
-0.144087 10.204123 -0.000004 -0.000030 0.016120 -0.232213 -2.506910 10.223525 10.224814 -6.292977 -6.060854 -6.221876
-0.136983 10.223279 0.000000 0.000008 0.016120 -0.238337 -2.259422 10.206297 10.207877 -7.684363 -6.220685 -7.120925
-0.127625 10.241591 0.000000 -0.000179 0.016120 -0.268403 -2.034615 10.163992 10.105414 -9.362729 -7.005437 -8.397975
-0.124410 10.249239 -0.000017 -0.000762 0.014586 -0.314648 -1.803026 10.146988 9.949349 -9.833214 -8.212435 -9.099527
-0.129394 10.229602 -0.000059 -0.001485 0.015795 -0.343919 -1.564243 10.178501 9.860182 -8.971291 -8.976427 -8.844429
-0.132791 10.219071 -0.000095 -0.001902 0.025492 -0.337960 -1.333145 10.251899 9.896442 -7.889156 -8.820901 -8.135726
-0.139161 10.174793 -0.000106 -0.001475 0.028566 -0.313146 -1.106495 10.180479 9.991648 -6.765200 -8.173226 -7.229723
-0.143767 10.127122 -0.000057 -0.000718 0.028566 -0.279941 -0.952364 10.186246 10.107005 -6.445771 -7.306563 -6.745668
-0.142968 10.131817 -0.000025 -0.000131 0.028566 -0.260912 -0.900474 10.150514 10.171727 -6.606158 -6.809898 -6.680591
-0.148119 10.141766 0.000005 0.000159 0.028566 -0.260228 -0.884155 10.149499 10.183463 -6.127993 -6.792051 -6.383817
-0.151013 10.156118 0.000009 0.000145 0.028566 -0.252826 -0.906234 10.209429 10.228744 -6.780147 -6.598863 -6.717892
-0.150577 10.162062 0.000005 0.000353 0.028566 -0.266903 -0.976724 10.111060 10.208968 -7.766211 -6.966263 -7.453404
-0.140488 10.283194 0.000028 -0.000393 0.028566 -0.295263 -1.000688 10.363060 10.158549 -7.833076 -7.706491 -7.762793
-0.145794 10.247633 -0.000061 -0.000472 0.028566 -0.306056 -0.967371 10.146138 10.158304 -7.410326 -7.988195 -7.611214
-0.165175 10.099295 0.000003 0.000313 0.028566 -0.302185 -0.896023 10.103604 10.194187 -6.290572 -7.887145 -7.022292
-0.172249 10.085015 0.000026 0.000578 0.028566 -0.283192 -0.838366 10.185586 10.298713 -5.796389 -7.391433 -6.568457
-0.174472 10.077937 0.000033 0.001170 0.028566 -0.266101 -0.827490 10.107149 10.391967 -6.134215 -6.945335 -6.507267
-0.174113 10.084023 0.000084 0.001632 0.025848 -0.261950 -0.827001 10.124172 10.419822 -6.376256 -6.837005 -6.574924
-0.170638 10.116277 0.000088 0.001608 0.023595 -0.261924 -0.795978 10.143276 10.422783 -6.935320 -6.836312 -6.845001
-0.165964 10.139800 0.000083 0.001499 0.023595 -0.269436 -0.733595 10.129861 10.387326 -7.755169 -7.032389 -7.345937
-0.163733 10.154345 0.000077 0.001235 0.023595 -0.286056 -0.614946 10.121670 10.311766 -7.434880 -7.466166 -7.385149
-0.160262 10.168979 0.000057 0.000757 0.023595 -0.285058 -0.427163 10.209088 10.299749 -7.136945 -7.440129 -7.219702
-0.155719 10.166232 0.000028 0.000707 0.023595 -0.273994 -0.196398 10.153869 10.308320 -7.092355 -7.151345 -7.078476
-0.153574 10.165018 0.000047 0.000759 0.023595 -0.265132 0.300577 10.178203 10.298255 -6.483964 -6.920040 -6.632458
-0.151366 10.178749 0.000037 0.000633 0.023595 -0.245823 -0.026251 10.210716 10.317835 -6.255508 -6.416070 -6.306486
-0.148593 10.201827 0.000033 0.000615 0.023595 -0.233478 2.323402 10.206325 10.317844 -6.157302 -6.093880 -6.127493
-0.142737 10.230330 0.000035 0.000464 0.023595 -0.226853 2.078491 10.244948 10.304507 -6.460659 -5.920965 -6.243554
-0.131609 10.268025 0.000019 0.000193 0.023595 -0.228845 1.870435 10.247464 10.261835 -7.515835 -5.972954 -6.882172
-0.122030 10.298996 0.000006 -0.000197 0.023595 -0.249865 1.671735 10.228661 10.153991 -8.157244 -6.521584 -7.442406
-0.118485 10.315569 -0.000021 -0.000856 0.021350 -0.270816 1.453460 10.266826 10.051880 -7.943817 -7.068397 -7.498031
-0.119687 10.302273 -0.000063 -0.001327 0.019318 -0.275592 1.231556 10.267332 10.013620 -7.448445 -7.193050 -7.236421
-0.123681 10.272911 -0.000075 -0.001374 0.020059 -0.269462 1.030795 10.258907 10.021083 -6.753026 -7.033061 -6.756125
-0.127413 10.256129 -0.000070 -0.001245 0.020059 -0.255633 0.858333 10.274155 10.064836 -6.260053 -6.672117 -6.329431
-0.131710 10.229870 -0.000062 -0.000874 0.020059 -0.243279 0.744610 10.224237 10.111134 -6.493656 -6.349672 -6.358260
-0.137222 10.195526 -0.000034 -0.000447 0.020059 -0.248530 0.687989 10.162147 10.109162 -6.996208 -6.486735 -6.717232
-0.138347 10.181631 -0.000016 -0.000384 0.020059 -0.265409 0.661359 10.160380 10.079571 -7.847128 -6.927281 -7.397090
-0.137976 10.180948 -0.000025 -0.000537 0.020059 -0.292164 0.626000 10.130890 10.023198 -8.264658 -7.625603 -7.901847
-0.119984 10.366318 -0.000033 -0.001818 0.020059 -0.310490 0.538930 10.508452 10.011302 -8.435176 -8.103908 -8.186469
-0.122028 10.300057 -0.000148 -0.001530 0.039843 -0.318243 0.413527 10.109389 10.016224 -8.346739 -8.306263 -8.212836
-0.144060 10.067954 -0.000029 -0.000274 0.039843 -0.317549 -0.066819 10.031879 10.018471 -7.140570 -8.288153 -7.461503
-0.150368 10.056603 -0.000005 -0.000202 0.039843 -0.291244 2.696508 10.159360 10.105262 -5.951844 -7.601579 -6.506796
-0.154620 10.046660 -0.000017 0.000311 0.039843 -0.258696 2.397143 10.075786 10.218688 -5.529376 -6.752060 -5.955739
-0.155386 10.053777 0.000041 0.000874 0.039843 -0.238356 2.176206 10.124578 10.290605 -5.636936 -6.221197 -5.826839
-0.151794 10.081674 0.000048 0.001107 0.039843 -0.232202 2.020408 10.089596 10.311958 -6.630889 -6.060552 -6.375894
-0.144508 10.116366 0.000065 0.001036 0.039843 -0.251091 1.893261 10.096542 10.251160 -8.225027 -6.553574 -7.534672
-0.138974 10.146972 0.000046 0.000552 0.039843 -0.292081 1.729648 10.066458 10.119884 -8.799137 -7.623423 -8.254196
-0.136166 10.160988 0.000016 -0.000218 0.039843 -0.317682 1.492765 10.151599 10.038982 -8.340999 -8.291630 -8.205749
-0.134950 10.146870 -0.000033 -0.000572 0.039843 -0.313482 1.216485 10.139516 10.046201 -7.792968 -8.182000 -7.832965
-0.136913 10.123123 -0.000028 -0.000408 0.039843 -0.297552 0.929320 10.138139 10.082023 -7.053981 -7.766229 -7.235874
-0.141996 10.106481 -0.000017 -0.000130 0.036052 -0.275733 0.648753 10.132655 10.135969 -6.106688 -7.196737 -6.458515
-0.146325 10.108634 0.000001 0.000145 0.032621 -0.249115 0.458473 10.168234 10.212053 -5.475302 -6.502010 -5.838217
-0.149853 10.123602 0.000013 0.000469 0.029517 -0.229267 0.479476 10.162134 10.277446 -5.186690 -5.983959 -5.492390
-0.146171 10.135065 0.000034 0.000754 0.026708 -0.217542 0.678741 10.171059 10.320856 -6.397914 -5.677931 -6.147914
-0.135712 10.154847 0.000044 0.000880 0.024166 -0.237798 0.825849 10.089819 10.252195 -8.213809 -6.206615 -7.438961
-0.130577 10.181081 0.000048 0.000377 0.021867 -0.282679 0.798789 10.108958 10.099950 -8.297157 -7.378036 -7.893976
-0.131946 10.183553 -0.000002 -0.000443 0.019786 -0.299340 0.651795 10.176772 10.041852 -7.544177 -7.812893 -7.585279
-0.135725 10.157332 -0.000040 -0.000612 0.017903 -0.288451 0.473227 10.161210 10.072830 -6.896826 -7.528694 -7.090576
-0.140726 10.137254 -0.000026 -0.000341 0.016199 -0.271334 0.302274 10.163777 10.124961 -5.779798 -7.081928 -6.252952
-0.143953 10.131519 -0.000011 -0.000035 0.014658 -0.241544 0.173416 10.199865 10.219769 -4.993841 -6.304403 -5.509700
-0.146333 10.119014 0.000006 0.000534 0.013263 -0.213705 0.235193 10.149095 10.304456 -5.077216 -5.577794 -5.322652
-0.149378 10.127826 0.000046 0.000936 0.012392 -0.208155 0.367492 10.147006 10.322988 -5.522844 -5.432923 -5.554182
-0.145616 10.157486 0.000052 0.000877 0.014096 -0.218591 0.459829 10.159367 10.299936 -7.272612 -5.705305 -6.731677
-0.124037 10.361130 0.000042 -0.000324 0.014096 -0.260049 0.509741 10.409214 10.192729 -8.767320 -6.787390 -8.008146
-0.126647 10.334778 -0.000064 -0.000753 0.017102 -0.308350 0.432711 10.132067 10.063772 -8.488802 -8.048061 -8.298233
-0.143493 10.138964 -0.000020 -0.000398 0.017102 -0.319539 0.231059 10.112613 10.039422 -8.193000 -8.340086 -8.216156
-0.147818 10.125110 -0.000022 -0.000454 0.017102 -0.316389 -0.109079 10.145742 10.058626 -7.377635 -8.257872 -7.685201
-0.157140 10.109420 -0.000026 -0.000269 0.017102 -0.301545 0.478732 10.144008 10.127353 -5.802510 -7.870440 -6.667837
-0.149524 10.257934 -0.000005 -0.000692 0.017102 -0.262044 0.412003 10.498599 10.289936 -5.567060 -6.839455 -6.177599
-0.152367 10.241216 -0.000062 0.000258 0.017102 -0.244835 0.501517 10.127312 10.377066 -5.873358 -6.390300 -6.201349
-0.162119 10.112433 0.000074 0.001402 0.019808 -0.244535 0.614675 10.137909 10.387981 -6.633583 -6.382472 -6.599330
-0.150782 10.156196 0.000074 0.001228 0.019940 -0.257611 0.718324 10.152669 10.346646 -8.584385 -6.723746 -7.900394
-0.141436 10.189835 0.000058 0.000831 0.019940 -0.301241 0.708750 10.085031 10.196428 -9.851794 -7.862517 -9.061810
-0.142302 10.183756 0.000034 0.000067 0.019940 -0.343253 0.532913 10.118898 10.051323 -9.399648 -8.959034 -9.152529
-0.145407 10.152944 -0.000019 -0.000538 0.019940 -0.346928 0.213046 10.148322 10.029626 -8.873854 -9.054948 -8.855835
-0.151882 10.111676 -0.000035 -0.000435 0.019940 -0.337271 -0.487309 10.095454 10.050925 -7.781325 -8.802900 -8.112446
-0.160337 10.070725 -0.000013 -0.000105 0.019940 -0.315207 -0.202139 10.124808 10.126772 -6.571335 -8.227026 -7.232411
-0.161902 10.046817 0.000001 0.000424 0.019940 -0.283424 0.005296 10.104142 10.238494 -7.327241 -7.397471 -7.277117
-0.162928 10.044843 0.000040 0.001026 0.019940 -0.286048 4.055068 10.002481 10.224207 -7.621546 -7.465971 -7.467519
-0.159694 10.071330 0.000066 0.000810 0.019940 -0.294036 3.658606 10.115159 10.197670 -8.867711 -7.674464 -8.232315
-0.151244 10.087979 0.000025 0.000581 0.019940 -0.323841 3.308865 9.979955 10.100421 -10.978797 -8.452381 -9.787277
-0.147472 10.087614 0.000036 0.000068 0.019940 -0.382102 2.975661 9.991065 9.916464 -6.837540 -9.973002 -7.721653
-0.146763 10.069028 -0.000021 -0.000808 0.018042 -0.295515 2.650057 10.358114 10.158435 -4.357399 -7.713060 -5.431777
-0.150819 10.028724 -0.000059 0.000687 0.016325 -0.204481 2.349293 10.007848 10.388100 -5.857331 -5.337031 -5.528973
-0.158148 10.032273 0.000113 0.001885 0.030403 -0.212268 2.079422 10.014193 10.314896 -4.459561 -5.540274 -4.842755
-0.158206 10.095063 0.000090 0.001165 0.030403 -0.191798 1.857918 10.237902 10.371056 -4.493300 -5.006003 -4.651830
-0.156284 10.134252 0.000041 0.001255 0.030403 -0.187430 1.739022 10.088404 10.384447 -5.541498 -4.891994 -5.203913
-0.151600 10.153381 0.000089 0.001224 0.030403 -0.211026 1.672415 10.158398 10.314377 -6.767716 -5.507865 -6.168599
-0.132115 10.187838 0.000048 0.000671 0.030403 -0.241974 1.614317 10.120294 10.210628 -9.940213 -6.315616 -8.375921
-0.115157 10.226621 0.000028 -0.000085 0.030403 -0.313172 1.473323 10.049600 9.950145 -11.261257 -8.173907 -9.818425
-0.114879 10.221030 -0.000028 -0.001435 0.030403 -0.364748 1.151051 10.134939 9.753998 -9.938889 -9.520068 -9.507995
-0.119172 10.161194 -0.000112 -0.002158 0.030403 -0.353393 0.718943 10.151915 9.764434 -9.373562 -9.223699 -9.051412
-0.130340 10.100943 -0.000114 -0.001783 0.030736 -0.340188 0.179419 10.049330 9.787249 -7.345480 -8.879050 -7.689565
-0.144889 10.060299 -0.000078 -0.001447 0.030736 -0.296581 -1.191575 10.179962 9.925441 -4.715957 -7.740884 -5.680448
-0.147029 10.046391 -0.000076 -0.000641 0.030736 -0.225249 -1.075972 10.158257 10.156258 -5.015284 -5.879093 -5.266182
-0.143980 10.043990 -0.000001 0.000595 0.030736 -0.209419 -1.172840 10.015035 10.207490 -6.274248 -5.465914 -5.922811
-0.139616 10.059091 0.000056 0.000786 0.030736 -0.233275 -1.285471 10.035888 10.134203 -7.928666 -6.088569 -7.161588
-0.133809 10.077534 0.000029 0.000300 0.030736 -0.278091 -1.329494 9.977800 9.995485 -10.253864 -7.258282 -8.988486
-0.130933 10.096271 0.000005 -0.000534 0.030736 -0.347620 -1.251154 9.974447 9.788963 -10.660002 -9.073023 -9.861855
-0.125963 10.122913 -0.000055 -0.001770 0.030736 -0.380742 -1.059427 10.126937 9.707609 -10.054781 -9.937519 -9.799980
-0.121801 10.096454 -0.000125 -0.002060 0.033536 -0.375089 -0.820283 10.063589 9.738015 -10.074964 -9.789976 -9.760202
-0.135319 10.037426 -0.000097 -0.001587 0.033536 -0.373586 -0.489396 9.995889 9.747349 -8.013596 -9.750731 -8.475741
-0.156176 9.990384 -0.000075 -0.001288 0.033536 -0.337860 -0.023487 10.111585 9.897259 -6.094133 -8.818291 -7.043864
-0.162429 9.993245 -0.000065 -0.000509 0.033536 -0.294237 -0.633019 10.095548 10.103832 -7.645075 -7.679704 -7.390008
-0.170181 9.955103 0.000001 0.000788 0.033536 -0.309545 -0.833727 9.845251 10.091463 -7.548703 -8.079245 -7.569429
-0.169410 9.923679 0.000072 0.000889 0.033536 -0.315619 -1.001862 10.024783 10.113047 -8.544744 -8.237778 -8.152520
-0.158155 9.951419 0.000025 0.000856 0.033536 -0.333074 -1.149566 9.870532 10.074688 -11.289765 -8.693375 -9.881131
-0.153437 9.956987 0.000060 0.000624 0.033536 -0.397064 -1.127859 9.838415 9.875182 -12.516177 -10.363515 -11.232092
-0.156962 9.944574 0.000010 -0.000368 0.033536 -0.443202 -0.911922 9.873849 9.726470 -10.803968 -11.567752 -10.750364
-0.168640 9.894924 -0.000044 -0.000893 0.033536 -0.428267 -0.560080 9.967010 9.798542 -7.701559 -11.177938 -9.086136
-0.186996 9.802682 -0.000050 -0.000022 0.033536 -0.378349 -0.264789 9.922586 10.050321 -4.631419 -9.875056 -7.195918
-0.202202 9.739101 0.000037 0.001649 0.030345 -0.317910 -0.399548 9.971462 10.398348 -2.111825 -8.297565 -5.436663
-0.200353 9.751241 0.000126 0.003429 0.033925 -0.245797 -0.968941 10.022334 10.780907 -4.810162 -6.415397 -5.224274
-0.197326 9.809463 0.000225 0.005147 0.060555 -0.233354 -1.278887 9.755236 10.799832 -5.600371 -6.090623 -5.340222
-0.192617 9.883026 0.000311 0.004858 0.083652 -0.235797 -1.649459 10.020707 10.743600 -8.014692 -6.154397 -6.287942
-0.179780 9.929500 0.000217 0.004314 0.083652 -0.273432 -1.977315 9.722022 10.527678 -12.320933 -7.136675 -8.656099
-0.169982 9.991464 0.000242 0.002841 0.083652 -0.371021 -1.929792 9.832162 10.099201 -11.106893 -9.683788 -9.358662
-0.159502 10.064389 0.000083 0.000184 0.083652 -0.395816 -1.535141 10.147270 9.992820 -9.340993 -10.330959 -8.723170
-0.131746 10.215973 -0.000042 -0.001182 0.083652 -0.356349 -0.998683 10.342517 10.086716 -10.146858 -9.300842 -8.877134
-0.140645 10.152292 -0.000072 -0.000347 0.083652 -0.354754 -0.033500 9.938940 10.032101 -7.619394 -9.259208 -7.331118
-0.169174 9.988116 0.000031 0.000233 0.083652 -0.322913 31.563440 10.146026 10.146272 -4.640944 -8.428151 -5.569039
-0.172187 9.999444 0.000003 0.000778 0.083652 -0.260581 28.393739 10.156019 10.405429 -7.220832 -6.801272 -6.003357
-0.176451 10.022663 0.000076 0.002028 0.083652 -0.279897 25.550229 9.885641 10.336816 -6.588399 -7.305414 -6.053913
-0.166104 10.072060 0.000136 0.001403 0.083652 -0.280512 22.998556 10.273039 10.362185 -8.741436 -7.321472 -7.180495
-0.150030 10.100016 0.000029 0.001389 0.083652 -0.321736 20.711107 9.858924 10.233295 -11.620896 -8.397449 -9.368212
-0.145581 10.100726 0.000114 0.000702 0.075692 -0.398154 18.624181 10.061092 9.986962 -12.350853 -10.391981 -10.532492
-0.144168 10.085833 -0.000019 -0.000524 0.068489 -0.437987 16.724993 9.963986 9.855210 -12.116782 -11.431626 -10.775892
-0.154963 10.014438 -0.000030 -0.000844 0.061971 -0.446054 15.000004 10.005259 9.821591 -9.729878 -11.642199 -9.521854
-0.180617 9.916886 -0.000052 -0.000505 0.056074 -0.416643 13.450407 9.984460 9.969394 -3.908562 -10.874557 -6.757496
-0.197593 9.844816 -0.000003 0.000660 0.050738 -0.331957 12.086545 10.236789 10.460624 -2.418491 -8.664211 -4.989622
-0.196462 9.838293 0.000068 0.003298 0.045909 -0.259138 10.902946 9.971103 10.849997 -5.441452 -6.763614 -4.971450
-0.190247 9.906118 0.000262 0.005001 0.070576 -0.252951 9.854885 9.949731 10.851210 -5.216325 -6.602110 -4.871738
-0.180687 9.987776 0.000270 0.004575 0.072668 -0.241665 8.950886 10.118414 10.865068 -7.368441 -6.307549 -5.667062
-0.162210 10.097657 0.000225 0.004066 0.072668 -0.270127 8.146611 10.004341 10.711618 -10.769300 -7.050416 -7.814006
-0.150251 10.134463 0.000214 0.003058 0.072668 -0.356790 7.378024 9.969661 10.385002 -11.037445 -9.312371 -8.826002
-0.140966 10.144005 0.000128 0.001277 0.072668 -0.385301 6.606142 10.158745 10.236168 -9.904940 -10.056496 -8.440980
-0.129714 10.167902 0.000028 0.000362 0.072668 -0.359826 5.857312 10.186186 10.240300 -9.249364 -9.391607 -7.858651
-0.138589 10.146931 0.000021 0.000495 0.072668 -0.333550 5.136053 10.125812 10.241249 -6.299962 -8.705793 -5.860158
-0.150893 10.141271 0.000039 0.000530 0.072668 -0.265630 4.481561 10.327595 10.405208 -4.781750 -6.933046 -4.376314
-0.150796 10.148765 0.000027 0.001359 0.072668 -0.213534 3.992586 10.161253 10.535117 -6.686815 -5.573334 -5.107199
-0.148055 10.188513 0.000115 0.001837 0.072668 -0.245289 3.601168 10.129809 10.419944 -6.737035 -6.402130 -5.478250
-0.136318 10.251439 0.000090 0.000893 0.072668 -0.257484 3.243471 10.324527 10.378878 -7.583067 -6.720436 -6.159469
-0.119501 10.296732 0.000020 0.000435 0.072668 -0.273519 2.929967 10.212121 10.308290 -10.608747 -7.138956 -8.143384
-0.107007 10.334312 0.000032 -0.000138 0.065753 -0.340611 2.537797 10.181176 10.060003 -12.552201 -8.890091 -9.958196
-0.097353 10.369196 -0.000032 -0.001638 0.059495 -0.404680 1.990444 10.254818 9.826128 -12.885000 -10.562299 -10.813840
-0.095755 10.345351 -0.000124 -0.002751 0.053834 -0.435548 1.266928 10.249831 9.710103 -12.279218 -11.367983 -10.800220
-0.119108 10.268896 -0.000158 -0.002961 0.048711 -0.440760 0.265898 10.218260 9.700094 -8.442476 -11.504016 -8.613346
-0.154506 10.184462 -0.000153 -0.002567 0.044075 -0.376169 -2.889714 10.378794 9.969901 -3.831433 -9.818170 -5.398002
-0.168972 10.118998 -0.000121 -0.000790 0.039881 -0.283279 -2.551604 10.344041 10.417691 -4.840965 -7.393705 -4.802785
-0.167401 10.119762 0.000022 0.001579 0.036086 -0.258575 -2.437384 10.124919 10.572478 -6.296566 -6.748906 -5.291978
-0.159548 10.194401 0.000133 0.002003 0.035655 -0.273070 -2.376145 10.282694 10.5673