0.000000 0.000547 0.000000 0.000000 0.000000 0.000000 0.000000 0.000000 0.000000 10.411953 0.000000 10.411953
0.000000 0.000966 0.000000 0.000000 0.000000 0.000000 0.000000 0.000000 0.000000 10.411329 0.000000 10.411329
0.000000 0.006817 0.000000 0.000000 0.000000 0.000000 0.000000 0.000000 0.000000 10.410597 0.000000 10.410597
0.000000 0.154051 0.000000 0.000000 0.000000 0.000000 0.000000 0.000000 0.000000 10.410631 0.000000 10.410631
0.000000 0.471607 0.000000 0.000000 0.000000 0.000000 0.000000 0.000000 0.000000 10.410305 0.000000 10.410305
0.000000 0.726546 0.000000 0.000000 0.000000 0.000000 0.000000 0.000000 0.000000 10.410527 0.000000 10.410527
0.000000 0.791507 0.000000 0.000000 0.000000 0.000000 0.000000 0.000000 0.000000 10.411151 0.000000 10.411151
0.000000 0.778468 0.000000 0.000000 0.000000 0.000000 0.000000 0.000000 0.000000 10.410842 0.000000 10.410842
0.000000 0.789633 0.000000 0.000000 0.000000 0.000000 0.000000 0.000000 0.000000 10.409984 0.000000 10.409984
0.000000 0.846654 0.000000 0.000000 0.000000 0.000000 0.000000 0.000000 0.000000 10.404213 0.000000 10.404213
0.000000 0.933904 0.000000 0.000000 0.000000 0.000000 0.000000 0.000000 0.000000 10.394263 0.000000 10.394263
0.907914 1.015474 0.000000 0.000000 0.000000 0.000000 0.000000 0.000000 0.000000 10.416862 0.000000 10.416862
0.750705 1.074693 0.000000 0.000000 0.000000 0.000000 0.000000 0.000000 0.000000 10.435234 0.000000 10.435234
0.644572 1.131426 0.000000 0.000000 0.000000 0.000000 0.000000 0.000000 0.000000 10.425826 0.000000 10.425826
0.570058 1.206344 0.000000 0.000000 0.000000 0.000000 0.000000 0.000000 0.000000 10.421066 0.000000 10.421066
0.550587 1.292240 0.000000 0.000000 0.000000 0.000000 0.000000 0.000000 0.000000 10.397214 0.000000 10.397214
0.474315 1.373517 0.000000 0.000000 0.000000 0.000000 0.000000 0.000000 0.000000 10.396148 0.000000 10.396148
0.347380 1.438163 0.000000 0.000000 0.000000 0.000000 0.000000 0.000000 0.000000 10.406153 0.000000 10.406153
0.237852 1.505965 0.000000 0.000000 0.000000 0.000000 0.000000 0.000000 0.000000 10.411624 0.000000 10.411624
0.177553 1.601086 0.000000 0.000000 0.000000 0.000000 0.000000 0.000000 0.000000 10.415911 0.000000 10.415911
0.183320 1.702939 0.000000 0.000000 0.000000 0.000000 0.000000 0.000000 0.000000 10.389584 0.000000 10.389584
0.175209 1.793816 0.000000 0.000000 0.000000 0.000000 0.000000 0.000000 0.000000 10.376358 0.000000 10.376358
0.175064 1.898727 0.000000 0.000000 0.000000 0.000000 0.000000 0.000000 0.000000 10.360701 0.000000 10.360701
0.167245 2.010391 0.000000 0.000000 0.000000 0.000000 0.000000 0.000000 0.000000 10.357303 0.000000 10.357303
0.140523 2.109771 0.000000 0.000000 0.000000 0.000000 0.000000 0.000000 0.000000 10.374823 0.000000 10.374823
0.137550 2.218025 0.000000 0.000000 0.000000 0.000000 0.000000 0.000000 0.000000 10.375535 0.000000 10.375535
0.142867 2.324353 0.000000 0.000000 0.000000 0.000000 0.000000 0.000000 0.000000 10.371319 0.000000 10.371319
0.131470 2.414792 0.000000 0.000000 0.000000 0.000000 0.000000 0.000000 0.000000 10.374690 0.000000 10.374690
0.121583 2.528672 0.000000 0.000000 0.000000 0.000000 0.000000 0.000000 0.000000 10.383986 0.000000 10.383986
0.115407 2.635675 0.000000 0.000000 0.000000 0.000000 0.000000 0.000000 0.000000 10.390321 0.000000 10.390321
0.106308 2.722104 0.000000 0.000000 0.000000 0.000000 0.000000 0.000000 0.000000 10.394535 0.000000 10.394535
0.106253 2.831551 0.000000 0.000000 0.000000 0.000000 0.000000 0.000000 0.000000 10.391303 0.000000 10.391303
0.102173 2.926185 0.000000 0.000000 0.000000 0.000000 0.000000 0.000000 0.000000 10.381627 0.000000 10.381627
0.088974 3.017111 0.000000 0.000000 0.000000 0.000000 0.000000 0.000000 0.000000 10.389246 0.000000 10.389246
0.076719 3.123943 0.000000 0.000000 0.000000 0.000000 0.000000 0.000000 0.000000 10.410724 0.000000 10.410724
0.076641 3.231835 0.000000 0.000000 0.000000 0.000000 0.000000 0.000000 0.000000 10.412586 0.000000 10.412586
0.078282 3.331120 0.000000 0.000000 0.000000 0.000000 0.000000 0.000000 0.000000 10.405823 0.000000 10.405823
0.079838 3.437128 0.000000 0.000000 0.000000 0.000000 0.000000 0.000000 0.000000 10.403319 0.000000 10.403319
0.081094 3.547759 0.000000 0.000000 0.000000 0.000000 0.000000 0.000000 0.000000 10.401544 0.000000 10.401544
0.080200 3.651060 0.000000 0.000000 0.000000 0.000000 0.000000 0.000000 0.000000 10.399470 0.000000 10.399470
0.078627 3.765174 0.000000 0.000000 0.000000 0.000000 0.000000 0.000000 0.000000 10.404366 0.000000 10.404366
0.076321 3.872444 0.000000 0.000000 0.000000 0.000000 0.000000 0.000000 0.000000 10.407823 0.000000 10.407823
0.082599 4.018707 0.000000 0.000000 0.000000 0.000000 0.000000 0.000000 0.000000 10.409086 0.000000 10.409086
0.073474 4.106162 0.000000 0.000000 0.000000 0.000000 0.000000 0.000000 0.000000 10.417518 0.000000 10.417518
0.062842 4.166975 0.000000 0.000000 0.000000 0.000000 0.000000 4.166975 4.166975 10.422884 0.000000 10.422884
0.064592 4.280802 0.000000 -0.000451 0.000000 0.422454 0.000000 5.188064 4.994559 10.422600 13.610022 10.422600
0.061285 4.376868 -0.000043 0.002448 0.011545 0.209401 0.000855 3.478310 -3257.166985 10.421845 6.746166 10.421845
0.059451 4.470313 0.000267 -12.928476 0.071831 0.303525 1.293477 5.551753 -2930.715418 10.423579 9.778543 10.423579
0.054425 4.563508 -0.000132 -11.634857 0.071831 0.264335 0.716069 3.823425 -2637.137014 10.431329 8.515966 10.431329
0.048572 4.653896 0.000253 -10.471529 0.071831 0.280135 -0.149277 5.468262 -2372.807933 10.435949 9.024972 10.435949
0.043779 4.754572 -0.000084 -9.424181 0.071831 0.273333 4.115821 4.294112 -2134.941191 17.376342 8.805841 17.376342
0.033006 4.835070 0.000193 -8.481644 0.071831 0.554502 3.551284 5.938980 -1920.292422 17.163755 17.864162 17.163755
0.025918 4.918870 -0.000030 -7.631151 0.071831 0.462523 3.003830 4.047934 -1727.826141 16.882682 14.900914 16.882682
0.035641 5.076766 0.000358 -6.868880 0.096266 0.475381 2.489899 6.055022 -1554.380660 16.535463 15.315133 16.535463
0.050608 5.265463 -0.000064 -6.182124 0.096266 0.459729 1.961910 4.729378 -1398.320486 16.239914 14.810888 16.239914
0.057137 5.428856 0.000240 -5.564181 0.096266 0.452534 1.521463 6.100343 -1257.833647 15.997969 14.579093 15.997969
0.062010 5.573411 -0.000047 -5.007892 0.096266 0.444852 1.109282 5.262976 -1131.381831 15.695735 14.331616 15.695735
0.070203 5.730795 0.000156 -4.507286 0.096266 0.436191 0.561388 6.211872 -1017.563746 15.295868 14.052580 15.295868
0.094319 5.993315 -0.000035 -4.057175 0.096266 0.423515 -0.243131 5.915829 -915.110680 14.921520 13.644209 14.921520
0.098181 6.120534 0.000051 -3.651576 0.096266 0.413565 1.107619 6.384323 -822.887534 14.569161 13.323630 14.569161
0.089177 6.175008 -0.000031 -3.286238 0.096266 0.404812 0.792216 6.105091 -739.883744 14.171361 13.041639 14.171361
0.086474 6.305922 0.000051 -2.957746 0.096266 0.391870 0.545696 6.555054 -665.176311 13.749457 12.624691 13.749457
0.075191 6.409732 -0.000030 -2.662032 0.096266 0.375688 0.367183 6.381553 -597.929628 13.360754 12.103383 13.360754
0.066819 6.524147 0.000028 -2.395934 0.096266 0.359072 0.088343 6.736685 -537.385787 12.990545 11.568082 12.990545
0.060476 6.633394 -0.000029 -2.156383 0.087105 0.345050 -2.045292 6.662153 -482.872478 12.573620 11.116316 12.573620
0.055166 6.743946 0.000013 -1.940741 0.078816 0.330650 -1.761885 6.923501 -433.796716 12.163513 10.652415 12.163513
0.050911 6.843612 -0.000019 -1.746610 0.071316 0.318065 -1.531310 6.898034 -389.614352 11.819474 10.246966 11.819474
0.046427 6.980879 0.000013 -1.572024 0.064529 0.307960 -1.352645 7.170297 -349.831688 11.560307 9.921399 11.560307
0.030541 7.062115 -0.000020 -1.414655 0.058388 0.297879 -1.181075 7.103910 -314.013967 11.409707 9.596650 11.409707
0.017745 7.118673 0.000023 -1.272905 0.052832 0.291169 -0.917406 7.272462 -281.758725 11.177287 9.380452 11.177287
0.015824 7.236222 0.000015 -1.145518 0.047804 0.284676 -0.534318 7.347937 -252.718523 11.043085 9.171281 11.043085
0.025225 7.420129 0.000028 -1.031137 0.043255 0.281498 0.030493 7.624461 -226.558079 10.804196 9.068913 10.804196
0.027003 7.519294 -0.000002 -0.927836 0.039139 0.280992 -8.697313 7.571049 -203.014455 10.261374 9.052585 10.261374
0.017291 7.557299 0.000038 -0.834664 0.035414 0.271475 -7.810363 7.640957 -181.862621 10.112398 8.745992 10.112398
0.016311 7.668285 0.000039 -0.751262 0.032044 0.267804 -7.022005 7.797150 -162.802529 10.044545 8.627723 10.044545
0.019313 7.773948 0.000025 -0.676131 0.028995 0.267382 -6.310492 7.866335 -145.633932 9.687032 8.614138 9.687032
0.031648 7.947949 0.000031 -0.608768 0.026236 0.261171 -5.671923 8.097257 -130.191727 9.380328 8.414028 9.380328
0.028879 8.008898 -0.000002 -0.547800 0.023739 0.255209 -5.101040 8.013880 -116.295995 9.180423 8.221958 9.136406
0.019383 8.009377 0.000031 -0.492722 0.021480 0.251328 -4.591377 8.080831 -103.790402 8.994694 8.096922 8.923045
0.020221 8.080889 0.000030 -0.443435 0.019436 0.247909 -4.133057 8.151239 -92.532970 8.841864 7.986763 8.742316
0.020718 8.170925 0.000027 -0.399170 0.017586 0.244982 -3.720580 8.253635 -82.395619 8.750490 7.892493 8.614165
0.020025 8.266966 0.000017 -0.359368 0.015913 0.241724 -3.348169 8.344818 -73.262172 8.717159 7.787508 8.526068
0.016778 8.324004 0.000010 -0.323391 0.014398 0.239522 -3.009788 8.380152 -65.030755 8.690636 7.716588 8.451413
0.007658 8.332799 0.000017 -0.290798 0.013028 0.238299 -2.702045 8.371192 -57.618123 8.573332 7.677166 8.322420
-0.001385 8.352394 0.000034 -0.261494 0.011788 0.234916 -2.422899 8.407533 -50.950894 8.435330 7.568201 8.162555
-0.003669 8.421336 0.000037 -0.235340 0.010667 0.230237 -2.170237 8.500281 -44.945767 7.781260 7.417443 7.635884
-0.000347 8.528393 0.000029 -0.211961 0.009652 0.214271 -1.941096 8.579372 -39.569861 7.067771 6.903061 6.975765
0.024937 8.799700 0.000015 -0.191727 0.008733 0.194301 -1.732330 8.988861 -34.720007 6.204714 6.259705 6.180567
0.017752 8.755900 -0.000069 -0.172330 0.018622 0.172734 -1.541115 8.565226 -30.376722 5.049212 5.564882 5.179116
-0.008284 8.564122 0.000025 -0.154354 0.018622 0.144622 -1.364677 8.522858 -26.523019 4.635360 4.659222 4.627383
-0.005380 8.614533 0.000023 -0.139278 0.018622 0.130122 -1.222515 8.686005 -23.011133 3.940588 4.192079 4.007806
0.010705 8.756226 -0.000014 -0.125919 0.018622 0.113798 -1.093593 8.792708 -19.854091 2.702343 3.666180 3.014153
0.008628 8.739006 -0.000039 -0.113337 0.018622 0.085209 -1.000116 8.620568 -17.070258 1.744109 2.745134 2.099282
-0.004649 8.624254 -0.000015 -0.101848 0.018622 0.058371 -0.952978 8.548814 -14.579195 0.891541 1.880502 1.273549
-0.008074 8.627985 -0.000015 -0.091989 0.018622 0.033149 -0.943029 8.613877 -12.335921 0.278778 1.067932 0.625171
-0.008009 8.698750 -0.000043 -0.083377 0.018622 0.011026 -0.942679 8.704852 -10.294252 -0.105015 0.355234 0.154432
-0.014713 8.708520 -0.000071 -0.075323 0.019130 -0.007008 -0.905706 8.675413 -8.430016 -0.504129 -0.225760 -0.294167
-0.030183 8.607859 -0.000066 -0.067535 0.019130 -0.023710 -0.812295 8.532017 -6.748027 -1.099570 -0.763840 -0.868806
-0.018329 8.732247 -0.000034 -0.061361 0.019130 -0.041606 -0.668154 8.866140 -5.226290 -1.544649 -1.340400 -1.351486
-0.029152 8.641072 -0.000106 -0.054967 0.028584 -0.055874 -0.489606 8.445022 -3.855548 -2.066728 -1.800076 -1.853739
-0.054570 8.398336 -0.000011 -0.048572 0.028584 -0.069620 -0.154621 8.340105 -2.651041 -2.688639 -2.242903 -2.424711
-0.045441 8.462730 0.000007 -0.044053 0.028584 -0.084355 0.679026 8.525924 -1.574569 -3.082816 -2.717625 -2.832997
-0.039909 8.478824 -0.000040 -0.039850 0.028584 -0.093862 0.458886 8.412546 -0.597827 -3.680355 -3.023920 -3.341122
-0.039114 8.439436 -0.000018 -0.035822 0.028584 -0.106310 0.241816 8.409544 0.254495 -4.427666 -3.424954 -3.974496
-0.033317 8.451693 -0.000026 -0.032492 0.028584 -0.123320 0.124755 8.406892 0.995694 -5.193374 -3.972933 -4.650736
-0.038026 8.367548 -0.000040 -0.029221 0.028584 -0.143340 0.420275 8.240502 1.637308 -6.038778 -4.617923 -5.407730
-0.048417 8.239885 -0.000021 -0.026171 0.028584 -0.166934 0.590131 8.128126 2.186301 -6.440855 -5.378050 -5.865631
-0.052728 8.178035 -0.000019 -0.023750 0.028584 -0.181580 0.734546 8.134735 2.702247 -6.442939 -5.849874 -5.962858
-0.060563 8.088440 -0.000036 -0.021350 0.028584 -0.185259 0.783269 8.004961 3.194424 -6.554435 -5.968423 -6.070648
-0.071811 7.965782 -0.000015 -0.018913 0.028584 -0.189655 0.726867 7.888549 3.625671 -6.936145 -6.110027 -6.395567
-0.078788 7.864493 0.000001 -0.016802 0.025864 -0.200552 0.584212 7.780556 3.984861 -7.156791 -6.461083 -6.628717
-0.085425 7.763409 0.000010 -0.014977 0.023403 -0.207409 0.391586 7.695212 4.308236 -7.353866 -6.681990 -6.822191
-0.092039 7.657014 0.000016 -0.013274 0.021176 -0.212763 0.138992 7.573842 4.590500 -7.863116 -6.854484 -7.268700
-0.093938 7.584889 0.000029 -0.011869 0.019160 -0.225696 -0.338319 7.514743 4.810954 -8.481592 -7.271160 -7.835811
-0.088082 7.567920 0.000022 -0.010928 0.017337 -0.242280 -0.240979 7.515675 4.991864 -8.883544 -7.805441 -8.232091
-0.079210 7.562584 -0.000000 -0.010190 0.015687 -0.252447 -0.294100 7.515686 5.164511 -9.199497 -8.132974 -8.529671
-0.074980 7.526429 -0.000018 -0.009362 0.014194 -0.259850 -0.421856 7.451505 5.317185 -9.618003 -8.371464 -8.899105
-0.074832 7.468946 -0.000020 -0.008529 0.012844 -0.271005 -0.533918 7.385284 5.434746 -10.041650 -8.730854 -9.287256
-0.074954 7.411303 -0.000025 -0.007835 0.011621 -0.283935 -0.617429 7.329472 5.529756 -9.933584 -9.147417 -9.233883
-0.069249 7.377014 -0.000033 -0.007322 0.010515 -0.282007 -0.661230 7.353484 5.652918 -9.372813 -9.085298 -8.746800
-0.069576 7.275328 -0.000047 -0.006431 0.012731 -0.264265 -0.650084 7.190288 5.792644 -8.800193 -8.513699 -8.190446
-0.072795 7.152902 -0.000013 -0.005392 0.012731 -0.243680 -0.607611 7.100558 5.906235 -8.051906 -7.850530 -7.468299
-0.065507 7.101230 0.000002 -0.004737 0.012731 -0.217915 -0.528730 7.085997 6.009965 -7.313551 -7.020472 -6.736520
-0.057782 7.050431 0.000002 -0.004124 0.012731 -0.191760 -0.411033 6.999026 6.091061 -6.493167 -6.177834 -5.926816
-0.051514 7.003744 0.000015 -0.003618 0.012731 -0.164437 -0.261997 6.982825 6.157636 -5.335215 -5.297602 -4.816275
-0.038557 6.978817 0.000012 -0.003255 0.012731 -0.128170 0.015387 6.972666 6.236808 -4.508975 -4.129212 -3.966301
-0.026029 6.956722 0.000012 -0.002854 0.012731 -0.097904 -5.713407 6.914228 6.279061 -3.665533 -3.154140 -3.111562
-0.014116 6.937771 0.000017 -0.002611 0.012731 -0.071106 -5.128906 6.916559 6.304886 -2.843491 -2.290783 -2.285236
0.000623 6.922264 0.000006 -0.002447 0.012731 -0.044730 -4.601587 6.883545 6.323342 -2.307113 -1.441031 -1.698246
0.010238 6.892257 0.000004 -0.002255 0.012731 -0.026635 -4.131882 6.831405 6.312412 -1.364524 -0.858076 -0.797545
0.014612 6.843539 0.000000 -0.002105 0.012731 -0.000017 -3.714295 6.813586 6.325865 -0.317178 -0.000552 0.220214
0.022753 6.816011 -0.000005 -0.001943 0.011520 0.029834 -3.336808 6.793155 6.350085 0.295910 0.961165 0.868120
0.025912 6.764919 -0.000005 -0.001644 0.010424 0.047597 -2.994851 6.690235 6.339474 0.538588 1.533415 1.154980
0.024389 6.713730 0.000006 -0.001483 0.009432 0.051914 -2.690744 6.654622 6.298996 0.637461 1.672486 1.276508
0.035401 6.762484 -0.000003 -0.001837 0.008534 0.050110 -2.419524 6.767722 6.264293 0.574564 1.614366 1.233000
0.025796 6.674829 -0.000044 -0.001627 0.011754 0.042399 -2.178263 6.519090 6.223922 0.668323 1.365939 1.307672
0.013792 6.569973 -0.000005 -0.001372 0.011754 0.039520 -1.965846 6.556050 6.203897 0.874021 1.273215 1.484618
0.010805 6.541078 -0.000023 -0.001337 0.011754 0.041403 -1.771779 6.497840 6.206355 1.082952 1.333848 1.667998
-0.002389 6.456856 -0.000015 -0.000993 0.011754 0.043257 -1.592661 6.404420 6.211758 1.334299 1.393578 1.884199
-0.010724 6.397228 0.000002 -0.000735 0.011754 0.047463 -1.419350 6.386832 6.225663 1.595120 1.529096 2.111088
-0.014286 6.354646 0.000004 -0.000511 0.011754 0.053558 -1.247311 6.334066 6.243731 1.789930 1.725469 2.278301
-0.009739 6.332423 0.000016 -0.000352 0.011754 0.060329 -1.079755 6.336156 6.257648 2.048401 1.943588 2.507384
0.000151 6.320983 0.000015 -0.000251 0.011754 0.071927 -0.928847 6.317053 6.272190 2.460066 2.317248 2.889043
0.009813 6.313935 0.000019 -0.000165 0.011754 0.089658 -0.804649 6.322625 6.287548 2.912462 2.888461 3.322899
0.030210 6.381028 0.000019 -0.000371 0.011754 0.108124 -0.713494 6.429629 6.298776 3.378206 3.483395 3.776168
0.039250 6.375030 -0.000005 -0.000302 0.011754 0.126111 -0.649624 6.323112 6.298164 3.750638 4.062853 4.145813
0.040064 6.325712 0.000016 -0.000109 0.010636 0.139575 -0.620983 6.303343 6.276469 4.120255 4.496633 4.514411
0.054965 6.392030 0.000013 -0.000458 0.009624 0.151299 -0.617529 6.433506 6.258552 4.461436 4.874348 4.856232
0.062929 6.437447 -0.000021 -0.000709 0.008708 0.159300 -0.619862 6.408266 6.244107 4.775025 5.132093 5.168486
0.066514 6.461438 -0.000021 -0.000861 0.007879 0.164639 -0.607417 6.476015 6.237878 5.067186 5.304107 5.454196
0.074903 6.519425 -0.000039 -0.001116 0.010452 0.169217 -0.570838 6.535599 6.247480 7.213554 5.451585 7.515111
0.085835 6.596875 -0.000052 -0.001385 0.013860 0.232477 -0.513282 6.783872 6.420397 7.817319 7.489603 8.076692
0.099778 6.698621 -0.000070 -0.001103 0.018755 0.247731 -0.412177 6.656083 6.473882 8.407631 7.981027 8.635187
0.118106 6.837470 -0.000031 -0.001441 0.018755 0.263787 -0.243286 7.015985 6.543648 8.998777 8.498327 9.192304
0.131214 6.940326 -0.000096 -0.001572 0.025928 0.280500 0.040338 6.918989 6.622505 9.591579 9.036739 9.749941
0.127730 6.912351 -0.000059 -0.001149 0.025928 0.298502 -2.463884 6.950489 6.694938 10.187509 9.616698 10.311288
0.116042 6.827249 -0.000051 -0.000524 0.025928 0.316125 -2.176971 6.773355 6.752869 10.801744 10.184468 10.890598
0.114239 6.814032 0.000001 -0.000242 0.025928 0.334353 -1.914919 6.894912 6.807323 11.386716 10.771714 11.442035
0.112667 6.806898 -0.000015 0.000002 0.025928 0.352294 -1.671273 6.784647 6.855441 12.001077 11.349701 12.023000
0.109874 6.790736 0.000020 0.000256 0.025928 0.370724 -1.451642 6.846615 6.899978 12.682625 11.943453 12.668858
0.115187 6.821779 0.000016 0.000310 0.025928 0.392240 -1.241633 6.859794 6.950042 13.343558 12.636619 13.296536
0.133623 6.935319 0.000024 0.000058 0.025928 0.414466 -1.042278 7.051097 7.003929 13.864161 13.352679 13.792668
0.157132 7.081552 -0.000007 -0.000308 0.025928 0.434394 -0.865748 7.145969 7.051745 14.373661 13.994667 14.285078
0.169239 7.109693 -0.000018 -0.000230 0.025928 0.455280 -0.749441 7.110351 7.087218 14.816045 14.667573 14.717990
0.178011 7.117323 -0.000003 -0.000119 0.025928 0.475346 -0.746004 7.134528 7.101855 15.350779 15.314009 15.251934
0.186934 7.231337 -0.000005 -0.000513 0.023461 0.491025 -0.915320 7.311663 7.117683 15.948244 15.819130 15.840359
0.192487 7.363302 -0.000041 -0.000974 0.021228 0.501806 -1.040596 7.414723 7.152355 16.018076 16.166480 15.964572
0.199433 7.494809 -0.000057 -0.001357 0.019208 0.498053 -1.044057 7.547256 7.174979 15.517318 16.045556 15.577414
0.206410 7.625501 -0.000081 -0.001786 0.021888 0.480657 -1.006922 7.646731 7.178666 14.791955 15.485131 14.930333
0.200713 7.721875 -0.000103 -0.002153 0.027741 0.452264 -1.021576 7.727708 7.178705 14.650673 14.570397 14.579414
0.181849 7.833377 -0.000122 -0.002595 0.032721 0.424157 -1.093685 7.924199 7.250459 14.533059 13.664882 14.346397
0.161592 7.947810 -0.000150 -0.002764 0.040324 0.398135 -1.081260 8.034684 7.388179 14.329834 12.826543 14.027923
0.181320 8.377750 -0.000145 -0.003922 0.040324 0.373777 -0.949847 8.769922 7.604857 13.670303 12.041806 13.286614
0.162589 8.406457 -0.000260 -0.003177 0.069974 0.344784 -0.755859 8.243210 7.812542 13.001291 11.107761 12.511459
0.115510 8.162957 -0.000098 -0.001389 0.069974 0.322502 -0.446569 8.247034 7.995863 12.441872 10.389894 11.853920
0.108539 8.323952 -0.000059 -0.001300 0.069974 0.303158 -0.199151 8.546173 8.189359 12.143643 9.766724 11.414789
0.092932 8.462891 -0.000082 -0.001084 0.069974 0.289722 0.287333 8.582398 8.402846 11.816478 9.333843 10.983233
0.074004 8.561344 -0.000043 -0.000628 0.069974 0.275870 -0.803256 8.738912 8.613107 11.510110 8.887579 10.560683
0.060749 8.674214 -0.000031 -0.000242 0.069974 0.263494 0.026382 8.827821 8.824584 10.796778 8.488874 9.858525
0.049506 8.802132 -0.000004 0.000089 0.069974 0.251970 -30.587171 8.962309 9.003068 9.699591 8.117606 8.919240
0.035600 8.889965 0.000006 0.000448 0.069974 0.225283 -27.501698 8.955973 9.115640 9.058185 7.257855 8.168896
0.024506 8.952229 0.000033 0.000648 0.069974 0.206253 -24.723315 9.090216 9.240280 7.928213 6.644767 7.169437
0.018950 9.034128 0.000031 0.000817 0.069974 0.181112 -22.222958 9.089762 9.320170 6.553620 5.834821 5.965325
0.014649 9.130345 0.000050 0.000752 0.069974 0.149621 -19.980386 9.219099 9.357475 5.655689 4.820280 5.019680
0.034314 9.459851 0.000030 -0.000406 0.063315 0.124095 -17.970727 9.717871 9.433133 4.974571 3.997916 4.277418
0.024162 9.466344 -0.000064 -0.000132 0.057290 0.105885 -16.168413 9.341603 9.512934 4.310226 3.411248 3.628714
-0.007363 9.258371 0.000037 0.001009 0.051838 0.091753 -14.553316 9.262183 9.557876 3.843004 2.955967 3.155547
-0.010763 9.325318 0.000065 0.000922 0.046905 0.080986 -13.100991 9.445289 9.604082 3.678059 2.609099 2.913454
-0.011591 9.384312 0.000035 0.000871 0.042442 0.077181 -11.790392 9.419239 9.665814 3.192821 2.486500 2.549805
-0.012055 9.420006 0.000054 0.000974 0.038403 0.070035 -10.608639 9.475932 9.696544 3.000041 2.256278 2.339883
-0.012903 9.449855 0.000049 0.000978 0.034748 0.067806 -9.544516 9.487237 9.730118 3.265184 2.184483 2.473425
-0.011312 9.502159 0.000054 0.000904 0.031442 0.075763 -8.585428 9.598724 9.791950 3.485477 2.440839 2.693777
0.016405 9.803864 0.000043 -0.000047 0.028449 0.085179 -7.717074 10.049780 9.874946 3.711224 2.744183 2.938446
0.011731 9.766226 -0.000038 0.000431 0.025742 0.095645 -6.928946 9.615110 9.939801 3.636655 3.081361 3.019161
-0.010737 9.526604 0.000072 0.001638 0.023292 0.101684 -6.219797 9.499283 9.941966 3.515167 3.275917 3.022349
0.000052 9.594540 0.000099 0.001377 0.026609 0.105319 -5.581085 9.689480 9.925959 3.265733 3.393027 2.930140
0.009138 9.645087 0.000054 0.001113 0.026609 0.105600 -5.006504 9.599604 9.887903 3.064869 3.402083 2.833954
0.010381 9.650804 0.000065 0.000940 0.026609 0.104279 -4.501933 9.665357 9.837787 3.207597 3.359497 2.930861
0.008040 9.645798 0.000040 0.000761 0.026609 0.106610 -4.058673 9.618256 9.806693 3.643625 3.434602 3.244964
0.007964 9.647137 0.000043 0.000632 0.026609 0.115052 -3.661751 9.686611 9.807105 3.780841 3.706575 3.444371
0.007621 9.633645 0.000028 0.000688 0.026609 0.120300 -3.300140 9.597087 9.795575 3.831681 3.875661 3.554270
0.010828 9.639619 0.000046 0.000618 0.026609 0.123301 -2.974344 9.670200 9.776535 3.685237 3.972346 3.518503
0.010371 9.623684 0.000025 0.000606 0.026609 0.122103 -2.684594 9.563989 9.738767 3.744851 3.933745 3.561273
0.005022 9.586050 0.000040 0.000605 0.026609 0.122148 -2.435744 9.588906 9.708703 4.130500 3.935197 3.813883
0.003401 9.582103 0.000028 0.000502 0.026609 0.128462 -2.211018 9.591954 9.711337 4.319338 4.138598 4.014224
0.002803 9.585993 0.000028 0.000497 0.026609 0.133176 -1.999922 9.595377 9.712956 4.607220 4.290474 4.254471
0.001515 9.581588 0.000028 0.000521 0.024077 0.139538 -1.798260 9.595362 9.724623 4.866783 4.495429 4.494217
0.003328 9.581111 0.000030 0.000569 0.021785 0.146714 -1.607282 9.598791 9.739352 4.943411 4.726615 4.631668
0.009998 9.604729 0.000033 0.000534 0.019712 0.152324 -1.433289 9.626456 9.742867 5.302110 4.907341 4.925377
0.014437 9.620644 0.000027 0.000484 0.017836 0.163438 -1.288769 9.646908 9.761558 6.287575 5.265424 5.666030
0.016413 9.626135 0.000027 0.000537 0.016139 0.188149 -1.161656 9.689560 9.828059 7.264262 6.061508 6.553573
0.021725 9.637257 0.000032 0.000756 0.014603 0.217444 -1.030297 9.689600 9.903165 7.693867 7.005310 7.157893
0.029716 9.654221 0.000049 0.000987 0.013213 0.238712 -0.896726 9.679838 9.932190 7.981545 7.690496 7.589906
0.032410 9.652929 0.000058 0.001107 0.015480 0.253741 -0.786541 9.654193 9.927056 8.235278 8.174677 7.935901
0.029076 9.642935 0.000062 0.001126 0.016736 0.263190 -0.704775 9.638674 9.903389 8.702194 8.479087 8.352263
0.026267 9.636563 0.000061 0.001058 0.016736 0.272880 -0.636630 9.652345 9.894178 9.038067 8.791267 8.685114
0.025939 9.639066 0.000056 0.001011 0.016736 0.280631 -0.552865 9.647769 9.887993 8.941631 9.040962 8.726234
0.025686 9.667932 0.000055 0.000872 0.016736 0.279119 -0.484726 9.676284 9.858209 9.116551 8.992267 8.830092
0.023983 9.695602 0.000042 0.000645 0.016736 0.279153 -0.448695 9.720790 9.851681 9.445314 8.993356 9.039559
0.049715 10.016939 0.000031 -0.000655 0.016736 0.282571 -0.420115 10.289252 9.903599 9.772726 9.103469 9.279756
0.040972 9.984917 -0.000084 -0.000322 0.022468 0.287129 -0.371153 9.793858 9.964139 10.016305 9.250312 9.476745
0.038899 9.980862 0.000039 -0.000066 0.022468 0.292004 -0.246770 10.190449 10.025795 9.886637 9.407357 9.449806
0.038553 10.014378 -0.000035 0.000045 0.022468 0.291382 -0.047265 9.911054 10.062185 10.118917 9.387313 9.579603
0.041970 10.104255 0.000035 -0.000167 0.022468 0.294637 0.544683 10.316106 10.123683 10.210638 9.492201 9.667452
0.039657 10.106930 -0.000042 0.000066 0.022468 0.297551 0.428103 9.995849 10.178267 9.854459 9.586062 9.484281
0.011340 9.867671 0.000041 0.001231 0.022468 0.292190 0.354040 9.786146 10.168225 9.955606 9.413363 9.479091
0.012778 9.960759 0.000086 0.000822 0.023061 0.290872 0.360858 10.142912 10.189941 10.056357 9.370905 9.517895
0.015338 10.075685 0.000012 0.000453 0.023061 0.290108 0.382831 10.075580 10.232192 10.145762 9.346272 9.552871
0.013383 10.149180 0.000036 0.000329 0.023061 0.289028 0.368202 10.270668 10.286498 9.965610 9.311482 9.424121
0.009827 10.207187 0.000005 0.000314 0.023061 0.283061 0.313835 10.207626 10.329791 9.758764 9.119243 9.218143
0.025003 10.462938 0.000028 -0.000528 0.023061 0.274705 0.243954 10.717268 10.393185 9.838556 8.850054 9.142482
0.025048 10.545443 -0.000071 -0.000604 0.023061 0.271700 0.131458 10.485391 10.485819 9.642650 8.753238 8.975891
0.005461 10.405599 0.000001 0.000318 0.023061 0.267428 -0.110889 10.411414 10.547446 9.377242 8.615614 8.756111
-0.000522 10.429717 0.000031 0.000467 0.023061 0.261293 0.075985 10.504002 10.595315 9.560414 8.417948 8.763461
-0.000876 10.518169 0.000021 0.000306 0.023061 0.261745 -0.015450 10.618968 10.677065 9.605425 8.432519 8.778364
-0.002262 10.589536 0.000014 0.000347 0.023061 0.262394 0.692185 10.657839 10.760161 9.725736 8.453428 8.837323
0.000134 10.698187 0.000023 0.000246 0.023061 0.264641 0.605293 10.830099 10.853596 10.097907 8.525808 9.053830
0.003596 10.802248 0.000006 0.000204 0.020867 0.272524 0.500278 10.903076 10.971570 10.297217 8.779795 9.253237
0.003035 10.835495 0.000016 0.000539 0.018881 0.280885 0.368439 10.900257 11.076789 10.125191 9.049156 9.263280
0.022257 11.080605 0.000040 -0.000015 0.017084 0.283707 0.215645 11.309145 11.161434 9.886637 9.140057 9.167767
0.032222 11.256207 -0.000032 -0.000376 0.015458 0.282581 0.078364 11.272319 11.229375 10.198691 9.103805 9.315478
0.013124 11.090517 -0.000009 0.000550 0.013987 0.288536 -0.114048 11.030814 11.301228 9.967628 9.295624 9.273322
0.004005 11.026169 0.000061 0.001090 0.016273 0.288367 0.028090 11.075077 11.326346 9.510822 9.290196 9.030778
0.013941 11.188001 0.000057 0.000548 0.016273 0.281145 -0.109865 11.295617 11.329788 9.856049 9.057512 9.114009
0.014065 11.251289 0.000009 0.000311 0.016273 0.283909 -0.148162 11.278359 11.384470 9.989138 9.146564 9.223375
0.008095 11.252011 0.000024 0.000525 0.016273 0.286894 -0.143319 11.296913 11.437205 10.043682 9.242738 9.294277
0.009971 11.334783 0.000032 0.000406 0.016273 0.288409 -0.065161 11.427800 11.489684 9.826042 9.291558 9.203045
0.014342 11.435573 0.000015 0.000214 0.016273 0.285060 0.250751 11.483646 11.526127 9.404364 9.183647 8.938038
0.015585 11.491877 0.000010 0.000136 0.016273 0.276789 0.152979 11.515745 11.539986 9.122960 8.917192 8.675621
0.016307 11.535426 0.000006 0.000018 0.016273 0.269061 0.079490 11.567284 11.555644 8.649096 8.668234 8.323312
0.110992 11.608848 -0.000002 -0.000211 0.016273 0.276427 0.178607 11.640600 11.559465 18.080485 8.905530 13.739470
0.272478 11.653852 -0.000017 -0.000374 0.016273 0.389650 0.329260 12.382930 12.287381 32.771521 12.553184 19.667937
0.405569 11.698037 -0.000021 0.002336 0.016273 0.485911 0.419436 12.733390 13.811715 56.201912 15.654392 24.128637
0.519742 11.850897 0.000240 0.007772 0.064454 0.573677 0.481929 14.320119 16.790850 90.802646 18.481905 27.841582
0.621696 12.282831 0.000550 0.017869 0.147827 0.650935 0.742401 16.316333 22.003380 109.923788 20.970893 30.935719
0.704085 12.779794 0.001266 0.036560 0.340388 0.708053 0.961739 16.916334 28.046792 108.330078 22.811021 33.518380
0.775072 13.629939 0.001266 0.036560 0.340388 0.708053 0.961739 16.916334 28.046792 35.679013 22.811021 35.679013
0.833595 14.861657 0.001266 0.036560 0.340388 0.708053 0.961739 16.916334 28.046792 37.492131 22.811021 37.492131
0.878951 16.377098 0.001266 0.036560 0.340388 0.708053 0.961739 16.916334 28.046792 39.019902 22.811021 39.019902
0.912887 18.094716 0.001266 0.036560 0.340388 0.708053 0.961739 16.916334 28.046792 40.314487 22.811021 40.314487
0.936205 19.438701 0.001266 0.036560 0.340388 0.708053 0.961739 16.916334 28.046792 41.420223 22.811021 41.420223
0.953222 20.560356 0.001266 0.036560 0.340388 0.708053 0.961739 16.916334 28.046792 42.375835 22.811021 42.375835
0.966219 21.917266 0.001266 0.036560 0.340388 0.708053 0.961739 16.916334 28.046792 43.086292 22.811021 43.086292
0.974976 22.601887 0.001266 0.036560 0.340388 0.708053 0.961739 16.916334 28.046792 43.374266 22.811021 43.374266
0.981861 23.202415 0.001266 0.036560 0.340388 0.708053 0.961739 16.916334 28.046792 43.228666 22.811021 43.228666
0.987426 23.945321 0.001266 0.036560 0.340388 0.708053 0.961739 16.916334 28.046792 42.428410 22.811021 42.428410
0.991657 24.201680 0.001266 0.036560 0.340388 0.708053 0.961739 16.916334 28.046792 40.380030 22.811021 40.380030
0.995201 24.967178 0.001266 0.036560 0.340388 0.708053 0.961739 16.916334 28.046792 35.005179 22.811021 35.005179
