0.000000 -0.002735 0.000000 0.000000 0.000000 0.000000 0.000000 0.000000 0.000000 6.833284 0.000000 6.833284
0.000000 -0.004832 0.000000 0.000000 0.000000 0.000000 0.000000 0.000000 0.000000 6.833166 0.000000 6.833166
0.000000 -0.001265 0.000000 0.000000 0.000000 0.000000 0.000000 0.000000 0.000000 6.833165 0.000000 6.833165
0.000000 0.074815 0.000000 0.000000 0.000000 0.000000 0.000000 0.000000 0.000000 6.833546 0.000000 6.833546
0.000000 0.249992 0.000000 0.000000 0.000000 0.000000 0.000000 0.000000 0.000000 6.833612 0.000000 6.833612
0.000000 0.436505 0.000000 0.000000 0.000000 0.000000 0.000000 0.000000 0.000000 6.833432 0.000000 6.833432
0.000000 0.604127 0.000000 0.000000 0.000000 0.000000 0.000000 0.000000 0.000000 6.834728 0.000000 6.834728
0.000000 0.759487 0.000000 0.000000 0.000000 0.000000 0.000000 0.000000 0.000000 6.846420 0.000000 6.846420
0.000000 0.878082 0.000000 0.000000 0.000000 0.000000 0.000000 0.000000 0.000000 6.860221 0.000000 6.860221
0.000000 0.962254 0.000000 0.000000 0.000000 0.000000 0.000000 0.000000 0.000000 6.851337 0.000000 6.851337
0.806370 1.053944 0.000000 0.000000 0.000000 0.000000 0.000000 0.000000 0.000000 6.845260 0.000000 6.845260
0.748260 1.108685 0.000000 0.000000 0.000000 0.000000 0.000000 0.000000 0.000000 6.845477 0.000000 6.845477
0.651671 1.132057 0.000000 0.000000 0.000000 0.000000 0.000000 0.000000 0.000000 6.839055 0.000000 6.839055
0.505096 1.167738 0.000000 0.000000 0.000000 0.000000 0.000000 0.000000 0.000000 6.844430 0.000000 6.844430
0.379227 1.202846 0.000000 0.000000 0.000000 0.000000 0.000000 0.000000 0.000000 6.846113 0.000000 6.846113
0.281343 1.241866 0.000000 0.000000 0.000000 0.000000 0.000000 0.000000 0.000000 6.841612 0.000000 6.841612
0.212527 1.292016 0.000000 0.000000 0.000000 0.000000 0.000000 0.000000 0.000000 6.835464 0.000000 6.835464
0.159259 1.352321 0.000000 0.000000 0.000000 0.000000 0.000000 0.000000 0.000000 6.834686 0.000000 6.834686
0.115877 1.419990 0.000000 0.000000 0.000000 0.000000 0.000000 0.000000 0.000000 6.833431 0.000000 6.833431
0.082472 1.501461 0.000000 0.000000 0.000000 0.000000 0.000000 0.000000 0.000000 6.832830 0.000000 6.832830
0.053074 1.586698 0.000000 0.000000 0.000000 0.000000 0.000000 0.000000 0.000000 6.838690 0.000000 6.838690
0.044186 1.668957 0.000000 0.000000 0.000000 0.000000 0.000000 0.000000 0.000000 6.839101 0.000000 6.839101
0.042732 1.756341 0.000000 0.000000 0.000000 0.000000 0.000000 0.000000 0.000000 6.839604 0.000000 6.839604
0.050222 1.851943 0.000000 0.000000 0.000000 0.000000 0.000000 0.000000 0.000000 6.835754 0.000000 6.835754
0.053345 1.950106 0.000000 0.000000 0.000000 0.000000 0.000000 0.000000 0.000000 6.834499 0.000000 6.834499
0.056848 2.048334 0.000000 0.000000 0.000000 0.000000 0.000000 0.000000 0.000000 6.834557 0.000000 6.834557
0.055654 2.144428 0.000000 0.000000 0.000000 0.000000 0.000000 0.000000 0.000000 6.834951 0.000000 6.834951
0.051036 2.240531 0.000000 0.000000 0.000000 0.000000 0.000000 0.000000 0.000000 6.834867 0.000000 6.834867
0.050109 2.341876 0.000000 0.000000 0.000000 0.000000 0.000000 0.000000 0.000000 6.834116 0.000000 6.834116
0.042336 2.443632 0.000000 0.000000 0.000000 0.000000 0.000000 0.000000 0.000000 6.839146 0.000000 6.839146
0.035498 2.541686 0.000000 0.000000 0.000000 0.000000 0.000000 0.000000 0.000000 6.840512 0.000000 6.840512
0.033508 2.638798 0.000000 0.000000 0.000000 0.000000 0.000000 0.000000 0.000000 6.838300 0.000000 6.838300
0.026826 2.733421 0.000000 0.000000 0.000000 0.000000 0.000000 0.000000 0.000000 6.840779 0.000000 6.840779
0.022363 2.826697 0.000000 0.000000 0.000000 0.000000 0.000000 0.000000 0.000000 6.839746 0.000000 6.839746
0.019387 2.921941 0.000000 0.000000 0.000000 0.000000 0.000000 0.000000 0.000000 6.837507 0.000000 6.837507
0.016917 3.042334 0.000000 0.000000 0.000000 0.000000 0.000000 0.000000 0.000000 6.844473 0.000000 6.844473
0.009993 3.135069 0.000000 0.000000 0.000000 0.000000 0.000000 0.000000 0.000000 6.846674 0.000000 6.846674
0.002799 3.211950 0.000000 0.000000 0.000000 0.000000 0.000000 0.000000 0.000000 6.843988 0.000000 6.843988
0.009386 3.327026 0.000000 0.000000 0.000000 0.000000 0.000000 0.000000 0.000000 6.842359 0.000000 6.842359
0.011775 3.432124 0.000000 0.000000 0.000000 0.000000 0.000000 0.000000 0.000000 6.841854 0.000000 6.841854
0.006915 3.526121 0.000000 0.000000 0.000000 0.000000 0.000000 0.000000 0.000000 6.844909 0.000000 6.844909
0.008184 3.627712 0.000000 0.000000 0.000000 0.000000 0.000000 0.000000 0.000000 6.842492 0.000000 6.842492
0.008870 3.733019 0.000000 0.000000 0.000000 0.000000 0.000000 0.000000 0.000000 6.842144 0.000000 6.842144
0.009299 3.838122 0.000000 0.000000 0.000000 0.000000 0.000000 0.000000 0.000000 6.842047 0.000000 6.842047
0.013506 3.936693 0.000000 0.000000 0.000000 0.000000 0.000000 3.936693 3.936693 6.834668 0.000000 6.834668
0.011951 4.032243 0.000000 -0.000506 0.000000 0.295572 0.000000 4.602876 4.440439 6.834368 7.714543 6.834368
0.008718 4.129883 -0.000048 0.001646 0.012955 0.176868 0.000048 3.687847 -2739.269489 6.835923 4.616332 6.835923
0.007544 4.232021 0.000195 -14.537184 0.052409 0.211347 1.453584 4.827851 -2464.758847 6.835474 5.516235 6.835474
0.005515 4.335494 -0.000098 -13.083164 0.052409 0.198953 1.119356 4.036998 -2217.754023 6.839893 5.192745 6.839893
0.005355 4.432201 0.000160 -11.774854 0.052409 0.202418 0.813829 4.867464 -1995.416301 6.842305 5.283195 6.842305
0.007999 4.525663 -0.000055 -10.597233 0.052409 0.203481 0.585160 4.364956 -1795.309371 11.537841 5.310939 11.537841
0.010805 4.625982 0.000123 -9.537444 0.052409 0.427160 0.337087 5.285050 -1614.865589 11.402387 11.149057 11.402387
0.010258 4.738790 -0.000021 -8.581911 0.052409 0.372463 -0.280244 4.320099 -1452.886834 11.327168 9.721443 11.327168
0.026544 4.909386 0.000257 -7.724527 0.069046 0.377756 0.250481 5.496921 -1306.991107 11.192200 9.859581 11.192200
0.054499 5.120129 -0.000065 -6.952576 0.069046 0.372752 -0.380511 4.915052 -1175.683627 11.011485 9.728980 11.011485
0.068907 5.288411 0.000131 -6.257699 0.069046 0.368168 0.410796 5.679831 -1057.493689 10.942788 9.609341 10.942788
0.075137 5.422186 -0.000069 -5.632147 0.069046 0.367278 -0.546474 5.312486 -951.105685 10.868599 9.586108 10.868599
0.080451 5.562374 0.000067 -5.069164 0.069046 0.363646 0.130857 5.855016 -855.346146 10.706463 9.491304 10.706463
0.085022 5.713320 -0.000065 -4.562556 0.069046 0.355457 -2.360985 5.687826 -769.152336 10.509565 9.277559 10.509565
0.086956 5.863526 0.000012 -4.106631 0.069046 0.344116 -1.973559 6.093168 -691.561668 10.272288 8.981573 10.272288
0.082620 5.990548 -0.000077 -3.696169 0.069046 0.330151 -1.574745 6.001779 -621.713119 9.944745 8.617076 9.944745
0.069131 6.103754 -0.000018 -3.326657 0.069046 0.311233 -1.135646 6.281334 -558.835432 9.652278 8.123307 9.652278
0.054936 6.223947 -0.000068 -2.994120 0.069046 0.290412 -0.600790 6.288593 -502.218940 9.391346 7.579879 9.391346
0.045091 6.339598 -0.000033 -2.694735 0.069046 0.272688 0.085251 6.511384 -451.232105 9.080430 7.117257 9.080430
0.034558 6.441664 -0.000055 -2.425108 0.062475 0.258012 -3.424361 6.527839 -405.322778 8.776039 6.734208 8.776039
0.025113 6.548960 -0.000015 -2.182414 0.056530 0.244922 -3.020893 6.713495 -363.987966 8.464098 6.392565 8.464098
0.017357 6.662252 -0.000024 -1.963990 0.051151 0.232989 -2.668419 6.771043 -326.773159 8.156431 6.081100 8.156431
0.009693 6.772658 0.000004 -1.767383 0.046283 0.222258 -2.360534 6.924009 -293.268517 7.885028 5.801026 7.885028
0.003330 6.883041 0.000003 -1.590434 0.041879 0.213335 -2.092688 7.000954 -263.102674 7.617291 5.568125 7.617291
-0.002480 6.991419 0.000023 -1.431167 0.037893 0.205498 -1.863561 7.131959 -235.945097 7.446758 5.363584 7.446758
0.013026 7.232624 0.000026 -1.288543 0.034287 0.199996 -1.668838 7.463783 -211.476697 7.331008 5.219965 7.331008
0.007653 7.292857 -0.000027 -1.159210 0.031024 0.200115 -1.516672 7.308758 -189.447100 7.122362 5.223088 7.122362
-0.011868 7.243449 0.000061 -1.042218 0.028072 0.200818 -1.390143 7.328531 -169.640715 6.932456 5.241437 6.932456
-0.008354 7.361949 0.000089 -0.937896 0.025401 0.200353 -1.264690 7.510955 -151.818177 6.762402 5.229292 6.762402
-0.003663 7.479034 0.000063 -0.844079 0.022983 0.199726 -1.142559 7.564351 -135.777602 6.517750 5.212920 6.517750
-0.001007 7.583114 0.000073 -0.759635 0.020796 0.196578 -1.018181 7.692472 -121.347182 6.310589 5.130754 6.310589
-0.001381 7.674774 0.000057 -0.683658 0.018817 0.192483 -0.883320 7.745925 -108.359677 6.222117 5.023889 6.222117
0.003811 7.804433 0.000060 -0.615527 0.017027 0.190090 -0.753258 7.937879 -96.656626 6.225178 4.961437 6.147693
0.003027 7.877650 0.000025 -0.553903 0.015406 0.190851 -0.641047 7.920844 -86.111822 6.111200 4.981294 6.019883
-0.002549 7.914110 0.000053 -0.498222 0.014283 0.189438 -0.545149 7.990422 -76.627529 6.055991 4.944410 5.921121
-0.003746 7.995918 0.000051 -0.448400 0.014283 0.188141 -0.455469 8.080689 -68.084810 6.125120 4.910543 5.909926
-0.004690 8.071029 0.000044 -0.403532 0.014283 0.189562 -0.382677 8.151122 -60.381404 6.029448 4.947647 5.811002
-0.005043 8.137928 0.000044 -0.363068 0.014283 0.188199 -0.341808 8.205593 -53.451249 5.844119 4.912077 5.635354
-0.005895 8.205240 0.000047 -0.326704 0.014283 0.183870 -0.306127 8.272350 -47.218208 5.803510 4.799071 5.535396
-0.006711 8.270172 0.000043 -0.294020 0.014283 0.182227 -0.273648 8.341058 -41.596742 5.755369 4.756191 5.454026
-0.006700 8.326692 0.000040 -0.264533 0.014283 0.181624 -0.256848 8.387446 -36.532151 5.086142 4.740457 4.982298
-0.005684 8.381483 0.000043 -0.237987 0.014283 0.166149 -0.245731 8.401707 -32.015793 4.457050 4.336552 4.422297
-0.003224 8.439119 0.000042 -0.214361 0.014283 0.147447 -0.212605 8.477760 -27.961589 3.868922 3.848436 3.866482
-0.000858 8.491832 0.000019 -0.193158 0.014283 0.129117 -0.144370 8.504570 -24.314765 3.438807 3.369999 3.417659
0.000258 8.521927 0.000010 -0.173994 0.014283 0.114747 -0.014694 8.540788 -21.026121 2.895560 2.994947 2.934705
0.000264 8.542072 0.000001 -0.156675 0.012924 0.098909 1.145893 8.535912 -18.076488 2.246883 2.581574 2.376770
-0.001571 8.567131 -0.000000 -0.141178 0.011694 0.078831 1.011288 8.567906 -15.436327 1.799753 2.057511 1.910584
-0.004671 8.582239 -0.000016 -0.127269 0.010581 0.060869 0.887651 8.575068 -13.053108 1.237589 1.588705 1.390296
-0.010966 8.576649 -0.000022 -0.114611 0.009574 0.040028 0.779264 8.552526 -10.915520 0.772359 1.044748 0.905448
-0.018999 8.558982 -0.000020 -0.103191 0.008663 0.019747 0.684084 8.544450 -8.987765 0.381245 0.515408 0.470827
-0.024596 8.548933 -0.000022 -0.092923 0.007839 0.002038 0.609065 8.542817 -7.243796 -0.049502 0.053185 0.030924
-0.014915 8.654463 -0.000022 -0.084241 0.007093 -0.014385 0.551151 8.736355 -5.661395 -0.455944 -0.375462 -0.382727
-0.016852 8.659831 -0.000076 -0.075885 0.020459 -0.028839 0.506656 8.592793 -4.235092 -0.799837 -0.752719 -0.738669
-0.038761 8.482309 -0.000030 -0.067387 0.020459 -0.041487 0.475013 8.390516 -2.966759 -1.185198 -1.082824 -1.105705
-0.049084 8.392362 0.000028 -0.060189 0.020459 -0.053506 0.464749 8.386437 -1.838249 -1.484300 -1.396518 -1.408526
-0.047131 8.399125 0.000025 -0.054245 0.020459 -0.062431 0.455482 8.402929 -0.820859 -1.612192 -1.629474 -1.570668
-0.044815 8.389948 0.000016 -0.048806 0.020459 -0.064804 0.462151 8.380814 0.101471 -1.855099 -1.691401 -1.756230
-0.044027 8.362956 0.000021 -0.043776 0.020459 -0.067872 0.471299 8.336833 0.915783 -2.077071 -1.771476 -1.928186
-0.043239 8.340524 0.000028 -0.039342 0.020459 -0.071129 0.462816 8.321381 1.636161 -2.282601 -1.856489 -2.086546
-0.043213 8.309429 0.000023 -0.035360 0.020459 -0.075026 0.438064 8.269057 2.272677 -2.468392 -1.958202 -2.233890
-0.038864 8.286623 0.000027 -0.031867 0.020459 -0.078290 0.400098 8.263786 2.837182 -2.795107 -2.043410 -2.468217
-0.033833 8.279411 0.000016 -0.028837 0.020459 -0.084378 0.334144 8.237558 3.327052 -2.876763 -2.202287 -2.555212
-0.027039 8.277449 0.000006 -0.026231 0.020459 -0.086141 0.214158 8.260593 3.773323 -3.203433 -2.248322 -2.770890
-0.021645 8.269909 -0.000014 -0.023826 0.018512 -0.092579 0.079962 8.208300 4.153920 -3.582545 -2.416344 -3.053626
-0.022725 8.244790 -0.000018 -0.021677 0.016750 -0.105012 -0.450376 8.189657 4.478683 -3.569200 -2.740849 -3.123429
-0.019780 8.205207 -0.000034 -0.019746 0.015156 -0.109194 -0.339950 8.157751 4.791440 -4.117390 -2.849998 -3.506439
-0.014126 8.165083 -0.000039 -0.017876 0.013714 -0.122723 -0.244683 8.079307 5.037164 -4.540416 -3.203118 -3.874767
-0.012110 8.125471 -0.000039 -0.016364 0.012409 -0.136231 -0.034683 8.065707 5.249299 -4.579984 -3.555686 -3.986712
-0.009925 8.089633 -0.000058 -0.015050 0.015728 -0.141339 1.548974 8.034710 5.459269 -4.837873 -3.689010 -4.182727
-0.010525 8.042429 -0.000065 -0.013688 0.017475 -0.150137 1.347449 7.965534 5.634515 -4.738146 -3.918624 -4.167387
-0.011922 7.967808 -0.000063 -0.012364 0.017475 -0.151039 1.156090 7.910371 5.808587 -4.566776 -3.942185 -4.046619
-0.011693 7.883653 -0.000058 -0.010995 0.017475 -0.145062 1.004891 7.817116 5.970932 -4.654977 -3.786184 -4.053348
-0.017211 7.792410 -0.000039 -0.009652 0.017475 -0.145029 0.873239 7.709826 6.090260 -4.331462 -3.785306 -3.814328
-0.021637 7.699317 -0.000023 -0.008526 0.017475 -0.136683 0.766834 7.651420 6.211675 -4.120230 -3.567486 -3.599806
-0.025508 7.607587 -0.000015 -0.007397 0.017475 -0.128167 0.713296 7.532554 6.311299 -3.838747 -3.345211 -3.333259
-0.028892 7.525890 0.000008 -0.006436 0.017475 -0.118465 0.688832 7.484873 6.397073 -3.299225 -3.091990 -2.870999
-0.028056 7.439264 0.000011 -0.005522 0.017475 -0.099114 0.716776 7.387792 6.486307 -3.066354 -2.586916 -2.577882
-0.030133 7.350494 0.000033 -0.004579 0.017475 -0.085316 0.759208 7.285988 6.538059 -2.645879 -2.226770 -2.172886
-0.030184 7.280437 0.000049 -0.003934 0.017475 -0.069074 0.782480 7.245693 6.581993 -2.413450 -1.802854 -1.896647
-0.026573 7.218783 0.000047 -0.003374 0.017475 -0.056938 0.807454 7.153105 6.601522 -2.507270 -1.486112 -1.888062
-0.021870 7.168359 0.000056 -0.003004 0.015812 -0.055743 0.787513 7.106726 6.584369 -2.254341 -1.454906 -1.668514
-0.015254 7.125971 0.000043 -0.002870 0.014307 -0.045909 0.724008 7.083563 6.580725 -2.010578 -1.198249 -1.411517
-0.009295 7.068590 0.000029 -0.002585 0.012946 -0.034532 0.641982 6.997875 6.570775 -2.002399 -0.901292 -1.325051
-0.005893 7.013574 0.000034 -0.002346 0.011714 -0.030416 0.535235 6.946515 6.535437 -1.765596 -0.793870 -1.098159
-0.004414 6.970065 0.000023 -0.002303 0.010599 -0.023718 0.400227 6.918643 6.508638 -1.473496 -0.619048 -0.818418
-0.003951 6.920362 0.000009 -0.002182 0.009590 -0.016127 0.272023 6.859954 6.488028 -1.386815 -0.420911 -0.697305
-0.002187 6.872987 0.000007 -0.002040 0.008678 -0.014922 0.143503 6.813572 6.456683 -1.215264 -0.389458 -0.543383
-0.002360 6.822351 -0.000000 -0.001938 0.007852 -0.011533 -0.038398 6.769663 6.433538 -0.986474 -0.301018 -0.337278
-0.003086 6.770129 -0.000005 -0.001784 0.007105 -0.006702 0.512300 6.720939 6.417634 -0.771198 -0.174927 -0.138756
0.000603 6.730762 -0.000004 -0.001659 0.006429 -0.000251 0.431994 6.695506 6.405833 -0.537071 -0.006542 0.080201
0.002018 6.706111 -0.000009 -0.001591 0.005817 0.007272 0.360124 6.676235 6.397500 -0.274303 0.189800 0.325519
0.002436 6.683284 -0.000013 -0.001514 0.005263 0.013793 0.297196 6.655365 6.392521 -0.012775 0.359995 0.562552
0.004108 6.655456 -0.000016 -0.001393 0.004762 0.021078 0.260896 6.628575 6.391860 0.240116 0.550153 0.793707
0.004042 6.628792 -0.000014 -0.001255 0.004309 0.028463 0.237970 6.606548 6.393136 0.668061 0.742885 1.165473
0.006050 6.602377 -0.000013 -0.001109 0.003899 0.041945 0.231370 6.593630 6.408650 0.990764 1.094777 1.473442
0.010453 6.579103 -0.000010 -0.000903 0.003528 0.055029 0.242399 6.559961 6.418174 1.224636 1.436288 1.708455
0.015900 6.564079 -0.000001 -0.000773 0.003192 0.065821 0.243854 6.552070 6.417461 1.479049 1.717945 1.954586
0.022371 6.565183 -0.000003 -0.000783 0.002889 0.077028 0.235742 6.558400 6.414959 1.639516 2.010459 2.125749
0.026611 6.568678 -0.000010 -0.000815 0.002614 0.083442 0.217278 6.550079 6.403510 1.743410 2.177882 2.234518
0.028417 6.565508 -0.000014 -0.000858 0.003750 0.085815 0.192669 6.546437 6.388294 1.880119 2.239798 2.356474
0.029031 6.561690 -0.000020 -0.000919 0.005485 0.087763 0.162770 6.547886 6.379627 2.069593 2.290647 2.518187
0.030315 6.559243 -0.000026 -0.000952 0.007031 0.091367 0.142870 6.552346 6.381605 2.224098 2.384709 2.652262
0.033243 6.558659 -0.000029 -0.000938 0.007901 0.095080 0.163516 6.552096 6.387697 2.295331 2.481634 2.714766
0.034154 6.545147 -0.000030 -0.000834 0.008005 0.097107 0.193174 6.526118 6.389971 2.354577 2.534537 2.761935
0.030215 6.507862 -0.000023 -0.000625 0.008005 0.098546 0.193621 6.480245 6.388748 2.472730 2.572098 2.856994
0.027289 6.463711 -0.000012 -0.000397 0.008005 0.102183 0.180978 6.443298 6.389059 3.934500 2.667029 4.101577
0.026753 6.430378 -0.000003 -0.000219 0.008005 0.153895 0.167618 6.511687 6.484838 4.168067 4.016710 4.428704
0.028326 6.405385 0.000004 0.000421 0.008005 0.168565 0.119301 6.331288 6.487837 4.543354 4.399620 4.785442
0.031674 6.396697 0.000057 0.000483 0.015444 0.185058 0.074146 6.459417 6.489116 4.884460 4.830089 5.120343
0.035169 6.403025 0.000019 0.000456 0.015444 0.198929 -0.214843 6.361843 6.484438 5.266978 5.192131 5.486298
0.039575 6.415207 0.000046 0.000367 0.015444 0.213163 -0.098644 6.463310 6.482927 5.609572 5.563633 5.818688
0.043011 6.425571 0.000014 0.000304 0.015444 0.225367 0.112349 6.398702 6.480513 5.954304 5.882162 6.147871
0.050634 6.443136 0.000032 0.000198 0.015444 0.238173 -0.074255 6.483900 6.481991 6.294262 6.216416 6.474463
0.060898 6.478240 0.000007 0.000020 0.015444 0.252711 0.262587 6.479341 6.487245 6.672211 6.595845 6.840302
0.068511 6.523721 0.000009 -0.000193 0.015444 0.267352 0.069108 6.564747 6.496414 7.052382 6.977998 7.209069
0.072865 6.571809 -0.000014 -0.000399 0.015444 0.279565 -0.717011 6.582838 6.509332 7.375809 7.296755 7.520923
0.074561 6.620748 -0.000017 -0.000590 0.015444 0.286616 -0.563923 6.656793 6.526190 7.618811 7.480793 7.745779
0.072051 6.676721 -0.000034 -0.000798 0.015444 0.288239 -0.410538 6.702644 6.551223 7.925462 7.523148 8.003766
0.071019 6.745461 -0.000041 -0.001029 0.015444 0.289381 -0.261508 6.808805 6.599737 8.211904 7.552967 8.229822
0.072681 6.811922 -0.000059 -0.001124 0.015766 0.292522 -0.198701 6.862061 6.668601 8.260109 7.634945 8.250961
0.066301 6.873702 -0.000055 -0.001087 0.015766 0.288559 -0.167374 6.928218 6.734314 8.399966 7.531497 8.321023
0.053590 6.932995 -0.000055 -0.001053 0.015766 0.283397 -0.155535 6.999611 6.816978 8.515839 7.396777 8.353058
0.044517 7.002928 -0.000052 -0.000985 0.015766 0.277146 -0.369356 7.086497 6.916489 8.397443 7.233630 8.180160
0.037841 7.079175 -0.000049 -0.000862 0.015766 0.265976 -0.499970 7.157469 7.016909 8.275003 6.942092 7.976386
0.032863 7.153912 -0.000041 -0.000726 0.015766 0.256488 -0.577254 7.247445 7.126987 8.091573 6.694435 7.729146
0.026366 7.240106 -0.000035 -0.000599 0.015766 0.247492 -0.613825 7.335257 7.239322 7.898238 6.459645 7.476551
0.019060 7.328806 -0.000028 -0.000474 0.015766 0.237103 -0.603674 7.427665 7.352290 7.760619 6.188475 7.256355
0.019018 7.421522 -0.000022 -0.000367 0.015766 0.230104 -0.585436 7.530284 7.472889 7.383587 6.005818 6.879992
0.018147 7.513334 -0.000017 -0.000214 0.015766 0.219878 -0.537665 7.599395 7.576556 7.142016 5.738915 6.589836
0.017318 7.600108 -0.000007 -0.000125 0.015766 0.212477 -0.429278 7.702132 7.680364 6.945806 5.545723 6.353962
0.020747 7.686207 -0.000006 -0.000031 0.014265 0.208868 -0.284989 7.774703 7.782184 6.609493 5.451547 6.049165
0.022696 7.768019 0.000002 0.000075 0.012908 0.203029 -0.043787 7.846399 7.864494 6.435618 5.299127 5.853165
0.020043 7.843680 0.000005 0.000110 0.011679 0.199236 1.654374 7.923681 7.944589 6.300068 5.200151 5.702347
0.016032 7.918659 0.000006 0.000137 0.010568 0.194701 1.447708 7.994173 8.021527 6.178976 5.081772 5.558190
0.012587 7.986209 0.000008 0.000187 0.009562 0.189728 1.268795 8.059173 8.097330 6.127743 4.951969 5.459013
0.008553 8.050499 0.000011 0.000248 0.008652 0.186618 1.118770 8.128575 8.177663 5.993773 4.870799 5.318302
0.005876 8.127664 0.000015 0.000265 0.007829 0.181606 0.994709 8.208133 8.253862 5.843574 4.739978 5.153339
0.000937 8.190159 0.000014 0.000338 0.007084 0.175647 0.890813 8.255578 8.327289 5.811020 4.584456 5.058544
-0.005036 8.241120 0.000021 0.000457 0.006410 0.172311 0.804970 8.318243 8.407361 5.711854 4.497383 4.941004
-0.008680 8.303323 0.000027 0.000551 0.007189 0.168570 0.736937 8.379201 8.484771 5.588086 4.399741 4.805255
-0.011432 8.369082 0.000032 0.000613 0.008528 0.164496 0.683832 8.446911 8.559127 5.592043 4.293421 4.750945
-0.012015 8.437884 0.000034 0.000642 0.009088 0.164274 0.647507 8.524562 8.640902 5.512326 4.287612 4.675911
-0.010956 8.506372 0.000035 0.000713 0.009447 0.164259 0.623647 8.580375 8.716004 5.340140 4.287220 4.547770
-0.009555 8.571584 0.000041 0.000765 0.011014 0.162619 0.599441 8.640684 8.777695 5.162417 4.244409 4.407523
-0.008603 8.632923 0.000041 0.000767 0.011157 0.160376 0.567914 8.693093 8.829596 5.015521 4.185874 4.285979
-0.006960 8.691738 0.000041 0.000730 0.011157 0.158386 0.519943 8.750643 8.875799 4.890294 4.133942 4.183843
-0.003742 8.750483 0.000038 0.000664 0.011157 0.157377 0.458474 8.805045 8.917957 4.844656 4.107613 4.143287
-0.000427 8.806470 0.000035 0.000591 0.011157 0.158791 0.381060 8.860903 8.960101 4.957119 4.144508 4.224416
0.004806 8.860853 0.000031 0.000526 0.011157 0.165034 0.294013 8.919570 9.008933 4.962224 4.307449 4.287781
0.008481 8.911008 0.000028 0.000519 0.011157 0.170716 0.201704 8.951502 9.046485 4.969848 4.455749 4.351826
0.009756 8.959636 0.000029 0.000460 0.011157 0.174283 0.074263 9.003316 9.074973 5.074651 4.548845 4.456931
0.011425 9.012037 0.000023 0.000333 0.011157 0.178314 -0.165697 9.057033 9.106699 5.147494 4.654070 4.547084
0.014432 9.069849 0.000016 0.000195 0.011157 0.181136 -0.080840 9.115779 9.138691 5.194038 4.727724 4.609605
0.016514 9.129172 0.000008 0.000050 0.011157 0.182992 0.008696 9.173603 9.171457 5.400245 4.776174 4.757695
0.016402 9.181941 0.000000 -0.000056 0.011157 0.187316 -0.463703 9.233735 9.217630 5.678547 4.889018 4.969446
0.017233 9.233761 -0.000004 -0.000085 0.010095 0.194111 -0.432597 9.290869 9.276331 5.710737 5.066378 5.057380
0.018382 9.283881 -0.000003 -0.000040 0.009135 0.196628 -0.421752 9.324882 9.323677 5.805832 5.132077 5.140766
0.020000 9.335730 0.000000 -0.000064 0.008265 0.199520 -0.411797 9.393125 9.373600 5.947032 5.207540 5.254261
0.022516 9.390630 -0.000005 -0.000090 0.007479 0.204124 -0.398564 9.442104 9.428773 5.962849 5.327730 5.311385
0.023408 9.432080 -0.000003 -0.000018 0.006767 0.206802 -0.377926 9.469985 9.475027 6.038621 5.397611 5.385467
0.023838 9.468981 0.000002 0.000032 0.006123 0.209972 -0.348986 9.514528 9.520772 6.155885 5.480355 5.488772
0.023929 9.505557 0.000002 0.000081 0.005540 0.214283 -0.317327 9.547226 9.568095 6.423968 5.592872 5.690603
0.024126 9.541438 0.000007 0.000141 0.005013 0.222192 -0.288097 9.596902 9.625523 6.586116 5.799299 5.866931
0.025152 9.581066 0.000009 0.000236 0.004536 0.229364 -0.270887 9.625289 9.677970 6.373763 5.986481 5.822010
0.025189 9.620813 0.000016 0.000303 0.004319 0.227414 -0.254931 9.645235 9.700257 6.201755 5.935606 5.709857
0.022883 9.663841 0.000017 0.000193 0.004514 0.221773 -0.229011 9.697971 9.715860 6.408222 5.788360 5.773792
0.022090 9.705110 0.000006 0.000057 0.004514 0.222258 -0.199980 9.755641 9.759605 6.235079 5.801017 5.682392
0.023640 9.740912 0.000002 0.000099 0.004514 0.218595 -0.184594 9.760515 9.789121 5.855700 5.705414 5.432786
0.024938 9.786859 0.000009 0.000012 0.004514 0.209334 -0.146758 9.818801 9.799762 5.942702 5.463709 5.388370
0.026096 9.840401 -0.000005 -0.000215 0.004514 0.207818 -0.076841 9.892316 9.838460 5.767360 5.424123 5.276577
0.024760 9.887358 -0.000016 -0.000259 0.004514 0.202792 0.055032 9.908210 9.868168 5.622279 5.292959 5.144716
0.024990 9.943666 -0.000012 -0.000400 0.004514 0.196141 -0.155703 9.995842 9.899530 5.604308 5.119357 5.064065
0.026186 10.001856 -0.000028 -0.000542 0.007634 0.192386 -0.072921 10.041732 9.944828 5.597043 5.021342 5.018537
0.025745 10.054088 -0.000029 -0.000579 0.007723 0.189924 0.189977 10.105600 9.997381 5.667986 4.957087 5.028268
0.023469 10.104516 -0.000032 -0.000568 0.008663 0.189416 0.084195 10.155052 10.059497 5.752716 4.943836 5.064758
0.019234 10.154465 -0.000029 -0.000503 0.008663 0.188835 -0.103379 10.212483 10.127481 6.026404 4.928660 5.199020
0.015718 10.199688 -0.000026 -0.000383 0.008663 0.191995 -0.046453 10.268826 10.214076 6.158007 5.011148 5.294810
0.013295 10.235716 -0.000017 -0.000115 0.008663 0.195136 -0.236557 10.292154 10.299165 6.050264 5.093126 5.262768
0.011802 10.277987 0.000002 0.000112 0.008663 0.194414 -0.282282 10.335861 10.366255 6.053890 5.074282 5.247684
0.010906 10.331489 0.000009 0.000184 0.008663 0.194662 -0.316621 10.398823 10.433610 6.050063 5.080761 5.240510
0.009815 10.386183 0.000010 0.000251 0.008663 0.195055 -0.340128 10.446158 10.498955 5.774941 5.091014 5.094680
0.007453 10.428590 0.000015 0.000373 0.008663 0.189693 -0.349101 10.463989 10.541370 5.591347 4.951066 4.931996
0.005406 10.465636 0.000023 0.000401 0.008663 0.183697 -0.336768 10.513251 10.580094 5.535454 4.794571 4.828122
0.004797 10.500825 0.000020 0.000420 0.008663 0.180718 -0.310067 10.544455 10.625737 5.452064 4.716799 4.745876
0.005127 10.534977 0.000024 0.000481 0.008663 0.179384 -0.270102 10.580560 10.669826 5.383061 4.682005 4.692234
0.008979 10.588009 0.000027 0.000434 0.007838 0.179716 -0.215815 10.644659 10.712335 5.100361 4.690654 4.551827
0.013510 10.643353 0.000020 0.000366 0.007092 0.177172 -0.141007 10.671934 10.735062 4.830101 4.624262 4.388153
0.015255 10.695005 0.000019 0.000212 0.006418 0.172616 0.001229 10.728345 10.745939 4.879812 4.505349 4.366152
0.014753 10.745265 0.000006 0.000004 0.005807 0.172680 -4.033246 10.785877 10.772948 4.982389 4.507013 4.425447
0.012578 10.769021 -0.000003 0.000021 0.005254 0.173676 -3.625879 10.789909 10.806928 5.016121 4.533010 4.459221
0.009210 10.784665 0.000005 0.000118 0.004754 0.173863 -3.260804 10.815402 10.839634 5.209764 4.537888 4.562137
0.007387 10.821080 0.000008 0.000098 0.004302 0.176340 -2.933174 10.874205 10.886360 5.426637 4.602556 4.701470
0.005460 10.854186 0.000004 0.000170 0.003892 0.180770 -2.639794 10.897758 10.942729 5.647126 4.718161 4.864352
0.004139 10.886054 0.000014 0.000300 0.003672 0.186370 -2.377443 10.943861 11.004232 5.690483 4.864318 4.952810
0.003982 10.926882 0.000018 0.000410 0.004909 0.189908 -2.142805 10.973035 11.056234 5.663449 4.956666 4.982251
0.003967 10.972099 0.000025 0.000446 0.006744 0.191035 -1.933316 11.022454 11.098925 5.824196 4.986101 5.074759
0.004316 11.018193 0.000023 0.000428 0.006744 0.194976 -1.746946 11.075384 11.151452 5.916291 5.088962 5.168147
0.003121 11.054229 0.000023 0.000515 0.006744 0.198761 -1.579078 11.097127 11.201551 6.121863 5.187734 5.315006
0.002975 11.089596 0.000032 0.000593 0.008491 0.204687 -1.427782 11.151116 11.257899 6.105771 5.342407 5.380979
0.003215 11.131600 0.000032 0.000669 0.008703 0.207841 -1.291935 11.171184 11.300465 6.039175 5.424744 5.389660
0.003658 11.178003 0.000039 0.000649 0.010521 0.208261 -1.166476 11.227887 11.332647 5.772239 5.435682 5.268768
0.004305 11.227022 0.000032 0.000560 0.010521 0.203611 -1.049778 11.250665 11.346419 5.598045 5.314321 5.130066
0.004433 11.277111 0.000029 0.000367 0.010521 0.197786 -0.937450 11.318783 11.360004 5.626622 5.162297 5.072888
0.004183 11.315573 0.000013 0.000235 0.010521 0.195271 -0.833806 11.346578 11.389134 5.406688 5.096660 4.938241
0.002803 11.344016 0.000014 0.000239 0.010521 0.189834 -0.739467 11.364384 11.407040 5.267758 4.954754 4.805287
0.000218 11.372285 0.000014 0.000184 0.010521 0.184100 -0.648743 11.401238 11.426196 3.004955 4.805078 3.668281
-0.002713 11.403243 0.000008 0.000122 0.010521 0.137384 -0.562426 11.274686 11.293740 4.288355 3.585768 3.680633
-0.004999 11.429049 0.000007 -0.000717 0.010521 0.137132 -0.489666 11.603342 11.358073 4.426827 3.579204 3.737793
-0.005929 11.443635 -0.000072 -0.000453 0.019347 0.139856 -0.445651 11.377159 11.427918 4.309075 3.650306 3.712515
-0.004067 11.479877 0.000015 -0.000275 0.019347 0.140584 -0.438322 11.609684 11.480747 4.064267 3.669293 3.605084
0.018263 11.757726 -0.000038 -0.001468 0.019347 0.138020 -0.435175 11.904719 11.537004 3.679946 3.602380 3.394096
0.015912 11.750915 -0.000109 -0.001133 0.029277 0.131255 -0.420700 11.633481 11.564004 3.363395 3.425817 3.162678
-0.003259 11.549930 -0.000021 0.000075 0.029277 0.122996 -0.364315 11.478576 11.558083 3.259195 3.210242 3.011399
-0.000734 11.601785 0.000023 -0.000232 0.029277 0.117499 -0.268988 11.703891 11.565993 3.274788 3.066760 2.950804
0.000450 11.638226 -0.000041 -0.000383 0.029277 0.115293 -0.125346 11.600736 11.588258 3.556379 3.009203 3.054762
0.002345 11.662116 -0.000004 -0.000391 0.029277 0.119923 0.128573 11.750785 11.635208 3.676290 3.130042 3.173006
0.005337 11.699542 -0.000035 -0.000341 0.029277 0.125944 -0.077988 11.698044 11.681139 3.713139 3.287182 3.272790
0.005070 11.721070 -0.000006 -0.000212 0.029277 0.130171 0.263219 11.770290 11.715931 3.772924 3.397527 3.360622
0.003835 11.717700 -0.000017 -0.000009 0.029277 0.133446 0.178362 11.702773 11.743252 3.251132 3.482987 3.169481
0.003899 11.723249 0.000011 0.000106 0.029277 0.126028 0.114123 11.722866 11.724487 3.158860 3.289379 3.037234
0.005058 11.731584 0.000000 -0.000038 0.029277 0.121094 -0.047294 11.729121 11.715759 3.127158 3.160613 2.964970
0.005643 11.724083 -0.000004 -0.000044 0.029277 0.119246 0.182292 11.717633 11.714173 2.791741 3.112358 2.794232
0.003477 11.704186 -0.000001 0.000053 0.026491 0.113037 0.056100 11.670246 11.689991 2.818220 2.950317 2.733824
0.001438 11.690784 0.000006 -0.000004 0.023970 0.110392 -0.394570 11.697663 11.680519 2.735453 2.881280 2.668803
0.001042 11.685753 -0.000005 -0.000028 0.021689 0.107341 -0.298451 11.665680 11.670498 2.593519 2.801655 2.570736
0.002405 11.693721 0.000001 -0.000123 0.019625 0.103389 -0.196194 11.701105 11.657771 2.570610 2.698483 2.515375
0.006294 11.717533 -0.000013 -0.000317 0.017757 0.101660 -0.070650 11.721430 11.654501 2.355065 2.653355 2.400654
0.011215 11.742448 -0.000020 -0.000466 0.016068 0.098266 0.209136 11.737693 11.641727 2.216493 2.564769 2.301066
0.015724 11.769021 -0.000029 -0.000675 0.014539 0.095624 0.071108 11.768901 11.629274 2.371927 2.495831 2.348323
0.019444 11.786890 -0.000042 -0.000835 0.013155 0.098422 -0.288749 11.792322 11.636077 2.390982 2.568861 2.403390
0.021896 11.801669 -0.000047 -0.000877 0.012625 0.100895 -0.186815 11.796285 11.639774 -11.750084 2.633412 -4.108956
0.022408 11.806838 -0.000047 -0.000885 0.012691 -0.162068 -0.064840 10.775260 10.616459 -4.886503 -4.230041 -4.287860
0.019286 11.786858 -0.000048 -0.006202 0.012914 -0.170483 0.375696 12.548671 10.686033 -5.164549 -4.449684 -4.531783
0.010358 11.697112 -0.000554 -0.005357 0.148843 -0.182212 0.319801 10.964176 10.735451 -5.341858 -4.755814 -4.774460
-0.001994 11.542459 -0.000071 -0.004276 0.148843 -0.192343 -1.405209 11.962710 10.773777 -5.599527 -5.020237 -5.034857
-0.014055 11.402031 -0.000356 -0.003329 0.148843 -0.202948 -0.909305 10.911601 10.794716 -5.684893 -5.297021 -5.219837
-0.027712 11.286992 -0.000040 -0.002608 0.148843 -0.211462 -0.289733 11.559259 10.815898 -5.722473 -5.519234 -5.355704
-0.048116 11.175140 -0.000225 -0.001904 0.148843 -0.221326 1.118028 10.853150 10.837127 -5.493305 -5.776703 -5.376180
-0.067851 11.067388 -0.000010 -0.001220 0.148843 -0.229090 0.882301 11.259270 10.880644 -6.965198 -5.979333 -6.256193
-0.082108 10.968613 -0.000117 -0.000466 0.148843 -0.269466 1.123234 10.664802 10.818157 -8.648934 -7.033178 -7.631612
-0.093229 10.893197 0.000041 -0.000398 0.148843 -0.326615 1.376065 10.959083 10.708831 -9.040966 -8.524790 -8.499088
-0.104065 10.796154 -0.000078 -0.000463 0.148843 -0.360257 1.624264 10.628489 10.680240 -10.611340 -9.402839 -9.761339
-0.120206 10.686322 0.000011 -0.000032 0.148843 -0.409500 1.782362 10.645206 10.593466 -11.645308 -10.688105 -10.886516
-0.136535 10.615386 -0.000019 -0.000116 0.148843 -0.456672 1.716467 10.522319 10.526446 -11.978671 -11.919328 -11.584163
-0.115407 10.981193 -0.000002 -0.002410 0.134679 -0.485269 1.641057 11.344003 10.567630 -12.911446 -12.665704 -12.449173
-0.130892 10.875116 -0.000233 -0.001629 0.121862 -0.520497 1.648732 10.482239 10.580610 -13.641907 -13.585169 -13.271952
-0.171549 10.417739 0.000025 0.000863 0.110265 -0.543575 1.640357 10.362037 10.560220 -14.370598 -14.187529 -13.945172
-0.180104 10.380073 0.000055 0.000955 0.099772 -0.565012 1.668960 10.381264 10.528968 -14.548332 -14.747047 -14.363871
-0.187834 10.368044 0.000041 0.000853 0.090278 -0.578747 1.699268 10.371836 10.527244 -15.308559 -15.105523 -14.886775
-0.199248 10.277667 0.000044 0.001322 0.081687 -0.595608 1.781831 10.187651 10.487606 -16.596192 -15.545604 -15.609870
-0.215107 10.110827 0.000087 0.001996 0.073913 -0.618321 1.850566 9.973404 10.373963 -16.184895 -16.138427 -15.923551
-0.230302 9.964125 0.000118 0.002172 0.066879 -0.627336 1.887230 9.953342 10.329620 -15.077291 -16.373721 -15.848548
-0.247338 9.793219 0.000111 0.002842 0.060515 -0.623493 1.927216 9.758861 10.369720 -15.693325 -16.273427 -15.920745
-0.264339 9.616798 0.000181 0.003990 0.054756 -0.624903 1.974084 9.545093 10.336373 -16.076506 -16.310222 -16.036482
-0.279973 9.458711 0.000236 0.004651 0.063350 -0.628172 2.004455 9.406504 10.265506 -15.782517 -16.395533 -16.074460
-0.293121 9.313859 0.000257 0.005043 0.069032 -0.628699 2.081785 9.284067 10.214666 -16.425034 -16.409302 -16.194538
-0.305183 9.162860 0.000279 0.005573 0.075021 -0.632125 2.177658 9.064756 10.108348 -17.512934 -16.498706 -16.427400
-0.312197 9.086751 0.000314 0.005413 0.084313 -0.639993 2.262510 9.031012 9.932853 -18.065420 -16.704073 -16.680341
-0.329448 8.890458 0.000273 0.005523 0.084313 -0.648435 2.322871 8.679581 9.730179 -18.177779 -16.924417 -16.889517
-0.352317 8.606042 0.000318 0.005957 0.085383 -0.655322 2.338463 8.456584 9.527139 -18.776044 -17.104166 -17.112513
-0.367937 8.399515 0.000324 0.005975 0.087225 -0.663024 2.329256 8.232972 9.293489 -17.959708 -17.305192 -17.220465
-0.384224 8.171929 0.000322 0.005943 0.087225 -0.666424 2.290636 8.075769 9.134007 -15.585768 -17.393919 -17.107223
-0.399811 7.942539 0.000322 0.006313 0.087225 -0.661583 2.227502 7.966696 9.145601 -15.111478 -17.267574 -16.967575
-0.413625 7.735534 0.000359 0.007472 0.096498 -0.655704 2.148522 7.706504 9.160495 -15.496792 -17.114125 -16.867531
-0.422778 7.581845 0.000441 0.008365 0.118653 -0.651270 2.060241 7.599062 9.119573 -14.733974 -16.998404 -16.718384
-0.427176 7.483470 0.000462 0.008669 0.124260 -0.644781 1.971700 7.554730 9.119696 -13.268812 -16.829034 -16.473268
-0.429097 7.407998 0.000476 0.009070 0.128103 -0.634400 1.863934 7.548040 9.205954 -12.723463 -16.558085 -16.200438
-0.430032 7.333689 0.000505 0.009921 0.135802 -0.622831 1.751239 7.439477 9.295996 -13.808057 -16.256146 -16.011027
-0.430524 7.287478 0.000565 0.010643 0.151937 -0.614766 1.606355 7.342892 9.272157 -11.866247 -16.045639 -15.692571
-0.429292 7.276779 0.000588 0.010573 0.158081 -0.601676 1.429011 7.526086 9.374817 -10.497488 -15.703989 -15.296098
-0.428019 7.251180 0.000565 0.011253 0.158081 -0.585508 1.347673 7.407719 9.538917 -11.960926 -15.281985 -15.026562
-0.426727 7.217649 0.000650 0.012300 0.174799 -0.574507 1.380715 7.305728 9.546925 -12.925697 -14.994864 -14.841093
-0.423235 7.210724 0.000684 0.012379 0.183929 -0.566858 1.451183 7.284335 9.462919 -14.345708 -14.795226 -14.767304
-0.420827 7.198173 0.000667 0.012000 0.183929 -0.563863 1.451031 7.161747 9.268948 -13.040455 -14.717055 -14.599095
-0.421185 7.148477 0.000647 0.011236 0.183929 -0.557156 1.324683 7.259089 9.178130 -11.263060 -14.542003 -14.309801
-0.423365 7.071992 0.000592 0.011160 0.183929 -0.545607 1.096857 7.159404 9.204605 -8.809235 -14.240571 -13.858959
-0.426658 6.997580 0.000630 0.011695 0.183929 -0.527743 0.672183 7.260842 9.376624 -4.420806 -13.774311 -13.121557
-0.426359 6.974616 0.000652 0.012728 0.183929 -0.498061 -0.028828 7.421955 9.812743 -3.981259 -12.999577 -12.402760
-0.419348 7.026184 0.000734 0.014765 0.197319 -0.471365 11.774120 7.361650 10.186171 -5.223534 -12.302821 -11.883763
-0.406531 7.155211 0.000864 0.016060 0.232195 -0.448873 10.566505 7.501938 10.394954 -4.485749 -11.715750 -11.304251
-0.391496 7.314673 0.000885 0.016322 0.238081 -0.423693 9.473354 7.687637 10.609702 -5.330556 -11.058543 -10.800245
-0.375688 7.467740 0.000896 0.016649 0.240806 -0.401720 8.506736 7.705994 10.709677 -8.922241 -10.485056 -10.643381
-0.361056 7.609277 0.000921 0.016428 0.247696 -0.395092 7.637847 7.644905 10.512639 -8.257027 -10.312050 -10.410877
-0.347410 7.728148 0.000882 0.014754 0.247696 -0.385217 6.829583 7.943335 10.382782 -7.335368 -10.054319 -10.072313
-0.336703 7.794112 0.000756 0.013717 0.247696 -0.370738 6.081698 7.871332 10.320513 -8.836935 -9.676419 -9.924773
-0.331544 7.831162 0.000760 0.013190 0.247696 -0.364949 5.344229 7.859727 10.132278 -8.231752 -9.525303 -9.704045
-0.326036 7.896998 0.000707 0.011844 0.247696 -0.356721 4.596698 8.020347 10.002282 -8.374128 -9.310564 -9.527782
-0.322149 7.955151 0.000621 0.010847 0.247696 -0.350701 3.876944 7.970705 9.865280 -7.601833 -9.153432 -9.277531
-0.320735 7.992225 0.000595 0.009925 0.247696 -0.342010 3.181709 8.121632 9.790165 -5.116521 -8.926607 -8.739001
-0.314644 8.021587 0.000528 0.009371 0.247696 -0.320406 2.628442 8.217045 9.888801 -8.836581 -8.362728 -8.789949
-0.308114 8.053851 0.000528 0.009723 0.247696 -0.322710 2.179402 7.889032 9.671044 -9.659381 -8.422849 -8.942833
-0.304069 8.105498 0.000560 0.008295 0.247696 -0.329472 1.487158 8.189262 9.425080 -7.002207 -8.599361 -8.663332
-0.303364 8.133230 0.000397 0.006845 0.247696 -0.318999 0.437040 8.203890 9.411379 -6.520822 -8.325994 -8.355190
-0.308580 8.132148 0.000388 0.006778 0.224125 -0.307806 -2.860110 8.205281 9.413982 -2.949020 -8.033853 -7.581740
-0.307926 8.159048 0.000387 0.006650 0.202797 -0.278523 -2.241282 8.489728 9.656156 -2.864145 -7.269569 -6.938592
-0.299559 8.230034 0.000374 0.007557 0.183498 -0.251887 -1.904200 8.340820 9.832085 -4.215089 -6.574353 -6.577177
-0.290795 8.340384 0.000469 0.007904 0.166036 -0.237021 -1.657633 8.510625 9.853505 -2.330173 -6.186348 -5.942352
-0.280811 8.461687 0.000424 0.007375 0.150235 -0.210444 -1.515259 8.701363 9.993150 -4.557700 -5.492672 -5.776304
-0.274286 8.548260 0.000409 0.007656 0.135939 -0.204195 -1.482344 8.493383 9.916266 -5.132826 -5.329562 -5.736213
-0.268165 8.625850 0.000447 0.006838 0.123002 -0.203517 -1.387557 8.746048 9.801449 -3.606790 -5.311864 -5.407514
-0.256429 8.705186 0.000338 0.005809 0.111297 -0.189191 -1.302857 8.795783 9.815111 -5.338575 -4.937969 -5.477333
-0.245471 8.774989 0.000326 0.005511 0.100706 -0.191409 -1.134030 8.729387 9.682132 -5.185276 -4.995860 -5.460150
-0.238828 8.851929 0.000306 0.004399 0.091122 -0.190639 -0.708444 8.936267 9.585416 -3.669394 -4.975746 -5.048376
-0.235600 8.910030 0.000215 0.003579 0.082451 -0.175140 -0.005308 8.983498 9.612335 -4.312536 -4.571214 -4.905757
-0.234231 8.939950 0.000207 0.003563 0.074605 -0.189383 72.647469 8.923815 9.563801 -3.525940 -4.942966 -4.965197
-0.229310 8.985156 0.000210 0.003066 0.067505 -0.189858 65.377851 9.136688 9.608397 -3.675688 -4.955364 -5.013254
-0.220870 9.032628 0.000159 0.003051 0.061081 -0.188466 58.836474 9.041909 9.643349 -5.007843 -4.919043 -5.370724
-0.216591 9.066097 0.000196 0.003059 0.055269 -0.200390 52.946743 9.079026 9.579203 -5.050646 -5.230255 -5.579402
-0.214894 9.107689 0.000165 0.002498 0.050009 -0.208087 47.645376 9.143607 9.545038 -4.804857 -5.431158 -5.627028
-0.213673 9.137757 0.000135 0.002158 0.045250 -0.210058 42.874069 9.178362 9.549596 -5.128764 -5.482597 -5.753302
-0.213036 9.162320 0.000125 0.002052 0.040944 -0.215511 38.579360 9.175071 9.536453 -3.891232 -5.624934 -5.454772
-0.210942 9.192892 0.000121 0.001820 0.037048 -0.203280 34.714445 9.332508 9.627455 -2.838285 -5.305692 -4.911686
-0.207198 9.224797 0.000101 0.002134 0.033522 -0.179886 31.237820 9.317039 9.765599 -3.061983 -4.695097 -4.593564
-0.204084 9.264448 0.000146 0.002655 0.039132 -0.165792 28.108897 9.340461 9.833569 -2.870414 -4.327244 -4.290137
-0.200625 9.320390 0.000158 0.002719 0.042537 -0.153063 25.293030 9.409673 9.887589 -2.839444 -3.994994 -4.064864
-0.194477 9.377698 0.000153 0.002702 0.042537 -0.142908 22.760187 9.435672 9.920154 -3.644924 -3.729953 -4.194949
-0.187911 9.438018 0.000155 0.002555 0.042537 -0.147216 20.480947 9.446043 9.878088 -3.544756 -3.842385 -4.200337
-0.180168 9.512590 0.000139 0.001937 0.042537 -0.146284 18.428496 9.587349 9.863059 -3.298186 -3.818061 -4.062264
-0.173638 9.574367 0.000092 0.001530 0.042537 -0.139101 16.581209 9.601573 9.871780 -3.344852 -3.630594 -3.973011
-0.168301 9.627615 0.000090 0.001294 0.042537 -0.134972 14.916192 9.669110 9.868025 -3.383047 -3.522825 -3.921891
-0.163807 9.679330 0.000068 0.001000 0.042537 -0.132945 13.416174 9.697614 9.859262 -3.306485 -3.469907 -3.837494
-0.159300 9.734240 0.000057 0.000662 0.042537 -0.130494 12.063094 9.775358 9.858577 -3.258504 -3.405947 -3.764942
-0.153940 9.778347 0.000033 0.000425 0.042537 -0.127950 10.843595 9.791399 9.861215 -3.770464 -3.339556 -4.027522
-0.149539 9.824444 0.000028 0.000195 0.042537 -0.139195 9.740770 9.819723 9.826380 -4.206841 -3.633044 -4.378901
-0.147812 9.865611 0.000009 -0.000208 0.042537 -0.154977 8.739004 9.860832 9.788814 -4.386078 -4.044966 -4.607218
-0.146426 9.899696 -0.000015 -0.000588 0.038489 -0.166627 7.829935 9.906123 9.775237 -4.703000 -4.349022 -4.892647
-0.145884 9.931800 -0.000033 -0.000830 0.034827 -0.180337 7.009829 9.926746 9.765299 -4.590310 -4.706866 -4.927810
-0.145558 9.953093 -0.000043 -0.000995 0.031512 -0.184035 6.270529 9.982598 9.792506 -4.345628 -4.803380 -4.799132
-0.144711 9.986761 -0.000052 -0.001029 0.028514 -0.179930 5.610141 10.023190 9.845030 -4.168273 -4.696237 -4.648208
-0.143775 10.028219 -0.000049 -0.000971 0.025800 -0.175585 5.021167 10.070417 9.901524 -4.154769 -4.582827 -4.599343
-0.141390 10.066680 -0.000047 -0.000875 0.023345 -0.174113 4.500676 10.094641 9.948991 -4.371183 -4.544418 -4.717896
-0.139468 10.103954 -0.000041 -0.000821 0.021123 -0.178547 4.037683 10.123930 9.977013 -4.579301 -4.660145 -4.882219
-0.138022 10.135056 -0.000042 -0.000837 0.019113 -0.184769 3.623298 10.149802 9.998663 -4.897790 -4.822550 -5.129647
-0.138039 10.155600 -0.000043 -0.000832 0.017294 -0.194307 3.250947 10.154797 10.008917 -5.053656 -5.071489 -5.307071
-0.138978 10.181971 -0.000042 -0.000917 0.015649 -0.202016 2.916281 10.204999 10.027511 -4.972150 -5.272696 -5.324512
-0.139016 10.211919 -0.000052 -0.000977 0.014159 -0.203870 2.618797 10.239185 10.067684 -4.942735 -5.321078 -5.323082
-0.138698 10.246655 -0.000050 -0.000948 0.013546 -0.204432 2.356609 10.279987 10.112937 -4.964536 -5.335756 -5.341983
-0.138240 10.273067 -0.000049 -0.000848 0.013546 -0.205690 2.124412 10.294373 10.155792 -5.151223 -5.368586 -5.467507
-0.138465 10.292451 -0.000041 -0.000724 0.013546 -0.210166 1.918413 10.306630 10.185175 -5.315667 -5.485404 -5.608353
-0.138685 10.321023 -0.000036 -0.000720 0.013546 -0.215918 1.731895 10.344811 10.211033 -5.502255 -5.635552 -5.774580
-0.137806 10.347757 -0.000040 -0.000724 0.013546 -0.222305 1.564780 10.359752 10.234343 -5.971772 -5.802239 -6.116264
-0.136860 10.376451 -0.000038 -0.000753 0.013546 -0.235225 1.410193 10.377551 10.236296 -6.199573 -6.139476 -6.373168
-0.135970 10.408008 -0.000043 -0.000910 0.013546 -0.244963 1.262598 10.428027 10.249122 -6.225161 -6.393644 -6.480204
-0.135534 10.433483 -0.000054 -0.000977 0.014488 -0.248839 1.124254 10.450030 10.279740 -6.061790 -6.494788 -6.420304
-0.134425 10.455252 -0.000051 -0.000930 0.014488 -0.245904 0.997398 10.490738 10.328600 -6.020829 -6.418196 -6.368326
-0.134520 10.463260 -0.000049 -0.000714 0.014488 -0.242729 0.886435 10.470010 10.370798 -5.967832 -6.335333 -6.305485
-0.134755 10.478862 -0.000031 -0.000573 0.014488 -0.239785 0.784255 10.512516 10.408177 -5.939205 -6.258492 -6.258518
-0.136033 10.491602 -0.000032 -0.000442 0.014488 -0.238085 0.695645 10.497958 10.439606 -5.978496 -6.214110 -6.263526
-0.136406 10.495693 -0.000019 -0.000297 0.014488 -0.238797 0.620021 10.510917 10.462251 -6.342167 -6.232690 -6.483468
-0.135973 10.501079 -0.000016 -0.000206 0.014488 -0.246608 0.557951 10.485293 10.458218 -6.627049 -6.436559 -6.723170
-0.135564 10.507747 -0.000009 -0.000262 0.014488 -0.255434 0.483887 10.511936 10.449397 -6.713301 -6.666934 -6.854999
-0.133140 10.526820 -0.000020 -0.000410 0.014488 -0.259273 0.410968 10.535374 10.453787 -6.993224 -6.767131 -7.051624
-0.132106 10.536391 -0.000025 -0.000438 0.014488 -0.265923 0.327258 10.520857 10.445699 -7.042778 -6.940700 -7.139081
-0.133702 10.516987 -0.000023 -0.000378 0.014488 -0.268804 0.227017 10.506510 10.445447 -7.037302 -7.015901 -7.157455
-0.134871 10.498230 -0.000019 -0.000280 0.013109 -0.269228 0.109228 10.490058 10.449178 -7.088443 -7.026958 -7.185386
-0.135184 10.483442 -0.000013 -0.000182 0.011861 -0.269867 -0.049656 10.473704 10.448159 -7.168540 -7.043633 -7.231947
-0.135069 10.470908 -0.000009 -0.000121 0.010733 -0.271198 0.212970 10.459641 10.441402 -7.229622 -7.078376 -7.273284
-0.132131 10.476208 -0.000006 -0.000184 0.009711 -0.271851 0.143184 10.478525 10.433947 -7.375049 -7.095422 -7.356602
-0.126818 10.490720 -0.000014 -0.000301 0.008787 -0.273051 0.062729 10.480257 10.419405 -7.429497 -7.126738 -7.388992
-0.121047 10.518228 -0.000019 -0.000524 0.007951 -0.271938 -0.144614 10.526713 10.407396 -7.201833 -7.097676 -7.232498
-0.117665 10.536022 -0.000036 -0.000682 0.009759 -0.264792 -0.032164 10.535939 10.412727 -6.889703 -6.911171 -6.967267
-0.114883 10.545057 -0.000038 -0.000701 0.010092 -0.254700 0.439221 10.553904 10.427512 -6.679705 -6.647783 -6.731815
-0.112027 10.562461 -0.000039 -0.000715 0.010368 -0.246100 0.371721 10.566998 10.438699 -6.299893 -6.423313 -6.414723
-0.109936 10.566856 -0.000039 -0.000679 0.010541 -0.234884 0.316628 10.575665 10.460439 -6.155472 -6.130560 -6.206766
-0.108159 10.564698 -0.000035 -0.000552 0.010541 -0.227406 0.283743 10.554122 10.469063 -6.476804 -5.935396 -6.301287
-0.108752 10.566373 -0.000026 -0.000516 0.010541 -0.232972 0.243547 10.537026 10.439647 -6.701744 -6.080653 -6.474395
-0.110536 10.556954 -0.000030 -0.000622 0.010541 -0.242922 0.180430 10.527987 10.406469 -7.149872 -6.340352 -6.822716
-0.113008 10.531094 -0.000037 -0.000660 0.010541 -0.259321 0.086396 10.475045 10.360398 -7.506434 -6.768390 -7.186841
-0.116871 10.504818 -0.000035 -0.000765 0.010541 -0.276086 -0.199072 10.475270 10.321474 -7.413212 -7.205945 -7.298338
-0.119962 10.480065 -0.000047 -0.000840 0.012635 -0.282678 -0.035320 10.468914 10.322346 -7.630334 -7.378005 -7.492141
-0.124061 10.457273 -0.000045 -0.000715 0.012635 -0.291955 0.871506 10.429716 10.317594 -7.579455 -7.620143 -7.557681
-0.125867 10.451267 -0.000035 -0.000708 0.012635 -0.296191 0.750009 10.471449 10.333903 -7.416169 -7.730689 -7.510823
-0.125131 10.441932 -0.000042 -0.000572 0.012635 -0.293400 0.658918 10.441059 10.367448 -7.534129 -7.657845 -7.560205
-0.124502 10.429502 -0.000023 -0.000329 0.012635 -0.293216 0.591606 10.429202 10.382599 -7.492744 -7.653057 -7.538621
-0.121787 10.430265 -0.000015 -0.000253 0.012635 -0.289587 0.546012 10.442708 10.398957 -7.479119 -7.558344 -7.496724
-0.119428 10.433365 -0.000014 -0.000182 0.012635 -0.285156 0.514182 10.431619 10.408127 -7.529039 -7.442687 -7.480432
-0.116198 10.460098 -0.000008 -0.000275 0.012635 -0.283133 0.481440 10.476637 10.407080 -7.593953 -7.389883 -7.493965
-0.117859 10.430884 -0.000022 -0.000126 0.012635 -0.283395 0.438239 10.379526 10.394705 -7.617374 -7.396731 -7.505494
-0.122189 10.367549 0.000003 0.000144 0.012635 -0.284091 0.381032 10.342014 10.376035 -7.569170 -7.414880 -7.479452
-0.123342 10.339440 0.000009 0.000194 0.012635 -0.283203 0.312752 10.326224 10.361219 -7.529974 -7.391697 -7.443742
-0.125250 10.305018 0.000009 0.000298 0.011433 -0.281981 0.239229 10.278055 10.345601 -7.673647 -7.359810 -7.513585
-0.128809 10.279079 0.000019 0.000352 0.010345 -0.285817 0.164320 10.257205 10.316256 -7.800049 -7.459927 -7.622084
-0.135316 10.250542 0.000017 0.000348 0.009361 -0.293499 0.074389 10.220618 10.285092 -7.680149 -7.660436 -7.621448
-0.140044 10.220163 0.000019 0.000344 0.008470 -0.297231 -0.013248 10.218373 10.277173 -7.667379 -7.757836 -7.653633
-0.144424 10.186376 0.000017 0.000481 0.007664 -0.300163 -0.151313 10.167320 10.274634 -7.268474 -7.834379 -7.443238
-0.146978 10.156061 0.000032 0.000628 0.008493 -0.292343 -0.166167 10.187972 10.303696 -6.785635 -7.630256 -7.085599
-0.145419 10.159221 0.000034 0.000766 0.009211 -0.276122 -0.226369 10.197291 10.350320 -6.483784 -7.206893 -6.763060
-0.145155 10.159161 0.000045 0.001013 0.012232 -0.261371 -0.274783 10.180942 10.383490 -6.238981 -6.821894 -6.485574
-0.145097 10.148213 0.000060 0.001247 0.016238 -0.248478 -0.343171 10.164178 10.402110 -6.428113 -6.485364 -6.489256
-0.145504 10.145860 0.000071 0.001358 0.019129 -0.247349 -0.404885 10.135345 10.380625 -6.442575 -6.455917 -6.486724
-0.137782 10.238505 0.000074 0.000753 0.019792 -0.247149 -0.440321 10.321997 10.367378 -6.638185 -6.450691 -6.601761
-0.138918 10.217564 0.000015 0.000794 0.019792 -0.251324 -0.465027 10.120461 10.338839 -6.947410 -6.559647 -6.825318
-0.146605 10.115858 0.000066 0.001182 0.019792 -0.260053 -0.451564 10.084138 10.288503 -6.957383 -6.787490 -6.905473
-0.146479 10.113127 0.000062 0.000929 0.019792 -0.262643 -0.406215 10.124034 10.258681 -6.739085 -6.855085 -6.790230
-0.145063 10.112160 0.000041 0.000776 0.019792 -0.257822 -0.347932 10.111049 10.252417 -6.710435 -6.729253 -6.727634
-0.143527 10.103436 0.000043 0.000789 0.019792 -0.253862 -0.302994 10.098705 10.238879 -6.613275 -6.625909 -6.628191
-0.143778 10.087102 0.000043 0.000804 0.019792 -0.249086 -0.228831 10.078733 10.224615 -6.376966 -6.501247 -6.434252
-0.143840 10.075635 0.000045 0.000789 0.019792 -0.241117 -0.153374 10.082144 10.218703 -6.433897 -6.293240 -6.393769
-0.143388 10.071613 0.000042 0.000779 0.019792 -0.239942 -0.052722 10.053018 10.193824 -6.434915 -6.262568 -6.377964
-0.142713 10.069591 0.000043 0.000658 0.019792 -0.239869 0.266902 10.070387 10.168939 -6.278882 -6.260669 -6.275033
-0.141531 10.071979 0.000031 0.000514 0.019792 -0.236231 0.167137 10.071935 10.157926 -6.099394 -6.165718 -6.127085
-0.138743 10.083334 0.000027 0.000395 0.017908 -0.230340 0.052243 10.097248 10.155262 -6.103943 -6.011974 -6.072709
-0.137814 10.085489 0.000019 0.000370 0.016204 -0.227979 -0.217491 10.069432 10.141635 -5.978776 -5.950331 -5.969085
-0.138115 10.085653 0.000023 0.000297 0.014662 -0.224872 -0.124679 10.096573 10.133980 -5.819264 -5.869256 -5.838836
-0.138168 10.091372 0.000013 0.000226 0.013267 -0.221073 -0.032125 10.090825 10.133334 -5.725092 -5.770081 -5.744188
-0.138139 10.093438 0.000014 0.000211 0.012004 -0.218817 0.127408 10.098780 10.132597 -5.713212 -5.711207 -5.715452
-0.137836 10.091419 0.000011 0.000218 0.010862 -0.218305 0.112458 10.085385 10.128335 -5.847228 -5.697853 -5.792527
-0.137751 10.092616 0.000014 0.000189 0.009828 -0.221742 0.074715 10.087600 10.113962 -5.893504 -5.787565 -5.851024
-0.139186 10.091119 0.000009 0.000121 0.008893 -0.224794 -0.040417 10.086274 10.104018 -5.665915 -5.867215 -5.738401
-0.140061 10.084844 0.000006 0.000102 0.008047 -0.221439 0.179538 10.098255 10.116656 -5.527324 -5.779655 -5.625489
-0.141057 10.071892 0.000007 0.000237 0.007281 -0.216812 0.138438 10.069046 10.130424 -5.336401 -5.658880 -5.468670
-0.139830 10.074864 0.000019 0.000294 0.006588 -0.210249 0.104666 10.102836 10.148186 -5.229385 -5.487583 -5.346119
-0.138507 10.080333 0.000014 0.000360 0.005961 -0.203988 0.096821 10.080999 10.160070 -5.119546 -5.324164 -5.222450
-0.138596 10.089789 0.000024 0.000372 0.006564 -0.198932 0.081472 10.111617 10.167837 -4.844741 -5.192201 -5.007392
-0.135915 10.108863 0.000018 0.000312 0.006564 -0.190391 0.116307 10.131783 10.187063 -5.052606 -4.969271 -5.057152
-0.132498 10.114280 0.000017 0.000386 0.006564 -0.190920 0.161337 10.094252 10.173759 -5.263067 -4.983086 -5.186702
-0.128946 10.123787 0.000025 0.000265 0.006597 -0.193914 0.160204 10.127171 10.148517 -5.188517 -5.061232 -5.162501
-0.125761 10.137273 0.000007 0.000060 0.006597 -0.191367 0.121492 10.136151 10.138190 -5.233499 -4.994763 -5.158498
-0.122785 10.156675 0.000002 -0.000098 0.006597 -0.190635 0.043107 10.155831 10.122776 -5.351995 -4.975645 -5.214228
-0.121796 10.174936 -0.000009 -0.000276 0.006597 -0.193662 -0.259333 10.163008 10.100779 -5.090637 -5.054650 -5.078062
-0.120922 10.192608 -0.000018 -0.000487 0.006597 -0.190441 -0.175780 10.213687 10.107360 -4.990742 -4.970575 -4.983425
-0.118979 10.216582 -0.000031 -0.000579 0.008333 -0.188415 -0.095437 10.217440 10.116824 -5.155891 -4.917703 -5.059545
-0.108604 10.341345 -0.000029 -0.001190 0.008333 -0.192924 0.055057 10.423247 10.122054 -5.199498 -5.035380 -5.127473
-0.111952 10.329469 -0.000089 -0.001099 0.023977 -0.197200 -0.198204 10.242580 10.130928 -5.179207 -5.146992 -5.157761
-0.123057 10.234681 -0.000033 -0.000550 0.023977 -0.201277 0.069031 10.226032 10.138974 -5.353885 -5.253421 -5.304364
-0.122656 10.263009 -0.000026 -0.000657 0.023977 -0.208957 -0.494013 10.285326 10.144114 -5.471799 -5.453871 -5.453342
-0.121918 10.296338 -0.000042 -0.000807 0.023977 -0.216221 -0.364615 10.303851 10.158040 -5.373755 -5.643449 -5.472724
-0.124478 10.300321 -0.000044 -0.000754 0.023977 -0.217800 -0.238452 10.316997 10.191768 -5.422553 -5.684668 -5.526569
-0.128183 10.287057 -0.000038 -0.000505 0.023977 -0.220868 -0.133015 10.282057 10.220250 -5.679112 -5.764751 -5.719469
-0.129588 10.296507 -0.000019 -0.000404 0.023977 -0.228604 -0.081329 10.314260 10.234068 -5.831700 -5.966645 -5.894082
-0.128327 10.336201 -0.000025 -0.000541 0.023977 -0.235403 -0.046047 10.363512 10.254039 -5.838832 -6.144108 -5.973845
-0.130841 10.325375 -0.000033 -0.000378 0.023977 -0.237666 -0.233388 10.316938 10.283246 -6.025052 -6.203189 -6.116836
-0.134706 10.288827 -0.000011 -0.000030 0.023977 -0.242213 -0.274513 10.279218 10.296684 -6.325551 -6.321860 -6.348899
-0.135384 10.296845 0.000004 -0.000001 0.023977 -0.249872 -0.281298 10.310680 10.296433 -6.272869 -6.521760 -6.395707
-0.136768 10.302122 -0.000005 -0.000030 0.021695 -0.251076 -0.238521 10.313272 10.314999 -6.030388 -6.553184 -6.268335
-0.136723 10.306824 -0.000000 0.000043 0.019631 -0.244946 -0.240612 10.339467 10.351983 -5.995764 -6.393185 -6.197295
-0.135584 10.319134 0.000003 0.000174 0.017763 -0.240524 -0.268615 10.331604 10.377434 -5.927529 -6.277784 -6.119515
-0.135729 10.332406 0.000013 0.000239 0.016072 -0.236167 -0.288379 10.358373 10.398257 -5.905765 -6.164049 -6.068424
-0.136235 10.345033 0.000011 0.000282 0.014543 -0.234137 -0.299615 10.353037 10.411610 -6.127272 -6.111068 -6.184360
-0.137161 10.352104 0.000017 0.000315 0.013159 -0.238909 -0.307048 10.350186 10.404488 -6.270383 -6.235625 -6.316541
-0.138063 10.356070 0.000016 0.000257 0.011907 -0.244613 -0.294855 10.358263 10.397133 -6.441213 -6.384494 -6.474721
-0.137072 10.365202 0.000011 0.000169 0.010774 -0.250435 -0.278662 10.366652 10.389839 -6.741862 -6.536461 -6.711336
-0.136796 10.359982 0.000007 0.000158 0.009748 -0.258569 -0.243351 10.339794 10.372001 -6.873649 -6.748757 -6.867133
-0.137533 10.348971 0.000010 0.000122 0.008821 -0.263396 -0.182630 10.347282 10.360668 -6.942917 -6.874730 -6.953477
-0.138458 10.345919 0.000004 0.000078 0.007981 -0.266250 -0.097552 10.339898 10.354262 -6.904755 -6.949235 -6.956598
-0.138288 10.339663 0.000004 0.000077 0.007222 -0.266083 0.019866 10.342692 10.356019 -6.967241 -6.944867 -6.992028
-0.137651 10.335166 0.000004 0.000110 0.006535 -0.266249 -0.312359 10.327527 10.352316 -6.880790 -6.949202 -6.939613
-0.135611 10.336199 0.000007 0.000085 0.005913 -0.263081 -0.265824 10.348083 10.355651 -6.908586 -6.866516 -6.923549
-0.132925 10.345125 0.000002 0.000056 0.005350 -0.260575 -0.234508 10.339716 10.351556 -7.054427 -6.801117 -6.981441
-0.130789 10.352693 0.000004 -0.000006 0.004841 -0.262084 -0.204193 10.344759 10.333354 -7.210276 -6.840491 -7.081485
-0.130290 10.347259 -0.000003 -0.000074 0.004380 -0.265513 -0.179112 10.322521 10.308006 -7.244760 -6.929982 -7.126794
-0.128805 10.348631 -0.000004 -0.000215 0.003963 -0.267759 -0.152672 10.346758 10.289308 -7.294124 -6.988624 -7.170557
-0.128865 10.339187 -0.000017 -0.000264 0.004571 -0.269514 -0.137906 10.311040 10.272206 -7.352231 -7.034412 -7.215000
-0.130660 10.325046 -0.000012 -0.000280 0.004571 -0.272835 -0.118615 10.313271 10.254510 -7.407088 -7.121089 -7.274110
-0.132627 10.313567 -0.000018 -0.000313 0.004712 -0.276937 -0.109687 10.293124 10.239736 -7.588131 -7.228153 -7.418136
-0.135594 10.293379 -0.000016 -0.000284 0.004712 -0.285068 -0.094843 10.267555 10.219072 -7.669579 -7.440390 -7.542676
-0.139048 10.271645 -0.000015 -0.000279 0.004712 -0.291871 -0.080244 10.258346 10.207757 -7.630021 -7.617959 -7.584001
-0.142447 10.254601 -0.000015 -0.000248 0.004712 -0.295548 -0.062834 10.250733 10.211569 -7.687896 -7.713916 -7.658404
-0.144417 10.240605 -0.000012 -0.000154 0.004712 -0.299553 -0.075492 10.234384 10.216354 -7.932694 -7.818454 -7.851240
-0.146721 10.227231 -0.000006 -0.000058 0.004712 -0.307519 -0.070587 10.213249 10.209182 -7.737626 -8.026381 -7.810514
-0.148488 10.220270 -0.000002 -0.000059 0.004712 -0.305965 -0.044268 10.246765 10.231169 -7.419816 -7.985806 -7.609765
-0.148604 10.218883 -0.000005 0.000065 0.004712 -0.297285 -0.062763 10.237502 10.270866 -7.262561 -7.759244 -7.443734
-0.147481 10.216920 0.000010 0.000286 0.004712 -0.288922 -0.114486 10.236369 10.301384 -7.108260 -7.540975 -7.279785
-0.146276 10.220519 0.000019 0.000428 0.005124 -0.280078 -0.146720 10.239127 10.324586 -6.790967 -7.310135 -7.008367
-0.143308 10.239853 0.000025 0.000449 0.006785 -0.267504 -0.177393 10.277973 10.353652 -6.746823 -6.981950 -6.867802
-0.139383 10.260347 0.000022 0.000494 0.006785 -0.259769 -0.227769 10.263247 10.361323 -6.831119 -6.780064 -6.844764
-0.135727 10.287291 0.000029 0.000392 0.007855 -0.257257 -0.252325 10.302834 10.350228 -6.687182 -6.714497 -6.728952
-0.134620 10.295733 0.000014 0.000289 0.007855 -0.252139 -0.271032 10.292028 10.346754 -6.676179 -6.580937 -6.668305
-0.134907 10.293865 0.000017 0.000280 0.007855 -0.250423 -0.287553 10.288448 10.334578 -6.801861 -6.536149 -6.721784
-0.134873 10.295246 0.000014 0.000208 0.007855 -0.253726 -0.300057 10.281471 10.311432 -6.908560 -6.622362 -6.811464
-0.136909 10.276818 0.000009 0.000183 0.007855 -0.258627 -0.299084 10.252402 10.287277 -6.954074 -6.750256 -6.880658
-0.141292 10.245723 0.000011 0.000220 0.007855 -0.263165 -0.285438 10.225642 10.268384 -6.934866 -6.868708 -6.909180
-0.144942 10.217681 0.000013 0.000269 0.007855 -0.266424 -0.265503 10.206528 10.258530 -7.155406 -6.953766 -7.075285
-0.147779 10.195842 0.000016 0.000332 0.007855 -0.274260 -0.245132 10.172712 10.237681 -7.409011 -7.158292 -7.304247
-0.151111 10.170819 0.000020 0.000354 0.007855 -0.284125 -0.204932 10.151176 10.212867 -7.416644 -7.415778 -7.405117
-0.153978 10.145997 0.000019 0.000354 0.007855 -0.288283 -0.148703 10.141791 10.206117 -7.360666 -7.524310 -7.419337
-0.155597 10.120527 0.000020 0.000454 0.007855 -0.288432 -0.079105 10.115348 10.209390 -7.340424 -7.528184 -7.414589
-0.156089 10.105212 0.000028 0.000552 0.007657 -0.286744 0.018052 10.110680 10.212549 -7.152111 -7.484122 -7.294904
-0.156378 10.099559 0.000031 0.000599 0.008303 -0.280703 -0.358623 10.114668 10.225256 -6.813793 -7.326453 -7.045119
-0.155483 10.098874 0.000034 0.000670 0.009020 -0.269454 -0.317341 10.123308 10.249687 -6.737303 -7.032849 -6.887992
-0.153614 10.111581 0.000038 0.000732 0.010303 -0.261871 -0.297316 10.123569 10.257246 -6.615284 -6.834948 -6.741102
-0.151270 10.137528 0.000041 0.000634 0.010912 -0.255267 -0.290156 10.164578 10.261157 -6.516226 -6.662557 -6.617151
-0.150008 10.152456 0.000030 0.000576 0.010912 -0.250279 -0.297842 10.153340 10.260868 -6.620439 -6.532391 -6.632059
-0.148538 10.154229 0.000033 0.000565 0.010912 -0.250874 -0.311505 10.148574 10.243838 -6.817024 -6.547912 -6.754889
-0.146235 10.156590 0.000029 0.000462 0.010912 -0.254732 -0.313031 10.143544 10.215654 -6.954303 -6.648615 -6.868305
-0.144736 10.160318 0.000023 0.000293 0.010912 -0.258382 -0.283722 10.151635 10.188017 -6.956869 -6.743862 -6.896023
-0.145670 10.147309 0.000012 0.000216 0.010912 -0.259563 -0.226976 10.128447 10.168545 -7.010498 -6.774691 -6.933679
-0.148527 10.120786 0.000013 0.000253 0.010912 -0.262236 -0.143421 10.097607 10.146719 -7.075602 -6.844456 -6.992978
-0.152315 10.097022 0.000016 0.000263 0.010912 -0.266406 -0.006148 10.079841 10.125036 -6.957695 -6.953308 -6.960278
-0.155739 10.068866 0.000014 0.000298 0.010912 -0.267938 2.671468 10.059769 10.119101 -6.990128 -6.993286 -6.995649
-0.157364 10.044184 0.000019 0.000397 0.010912 -0.269938 2.400951 10.031946 10.111838 -7.313028 -7.045484 -7.198028
-0.158689 10.020851 0.000025 0.000482 0.010912 -0.277598 2.157681 9.992631 10.083394 -7.426456 -7.245424 -7.343436
-0.160361 9.999135 0.000028 0.000446 0.009874 -0.282678 1.937121 9.991249 10.061878 -7.411118 -7.377997 -7.392188
-0.162676 9.976616 0.000022 0.000452 0.008934 -0.284390 1.738725 9.962515 10.050957 -7.472263 -7.422687 -7.444755
-0.165414 9.946375 0.000027 0.000554 0.008084 -0.286454 1.561479 9.929878 10.036914 -7.428947 -7.476561 -7.448733
-0.166119 9.927658 0.000033 0.000579 0.008821 -0.286326 1.403346 9.929325 10.029432 -7.091989 -7.473228 -7.280302
-0.165136 9.926266 0.000031 0.000547 0.008821 -0.278557 1.262903 9.951384 10.046681 -6.628530 -7.270451 -6.954948
-0.165067 9.925426 0.000029 0.000643 0.008821 -0.264912 1.140426 9.951075 10.080971 -6.462256 -6.914301 -6.709893
-0.164302 9.933136 0.000040 0.000783 0.010675 -0.254974 1.036862 9.951470 10.098873 -6.622514 -6.654929 -6.674582
-0.163076 9.946474 0.000045 0.000808 0.012091 -0.253660 0.951318 9.944822 10.085977 -6.686896 -6.620617 -6.690510
-0.164376 9.942435 0.000043 0.000761 0.012091 -0.254825 0.876481 9.935733 10.066830 -6.604252 -6.651040 -6.659967
-0.165241 9.932134 0.000040 0.000714 0.012091 -0.254409 0.809197 9.932638 10.056744 -6.927161 -6.640169 -6.817046
-0.165131 9.923374 0.000038 0.000707 0.012091 -0.260586 0.747838 9.895210 10.022655 -7.050496 -6.801398 -6.950692
-0.165834 9.916355 0.000039 0.000563 0.012091 -0.265765 0.676886 9.915260 9.994014 -6.665538 -6.936568 -6.818018
-0.168880 9.894450 0.000025 0.000528 0.012091 -0.261001 0.602853 9.897399 10.003655 -6.344447 -6.812235 -6.604360
-0.172032 9.869313 0.000033 0.000712 0.012091 -0.253601 0.537502 9.880669 10.024045 -6.179203 -6.619084 -6.434073
-0.173300 9.860385 0.000044 0.000867 0.012091 -0.247314 0.490044 9.875964 10.039485 -6.056333 -6.455004 -6.297657
-0.173386 9.856209 0.000050 0.000971 0.013465 -0.241919 0.456943 9.869232 10.049984 -6.047057 -6.314174 -6.224465
-0.171320 9.859182 0.000055 0.001011 0.014861 -0.238008 0.438286 9.870457 10.050218 -6.268269 -6.212107 -6.278391
-0.168316 9.867940 0.000055 0.000966 0.014861 -0.238610 0.413810 9.861866 10.027930 -6.243601 -6.227807 -6.271253
-0.166146 9.878885 0.000051 0.000790 0.014861 -0.236811 0.364135 9.891359 10.011883 -5.956321 -6.180859 -6.101802
-0.164352 9.888939 0.000038 0.000651 0.014861 -0.229271 0.297760 9.903239 10.015824 -5.671045 -5.984073 -5.863412
-0.161877 9.898936 0.000035 0.000619 0.014861 -0.218973 0.235416 9.918128 10.026770 -5.520569 -5.715291 -5.663022
-0.159972 9.907625 0.000034 0.000631 0.014861 -0.210494 0.177403 9.913303 10.028935 -5.282410 -5.493971 -5.435048
-0.158347 9.915465 0.000036 0.000601 0.014861 -0.201421 0.119274 9.932492 10.032885 -5.267068 -5.257162 -5.323915
-0.158656 9.915805 0.000032 0.000620 0.014861 -0.197740 0.071215 9.901739 10.020461 -5.235693 -5.161105 -5.260412
-0.159066 9.910023 0.000037 0.000585 0.014861 -0.196746 -0.004116 9.911257 -187.271890 -5.426914 -5.135154 -5.349095
-0.158624 9.906231 0.000029 -1.044802 0.014861 -0.201544 0.100424 9.881113 -167.575174 -5.764648 -5.260384 -5.581693
-0.157479 9.912423 0.000029 -0.940466 0.014861 -0.211499 -0.025406 9.901010 -149.862876 -5.893025 -5.520200 -5.752382
-0.155172 9.922966 0.000011 -0.846668 0.013447 -0.218605 0.779234 9.913572 -133.911250 -6.199087 -5.705670 -5.996675
-0.156013 9.925362 -0.000002 -0.762157 0.012168 -0.228444 0.664724 9.899117 -119.563266 -6.143268 -5.962476 -6.060635
-0.157156 9.931342 -0.000007 -0.686162 0.011010 -0.232713 0.548893 9.944050 -106.626878 -6.083204 -6.073905 -6.070816
-0.157184 9.940267 -0.000023 -0.617663 0.009962 -0.234386 0.450406 9.936569 -94.970835 -6.080117 -6.117569 -6.088334
-0.155384 9.955993 -0.000019 -0.555983 0.009014 -0.235757 0.363095 9.974241 -84.475445 -6.070149 -6.153353 -6.099164
-0.153056 9.972753 -0.000027 -0.500459 0.008156 -0.235362 0.285627 9.977579 -75.024609 -6.076565 -6.143045 -6.101373
-0.152735 9.979884 -0.000024 -0.450419 0.007380 -0.234977 0.198617 9.986534 -66.519352 -6.011179 -6.133003 -6.060307
-0.153982 9.992964 -0.000022 -0.405421 0.006678 -0.233832 0.096062 10.006916 -58.859312 -5.800723 -6.103109 -5.928215
-0.155067 10.010948 -0.000024 -0.364928 0.006332 -0.230570 -0.058345 10.036038 -51.950422 -5.635124 -6.017965 -5.805118
-0.153541 10.031885 -0.000023 -0.328430 0.006332 -0.226464 0.066345 10.056245 -45.724509 -5.625572 -5.910792 -5.765341
-0.150629 10.058662 -0.000019 -0.295582 0.006332 -0.224089 0.005604 10.081220 -40.125569 -5.470755 -5.848817 -5.653665
-0.149228 10.077893 -0.000018 -0.266017 0.006332 -0.218171 -0.244595 10.102569 -35.077886 -5.428923 -5.694357 -5.578471
-0.147899 10.101837 -0.000015 -0.239397 0.006332 -0.214633 -0.224150 10.120445 -30.540721 -5.501793 -5.602002 -5.594340
-0.147017 10.119183 -0.000013 -0.215447 0.006332 -0.214918 -0.219368 10.125419 -26.467485 -5.523171 -5.609457 -5.610791
-0.145767 10.132288 -0.000011 -0.193934 0.006332 -0.215284 -0.224648 10.144023 -22.801268 -5.657491 -5.618990 -5.697403
-0.144990 10.136319 -0.000014 -0.174529 0.006332 -0.217852 -0.234844 10.127372 -19.510294 -5.850820 -5.686022 -5.838675
-0.145852 10.130432 -0.000009 -0.157059 0.006332 -0.223058 -0.230262 10.120963 -16.558137 -5.770983 -5.821893 -5.833889
-0.146418 10.129400 -0.000009 -0.141411 0.006332 -0.222872 -0.214617 10.139830 -13.885702 -5.847843 -5.817040 -5.879033
-0.148834 10.124437 -0.000013 -0.127224 0.006332 -0.225365 -0.195118 10.109895 -11.486916 -5.824752 -5.882125 -5.886417
-0.150971 10.118141 -0.000004 -0.114480 0.005729 -0.227232 -0.168923 10.128886 -9.322261 -5.828762 -5.930837 -5.907953
-0.152273 10.110874 -0.000007 -0.102972 0.005184 -0.228621 -0.157070 10.103846 -7.371567 -6.009761 -5.967105 -6.031079
-0.152722 10.108141 0.000002 -0.092621 0.004691 -0.233615 -0.141740 10.108493 -5.626681 -6.204630 -6.097440 -6.196376
-0.152021 10.120993 -0.000000 -0.083443 0.004244 -0.239643 -0.117087 10.123243 -4.059664 -6.307691 -6.254765 -6.316749
-0.151686 10.138556 -0.000006 -0.075233 0.003840 -0.244395 -0.069620 10.146979 -2.643669 -6.219495 -6.378799 -6.311347
-0.149765 10.159377 -0.000013 -0.067840 0.003622 -0.243864 -0.003964 10.180815 2.915925 -6.038148 -6.364959 -6.198290
-0.144962 10.190748 -0.000018 -0.038548 0.004959 -0.237713 -0.006220 10.222324 3.667038 -5.800193 -6.204414 -5.998146
-0.139437 10.223013 -0.000022 -0.034739 0.005833 -0.227064 0.455791 10.252791 4.351863 -5.573992 -5.926456 -5.761489
-0.134596 10.247400 -0.000020 -0.031239 0.005833 -0.214967 0.403662 10.268573 4.966902 -5.415374 -5.610721 -5.548409
-0.130582 10.273325 -0.000015 -0.028118 0.005833 -0.204518 0.357181 10.291251 5.511669 -5.267735 -5.337990 -5.353582
-0.127367 10.305124 -0.000016 -0.025399 0.005833 -0.196585 0.313814 10.321302 5.996095 -5.038305 -5.130944 -5.132475
-0.123410 10.335756 -0.000022 -0.022995 0.005844 -0.188400 0.280904 10.354018 6.436759 -5.108469 -4.917305 -5.086368
-0.120017 10.355444 -0.000027 -0.020764 0.007248 -0.186873 0.257996 10.342762 6.814805 -5.322885 -4.877462 -5.187769
-0.117614 10.376104 -0.000025 -0.018871 0.007248 -0.191584 0.228463 10.370570 7.138728 -5.542874 -5.000423 -5.352657
-0.117764 10.373841 -0.000040 -0.017142 0.010629 -0.199534 0.181327 10.337236 7.423017 -5.830710 -5.207915 -5.590348
-0.120978 10.347617 -0.000037 -0.015497 0.010629 -0.210941 0.066429 10.310889 7.670445 -5.895444 -5.505635 -5.732800
-0.123681 10.336547 -0.000039 -0.014127 0.010629 -0.219092 -0.286809 10.328887 7.908869 -5.919284 -5.718379 -5.823140
-0.126288 10.326469 -0.000048 -0.012810 0.012989 -0.225145 -0.180160 10.310008 8.136102 -6.000779 -5.876364 -5.930774
-0.127851 10.323450 -0.000042 -0.011590 0.012989 -0.231353 -0.017458 10.325208 8.345841 -6.047320 -6.038399 -6.021582
-0.129937 10.314233 -0.000045 -0.010430 0.012989 -0.236273 1.312483 10.304809 8.542035 -5.955459 -6.166826 -6.019466
-0.130959 10.306578 -0.000035 -0.009350 0.012989 -0.236473 1.165949 10.323276 8.733773 -5.822445 -6.172033 -5.949118
-0.130841 10.308538 -0.000033 -0.008344 0.012989 -0.232743 1.038220 10.322025 8.916527 -5.653380 -6.074692 -5.819560
-0.130034 10.316611 -0.000022 -0.007419 0.012989 -0.226629 0.925355 10.342744 9.086999 -5.498606 -5.915097 -5.674988
-0.129066 10.334526 -0.000017 -0.006610 0.012989 -0.219713 0.829002 10.358067 9.241867 -5.218517 -5.734594 -5.446717
-0.128342 10.355439 -0.000012 -0.005901 0.012989 -0.210511 0.747725 10.390653 9.390540 -5.014833 -5.494419 -5.241882
-0.127139 10.373412 -0.000009 -0.005208 0.012989 -0.202066 0.691727 10.394296 9.523504 -5.236869 -5.274013 -5.294958
-0.126235 10.382640 0.000000 -0.004552 0.012989 -0.203822 0.650209 10.376000 9.612103 -5.510490 -5.319845 -5.474143
-0.124558 10.402312 0.000006 -0.004187 0.012989 -0.210253 0.609184 10.409576 9.677339 -5.709657 -5.487674 -5.653037
-0.124625 10.415674 -0.000008 -0.003912 0.011753 -0.217349 0.557778 10.404502 9.735122 -5.822605 -5.672892 -5.787969
-0.126921 10.406272 -0.000010 -0.003556 0.010634 -0.223440 0.500429 10.396862 9.791412 -6.107664 -5.831876 -6.015722
-0.128782 10.400563 -0.000010 -0.003228 0.009622 -0.233406 0.442533 10.383583 9.832386 -6.463164 -6.091978 -6.323403
-0.129533 10.405696 -0.000011 -0.003038 0.008706 -0.246345 0.378144 10.396547 9.862877 -6.656192 -6.429692 -6.564627
-0.130114 10.410392 -0.000021 -0.002901 0.007878 -0.256206 0.307581 10.405090 9.901251 -6.834311 -6.687074 -6.768751
-0.130598 10.411611 -0.000026 -0.002704 0.007128 -0.264186 0.235158 10.406181 9.941641 -7.075714 -6.895363 -6.992725
-0.132366 10.403422 -0.000027 -0.002447 0.007203 -0.272743 0.159235 10.388173 9.974779 -7.159830 -7.118712 -7.128902
-0.133589 10.399845 -0.000023 -0.002252 0.007203 -0.278084 0.063175 10.406209 10.014312 -7.303791 -7.258099 -7.270520
-0.136021 10.391874 -0.000027 -0.002001 0.007203 -0.283553 -0.104173 10.377102 10.048764 -7.290041 -7.400844 -7.319410
-0.137903 10.377425 -0.000017 -0.001741 0.007203 -0.285884 -0.015701 10.385696 10.089642 -7.377526 -7.461674 -7.400059
-0.139175 10.369473 -0.000015 -0.001483 0.007203 -0.288262 0.188810 10.362580 10.123710 -7.376898 -7.523765 -7.427489
-0.141241 10.355333 -0.000006 -0.001227 0.007203 -0.289192 0.152391 10.360155 10.157492 -7.390138 -7.548034 -7.449706
-0.143680 10.337432 -0.000002 -0.000953 0.007203 -0.289407 0.138527 10.330669 10.186903 -7.471489 -7.553633 -7.505776
-0.146553 10.320458 0.000010 -0.000708 0.007203 -0.291877 0.121968 10.318228 10.206198 -7.441654 -7.618099 -7.515235
-0.149470 10.300491 0.000014 -0.000500 0.007203 -0.292195 0.128562 10.299059 10.228385 -7.454051 -7.626399 -7.530915
-0.150027 10.295168 0.000022 -0.000354 0.007203 -0.292720 0.145328 10.304518 10.247525 -7.563635 -7.640118 -7.606808
-0.149243 10.290375 0.000022 -0.000227 0.007203 -0.294176 0.173063 10.284591 10.257340 -7.691496 -7.678122 -7.701059
-0.149459 10.280198 0.000027 -0.000121 0.007206 -0.296209 0.173259 10.275716 10.258659 -7.600667 -7.731179 -7.665685
-0.150562 10.267477 0.000026 -0.000047 0.007206 -0.293589 0.163454 10.270322 10.268978 -7.414944 -7.662797 -7.530239
-0.152048 10.254365 0.000028 0.000077 0.007555 -0.287998 0.163156 10.259521 10.285438 -7.205285 -7.516867 -7.353265
-0.150872 10.248481 0.000033 0.000196 0.008999 -0.280265 0.198262 10.262178 10.304272 -7.317063 -7.315016 -7.346293
-0.149721 10.245417 0.000036 0.000312 0.009640 -0.278459 0.246546 10.231861 10.298238 -7.296493 -7.267881 -7.313787
-0.148893 10.251366 0.000041 0.000248 0.010994 -0.276688 0.264935 10.264901 10.291482 -7.307134 -7.221678 -7.300259
-0.148522 10.251100 0.000027 0.000214 0.010994 -0.276110 0.278125 10.233881 10.281265 -7.477156 -7.206581 -7.394898
-0.149493 10.244884 0.000032 0.000193 0.010994 -0.280549 0.270371 10.234123 10.258063 -7.462775 -7.322428 -7.422496
-0.150451 10.226992 0.000023 0.000165 0.010994 -0.282460 0.251647 10.211139 10.244807 -7.415668 -7.372316 -7.409283
-0.149337 10.211474 0.000024 0.000177 0.010994 -0.281437 0.231927 10.208607 10.238339 -7.421833 -7.345610 -7.400940
-0.149335 10.199981 0.000022 0.000203 0.010994 -0.279999 0.188682 10.187569 10.228992 -7.144862 -7.308097 -7.214033
-0.151328 10.182964 0.000024 0.000244 0.010994 -0.273187 0.103566 10.191083 10.236192 -6.951738 -7.130296 -7.031572
-0.153827 10.161567 0.000024 0.000395 0.010994 -0.267213 -0.004079 10.150865 10.241641 -6.960293 -6.974377 -6.975211
-0.154497 10.147770 0.000037 0.000497 0.010994 -0.266422 1.379698 10.146313 10.233272 -7.019822 -6.953728 -7.000389
-0.153723 10.132233 0.000035 0.000535 0.010994 -0.266955 1.239674 10.116190 10.218389 -7.325588 -6.967630 -7.181131
-0.153215 10.122594 0.000039 0.000508 0.010994 -0.273230 1.110606 10.101834 10.182927 -7.495374 -7.131422 -7.338257
-0.152455 10.121104 0.000032 0.000328 0.009948 -0.279086 0.987644 10.110203 10.150428 -7.664364 -7.284250 -7.490779
-0.153433 10.098145 0.000019 0.000277 0.009002 -0.284886 0.872430 10.061014 10.117715 -7.589680 -7.435646 -7.500399
-0.153527 10.074338 0.000023 0.000230 0.008145 -0.284966 0.764797 10.073860 10.102240 -7.343043 -7.437736 -7.354098
-0.153735 10.057579 0.000014 0.000237 0.007370 -0.278411 0.669736 10.051401 10.104621 -6.955678 -7.266634 -7.060799
-0.153671 10.047668 0.000021 0.000302 0.006668 -0.266856 0.587824 10.067166 10.121410 -6.759675 -6.965059 -6.830739
-0.151589 10.051130 0.000021 0.000372 0.006034 -0.257179 0.526215 10.053152 10.129232 -6.820084 -6.712474 -6.772971
-0.147600 10.074413 0.000027 0.000290 0.007290 -0.254458 0.476959 10.083641 10.115970 -6.779831 -6.641454 -6.718240
-0.141539 10.103178 0.000014 0.000068 0.007290 -0.251227 0.438795 10.108802 10.104685 -6.855920 -6.557114 -6.729216
-0.135096 10.124522 0.000003 -0.000105 0.007290 -0.249570 0.403163 10.115493 10.085063 -6.939393 -6.513873 -6.755207
-0.114466 10.319309 -0.000006 -0.001241 0.007290 -0.248456 0.357922 10.451593 10.077720 -6.865241 -6.484794 -6.688244
-0.115865 10.287151 -0.000108 -0.001110 0.028981 -0.245509 0.297858 10.128088 10.071154 -6.464740 -6.407892 -6.411282
-0.132783 10.099705 -0.000015 -0.000151 0.028981 -0.236521 0.028294 10.072889 10.069899 -6.098886 -6.173289 -6.096335
-0.132474 10.113777 0.000001 -0.000232 0.028981 -0.227012 -1.921735 10.151867 10.079666 -5.999794 -5.925099 -5.942735
-0.132761 10.124611 -0.000020 -0.000238 0.028981 -0.224416 -1.714100 10.097405 10.078760 -6.088339 -5.857347 -5.969389
-0.133037 10.125128 -0.000004 -0.000246 0.028981 -0.228436 -1.539777 10.130604 10.066694 -6.589046 -5.962282 -6.310231
-0.132524 10.119773 -0.000018 -0.000281 0.028981 -0.243206 -1.386222 10.065790 10.026683 -7.235598 -6.347770 -6.838271
-0.134725 10.105629 -0.000010 -0.000418 0.028981 -0.264978 -1.226317 10.073305 9.970382 -7.351246 -6.916027 -7.106212
-0.139282 10.086730 -0.000030 -0.000617 0.028981 -0.277627 -1.051949 10.066001 9.950547 -7.207120 -7.246178 -7.135005
-0.143820 10.061787 -0.000034 -0.000589 0.028981 -0.281013 -0.894035 10.061239 9.964496 -7.109201 -7.334542 -7.112961
-0.146927 10.047176 -0.000028 -0.000438 0.028981 -0.281507 -0.771297 10.052218 9.989057 -6.788715 -7.347434 -6.928284
-0.149597 10.035821 -0.000018 -0.000248 0.028981 -0.274737 -0.691561 10.063101 10.034133 -6.359458 -7.170749 -6.614830
-0.152514 10.023940 -0.000008 0.000054 0.026223 -0.262674 -0.671602 10.051273 10.091775 -6.052854 -6.855899 -6.331364
-0.151178 10.050151 0.000012 0.000221 0.023728 -0.250764 -0.706533 10.107320 10.145678 -6.118541 -6.545027 -6.273524
-0.149718 10.054352 0.000012 0.000484 0.021470 -0.246553 -0.756609 10.042815 10.167383 -6.452276 -6.435124 -6.450849
-0.149240 10.045664 0.000037 0.000645 0.019426 -0.250885 -0.773474 10.046703 10.153971 -6.602463 -6.548189 -6.586298
-0.147527 10.065212 0.000032 0.000470 0.017578 -0.254093 -0.745700 10.076095 10.141171 -6.569726 -6.631925 -6.595587
-0.140033 10.170517 0.000020 -0.000155 0.015905 -0.253788 -0.694033 10.250552 10.148603 -6.487864 -6.623974 -6.544150
-0.144691 10.136871 -0.000030 0.000062 0.014392 -0.252457 -0.638251 10.055767 10.157271 -6.385165 -6.589226 -6.471268
-0.155779 10.021920 0.000030 0.000717 0.013022 -0.250588 -0.595087 10.009596 10.158491 -6.329164 -6.540449 -6.423999
-0.156753 10.021030 0.000045 0.000728 0.011997 -0.249242 -0.563960 10.045455 10.160022 -6.384614 -6.505303 -6.445244
-0.156994 10.018887 0.000035 0.000748 0.011997 -0.249924 -0.540974 10.006359 10.154635 -6.779436 -6.523127 -6.676849
-0.159329 10.006587 0.000045 0.000784 0.012021 -0.258554 -0.515270 9.988236 10.121298 -7.125227 -6.748350 -6.960143
-0.161742 10.005377 0.000040 0.000614 0.012021 -0.270205 -0.469774 9.991839 10.082455 -7.256780 -7.052448 -7.163595
-0.164464 10.001466 0.000028 0.000429 0.012021 -0.278926 -0.412154 9.994393 10.059581 -7.213318 -7.280070 -7.248709
-0.166769 9.984829 0.000020 0.000396 0.012021 -0.282845 -0.347308 9.982004 10.056933 -7.104611 -7.382373 -7.248744
-0.169429 9.964573 0.000023 0.000489 0.012021 -0.282325 -0.283380 9.970712 10.067781 -6.677661 -7.368807 -7.044826
-0.164152 10.051469 0.000030 0.000086 0.012021 -0.273656 -0.212959 10.166050 10.116124 -6.283861 -7.142540 -6.749255
-0.167706 10.032607 -0.000014 0.000443 0.012021 -0.262342 -0.179333 9.987940 10.169860 -6.256964 -6.847240 -6.602429
-0.177500 9.936771 0.000055 0.001235 0.014748 -0.257235 -0.210358 9.938516 10.189232 -6.456414 -6.713939 -6.624054
-0.176573 9.944941 0.000075 0.001294 0.020282 -0.257557 -0.300639 9.968702 10.183424 -7.165281 -6.722338 -6.941593
-0.175250 9.946522 0.000065 0.001255 0.020282 -0.268882 -0.374385 9.896750 10.127706 -7.813280 -7.017933 -7.382672
-0.175086 9.946270 0.000070 0.000961 0.020282 -0.285001 -0.358991 9.928376 10.052053 -7.927557 -7.438637 -7.650142
-0.175823 9.935655 0.000038 0.000617 0.020282 -0.294680 -0.272756 9.906127 10.005061 -7.851040 -7.691269 -7.747957
-0.176898 9.919892 0.000031 0.000451 0.020282 -0.297801 -0.135255 9.919351 9.984992 -7.489254 -7.772717 -7.634101
-0.178441 9.904955 0.000021 0.000424 0.020282 -0.293065 0.131355 9.913934 9.997485 -6.877749 -7.649125 -7.308816
-0.179900 9.889142 0.000026 0.000574 0.020282 -0.280146 -0.065087 9.925083 10.042426 -6.705669 -7.311919 -7.057157
-0.180159 9.885170 0.000036 0.000833 0.020282 -0.270105 0.082836 9.897076 10.070536 -6.855072 -7.049838 -6.979523
-0.179560 9.900672 0.000053 0.000900 0.020282 -0.267090 0.043797 9.917633 10.067633 -6.827246 -6.971157 -6.925612
-0.179683 9.897342 0.000046 0.000902 0.020282 -0.265243 0.038828 9.891516 10.061009 -7.063469 -6.922936 -6.999228
-0.177423 9.893666 0.000052 0.000887 0.020282 -0.267570 0.140465 9.885225 10.034114 -7.612030 -6.983685 -7.267494
-0.174540 9.908086 0.000046 0.000668 0.018352 -0.277224 0.049217 9.880940 9.976077 -7.346327 -7.235647 -7.273934
-0.172824 9.913458 0.000030 0.000332 0.016605 -0.276568 -0.582770 9.931469 9.961812 -6.885549 -7.218534 -7.051875
-0.172447 9.911195 0.000011 0.000268 0.015025 -0.267139 -0.474826 9.919053 9.980828 -6.489482 -6.972432 -6.744703
-0.173823 9.917013 0.000020 0.000338 0.013595 -0.256010 -0.378916 9.950302 10.009367 -5.804926 -6.681973 -6.287008
-0.173524 9.927892 0.000019 0.000432 0.012301 -0.239213 -0.331438 9.973381 10.064635 -5.915057 -6.243544 -6.115937
-0.171117 9.941374 0.000029 0.000653 0.011131 -0.232621 -0.346152 9.939520 10.076061 -6.363372 -6.071501 -6.239465
-0.167363 9.962012 0.000042 0.000604 0.011301 -0.237290 -0.360780 9.958902 10.043552 -6.594255 -6.193365 -6.406643
-0.163579 9.985973 0.000027 0.000305 0.011301 -0.243160 -0.350087 9.978644 10.008807 -6.789687 -6.346568 -6.571354
-0.161010 10.000139 0.000010 0.000046 0.011301 -0.249234 -0.304194 9.985294 9.975900 -6.970274 -6.505105 -6.730881
-0.160022 10.000912 -0.000001 -0.000133 0.011301 -0.255329 -0.223158 9.979772 9.944766 -6.837015 -6.664198 -6.722075
-0.158664 9.995156 -0.000009 -0.000267 0.011301 -0.254985 -0.086214 9.994967 9.937310 -6.522744 -6.655207 -6.543042
-0.157161 9.997188 -0.000016 -0.000317 0.011301 -0.247211 0.254232 10.008543 9.952875 -6.209341 -6.452314 -6.283672
-0.156331 10.011364 -0.000016 -0.000310 0.011301 -0.237462 0.103650 10.031189 9.976293 -5.977789 -6.197859 -6.050190
-0.155246 10.025666 -0.000016 -0.000262 0.011301 -0.229205 -0.158080 10.037160 9.997143 -6.120255 -5.982332 -6.046806
-0.152845 10.044616 -0.000011 -0.000252 0.011301 -0.230177 -0.013813 10.040608 9.991917 -6.410292 -6.007719 -6.225703
-0.149432 10.057134 -0.000014 -0.000346 0.011301 -0.237835 1.418063 10.041246 9.969330 -6.788378 -6.207583 -6.525810
-0.148276 10.066456 -0.000021 -0.000515 0.011301 -0.249182 1.256991 10.044629 9.937048 -6.931746 -6.503740 -6.711462
-0.148776 10.074767 -0.000032 -0.000730 0.010225 -0.257778 1.101361 10.067929 9.919872 -6.955607 -6.728098 -6.800834
-0.150174 10.078798 -0.000044 -0.000842 0.011791 -0.262984 0.960914 10.071043 9.919314 -6.712098 -6.863998 -6.700795
-0.151129 10.092841 -0.000045 -0.000919 0.012142 -0.261350 0.829734 10.121263 9.947650 -6.257539 -6.821349 -6.417335
-0.150304 10.109502 -0.000052 -0.000858 0.013942 -0.251242 0.727000 10.140860 10.004602 -6.118377 -6.557525 -6.248759
-0.148806 10.119018 -0.000041 -0.000606 0.013942 -0.244155 0.652108 10.133297 10.047797 -6.100022 -6.372550 -6.181994
-0.146907 10.134172 -0.000026 -0.000458 0.013942 -0.240211 0.597002 10.154578 10.076140 -6.113281 -6.269613 -6.160046
-0.145471 10.153227 -0.000024 -0.000408 0.013942 -0.238346 0.546860 10.163451 10.095153 -6.155375 -6.220932 -6.172564
-0.144705 10.163151 -0.000021 -0.000360 0.013942 -0.238318 0.495998 10.167652 10.106693 -6.265020 -6.220196 -6.242076
-0.144218 10.171020 -0.000019 -0.000341 0.013942 -0.240713 0.438251 10.170472 10.109885 -6.269663 -6.282715 -6.267976
-0.145049 10.169162 -0.000019 -0.000314 0.013942 -0.241777 0.367051 10.169056 10.116756 -6.176637 -6.310463 -6.222096
-0.145451 10.168291 -0.000016 -0.000273 0.013942 -0.240135 0.289693 10.177355 10.131586 -6.215340 -6.267622 -6.233676
-0.144890 10.173466 -0.000014 -0.000222 0.013942 -0.240417 0.211039 10.174136 10.139554 -6.309614 -6.274982 -6.296111
-0.145505 10.175830 -0.000011 -0.000192 0.013942 -0.242798 0.118583 10.174681 10.140678 -3.067863 -6.337111 -4.324154
-0.146083 10.170542 -0.000011 -0.000158 0.013942 -0.163612 -0.008474 10.403619 10.380052 1.198085 -4.270346 -0.998332
-0.145310 10.168920 -0.000008 0.001119 0.012615 -0.029871 1.949698 10.376565 10.754343 4.204918 -0.779647 2.038670
-0.142551 10.209540 0.000111 0.002887 0.029936 0.091548 1.738762 10.436338 11.060279 6.659031 2.389433 4.636545
-0.136077 10.275722 0.000185 0.004157 0.049732 0.193985 1.511679 10.455950 11.290544 8.973870 5.063093 6.986928
-0.128899 10.349998 0.000248 0.004984 0.066775 0.287541 1.253035 10.548012 11.479264 11.115604 7.504928 9.159050
-0.116411 10.470102 0.000278 0.005347 0.074783 0.372637 0.927357 10.668850 11.639423 13.008585 9.725974 11.111585
-0.089272 10.650027 0.000291 0.005243 0.078227 0.451454 0.581843 10.872322 11.777838 9.470019 11.783128 10.015832
-0.051207 10.883500 0.000273 0.004739 0.078227 0.419812 -0.047413 10.725189 11.521151 3.734858 10.957249 6.730285
-0.011732 11.155397 0.000241 0.001938 0.078227 0.302407 14.094316 10.977337 10.962349 0.958456 7.892948 4.006998
0.022067 11.413923 0.000001 -0.002393 0.078227 0.200276 12.609109 11.261783 10.506097 -0.951175 5.227280 1.888792
0.047150 11.580278 -0.000219 -0.005692 0.078227 0.116045 11.236496 11.388332 10.166773 -2.310309 3.028833 0.256316
0.062632 11.626332 -0.000359 -0.007734 0.096471 0.050019 9.970630 11.430677 9.926673 -4.568008 1.305515 -1.597343
0.071411 11.595606 -0.000445 -0.008843 0.119556 -0.026352 8.763759 11.302855 9.668872 -5.397547 -0.687797 -2.874113
0.075296 11.531811 -0.000485 -0.009871 0.130536 -0.080173 7.586248 11.374430 9.514620 -7.106270 -2.092549 -4.327281
0.070161 11.427907 -0.000555 -0.010138 0.149153 -0.144271 6.454689 11.108164 9.343424 -8.937017 -3.765542 -5.973294
0.051036 11.286767 -0.000529 -0.010297 0.149153 -0.220737 5.307452 11.055718 9.163827 -9.553531 -5.761314 -7.174908
0.018421 11.111513 -0.000569 -0.010320 0.152882 -0.285066 4.230651 10.881947 9.084393 -9.123904 -7.440331 -7.752149
-0.012600 10.926758 -0.000543 -0.009762 0.152882 -0.325394 3.349829 10.840873 9.146896 -9.808685 -8.492900 -8.607471
-0.033403 10.746056 -0.000514 -0.008474 0.152882 -0.370399 2.812100 10.575062 9.211672 -11.100904 -9.667573 -9.837239
-0.057177 10.575066 -0.000417 -0.007224 0.152882 -0.424066 2.514709 10.471431 9.244372 -10.873389 -11.068282 -10.356072
-0.085860 10.423509 -0.000377 -0.006248 0.152882 -0.449332 2.355845 10.399264 9.376378 -10.543880 -11.727748 -10.494102
-0.110505 10.281315 -0.000317 -0.004795 0.152882 -0.458385 2.489368 10.272557 9.552473 -11.101778 -11.964042 -10.977305
-0.125383 10.220791 -0.000227 -0.003541 0.152882 -0.478744 2.787925 10.241726 9.681652 -11.370645 -12.495414 -11.398540
-0.132895 10.215599 -0.000180 -0.002829 0.152882 -0.493599 3.031165 10.276025 9.816375 -11.755720 -12.883122 -11.836889
-0.148959 10.186394 -0.000149 -0.001961 0.152882 -0.507983 3.163044 10.196207 9.934896 -11.738287 -13.258565 -12.019721
-0.176599 10.124151 -0.000090 -0.001003 0.152882 -0.515478 3.166712 10.176431 10.063747 -5.536136 -13.454192 -9.540079
-0.204045 10.039222 -0.000045 0.000130 0.152882 -0.445547 3.303815 10.501982 10.633822 -2.395017 -11.628956 -7.490563
-0.220759 9.959607 0.000028 0.003573 0.138334 -0.375159 3.612060 10.193381 11.234075 -10.298682 -9.791804 -8.413347
-0.226170 9.963233 0.000299 0.006734 0.125169 -0.404910 3.893361 9.742464 11.070340 -11.164767 -10.568303 -9.277780
-0.220162 10.054367 0.000387 0.005383 0.113258 -0.434247 4.009576 10.260761 10.925615 -12.769990 -11.334013 -10.325099
-0.217402 10.088543 0.000193 0.004435 0.102480 -0.467962 3.988363 9.846939 10.738077 -14.534145 -12.213999 -11.490953
-0.228516 10.037467 0.000261 0.003712 0.092728 -0.503412 3.786900 10.022128 10.500254 -12.468086 -13.139240 -11.729075
-0.235719 9.991566 0.000140 0.002695 0.083904 -0.507980 3.522042 10.015644 10.497914 -2.490073 -13.258483 -9.637368
-0.236183 9.919202 0.000142 0.003066 0.075919 -0.417898 3.275292 10.620674 11.218670 5.755887 -10.907316 -6.125050
-0.237971 9.836082 0.000177 0.007326 0.068694 -0.271405 3.007334 10.413267 12.285270 7.741147 -7.083783 -2.941389
-0.238004 9.882344 0.000556 0.012733 0.149534 -0.139847 2.692377 10.529546 13.116918 10.877225 -3.650055 0.228682
-0.227749 10.080697 0.000771 0.016088 0.207284 -0.000261 2.308379 10.772037 13.863714 8.724895 -0.006820 2.284444
-0.210138 10.330158 0.000924 0.018723 0.248408 0.096720 1.919381 10.608016 14.141718 9.159738 2.524435 4.111683
-0.184587 10.571180 0.001059 0.018919 0.284672 0.193817 1.522468 11.021488 14.264441 8.705025 5.058710 5.461426
-0.148923 10.795818 0.000976 0.018379 0.284672 0.288406 0.976207 10.878934 14.181231 6.911291 7.527510 5.428755
-0.108157 10.992792 0.000997 0.016895 0.284672 0.302960 -1.593373 11.039321 13.817830 5.655764 7.907374 5.016005
-0.079623 11.186791 0.000845 0.013941 0.284672 0.299194 1.502321 11.141960 13.391920 7.180937 7.809073 5.899080
-0.066261 11.381267 0.000690 0.010654 0.284672 0.330893 -3.265404 11.527294 13.145436 9.900132 8.636440 7.769922
-0.042101 11.518234 0.000504 0.008622 0.284672 0.394557 -0.847595 11.602359 13.074089 8.855059 10.298095 8.160191
-0.004621 11.630269 0.000460 0.007650 0.284672 0.409841 6.561755 11.548257 12.825366 6.908789 10.697007 7.576962
0.038185 11.801134 0.000402 0.005427 0.284672 0.394008 4.799627 11.729523 12.449030 5.473635 10.283773 6.830562
0.077413 12.005622 0.000237 0.002350 0.284672 0.371255 2.447174 11.878696 12.056885 3.207867 9.689904 5.593473
0.106382 12.184388 0.000075 -0.000676 0.284672 0.322521 -2.229320 11.960248 11.600941 1.652393 8.417920 4.377245
0.119970 12.288880 -0.000086 -0.003645 0.284672 0.263033 3.543241 12.062594 11.180543 3.084167 6.865253 4.493591
0.124739 12.319256 -0.000244 -0.006034 0.257582 0.251449 -0.329973 12.251189 11.021017 5.523338 6.562927 5.664627
0.130806 12.261884 -0.000350 -0.006575 0.233070 0.277383 26.676481 12.195270 11.069934 5.641309 7.239798 6.103687
0.137389 12.169102 -0.000322 -0.005824 0.210890 0.288261 23.791741 12.032585 11.064270 0.980340 7.523714 3.921170
0.140084 12.121992 -0.000278 -0.005605 0.190821 0.193956 21.236004 11.720389 10.696913 -3.748782 5.062322 0.467280
0.136165 12.085890 -0.000297 -0.007360 0.172662 0.044524 18.959354 11.741189 10.198710 -5.939500 1.162095 -2.338000
0.119240 11.976300 -0.000453 -0.009419 0.156231 -0.082100 16.953817 11.650897 9.862977 -7.766074 -2.142833 -4.726349
0.098261 11.733355 -0.000528 -0.009911 0.142064 -0.193005 15.206719 11.392723 9.643417 -10.282352 -5.037515 -7.306642
0.085399 11.434208 -0.000520 -0.009489 0.142064 -0.300822 13.698482 11.088159 9.443260 -12.823780 -7.851565 -9.873152
0.067746 11.178243 -0.000491 -0.009193 0.142064 -0.400849 12.340439 10.890787 9.257235 -14.025441 -10.462313 -11.664132
0.038534 10.932043 -0.000490 -0.008874 0.142064 -0.474018 11.072608 10.707410 9.167078 -14.899886 -12.372051 -12.989608
-0.010714 10.666166 -0.000464 -0.007943 0.142064 -0.535855 9.908394 10.450391 9.134208 -15.074166 -13.986017 -13.844126
-0.058465 10.384640 -0.000399 -0.006626 0.142064 -0.588533 8.887134 10.253359 9.180571 -11.861841 -15.360952 -12.715462
-0.091346 10.062072 -0.000328 -0.004671 0.142064 -0.544902 8.076360 10.162052 9.521729 -7.942390 -14.222150 -10.075328
-0.132472 9.719525 -0.000200 -0.001048 0.142064 -0.426078 7.424223 9.819571 9.995577 -4.665597 -11.120811 -7.060119
-0.165195 9.479649 0.000042 0.002734 0.142064 -0.325422 6.868406 9.674466 10.410739 -2.735014 -8.493641 -4.994710
-0.179736 9.455253 0.000209 0.005063 0.142064 -0.254703 6.451284 9.696269 10.731577 -1.457203 -6.647848 -3.565497
-0.194501 9.579279 0.000300 0.006106 0.142064 -0.208589 6.090020 9.861005 10.991665 5.267698 -5.444263 -0.497424
-0.203297 9.728158 0.000330 0.006695 0.128545 -0.101825 5.862718 10.396427 11.639859 6.696673 -2.657673 1.612725
-0.201530 9.860745 0.000366 0.009427 0.116312 -0.014896 5.778145 10.108581 12.138329 6.290889 -0.388796 2.804324
-0.190997 9.995015 0.000601 0.011357 0.161674 0.045646 5.695838 10.387146 12.406982 6.234754 1.191391 3.637454
-0.175999 10.154535 0.000601 0.011935 0.161680 0.098070 5.724472 10.333114 12.546406 6.067765 2.559672 4.230125
-0.156549 10.319409 0.000661 0.011800 0.177827 0.144542 5.555593 10.562104 12.577365 5.248596 3.772598 4.252834
-0.133697 10.471834 0.000605 0.011157 0.177827 0.164459 5.183356 10.506343 12.473536 4.589575 4.292440 4.054494
-0.111389 10.615527 0.000593 0.009845 0.177827 0.173006 4.511893 10.724360 12.309220 4.964691 4.515532 4.375149
-0.088080 10.740473 0.000482 0.008312 0.177827 0.199058 3.569421 10.785840 12.184822 4.755259 5.195505 4.575928
-0.067104 10.856650 0.000428 0.007038 0.177827 0.216912 2.283397 10.881465 12.020172 4.452534 5.661489 4.665306
-0.045890 10.973218 0.000351 0.005548 0.177827 0.225870 0.260626 10.959206 11.828062 4.248107 5.895287 4.722580
-0.024096 11.084662 0.000272 0.003939 0.177827 0.235134 -16.759178 11.065925 11.634620 3.837920 6.137101 4.697738
-0.003930 11.186740 0.000182 0.002373 0.177827 0.233838 -14.815190 11.117146 11.423586 3.354339 6.103269 4.516481
0.015774 11.274455 0.000104 0.000790 0.177827 0.224762 -13.046151 11.201536 11.209907 2.905745 5.866381 4.253071
0.029531 11.339274 0.000015 -0.000685 0.177827 0.210813 -11.432337 11.235391 11.008770 3.166956 5.502303 4.269853
0.035240 11.373842 -0.000056 -0.001934 0.177827 0.204488 -9.966854 11.315741 10.876416 3.742035 5.337211 4.524372
0.038281 11.393759 -0.000120 -0.002741 0.160905 0.205529 -8.670669 11.340832 10.812809 4.428290 5.364379 4.912085
0.040552 11.410760 -0.000148 -0.003168 0.145593 0.212101 -7.589680 11.399018 10.804919 5.144017 5.535909 5.371121
0.040462 11.435773 -0.000169 -0.003343 0.131738 0.221926 -6.706455 11.436841 10.839668 5.781942 5.792353 5.821430
0.042504 11.468392 -0.000172 -0.003331 0.119201 0.232044 -5.995590 11.492879 10.901787 6.078226 6.056449 6.099826
0.047569 11.510061 -0.000171 -0.003223 0.107858 0.238918 -5.427519 11.525381 10.964189 6.160446 6.235855 6.229731
0.055716 11.570009 -0.000164 -0.003210 0.097594 0.242167 -4.948975 11.600258 11.019319 5.514873 6.320648 5.957120
0.067546 11.647275 -0.000171 -0.003327 0.088306 0.232259 -4.517608 11.626625 11.023851 4.681129 6.062048 5.432473
0.075213 11.733273 -0.000178 -0.003759 0.079903 0.212438 -4.070007 11.718743 10.994944 5.267055 5.544705 5.489148
0.081124 11.809466 -0.000215 -0.004316 0.072299 0.213226 -3.607835 11.861968 11.056320 5.697928 5.565282 5.714682
0.085953 11.846417 -0.000240 -0.004187 0.065419 0.221608 -3.182704 11.843567 11.144921 5.723094 5.784047 5.830667
0.086413 11.840732 -0.000210 -0.003687 0.059194 0.225598 -2.784082 11.834058 11.210095 6.263204 5.888210 6.148243
0.084363 11.819358 -0.000188 -0.003228 0.053561 0.237265 -2.416443 11.834713 11.298136 6.824629 6.192708 6.567386
0.083138 11.799711 -0.000163 -0.002658 0.048464 0.252587 -2.087862 11.817400 11.393985 6.738363 6.592618 6.709003
0.082705 11.786628 -0.000130 -0.002081 0.043852 0.257704 -1.801881 11.772548 11.443788 6.506898 6.726177 6.656372
0.080516 11.773510 -0.000102 -0.001747 0.039679 0.254503 -1.532920 11.758424 11.460905 6.476025 6.642630 6.602185
0.078588 11.741553 -0.000093 -0.001487 0.035903 0.251317 -1.284136 11.716009 11.476923 5.579326 6.559474 6.118598
0.072254 11.699211 -0.000075 -0.001178 0.032486 0.231291 -1.042832 11.614901 11.428281 5.210231 6.036792 5.692625
0.061067 11.657016 -0.000060 -0.001212 0.029395 0.210252 -0.771892 11.630943 11.391388 5.080958 5.487660 5.365135
0.049071 11.620914 -0.000075 -0.001216 0.026597 0.191977 -0.521200 11.583484 11.384934 4.992939 5.010686 5.082326
0.038791 11.581910 -0.000063 -0.001044 0.024066 0.175899 -0.321247 11.579367 11.403348 5.130796 4.591044 4.927224
0.031294 11.540678 -0.000056 -0.000728 0.021776 0.168347 -0.263275 11.548754 11.456109 4.716779 4.393928 4.610287
0.023586 11.510074 -0.000031 -0.000286 0.019704 0.156175 -0.330225 11.502475 11.484850 4.364914 4.076237 4.266023
0.016521 11.495747 -0.000009 -0.000058 0.017829 0.143174 -0.396894 11.511238 11.506813 4.061267 3.736890 3.934534
0.010237 11.491904 -0.000005 0.000079 0.016132 0.130744 -0.444492 11.499891 11.528776 3.971427 3.412464 3.711051
0.007161 11.488923 0.000006 0.000211 0.014597 0.123273 -0.482317 11.520565 11.565208 3.742596 3.217482 3.485973
0.008460 11.502664 0.000011 0.000331 0.013208 0.117949 -0.510822 11.526313 11.596923 3.853735 3.078517 3.451556
0.013619 11.548244 0.000019 0.000258 0.011951 0.121229 -0.511361 11.621842 11.648108 4.077064 3.164128 3.584093
0.017714 11.606519 0.000006 0.000220 0.010814 0.130982 -0.499241 11.660271 11.709960 4.155024 3.418683 3.735770
0.019038 11.652024 0.000013 0.000307 0.009785 0.138931 -0.477990 11.698668 11.757409 4.113967 3.626157 3.811803
0.019509 11.689313 0.000016 0.000361 0.008853 0.142749 -0.464293 11.717100 11.785871 3.876804 3.725808 3.745373
0.017952 11.710748 0.000019 0.000398 0.008011 0.139666 -0.450753 11.716585 11.789277 3.680010 3.645331 3.609846
0.017129 11.713332 0.000020 0.000402 0.007249 0.134077 -0.438973 11.713237 11.784190 3.034547 3.499466 3.233476
0.016906 11.711908 0.000020 0.000383 0.006559 0.120034 -0.417448 11.677229 11.743345 2.568331 3.132936 2.833287
0.013574 11.702492 0.000019 0.000216 0.005935 0.104775 -0.371800 11.681878 11.698435 2.661358 2.734674 2.677015
0.007926 11.682652 0.000004 0.000084 0.005370 0.097865 -0.312008 11.677969 11.691556 2.733350 2.554319 2.615904
0.002605 11.659897 0.000004 0.000168 0.004859 0.094405 -0.256945 11.658385 11.701335 2.825232 2.464008 2.606487
-0.001753 11.652168 0.000012 0.000261 0.004397 0.093216 -0.213188 11.673312 11.722537 3.298682 2.432980 2.800738
-0.004118 11.654780 0.000014 0.000359 0.003978 0.100495 -0.186708 11.702550 11.778357 3.502565 2.622952 2.979611
-0.004452 11.655535 0.000022 0.000651 0.005991 0.108528 -0.189611 11.681525 11.829677 3.261354 2.832615 2.964382
-0.002452 11.668060 0.000044 0.000856 0.011795 0.109938 -0.229755 11.688289 11.844516 2.909077 2.869422 2.816051
0.000493 11.683297 0.000046 0.000854 0.012498 0.106717 -0.301144 11.682171 11.831261 2.644714 2.785369 2.651921
0.002758 11.702741 0.000045 0.000681 0.012498 0.102519 -0.318305 11.709027 11.808239 2.909902 2.675775 2.720512
0.005923 11.706683 0.000030 0.000538 0.012498 0.107145 -0.310397 11.721737 11.815012 2.710792 2.796524 2.692064
0.009580 11.703110 0.000028 0.000593 0.012498 0.108876 -0.300393 11.682009 11.797623 2.464201 2.841710 2.607533
0.013670 11.714599 0.000035 0.000440 0.012498 0.107533 -0.246300 11.713375 11.762024 2.639831 2.806661 2.681198
0.025035 11.820857 0.000015 -0.000312 0.012498 0.111939 -0.153258 11.894780 11.755845 2.623699 2.921640 2.741280
0.023288 11.789207 -0.000040 -0.000177 0.012498 0.114132 0.016433 11.683205 11.737638 2.399724 2.978880 2.676432
0.012787 11.668037 0.000017 0.000369 0.012498 0.110437 -1.588951 11.614026 11.688801 2.273827 2.882440 2.580712
0.009929 11.663261 0.000023 0.000135 0.012498 0.103879 -1.411197 11.658642 11.642240 2.615719 2.711294 2.661657
0.006289 11.650556 -0.000004 -0.000044 0.012498 0.103704 -1.251336 11.637176 11.636161 2.784076 2.706724 2.739373
0.002242 11.626898 0.000000 0.000049 0.012498 0.104150 -1.116555 11.624269 11.640828 3.034709 2.718361 2.859688
0.003690 11.657936 0.000005 -0.000091 0.011309 0.107180 -1.004916 11.707744 11.665413 3.344187 2.797446 3.038179
0.002468 11.647440 -0.00001