0.000000 0.002188 0.000000 0.000000 0.000000 0.000000 0.000000 0.000000 0.000000 10.411031 0.000000 10.411031
0.000000 0.003865 0.000000 0.000000 0.000000 0.000000 0.000000 0.000000 0.000000 10.410851 0.000000 10.410851
0.000000 0.004841 0.000000 0.000000 0.000000 0.000000 0.000000 0.000000 0.000000 10.410849 0.000000 10.410849
0.000000 0.110019 0.000000 0.000000 0.000000 0.000000 0.000000 0.000000 0.000000 10.411431 0.000000 10.411431
0.000000 0.398659 0.000000 0.000000 0.000000 0.000000 0.000000 0.000000 0.000000 10.411531 0.000000 10.411531
0.000000 0.706668 0.000000 0.000000 0.000000 0.000000 0.000000 0.000000 0.000000 10.411257 0.000000 10.411257
0.000000 0.826152 0.000000 0.000000 0.000000 0.000000 0.000000 0.000000 0.000000 10.413231 0.000000 10.413231
0.000000 0.812943 0.000000 0.000000 0.000000 0.000000 0.000000 0.000000 0.000000 10.431045 0.000000 10.431045
0.000000 0.809240 0.000000 0.000000 0.000000 0.000000 0.000000 0.000000 0.000000 10.452072 0.000000 10.452072
0.000000 0.842301 0.000000 0.000000 0.000000 0.000000 0.000000 0.000000 0.000000 10.438536 0.000000 10.438536
0.000000 0.900738 0.000000 0.000000 0.000000 0.000000 0.000000 0.000000 0.000000 10.429277 0.000000 10.429277
0.000000 0.942327 0.000000 0.000000 0.000000 0.000000 0.000000 0.000000 0.000000 10.429609 0.000000 10.429609
0.000000 0.977343 0.000000 0.000000 0.000000 0.000000 0.000000 0.000000 0.000000 10.419823 0.000000 10.419823
0.445601 1.042422 0.000000 0.000000 0.000000 0.000000 0.000000 0.000000 0.000000 10.428013 0.000000 10.428013
0.332828 1.119193 0.000000 0.000000 0.000000 0.000000 0.000000 0.000000 0.000000 10.430577 0.000000 10.430577
0.252146 1.193382 0.000000 0.000000 0.000000 0.000000 0.000000 0.000000 0.000000 10.423720 0.000000 10.423720
0.189991 1.256070 0.000000 0.000000 0.000000 0.000000 0.000000 0.000000 0.000000 10.414353 0.000000 10.414353
0.141336 1.324092 0.000000 0.000000 0.000000 0.000000 0.000000 0.000000 0.000000 10.413168 0.000000 10.413168
0.112239 1.414172 0.000000 0.000000 0.000000 0.000000 0.000000 0.000000 0.000000 10.411255 0.000000 10.411255
0.081836 1.500419 0.000000 0.000000 0.000000 0.000000 0.000000 0.000000 0.000000 10.410339 0.000000 10.410339
0.050139 1.581794 0.000000 0.000000 0.000000 0.000000 0.000000 0.000000 0.000000 10.419268 0.000000 10.419268
0.049313 1.677958 0.000000 0.000000 0.000000 0.000000 0.000000 0.000000 0.000000 10.419894 0.000000 10.419894
0.059796 1.788218 0.000000 0.000000 0.000000 0.000000 0.000000 0.000000 0.000000 10.420660 0.000000 10.420660
0.068323 1.887922 0.000000 0.000000 0.000000 0.000000 0.000000 0.000000 0.000000 10.414795 0.000000 10.414795
0.070488 1.986073 0.000000 0.000000 0.000000 0.000000 0.000000 0.000000 0.000000 10.412883 0.000000 10.412883
0.083395 2.107657 0.000000 0.000000 0.000000 0.000000 0.000000 0.000000 0.000000 10.412970 0.000000 10.412970
0.084924 2.213019 0.000000 0.000000 0.000000 0.000000 0.000000 0.000000 0.000000 10.413571 0.000000 10.413571
0.076921 2.303360 0.000000 0.000000 0.000000 0.000000 0.000000 0.000000 0.000000 10.413443 0.000000 10.413443
0.075450 2.406066 0.000000 0.000000 0.000000 0.000000 0.000000 0.000000 0.000000 10.412299 0.000000 10.412299
0.063400 2.498589 0.000000 0.000000 0.000000 0.000000 0.000000 0.000000 0.000000 10.419962 0.000000 10.419962
0.054542 2.592883 0.000000 0.000000 0.000000 0.000000 0.000000 0.000000 0.000000 10.422044 0.000000 10.422044
0.050327 2.685534 0.000000 0.000000 0.000000 0.000000 0.000000 0.000000 0.000000 10.418674 0.000000 10.418674
0.039174 2.768547 0.000000 0.000000 0.000000 0.000000 0.000000 0.000000 0.000000 10.422450 0.000000 10.422450
0.035631 2.865587 0.000000 0.000000 0.000000 0.000000 0.000000 0.000000 0.000000 10.420877 0.000000 10.420877
0.032753 2.962318 0.000000 0.000000 0.000000 0.000000 0.000000 0.000000 0.000000 10.417465 0.000000 10.417465
0.031571 3.088371 0.000000 0.000000 0.000000 0.000000 0.000000 0.000000 0.000000 10.428078 0.000000 10.428078
0.023488 3.178394 0.000000 0.000000 0.000000 0.000000 0.000000 0.000000 0.000000 10.431432 0.000000 10.431432
0.014607 3.250437 0.000000 0.000000 0.000000 0.000000 0.000000 0.000000 0.000000 10.427340 0.000000 10.427340
0.021961 3.369804 0.000000 0.000000 0.000000 0.000000 0.000000 0.000000 0.000000 10.424858 0.000000 10.424858
0.024752 3.477795 0.000000 0.000000 0.000000 0.000000 0.000000 0.000000 0.000000 10.424089 0.000000 10.424089
0.020769 3.576007 0.000000 0.000000 0.000000 0.000000 0.000000 0.000000 0.000000 10.428742 0.000000 10.428742
0.021319 3.676398 0.000000 0.000000 0.000000 0.000000 0.000000 0.000000 0.000000 10.425061 0.000000 10.425061
0.019688 3.774215 0.000000 0.000000 0.000000 0.000000 0.000000 0.000000 0.000000 10.424531 0.000000 10.424531
0.018197 3.872905 0.000000 0.000000 0.000000 0.000000 0.000000 0.000000 0.000000 10.424382 0.000000 10.424382
0.022650 3.973523 0.000000 0.000000 0.000000 0.000000 0.000000 3.973523 3.973523 10.413139 0.000000 10.413139
0.021393 4.071150 0.000000 -0.000387 0.000000 0.433354 0.000000 4.964688 4.798724 10.412683 13.961166 10.412683
0.018277 4.170094 -0.000037 0.002492 0.009902 0.210404 0.000733 3.256543 737.513799 10.415052 6.778496 10.415052
0.016103 4.268836 0.000266 2.906436 0.071634 0.316907 -0.290138 5.363444 664.474076 10.414368 10.209654 10.414368
0.012966 4.368224 -0.000141 2.616527 0.071634 0.268761 0.444062 3.588079 598.479521 10.421101 8.658559 10.421101
0.014738 4.474410 0.000248 2.354517 0.071634 0.287546 -0.240064 5.321497 539.217032 10.424775 9.263740 10.424775
0.018736 4.575184 -0.000110 2.119213 0.071634 0.281178 1.503373 4.069052 485.843766 17.578783 9.058581 17.578783
0.021173 4.674980 0.000182 1.907257 0.071634 0.580808 1.067034 5.826927 438.394092 17.372409 18.711630 17.372409
0.019830 4.785066 -0.000064 1.718739 0.071634 0.476793 0.568655 3.846705 394.928317 17.257808 15.360633 17.257808
0.036624 4.960755 0.000335 1.545753 0.090140 0.500923 -0.171829 6.000560 356.080126 17.052173 16.138016 17.052173
0.063543 5.169575 -0.000117 1.390939 0.090140 0.486529 3.832949 4.576373 321.060657 16.776840 15.674280 16.776840
0.078940 5.346018 0.000208 1.251429 0.090140 0.481589 3.327193 6.048074 289.575533 16.672176 15.515131 16.672176
0.091619 5.520567 -0.000102 1.125937 0.090140 0.479263 2.916358 5.189167 261.260643 16.559142 15.440193 16.559142
0.102119 5.696608 0.000106 1.013005 0.090140 0.474794 2.510203 6.190184 235.791863 16.312116 15.296216 16.312116
0.108121 5.861291 -0.000095 0.911399 0.090140 0.464432 2.129876 5.677731 212.878359 16.012127 14.962396 16.012127
0.109331 6.010823 0.000038 0.819981 0.090140 0.452164 1.791681 6.359500 192.273809 15.650617 14.567170 15.650617
0.105863 6.146272 -0.000091 0.737772 0.090140 0.436968 1.509070 6.060533 173.745898 15.151581 14.077622 15.151581
0.093584 6.268422 -0.000002 0.663847 0.090140 0.416233 1.298175 6.518833 157.082251 14.705984 13.409605 14.705984
0.076737 6.370911 -0.000080 0.597390 0.090140 0.395317 1.157589 6.354091 142.112634 14.308434 12.735766 14.308434
0.064041 6.467952 -0.000017 0.537668 0.090140 0.377666 0.901988 6.682194 128.671319 13.834730 12.167114 13.834730
0.052443 6.563243 -0.000058 0.484012 0.081562 0.360514 0.516063 6.598671 116.591100 13.370967 11.614530 13.370967
0.040595 6.654639 -0.000008 0.435766 0.073800 0.345530 -0.039424 6.836957 105.734998 12.895702 11.131785 12.895702
0.030107 6.749833 -0.000028 0.392357 0.066777 0.329677 5.971220 6.818264 95.974611 12.426947 10.621070 12.426947
0.022121 6.858731 0.000007 0.353237 0.060423 0.316162 5.338700 7.032521 87.204439 12.013444 10.185647 12.013444
0.016223 6.973250 -0.000009 0.318020 0.054673 0.304677 4.769752 7.068965 79.324452 11.605526 9.815656 11.605526
0.010800 7.085317 0.000015 0.286341 0.049470 0.294119 4.254558 7.238561 72.240701 11.345705 9.475495 11.345705
0.026700 7.334232 0.000007 0.257276 0.044762 0.286841 3.788174 7.557223 65.896507 11.169352 9.241039 11.169352
0.021623 7.396985 -0.000030 0.231880 0.040502 0.285109 3.356705 7.419799 60.197559 10.851464 9.185217 10.851464
0.002725 7.350477 0.000034 0.209475 0.036648 0.282255 2.964782 7.425502 55.043332 10.562127 9.093280 10.562127
0.006088 7.469437 0.000056 0.188573 0.033161 0.278506 2.622802 7.619609 50.400966 10.303036 8.972506 10.303036
0.008716 7.572535 0.000035 0.169763 0.030005 0.275024 2.325102 7.639067 46.222314 9.930291 8.860334 9.930291
0.009967 7.667177 0.000049 0.152825 0.027150 0.268424 2.071320 7.773453 42.450588 9.614665 8.647692 9.614665
0.009649 7.760270 0.000034 0.137505 0.024566 0.261474 1.863802 7.825447 39.057278 9.479871 8.423783 9.479871
0.014276 7.887287 0.000035 0.123552 0.022228 0.257746 1.685475 8.019459 36.022980 9.436249 8.303675 9.366481
0.011803 7.947611 0.000009 0.111285 0.020113 0.257064 1.522544 7.978822 33.304133 9.248729 8.281704 9.171752
0.003791 7.964532 0.000035 0.100441 0.018199 0.253742 1.373242 8.028827 30.845899 9.140245 8.174686 9.021280
0.000469 8.029753 0.000037 0.090439 0.016467 0.250984 1.240937 8.106105 28.639896 9.206658 8.085858 9.004224
-0.001751 8.094862 0.000033 0.081436 0.014900 0.251887 1.115058 8.173636 26.673161 9.045999 8.114935 8.853506
-0.002623 8.157724 0.000034 0.073391 0.013482 0.249022 0.989179 8.217905 24.894527 8.756931 8.022632 8.585893
-0.003453 8.225389 0.000037 0.066073 0.012199 0.242448 0.875640 8.288879 23.285116 8.667239 7.810849 8.433600
-0.004137 8.291608 0.000031 0.059431 0.011038 0.239340 0.773527 8.360854 21.852827 8.575391 7.710717 8.309627
-0.004404 8.345943 0.000027 0.053539 0.009988 0.237400 0.677887 8.401727 20.569850 7.612842 7.648217 7.590913
-0.003530 8.399640 0.000030 0.048240 0.009037 0.216797 0.590745 8.395201 19.350059 6.671513 6.984450 6.737708
-0.000822 8.459452 0.000028 0.043168 0.008177 0.192134 0.517748 8.486347 18.236493 5.783579 6.189884 5.890882
0.002256 8.518343 0.000001 0.038521 0.007399 0.167764 0.462914 8.512122 17.232861 5.126144 5.404789 5.207065
0.004560 8.558754 -0.000011 0.034382 0.006695 0.148460 0.423196 8.574240 16.343630 4.322924 4.782874 4.471248
0.005095 8.583543 -0.000028 0.030759 0.007472 0.127649 0.389111 8.554967 15.531603 3.365923 4.112415 3.621191
0.003034 8.606730 -0.000029 0.027449 0.007704 0.101944 0.374182 8.589685 14.780659 2.677681 3.284276 2.910921
-0.001265 8.611604 -0.000045 0.024453 0.012221 0.079516 0.367945 8.581638 14.116252 1.824622 2.561741 2.118223
-0.008818 8.595274 -0.000049 0.021884 0.013281 0.053654 0.365035 8.548461 13.506432 1.099297 1.728543 1.379519
-0.017353 8.573339 -0.000050 0.019554 0.013399 0.028894 0.353050 8.543966 12.963847 0.474454 0.930850 0.717341
-0.022799 8.564680 -0.000054 0.017437 0.014647 0.007168 0.303102 8.545511 12.488190 -0.197259 0.230920 0.047115
-0.012216 8.678171 -0.000057 0.015102 0.015354 -0.013339 0.209084 8.750769 12.073658 -0.825844 -0.429752 -0.583114
-0.014110 8.683979 -0.000102 0.013436 0.027347 -0.031983 0.048264 8.599529 11.703673 -1.351091 -1.030386 -1.125419
-0.037476 8.493647 -0.000067 0.012724 0.027347 -0.048136 -1.410116 8.383828 11.357557 -1.932627 -1.550779 -1.684626
-0.050203 8.382491 -0.000021 0.011793 0.027347 -0.064276 -1.209506 8.351519 11.030148 -2.380842 -2.070754 -2.145997
-0.049709 8.376406 -0.000018 0.010519 0.027347 -0.076592 -1.018615 8.372034 10.740491 -2.576855 -2.467517 -2.393033
-0.046688 8.373496 -0.000026 0.009382 0.027347 -0.081157 -0.824009 8.366104 10.495230 -2.905894 -2.614598 -2.675751
-0.044806 8.356147 -0.000024 0.008479 0.027347 -0.086690 -0.625626 8.325370 10.258510 -3.203498 -2.792841 -2.937740
-0.044277 8.331473 -0.000018 0.007638 0.027347 -0.092165 -0.429504 8.304197 10.033649 -3.478521 -2.969242 -3.179013
-0.046746 8.278750 -0.000018 0.006956 0.027347 -0.097978 -0.224117 8.218512 9.818278 -3.730084 -3.156505 -3.403502
-0.047836 8.209273 -0.000007 0.006378 0.027347 -0.103146 0.056314 8.156965 9.612461 -4.169429 -3.323017 -3.760518
-0.050821 8.133830 -0.000003 0.005861 0.027347 -0.111960 -0.589131 8.049041 9.398317 -4.279418 -3.606967 -3.893062
-0.053521 8.052155 0.000006 0.005336 0.027347 -0.114892 -0.520054 8.001988 9.211042 -4.699734 -3.701415 -4.221663
-0.057582 7.966135 0.000004 0.004935 0.024745 -0.123909 -0.442975 7.859275 9.008374 -5.204048 -3.991937 -4.652433
-0.066218 7.877858 0.000017 0.004481 0.022390 -0.139126 -0.454269 7.797806 8.800404 -5.246895 -4.482151 -4.758782
-0.069566 7.788461 0.000009 0.004011 0.020259 -0.143659 -0.430443 7.721099 8.639324 -5.956525 -4.628193 -5.342329
-0.070601 7.697355 0.000011 0.003734 0.018331 -0.161173 -0.396743 7.574341 8.441107 -6.558965 -5.192427 -5.903504
-0.075243 7.606197 0.000019 0.003309 0.016587 -0.178398 -0.480567 7.524670 8.250605 -6.688433 -5.747374 -6.074061
-0.076613 7.544743 0.000005 0.002798 0.015008 -0.183946 -0.576706 7.487109 8.106325 -7.030032 -5.926095 -6.372705
-0.072035 7.542478 -0.000003 0.002235 0.013580 -0.194032 -0.634743 7.500326 7.963493 -6.959958 -6.251036 -6.349334
-0.061875 7.564989 -0.000023 0.001580 0.012288 -0.194131 -0.658100 7.561204 7.868128 -6.739628 -6.254239 -6.165334
-0.051603 7.565293 -0.000045 0.001200 0.012216 -0.186921 -0.622890 7.530554 7.799834 -6.802399 -6.021954 -6.175586
-0.048818 7.541799 -0.000043 0.001023 0.012216 -0.186668 -0.577799 7.489680 7.712915 -6.362587 -6.013786 -5.811421
-0.045226 7.513687 -0.000043 0.000790 0.012216 -0.175673 -0.517177 7.505578 7.665678 -6.030326 -5.659594 -5.484580
-0.042557 7.474486 -0.000048 0.000758 0.012855 -0.164950 -0.402020 7.420581 7.617528 -5.599679 -5.314135 -5.078475
-0.040143 7.438695 -0.000032 0.000709 0.012855 -0.152433 -0.239023 7.430825 7.577284 -4.811684 -4.910867 -4.374187
-0.033530 7.397360 -0.000035 0.000713 0.012855 -0.128901 0.118704 7.378354 7.567058 -4.406384 -4.152752 -3.927601
-0.030801 7.345434 -0.000019 0.000878 0.012855 -0.112377 -0.694504 7.299236 7.525034 -3.756812 -3.620409 -3.310558
-0.027579 7.299995 -0.000005 0.000892 0.012855 -0.092275 -0.497964 7.289920 7.491849 -3.368886 -2.972784 -2.889687
-0.021746 7.254576 -0.000005 0.000941 0.012855 -0.077725 -0.260320 7.195283 7.437103 -3.453341 -2.504035 -2.876607
-0.015969 7.211609 0.000009 0.000894 0.012855 -0.076625 0.012831 7.150332 7.340215 -3.073399 -2.468581 -2.542109
-0.009210 7.169711 0.000002 0.000676 0.012855 -0.064332 -2.245470 7.137853 7.275802 -2.687143 -2.072565 -2.150554
-0.002719 7.115504 -0.000006 0.000635 0.012855 -0.050802 -2.016633 7.049499 7.211646 -2.628256 -1.636675 -2.018816
0.001563 7.066196 0.000003 0.000577 0.012855 -0.046040 -1.823465 7.001905 7.119452 -2.262906 -1.483262 -1.673129
0.003065 7.022491 -0.000003 0.000384 0.012855 -0.036768 -1.665152 6.977906 7.048703 -1.821086 -1.184545 -1.246922
0.003132 6.969643 -0.000011 0.000313 0.011632 -0.025891 -1.521231 6.913185 6.990950 -1.673133 -0.834111 -1.062397
0.005262 6.924488 -0.000007 0.000263 0.010525 -0.022902 -1.387985 6.867827 6.918601 -1.425466 -0.737822 -0.827885
0.006014 6.879864 -0.000010 0.000154 0.009523 -0.017591 -1.267994 6.835645 6.860879 -1.090769 -0.566735 -0.513869
0.006308 6.834194 -0.000014 0.000106 0.008617 -0.010075 -1.159370 6.791996 6.817174 -0.774985 -0.324596 -0.211406
0.010173 6.795841 -0.000012 0.000085 0.007797 -0.001483 -1.056652 6.763648 6.779772 -0.426001 -0.047770 0.122192
0.009777 6.758656 -0.000012 0.000084 0.007055 0.008233 -0.963007 6.725044 6.748041 -0.033481 0.265240 0.495953
0.007154 6.715048 -0.000009 0.000131 0.006384 0.017556 -0.876782 6.683658 6.721350 0.349443 0.565606 0.857091
0.006709 6.672886 -0.000005 0.000192 0.005776 0.027399 -0.788076 6.647341 6.699576 0.722548 0.882701 1.209274
0.005898 6.641166 -0.000000 0.000232 0.005226 0.037241 -0.703707 6.623684 6.681193 1.341410 1.199764 1.775687
0.007589 6.612620 0.000002 0.000272 0.004729 0.054451 -0.620937 6.614860 6.685428 1.830392 1.754223 2.244902
0.011563 6.586488 0.000006 0.000392 0.004279 0.070246 -0.535783 6.569755 6.681499 2.196084 2.263083 2.602963
0.016825 6.570260 0.000016 0.000441 0.004396 0.082922 -0.461046 6.565416 6.665128 2.585292 2.671474 2.977961
0.023691 6.574061 0.000015 0.000361 0.004396 0.096125 -0.396122 6.574229 6.649273 2.844530 3.096828 3.238741
0.029289 6.586800 0.000010 0.000248 0.004396 0.104160 -0.346215 6.577100 6.623268 3.008076 3.355687 3.404459
0.033211 6.598059 0.000004 0.000100 0.004396 0.107854 -0.310809 6.587605 6.593527 3.203177 3.474676 3.590269
0.036195 6.610460 -0.000004 -0.000067 0.004396 0.111418 -0.283618 6.607484 6.573959 3.468696 3.589511 3.836651
0.040667 6.630025 -0.000012 -0.000222 0.004396 0.117000 -0.249209 6.638597 6.570105 3.688272 3.769337 4.040924
0.047623 6.657686 -0.000020 -0.000347 0.005275 0.122207 -0.197400 6.666610 6.572515 3.790823 3.937074 4.136153
0.055335 6.691904 -0.000025 -0.000473 0.006709 0.124842 -0.126381 6.700686 6.573001 3.871845 4.021991 4.208020
0.062542 6.732276 -0.000032 -0.000631 0.008636 0.126750 -0.039789 6.745789 6.577171 4.033752 4.083442 4.352849
0.072623 6.779683 -0.000041 -0.000803 0.011018 0.131227 0.201559 6.802906 6.593531 6.092787 4.227668 6.249067
0.083521 6.828685 -0.000050 -0.000932 0.013407 0.194502 0.118150 6.995362 6.763101 6.571958 6.266170 6.747470
0.095741 6.882923 -0.000055 -0.000475 0.014745 0.212017 0.014794 6.816917 6.799029 7.138553 6.830458 7.290987
0.111974 6.975120 -0.000007 -0.000698 0.014745 0.231764 -0.716966 7.125808 6.840764 7.663566 7.466625 7.801235
0.128228 7.086531 -0.000066 -0.000974 0.017798 0.248635 -0.642410 7.070532 6.880763 8.239040 8.010159 8.358794
0.132454 7.102016 -0.000045 -0.000877 0.017798 0.266192 -0.571925 7.145126 6.920812 8.759369 8.575782 8.865216
0.123173 7.013014 -0.000053 -0.000365 0.017798 0.281350 -0.505408 6.921701 6.944409 9.276337 9.064140 9.366752
0.117897 6.934444 0.000002 0.000039 0.017798 0.296950 -0.445986 6.961255 6.960029 9.788857 9.566712 9.864339
0.119329 6.908064 -0.000003 0.000206 0.017798 0.314184 -0.404941 6.882907 6.972228 10.361229 10.121924 10.421723
0.118866 6.896545 0.000018 0.000300 0.017798 0.331969 -0.436167 6.926194 6.983399 10.937504 10.694887 10.983568
0.114514 6.880913 0.000011 0.000406 0.017798 0.347591 -0.492095 6.863686 6.992150 11.425643 11.198182 11.458702
0.109071 6.877204 0.000027 0.000456 0.017798 0.358217 -0.546593 6.905831 6.998467 11.781359 11.540530 11.801287
0.099995 6.884026 0.000019 0.000454 0.017798 0.362968 -0.577804 6.885442 7.005882 12.204300 11.693580 12.194351
0.092751 6.907043 0.000026 0.000392 0.017798 0.367935 -0.578711 6.964318 7.035992 12.589504 11.853607 12.538763
0.089714 6.939383 0.000015 0.000383 0.017798 0.374081 -0.493628 6.977062 7.083958 12.642342 12.051606 12.570970
0.080723 6.981536 0.000023 0.000406 0.016105 0.371014 -0.390770 7.031374 7.119975 12.798582 11.952796 12.677715
0.066966 7.032384 0.000019 0.000347 0.014572 0.367744 -0.284187 7.099425 7.177449 12.906870 11.847455 12.726523
0.057019 7.095776 0.000017 0.000324 0.013185 0.362898 -0.036659 7.175817 7.252243 12.675187 11.691313 12.463100
0.050023 7.169955 0.000017 0.000326 0.011931 0.350180 2.208279 7.242311 7.321059 12.425329 11.281595 12.152634
0.044143 7.238338 0.000017 0.000328 0.010795 0.339024 1.953209 7.324724 7.402351 12.094812 10.922191 11.775946
0.035815 7.311054 0.000017 0.000362 0.009768 0.327623 1.727218 7.391944 7.485048 11.755622 10.554884 11.391098
0.027646 7.393520 0.000021 0.000363 0.008838 0.314965 1.533457 7.488809 7.569923 11.486936 10.147089 11.055613
0.027854 7.488980 0.000018 0.000321 0.007997 0.305541 1.361763 7.594038 7.666750 10.898700 9.843495 10.482194
0.028131 7.590520 0.000016 0.000302 0.007236 0.290869 1.216031 7.670337 7.741759 10.503708 9.370786 10.040119
0.029082 7.692191 0.000016 0.000196 0.006548 0.279926 1.101325 7.798392 7.825519 10.183435 9.018262 9.680747
0.033919 7.791002 0.000006 0.000137 0.005925 0.273009 1.005223 7.876333 7.913311 9.687839 8.795423 9.216365
0.037142 7.884564 0.000008 0.000114 0.005361 0.263169 0.930129 7.961032 7.980320 9.421187 8.478395 8.917745
0.035147 7.966470 0.000005 0.000055 0.004851 0.257148 0.873255 8.044648 8.052763 9.207466 8.284417 8.687961
0.030607 8.037720 0.000002 0.000060 0.004389 0.250896 0.822022 8.104460 8.123542 9.007389 8.083017 8.468329
0.026872 8.103445 0.000005 0.000080 0.003971 0.244396 0.767071 8.175019 8.193918 8.902299 7.873585 8.317225
0.023164 8.170912 0.000004 0.000091 0.003593 0.240160 0.706813 8.248184 8.272175 8.687605 7.737128 8.102840
0.021342 8.256110 0.000006 0.000064 0.003251 0.233676 0.643236 8.336882 8.344999 8.443822 7.528226 7.851507
0.017634 8.329365 0.000002 0.000062 0.002942 0.226018 0.579968 8.395050 8.415134 8.363275 7.281518 7.707080
0.012489 8.387591 0.000005 0.000109 0.002662 0.221712 0.516888 8.466335 8.497091 8.195824 7.142810 7.527998
0.008934 8.451532 0.000007 0.000181 0.002409 0.216724 0.453057 8.522150 8.574995 7.994975 6.982092 7.321174
0.006034 8.517256 0.000012 0.000229 0.003220 0.211165 0.391477 8.592658 8.648539 7.980218 6.803021 7.238428
0.005359 8.586510 0.000013 0.000246 0.003410 0.210085 0.322021 8.673777 8.734520 7.858787 6.768205 7.124109
0.006457 8.656499 0.000014 0.000309 0.003709 0.208814 0.246498 8.728079 8.812120 7.613998 6.727272 6.928876
0.007489 8.719571 0.000019 0.000367 0.005108 0.205335 0.167032 8.782204 8.872303 7.364523 6.615195 6.715198
0.008403 8.781628 0.000020 0.000359 0.005485 0.201166 0.072042 8.839847 8.921915 7.160923 6.480890 6.530017
0.009764 8.838962 0.000019 0.000329 0.005485 0.197526 -0.028470 8.891506 8.966872 6.989275 6.363615 6.374404
0.012290 8.892639 0.000017 0.000294 0.005485 0.194989 -0.003748 8.942540 9.008443 6.938558 6.281866 6.312614
0.014914 8.943617 0.000015 0.000257 0.005485 0.195755 -1.057643 8.995902 9.053385 7.115870 6.306543 6.436221
0.019019 8.989231 0.000013 0.000254 0.005485 0.202217 -0.959312 9.047271 9.110347 7.163562 6.514722 6.532763
0.022960 9.043066 0.000015 0.000267 0.005485 0.207902 -0.871269 9.090512 9.154428 7.217547 6.697874 6.630340
0.025157 9.101184 0.000015 0.000211 0.005485 0.211849 -0.795016 9.150417 9.189799 7.390269 6.825035 6.790475
0.027106 9.157299 0.000009 0.000129 0.005485 0.216839 -0.724113 9.207067 9.230811 7.512518 6.985794 6.927831
0.029949 9.214936 0.000006 0.000063 0.005485 0.220657 -0.656131 9.262479 9.270471 7.588447 7.108821 7.023086
0.030759 9.263342 0.000002 0.000028 0.005485 0.223232 -0.591144 9.301592 9.307317 7.886141 7.191756 7.248713
0.029393 9.304840 0.000002 0.000010 0.005485 0.229128 -0.530363 9.361816 9.361445 8.287077 7.381717 7.571331
0.029082 9.346449 0.000000 0.000059 0.004963 0.238212 -0.462377 9.405054 9.430843 8.345372 7.674385 7.705305
0.029319 9.388484 0.000006 0.000168 0.004491 0.241723 -0.391191 9.427773 9.479151 8.482728 7.787471 7.832351
0.030302 9.434913 0.000012 0.000175 0.004063 0.245460 -0.325159 9.495071 9.529172 8.689406 7.907890 8.005268
0.031855 9.481218 0.000008 0.000190 0.003677 0.251107 -0.265073 9.531336 9.585576 8.728367 8.089813 8.092302
0.031362 9.509537 0.000012 0.000301 0.003349 0.254241 -0.214961 9.542102 9.627976 8.848452 8.190761 8.205171
0.029913 9.528277 0.000019 0.000395 0.005241 0.258068 -0.178232 9.568720 9.669509 9.027232 8.314055 8.362564
0.028463 9.549920 0.000023 0.000474 0.006144 0.263309 -0.141308 9.590728 9.713398 9.421787 8.482896 8.670069
0.027600 9.575527 0.000028 0.000546 0.007466 0.273129 -0.100573 9.636890 9.773134 9.675801 8.799264 8.938719
0.028906 9.618103 0.000031 0.000615 0.008297 0.281881 0.007884 9.671714 9.826272 9.403677 9.081244 8.870277
0.029765 9.666187 0.000035 0.000635 0.009413 0.279847 -1.384914 9.687015 9.835512 9.151401 9.015710 8.699404
0.027893 9.713648 0.000034 0.000483 0.009413 0.273291 -1.243342 9.745581 9.833952 9.418552 8.804488 8.796813
0.026948 9.753563 0.000020 0.000319 0.009413 0.274698 -1.117526 9.808036 9.873999 9.160976 8.849811 8.657559
0.028618 9.790835 0.000016 0.000330 0.009413 0.270107 -0.999395 9.801440 9.890050 8.616643 8.701906 8.277265
0.030816 9.846214 0.000021 0.000174 0.009413 0.258304 -0.903887 9.875356 9.878989 8.717830 8.321673 8.209594
0.032431 9.904830 0.000002 -0.000102 0.009413 0.256293 -0.830014 9.959432 9.912596 8.469674 8.256888 8.039268
0.031286 9.953966 -0.000010 -0.000164 0.009413 0.250317 -0.770575 9.966257 9.933396 8.245982 8.064346 7.838369
0.031226 10.007668 -0.000007 -0.000294 0.009413 0.242620 -0.724727 10.055021 9.955047 8.189300 7.816369 7.715490
0.031252 10.054157 -0.000022 -0.000393 0.009413 0.238220 -0.681875 10.082669 9.994161 8.161130 7.674634 7.646125
0.028254 10.080047 -0.000019 -0.000340 0.009413 0.235525 -0.646814 10.116046 10.040847 8.243832 7.587812 7.660951
0.024363 10.113779 -0.000016 -0.000289 0.009413 0.235265 -0.612013 10.163337 10.099512 8.350330 7.579418 7.716547
0.019542 10.157657 -0.000014 -0.000230 0.008517 0.235367 -0.574878 10.213482 10.165695 8.710730 7.582732 7.921105
0.015692 10.199415 -0.000011 -0.000134 0.007706 0.240201 -0.519364 10.276494 10.257399 8.877433 7.738446 8.067049
0.012360 10.226025 -0.000004 0.000124 0.006973 0.244321 -0.440027 10.274842 10.343454 8.721024 7.871170 8.018230
0.009676 10.255931 0.000015 0.000347 0.006309 0.243172 -0.350949 10.307353 10.401253 8.720865 7.834173 7.995248
0.007697 10.298082 0.000021 0.000409 0.005709 0.243099 -0.261888 10.360102 10.460371 8.716921 7.831808 7.984317
0.005986 10.346169 0.000022 0.000453 0.006030 0.243272 -0.171251 10.404336 10.518263 8.331181 7.837378 7.762135
0.004294 10.395500 0.000026 0.000487 0.006869 0.236411 -0.064047 10.427101 10.544656 8.055820 7.616354 7.514273
0.003733 10.448057 0.000026 0.000383 0.007111 0.228728 0.121992 10.499235 10.569410 7.959909 7.368827 7.356014
0.004245 10.495004 0.000016 0.000295 0.007111 0.224564 0.057061 10.537906 10.608256 7.840602 7.234680 7.230706
0.005137 10.535081 0.000016 0.000290 0.007111 0.222105 0.034097 10.580270 10.648387 7.756494 7.155471 7.148977
0.009624 10.594905 0.000016 0.000212 0.007111 0.221454 0.141260 10.653678 10.690104 7.385595 7.134483 6.935057
0.014735 10.656586 0.000009 0.000133 0.007111 0.217017 0.193821 10.678577 10.706417 7.032610 6.991542 6.685686
0.016583 10.709454 0.000007 -0.000012 0.007111 0.210577 0.271970 10.737371 10.709936 7.114830 6.784056 6.652167
0.015958 10.758420 -0.000006 -0.000192 0.007111 0.209452 0.333826 10.801162 10.740687 7.298364 6.747823 6.742507
0.013159 10.775368 -0.000013 -0.000137 0.007111 0.211411 0.362336 10.797845 10.787267 7.339610 6.810951 6.793964
0.009381 10.786524 -0.000002 0.000003 0.007111 0.212270 0.362542 10.818866 10.828592 7.603911 6.838605 6.950764
0.007460 10.821872 0.000002 0.000027 0.007111 0.216144 0.345494 10.884208 10.887850 7.900755 6.963424 7.163050
0.005893 10.858904 0.000001 0.000115 0.007111 0.222204 0.303416 10.912062 10.958356 8.212303 7.158651 7.411213
0.005502 10.900979 0.000011 0.000227 0.006434 0.229598 0.236138 10.974622 11.035128 8.279506 7.396856 7.545986
0.006576 10.955412 0.000014 0.000316 0.005822 0.234047 0.137734 11.009163 11.096276 8.251229 7.540184 7.590841
0.007173 11.007528 0.000020 0.000352 0.005280 0.235543 0.003577 11.061902 11.143082 8.478878 7.588389 7.731784
0.007745 11.056273 0.000018 0.000344 0.005280 0.241101 -2.991179 11.121504 11.204134 8.601232 7.767461 7.874068
0.007181 11.099439 0.000019 0.000415 0.005280 0.245674 -2.687560 11.147079 11.258956 8.903550 7.914782 8.097819
0.008687 11.153489 0.000025 0.000418 0.006801 0.252887 -2.414555 11.236046 11.325838 8.900965 8.147156 8.198334
0.010716 11.216007 0.000020 0.000435 0.006801 0.256483 -2.167595 11.259005 11.373885 8.824991 8.262993 8.211559
0.012283 11.275617 0.000026 0.000390 0.007012 0.256899 -1.947423 11.332915 11.408067 8.453924 8.276407 8.027371
0.013524 11.331952 0.000017 0.000302 0.007012 0.251020 -1.750654 11.345082 11.414357 8.199375 8.086989 7.816049
0.014324 11.390273 0.000016 0.000095 0.007012 0.243895 -1.576898 11.435226 11.420749 8.220766 7.857462 7.728934
0.015188 11.442025 -0.000003 -0.000084 0.007012 0.240842 -1.420892 11.475915 11.451327 7.902849 7.759110 7.523788
0.014759 11.481672 -0.000005 -0.000120 0.007012 0.234115 -1.281192 11.497533 11.465617 7.691891 7.542382 7.321222
0.012859 11.517919 -0.000007 -0.000207 0.007012 0.227187 -1.157651 11.545935 11.482555 4.487051 7.319184 5.588906
0.009950 11.549185 -0.000014 -0.000264 0.007012 0.170236 -1.047903 11.330005 11.267438 6.147157 5.484430 5.607726
0.007962 11.578663 -0.000014 -0.001234 0.007012 0.170259 -0.943706 11.829486 11.350458 6.330721 5.485144 5.694814
0.006828 11.591031 -0.000106 -0.000954 0.028519 0.173454 -0.840785 11.466483 11.440731 6.172480 5.588091 5.656301
0.008589 11.626617 -0.000006 -0.000737 0.028519 0.173607 -0.676454 11.800488 11.505082 5.848488 5.593017 5.492622
0.031067 11.913103 -0.000066 -0.001617 0.028519 0.169672 -0.500289 12.023200 11.565890 5.324389 5.466247 5.171165
0.028897 11.908037 -0.000102 -0.001356 0.028519 0.160610 -0.321107 11.804799 11.588996 4.883408 5.174291 4.818583
0.009414 11.697825 -0.000049 -0.000431 0.028519 0.150052 -0.158447 11.589468 11.577100 4.728653 4.834166 4.588096
0.011299 11.742989 -0.000004 -0.000658 0.028519 0.143032 0.011954 11.857544 11.585426 4.747177 4.608000 4.495776
0.012069 11.775099 -0.000061 -0.000752 0.028519 0.140558 -1.020144 11.720042 11.615292 5.134713 4.528294 4.654164
0.012914 11.786985 -0.000024 -0.000681 0.028519 0.146157 -0.907163 11.888028 11.679949 5.326683 4.708661 4.834317
0.014574 11.809205 -0.000047 -0.000512 0.028519 0.153030 -0.795531 11.794543 11.741271 5.420741 4.930110 4.986346
0.013254 11.818279 -0.000013 -0.000305 0.028519 0.158235 -0.694848 11.875689 11.787393 5.525685 5.097772 5.120165
0.011661 11.810484 -0.000021 -0.000092 0.028519 0.162361 -0.582631 11.791829 11.823211 4.806370 5.230714 4.828946
0.011532 11.813776 0.000006 0.000037 0.025805 0.153069 -0.459183 11.798104 11.789038 4.665675 4.931365 4.627459
0.012532 11.820376 -0.000003 -0.000124 0.023349 0.146788 -0.360099 11.817388 11.771366 4.619995 4.729010 4.517359
0.012483 11.805289 -0.000011 -0.000134 0.021127 0.144117 -0.249726 11.787072 11.766221 4.163447 4.642965 4.257226
0.009719 11.777972 -0.000006 -0.000047 0.019117 0.136168 -0.166837 11.733141 11.729846 4.200588 4.386872 4.165190
0.007426 11.761309 -0.000002 -0.000125 0.017297 0.132934 -0.120889 11.769255 11.718405 4.085476 4.282664 4.066125
0.006824 11.753778 -0.000012 -0.000140 0.015651 0.129411 -0.093737 11.725955 11.706501 3.878841 4.169182 3.916713
0.007337 11.751820 -0.000005 -0.000180 0.014162 0.124604 -0.101033 11.749776 11.688296 3.841726 4.014324 3.832366
0.009504 11.755502 -0.000014 -0.000266 0.012814 0.122338 -0.128110 11.746567 11.681501 3.546792 3.941326 3.657580
0.011866 11.750179 -0.000015 -0.000272 0.011595 0.117734 -0.156693 11.722173 11.657473 3.364585 3.792988 3.505850
0.014015 11.748627 -0.000015 -0.000361 0.010491 0.113916 -0.216879 11.736243 11.633041 3.604068 3.669981 3.577850
0.016717 11.754200 -0.000024 -0.000480 0.009493 0.116971 -0.260456 11.763403 11.639995 3.664781 3.768393 3.661748
0.018633 11.762428 -0.000028 -0.000485 0.008590 0.119983 -0.280656 11.753534 11.644125 -16.206283 3.865451 -6.260309
0.018556 11.760501 -0.000025 -0.000461 0.007772 -0.204130 -0.290308 10.194286 10.083974 -7.353204 -6.576357 -6.532883
0.013830 11.721652 -0.000025 -0.006491 0.007033 -0.213616 -0.248810 12.882712 10.186908 -7.786377 -6.881983 -6.904519
-0.000002 11.575932 -0.000599 -0.005506 0.161080 -0.226999 -0.222342 10.459686 10.254989 -8.097001 -7.313120 -7.274254
-0.022988 11.299656 -0.000049 -0.004141 0.161080 -0.240816 3.176941 11.910247 10.298071 -8.446404 -7.758254 -7.670990
-0.049467 10.992501 -0.000361 -0.002753 0.161080 -0.253685 2.598605 10.204417 10.313626 -8.614103 -8.172867 -7.952821
-0.078109 10.701946 0.000019 -0.001539 0.161080 -0.263463 1.982883 11.065417 10.317906 -8.727389 -8.487875 -8.159826
-0.108466 10.466622 -0.000170 -0.000589 0.161080 -0.273356 1.246581 9.968829 10.314021 -8.557969 -8.806576 -8.191021
-0.128912 10.342418 0.000072 -0.000113 0.161080 -0.279791 -0.072183 10.660757 10.336329 -10.481871 -9.013903 -9.531788
-0.135522 10.330330 -0.000076 0.000024 0.161080 -0.334366 28.681593 9.951034 10.220775 -12.797959 -10.772128 -11.627345
-0.137743 10.358442 0.000056 -0.000546 0.161080 -0.402034 25.730614 10.525729 10.075902 -13.717751 -12.952159 -12.949011
-0.144643 10.307180 -0.000103 -0.000917 0.161080 -0.442656 23.064481 10.072388 10.039077 -15.961026 -14.260871 -14.872147
-0.159119 10.213673 -0.000011 -0.000692 0.161080 -0.503116 20.649849 10.193564 9.923400 -17.605886 -16.208676 -16.586441
-0.180867 10.070377 -0.000063 -0.000583 0.161080 -0.558191 18.483811 9.862414 9.828684 -18.348947 -17.982994 -17.649358
-0.184290 10.126091 -0.000011 -0.001179 0.145751 -0.591554 16.522395 10.308375 9.829768 -19.777979 -19.057851 -18.967267
-0.221233 9.744676 -0.000109 0.000337 0.131881 -0.620884 14.764120 9.237324 9.764866 -21.412181 -20.002748 -20.220834
-0.275729 9.107680 0.000114 0.002605 0.119331 -0.646220 13.190792 8.893594 9.588777 -23.005633 -20.819002 -21.246537
-0.304557 8.804459 0.000152 0.003109 0.107975 -0.672198 11.791469 8.561918 9.339113 -23.066825 -21.655912 -21.884457
-0.335064 8.488518 0.000171 0.003372 0.097700 -0.688658 10.536438 8.319312 9.143567 -25.066763 -22.186185 -22.681142
-0.369148 8.096992 0.000183 0.004148 0.088403 -0.709427 9.398498 7.693562 8.813336 -28.686181 -22.855300 -23.782832
-0.407628 7.630807 0.000249 0.004687 0.079990 -0.738284 8.370992 7.123995 8.238475 -26.389606 -23.784977 -24.260748
-0.448491 7.139562 0.000249 0.004356 0.072378 -0.750849 7.449258 6.948051 7.924619 -22.014397 -24.189763 -24.146475
-0.503493 6.460268 0.000219 0.005804 0.065490 -0.747947 6.614675 6.240393 7.948534 -24.377615 -24.096296 -24.256474
-0.562529 5.718760 0.000383 0.008838 0.102860 -0.750832 5.848364 5.279424 7.703527 -25.863085 -24.189225 -24.432808
-0.605735 5.179307 0.000543 0.010006 0.145975 -0.755771 5.068875 4.968135 7.320027 -24.424217 -24.348338 -24.490671
-0.641401 4.724913 0.000529 0.010287 0.145975 -0.757413 4.224898 4.524393 7.054574 -27.219460 -24.401256 -24.673618
-0.683973 4.167582 0.000570 0.011443 0.153361 -0.762593 3.387461 3.661444 6.545185 -31.969022 -24.568140 -25.028401
-0.732054 3.539911 0.000651 0.011912 0.174951 -0.772616 2.524302 2.863132 5.665105 -34.501484 -24.891038 -25.413776
-0.781296 2.899667 0.000635 0.010962 0.174951 -0.783580 1.547835 2.176315 4.635982 -34.566806 -25.244245 -25.732472
-0.831028 2.245208 0.000560 0.009477 0.174951 -0.792686 0.329197 1.570285 3.666868 -37.222932 -25.537618 -26.072223
-0.880546 1.587431 0.000481 0.008242 0.174951 -0.801657 -4.242176 0.686088 2.543865 -33.736540 -25.826632 -26.236696
-0.932439 0.896593 0.000429 0.006529 0.174951 -0.806832 -3.510696 0.445583 1.759724 -20.260479 -25.993364 -26.064164
-0.988265 0.155294 0.000309 0.006360 0.174951 -0.802212 -2.836795 0.371996 2.048215 -17.218538 -25.844500 -25.851399
-1.039626 -0.522745 0.000389 0.010191 0.174951 -0.796325 -2.205938 -0.563052 2.466605 -19.009504 -25.654842 -25.698975
-1.071516 -0.939367 0.000689 0.013501 0.185310 -0.792041 -1.611925 -0.720032 2.646395 -14.012300 -25.516835 -25.471737
-1.082004 -1.071314 0.000765 0.014736 0.205836 -0.785178 -0.982795 -0.451437 3.175527 -5.052429 -25.295741 -25.098285
-1.086045 -1.116516 0.000825 0.017013 0.221870 -0.773507 -0.141133 -0.063355 4.331547 -1.899113 -24.919731 -24.682607
-1.085593 -1.101317 0.000997 0.021535 0.268205 -0.761431 5.100489 -0.128976 5.590972 -6.509748 -24.530699 -24.394026
-1.071270 -0.912028 0.001294 0.025777 0.347948 -0.751752 4.430136 -0.127275 6.351866 3.571106 -24.218878 -23.908832
-1.047755 -0.608892 0.001466 0.027591 0.394246 -0.735211 3.762979 1.182008 7.831983 8.551321 -23.685976 -23.304776
-1.027840 -0.352935 0.001508 0.032443 0.405562 -0.714743 2.977277 0.943567 9.537947 -2.210216 -23.026566 -22.894117
-0.999084 0.011532 0.001944 0.037761 0.522637 -0.700626 2.003083 0.896003 10.215403 -9.466649 -22.571755 -22.611541
-0.948290 0.646480 0.002110 0.037929 0.567415 -0.690364 0.292445 1.473104 10.284753 -18.285198 -22.241162 -22.499118
-0.908144 1.141626 0.002003 0.036242 0.567415 -0.684222 -10.554338 1.186230 9.680226 -16.339760 -22.043271 -22.242839
-0.901345 1.218412 0.001938 0.033541 0.567415 -0.676790 -9.254211 1.690792 9.280678 -8.982211 -21.803853 -21.802076
-0.916906 1.019084 0.001741 0.032747 0.567415 -0.663715 -8.096273 1.485763 9.458563 1.571325 -21.382612 -21.115185
-0.936292 0.777550 0.001829 0.034410 0.567415 -0.642958 -7.109405 2.008470 10.387951 20.737586 -20.713898 -19.991696
-0.939349 0.737429 0.001922 0.038253 0.567415 -0.607281 -6.232561 2.966602 12.668903 21.098746 -19.564498 -18.896555
-0.910667 1.080972 0.002218 0.045932 0.596474 -0.570134 -5.373763 2.756747 14.694389 8.408457 -18.367745 -18.105822
-0.843554 1.886200 0.002718 0.050769 0.730942 -0.541351 -4.485166 3.286567 15.510376 8.324905 -17.440480 -17.222891
-0.753557 2.962427 0.002788 0.049738 0.749653 -0.507004 -3.322780 4.720765 16.273230 1.143994 -16.333912 -16.455000
-0.677794 3.854082 0.002645 0.049227 0.749653 -0.478191 -1.675979 4.529405 16.399985 -12.051160 -15.405677 -16.216005
-0.628149 4.428423 0.002720 0.047453 0.749653 -0.471761 1.338915 4.610324 15.465516 -9.958618 -15.198526 -15.861768
-0.593173 4.817756 0.002499 0.042206 0.749653 -0.459577 -2.107651 5.394031 14.811069 -8.153008 -14.805988 -15.345941
-0.577311 4.966826 0.002183 0.039021 0.749653 -0.443953 0.185769 5.146047 14.347630 -12.056162 -14.302650 -15.121152
-0.579543 4.925775 0.002136 0.037346 0.749653 -0.433358 -19.310243 4.925476 13.581364 -12.355233 -13.961318 -14.784855
-0.583826 4.876413 0.002016 0.034505 0.749653 -0.424884 -17.250504 4.962932 12.836639 -12.727183 -13.688317 -14.516306
-0.586516 4.852579 0.001843 0.031647 0.749653 -0.418488 -15.390536 4.839562 12.113498 -10.494150 -13.482238 -14.135029
-0.592284 4.797184 0.001709 0.029000 0.749653 -0.408444 -13.699985 4.997274 11.615859 -3.060220 -13.158670 -13.314537
-0.597265 4.713714 0.001562 0.027359 0.749653 -0.383982 -12.063739 5.277661 11.716440 -15.753484 -12.370568 -13.392160
-0.597414 4.686275 0.001520 0.027866 0.749653 -0.388320 -10.483184 3.948255 10.748512 -18.071822 -12.510343 -13.625090
-0.588495 4.792790 0.001599 0.023607 0.678314 -0.397940 -9.164658 5.032907 9.717428 -8.198700 -12.820254 -13.199249
-0.590786 4.777569 0.001128 0.019581 0.613764 -0.385766 -8.079075 4.935206 9.585350 -6.914114 -12.428043 -12.729772
-0.622630 4.438437 0.001117 0.020401 0.555357 -0.373330 -7.169903 4.472810 9.502446 6.358615 -12.027410 -11.551361
-0.643451 4.203449 0.001198 0.021004 0.502507 -0.338729 -6.308974 5.427744 10.412329 5.448803 -10.912697 -10.571476
-0.630583 4.340574 0.001185 0.024067 0.454688 -0.306726 -5.326823 4.752084 11.086399 -1.539511 -9.881656 -10.020833
-0.595428 4.757840 0.001483 0.025085 0.411418 -0.288179 -4.403112 5.415707 11.106804 4.655912 -9.284144 -9.053629
-0.548509 5.312061 0.001339 0.022969 0.372267 -0.252835 -3.481036 6.320770 11.618955 -5.655494 -8.145478 -8.800641
-0.511339 5.755988 0.001251 0.023240 0.336841 -0.245336 -2.483218 5.499149 11.227645 -7.825226 -7.903876 -8.739560
-0.482030 6.105116 0.001345 0.020305 0.361633 -0.245009 -1.553938 6.596049 10.721551 -3.252440 -7.893354 -8.238762
-0.456540 6.362432 0.000988 0.017279 0.361633 -0.228373 -0.152649 6.538962 10.649063 -8.661194 -7.357381 -8.345136
-0.444894 6.455749 0.000982 0.016621 0.361633 -0.235651 10.575756 6.287079 10.127632 -7.077291 -7.591852 -8.318957
-0.437589 6.540476 0.000920 0.014219 0.361633 -0.235303 9.472559 6.783489 9.809211 -2.277156 -7.580654 -7.691588
-0.430484 6.638420 0.000737 0.012568 0.361633 -0.215190 8.534537 6.937674 9.907441 -5.111706 -6.932676 -7.474297
-0.424490 6.718778 0.000722 0.012639 0.361633 -0.209119 7.674811 6.686259 9.731172 -7.342775 -6.737089 -7.564857
-0.407840 6.903750 0.000735 0.011207 0.361633 -0.213400 6.890651 7.030312 9.400999 -7.299314 -6.875020 -7.638076
-0.385723 7.121454 0.000583 0.009036 0.361633 -0.216728 6.164929 7.161141 9.139819 -10.428440 -6.982226 -8.182709
-0.375388 7.228403 0.000493 0.007576 0.361633 -0.235951 5.539270 7.012345 8.678809 -9.575116 -7.601522 -8.500647
-0.373868 7.263502 0.000421 0.005610 0.361633 -0.247297 5.092572 7.309879 8.382729 -8.440608 -7.967060 -8.573208
-0.375329 7.259179 0.000286 0.004454 0.361633 -0.250717 4.715745 7.181536 8.233292 -9.223227 -8.077234 -8.765596
-0.377661 7.245649 0.000278 0.003915 0.327219 -0.257970 4.412339 7.207198 8.044786 -5.430231 -8.310907 -8.310762
-0.375123 7.280107 0.000227 0.003031 0.296080 -0.243871 4.145095 7.564015 8.193900 -2.713371 -7.856680 -7.483330
-0.369089 7.341088 0.000178 0.003380 0.267905 -0.216647 3.816080 7.565511 8.511384 -4.032021 -6.979632 -6.998647
-0.360342 7.445617 0.000245 0.004224 0.242410 -0.200663 3.439827 7.580526 8.635630 -3.816412 -6.464687 -6.536352
-0.344982 7.637243 0.000267 0.003957 0.219342 -0.185092 3.068788 7.889999 8.743174 -4.145229 -5.963041 -6.193131
-0.328202 7.820908 0.000220 0.003656 0.198469 -0.173503 2.641596 7.907986 8.793297 -6.473256 -5.589655 -6.391325
-0.315194 7.958753 0.000226 0.003308 0.179582 -0.181005 2.217242 7.930173 8.640649 -5.880977 -5.831365 -6.399534
-0.303320 8.083646 0.000185 0.002208 0.162492 -0.181763 1.882310 8.202540 8.581064 -5.085387 -5.855771 -6.189170
-0.294417 8.175000 0.000109 0.001610 0.147029 -0.174842 1.585674 8.213296 8.600785 -5.244393 -5.632819 -6.053186
-0.288420 8.237135 0.000109 0.001441 0.133037 -0.170865 1.352909 8.286624 8.594837 -5.366455 -5.504694 -5.975301
-0.281390 8.318241 0.000090 0.001096 0.120377 -0.168967 1.195727 8.354360 8.578003 -5.152740 -5.443525 -5.846716
-0.272041 8.428843 0.000069 0.000591 0.108922 -0.165600 1.133497 8.511200 8.585858 -5.098566 -5.335050 -5.736178
-0.262524 8.523393 0.000035 0.000248 0.098557 -0.162627 1.101035 8.551666 8.598130 -6.519540 -5.239292 -6.136238
-0.253539 8.623048 0.000027 -0.000099 0.089178 -0.177286 1.156174 8.579899 8.500368 -7.282331 -5.711560 -6.671590
-0.246479 8.723364 -0.000003 -0.000884 0.080691 -0.196866 1.330406 8.715131 8.399663 -7.296155 -6.342353 -7.019450
-0.241861 8.792851 -0.000056 -0.001559 0.073013 -0.210050 1.493942 8.780337 8.364291 -7.827205 -6.767097 -7.454323
-0.240984 8.825960 -0.000080 -0.001830 0.066064 -0.225548 1.620066 8.779443 8.327442 -7.295192 -7.266371 -7.507895
-0.242859 8.819663 -0.000090 -0.001951 0.059778 -0.228452 1.708503 8.849582 8.374407 -6.682151 -7.359937 -7.311845
-0.244008 8.827318 -0.000097 -0.001795 0.054089 -0.222766 1.724295 8.862583 8.472775 -6.372847 -7.176764 -7.081901
-0.243241 8.863263 -0.000079 -0.001548 0.048942 -0.216124 1.683251 8.926761 8.574777 -6.504849 -6.962783 -7.007451
-0.240123 8.909094 -0.000072 -0.001325 0.044284 -0.213998 1.577041 8.930821 8.644069 -7.064441 -6.894294 -7.188076
-0.236240 8.967697 -0.000058 -0.001283 0.040070 -0.220084 1.448502 8.983875 8.663108 -7.426007 -7.090335 -7.438434
-0.233605 9.011199 -0.000067 -0.001380 0.036257 -0.228370 1.321986 9.006773 8.671631 -7.993341 -7.357296 -7.815409
-0.233430 9.031702 -0.000071 -0.001427 0.032807 -0.240556 1.206801 9.001838 8.657830 -8.147455 -7.749875 -8.085729
-0.235592 9.039476 -0.000073 -0.001513 0.029685 -0.249496 1.102022 9.038452 8.664861 -7.839708 -8.037895 -8.112302
-0.238023 9.037627 -0.000080 -0.001478 0.026860 -0.250891 0.991006 9.052486 8.717657 -7.776361 -8.082838 -8.110123
-0.240632 9.033975 -0.000072 -0.001254 0.024304 -0.251115 0.862377 9.043166 8.773289 -7.841858 -8.090057 -8.138920
-0.243715 9.015704 -0.000059 -0.000961 0.021991 -0.252253 0.726893 9.013170 8.816966 -8.289361 -8.126733 -8.330166
-0.245842 9.009651 -0.000043 -0.000764 0.019898 -0.258154 0.588068 8.994101 8.823500 -8.570701 -8.316843 -8.544756
-0.246920 9.024057 -0.000037 -0.000795 0.018005 -0.265126 0.466687 9.028143 8.823676 -8.902026 -8.541457 -8.798014
-0.248054 9.024596 -0.000045 -0.000796 0.016291 -0.273187 0.350271 8.993523 8.815532 -9.907565 -8.801133 -9.318596
-0.250270 9.013063 -0.000039 -0.000783 0.014741 -0.289520 0.261561 8.942052 8.748642 -10.127038 -9.327346 -9.710009
-0.254277 8.982898 -0.000043 -0.000929 0.013338 -0.301635 0.228945 8.952952 8.709445 -9.915389 -9.717640 -9.873087
-0.258606 8.948089 -0.000054 -0.000946 0.014612 -0.306612 0.234318 8.928714 8.717824 -9.346813 -9.877985 -9.781825
-0.261985 8.914465 -0.000047 -0.000779 0.014612 -0.303529 0.239305 8.944661 8.779084 -9.295171 -9.778659 -9.702632
-0.266775 8.864359 -0.000037 -0.000338 0.014612 -0.300671 0.220145 8.837978 8.825472 -9.179929 -9.686574 -9.606889
-0.270620 8.833428 -0.000004 -0.000032 0.014612 -0.297507 0.206966 8.869462 8.865943 -9.165132 -9.584661 -9.535331
-0.275022 8.803786 -0.000002 0.000246 0.014612 -0.295313 0.176192 8.784098 8.892580 -9.352529 -9.513955 -9.542962
-0.277470 8.781264 0.000023 0.000441 0.014612 -0.295707 0.120799 8.791639 8.894089 -10.485545 -9.526665 -9.878059
-0.278012 8.774793 0.000022 0.000473 0.014612 -0.306256 0.016079 8.686229 8.807071 -10.971625 -9.866505 -10.243265
-0.279729 8.755336 0.000026 0.000205 0.014612 -0.317753 -0.013240 8.724081 8.715357 -10.808742 -10.236911 -10.444115
-0.280911 8.732352 -0.000002 -0.000067 0.014612 -0.323771 -0.120005 8.694189 8.672278 -11.412101 -10.430803 -10.743689
-0.284375 8.687819 -0.000005 -0.000062 0.014612 -0.332898 -0.179705 8.605878 8.596988 -11.176543 -10.724814 -10.876937
-0.289550 8.624974 -0.000002 -0.000111 0.014612 -0.336864 -0.237475 8.604877 8.564412 -10.955961 -10.852609 -10.904931
-0.294044 8.566688 -0.000009 -0.000009 0.013221 -0.337635 -0.271076 8.528044 8.556546 -11.059228 -10.877440 -10.947486
-0.296283 8.530572 0.000006 0.000103 0.011963 -0.338859 -0.280247 8.518359 8.539713 -11.235810 -10.916859 -11.018425
-0.297073 8.509687 0.000005 0.000119 0.010825 -0.340979 -0.278879 8.477772 8.511734 -11.302112 -10.985188 -11.081404
-0.296953 8.486614 0.000007 0.000100 0.009795 -0.342760 -0.271980 8.468871 8.484404 -11.651374 -11.042558 -11.208346
-0.296526 8.451787 0.000003 0.000129 0.008862 -0.346350 -0.266809 8.390444 8.433467 -11.538856 -11.158209 -11.257695
-0.296800 8.415039 0.000009 0.000073 0.008019 -0.347307 -0.279721 8.404908 8.401816 -10.538525 -11.189032 -11.019265
-0.299141 8.369004 -0.000001 0.000130 0.007256 -0.339372 -0.298695 8.391222 8.449475 -9.664300 -10.933392 -10.615164
-0.303154 8.302048 0.000013 0.000584 0.006565 -0.326618 -0.300020 8.330090 8.534113 -9.403217 -10.522512 -10.256435
-0.305241 8.264179 0.000045 0.001070 0.012189 -0.315286 -0.285012 8.299100 8.594770 -8.502487 -10.157422 -9.773321
-0.304830 8.253074 0.000066 0.001354 0.017714 -0.299865 -0.262781 8.345848 8.690196 -8.665218 -9.660624 -9.456483
-0.301649 8.272624 0.000077 0.001655 0.020696 -0.289577 -0.189997 8.291993 8.726388 -10.190196 -9.329182 -9.600493
-0.298817 8.313026 0.000097 0.001638 0.026153 -0.294894 -0.130610 8.262427 8.617627 -10.773998 -9.500471 -9.864236
-0.299414 8.315180 0.000080 0.001199 0.026153 -0.304262 -0.166333 8.257654 8.487654 -12.044620 -9.802267 -10.394930
-0.304206 8.261034 0.000053 0.000898 0.026153 -0.321610 -0.254927 8.088142 8.289397 -12.701377 -10.361182 -10.949703
-0.311449 8.190319 0.000046 0.000393 0.026153 -0.339310 -0.408602 8.088803 8.096232 -11.682985 -10.931396 -11.119577
-0.321221 8.083347 0.000003 0.000051 0.026153 -0.344958 -0.512468 8.020127 8.036087 -12.420496 -11.113374 -11.414850
-0.335187 7.936773 0.000005 0.000394 0.026153 -0.354018 -0.568073 7.767731 7.923797 -11.831131 -11.405253 -11.514706
-0.344865 7.832896 0.000036 0.000360 0.026153 -0.357419 -0.598840 7.851677 7.881357 -11.016525 -11.514823 -11.443313
-0.350373 7.753575 0.000008 0.000507 0.026153 -0.355064 -0.551349 7.714115 7.907600 -11.741051 -11.438932 -11.518551
-0.355153 7.681838 0.000044 0.000895 0.026153 -0.357158 -0.460821 7.632358 7.861365 -11.272024 -11.506388 -11.485666
-0.355074 7.659594 0.000052 0.000800 0.026153 -0.355696 -0.326264 7.699735 7.859541 -11.126670 -11.459317 -11.421833
-0.353938 7.654793 0.000037 0.000812 0.026153 -0.353223 -0.135113 7.644888 7.865115 -11.338350 -11.379627 -11.397011
-0.352341 7.665261 0.000050 0.000792 0.023664 -0.352304 0.212819 7.684791 7.848362 -11.586125 -11.350022 -11.417629
-0.352723 7.653727 0.000038 0.000771 0.021412 -0.352937 0.081491 7.610387 7.810410 -11.608697 -11.370404 -11.435194
-0.357128 7.592766 0.000046 0.000863 0.019374 -0.353562 0.017641 7.560010 7.769985 -11.312749 -11.390559 -11.395518
-0.362358 7.520445 0.000048 0.000989 0.017531 -0.352476 0.408151 7.494886 7.751124 -11.167979 -11.355554 -11.341110
-0.367424 7.452080 0.000059 0.001185 0.015862 -0.350823 0.390308 7.432523 7.735908 -12.049667 -11.302309 -11.447522
-0.373781 7.388690 0.000069 0.001376 0.018604 -0.354359 0.376140 7.295098 7.642662 -12.519063 -11.416216 -11.612829
-0.382900 7.315518 0.000079 0.001297 0.021278 -0.359962 0.374269 7.245491 7.523585 -11.593280 -11.596734 -11.611859
-0.390917 7.238658 0.000064 0.001129 0.021278 -0.360452 0.342294 7.233461 7.495363 -11.837270 -11.612511 -11.660895
-0.400033 7.143129 0.000060 0.001396 0.021278 -0.362186 0.256917 7.053262 7.442539 -9.257190 -11.668388 -11.340343
-0.409532 7.030099 0.000089 0.001635 0.023855 -0.352289 0.130180 7.200386 7.590112 -7.153897 -11.349530 -10.795453
-0.413515 6.972106 0.000089 0.002450 0.023934 -0.334546 -0.320051 7.118037 7.856866 -6.986776 -10.777925 -10.304040
-0.412765 6.978828 0.000167 0.003480 0.044809 -0.318382 -0.083728 7.164341 8.065941 -7.030594 -10.257189 -9.881268
-0.405792 7.053604 0.000203 0.004013 0.054662 -0.304480 1.818339 7.217684 8.217377 -9.731430 -9.809298 -9.886879
-0.396133 7.170010 0.000226 0.004152 0.060690 -0.304540 1.526141 7.137969 8.118738 -9.718863 -9.811239 -9.883020
-0.380803 7.352726 0.000222 0.003036 0.060690 -0.304410 1.244620 7.531765 8.049371 -10.879242 -9.807039 -10.058288
-0.377724 7.383908 0.000120 0.002638 0.060690 -0.310189 0.964749 7.181659 7.898862 -12.107047 -9.993236 -10.398895
-0.384575 7.295039 0.000164 0.002393 0.060690 -0.320884 0.719136 7.220214 7.672950 -11.134891 -10.337771 -10.521017
-0.386011 7.274980 0.000106 0.001577 0.060690 -0.324787 0.519438 7.256372 7.570732 -9.350329 -10.463508 -10.345435
-0.387600 7.243448 0.000075 0.001297 0.060690 -0.319108 0.343787 7.320280 7.625175 -9.705985 -10.280550 -10.250065
-0.388597 7.212456 0.000073 0.001636 0.060690 -0.315837 0.084345 7.171190 7.628896 -9.287016 -10.175197 -10.098556
-0.387713 7.213322 0.000107 0.001647 0.060690 -0.310732 -0.416596 7.316580 7.656891 -8.240802 -10.010704 -9.803076
-0.384695 7.241159 0.000081 0.001648 0.060690 -0.301058 -0.263446 7.319422 7.753916 -9.475338 -9.699067 -9.741397
-0.381830 7.268132 0.000101 0.001926 0.060690 -0.299249 -0.067809 7.244621 7.722858 -9.646729 -9.640768 -9.717316
-0.377530 7.311458 0.000111 0.001631 0.060690 -0.298742 0.362418 7.364462 7.681251 -8.783171 -9.624440 -9.560493
-0.372540 7.361671 0.000075 0.001267 0.054915 -0.293651 0.276678 7.425317 7.715172 -8.231181 -9.460414 -9.335082
-0.370274 7.372640 0.000069 0.001358 0.049689 -0.286303 0.157594 7.426758 7.777178 -8.872391 -9.223699 -9.252237
-0.368188 7.390666 0.000082 0.001532 0.044960 -0.283656 0.010444 7.389304 7.766037 -8.369345 -9.138420 -9.094358
-0.364627 7.435043 0.000088 0.001312 0.040682 -0.278659 -0.204151 7.531860 7.793163 -7.980762 -8.977437 -8.895913
-0.363168 7.456797 0.000063 0.001333 0.036810 -0.272537 -0.127972 7.474795 7.837574 -8.064258 -8.780193 -8.751710
-0.360801 7.485798 0.000085 0.001394 0.033307 -0.268219 0.038909 7.550665 7.858461 -8.454896 -8.641092 -8.707928
-0.355091 7.548499 0.000073 0.001229 0.030138 -0.266835 -0.692570 7.561347 7.842045 -9.311904 -8.596508 -8.825357
-0.348950 7.620533 0.000067 0.000878 0.027270 -0.271059 -0.602996 7.611860 7.763872 -9.257867 -8.732604 -8.914483
-0.344672 7.682250 0.000038 0.000324 0.024675 -0.274324 -0.551700 7.697430 7.714578 -7.982328 -8.837773 -8.742894
-0.340578 7.733307 0.000008 -0.000074 0.022327 -0.268947 -0.516934 7.828996 7.783439 -7.792337 -8.664560 -8.570864
-0.335721 7.789279 -0.000007 -0.000023 0.020202 -0.263324 -0.464039 7.825807 7.852326 -7.307043 -8.483401 -8.331937
-0.325249 7.903116 0.000009 -0.000201 0.018280 -0.255149 -0.411852 8.057081 7.949523 -7.361929 -8.220011 -8.145222
-0.317742 7.983106 -0.000021 -0.000133 0.016540 -0.248686 -0.343404 7.991121 8.020077 -7.224559 -8.011818 -7.956802
-0.314420 8.030321 0.000009 -0.000041 0.014966 -0.242620 -0.290282 8.123331 8.082750 -6.451718 -7.816380 -7.629146
-0.307424 8.102389 -0.000007 -0.000078 0.013542 -0.231689 -0.202849 8.192501 8.191579 -7.812914 -7.464239 -7.704959
-0.299954 8.161900 0.000002 0.000118 0.012253 -0.234205 -0.069013 8.110116 8.161307 -8.389735 -7.545273 -7.902337
-0.291611 8.233222 0.000013 -0.000285 0.011087 -0.240695 0.096205 8.265579 8.102370 -7.762007 -7.754364 -7.865465
-0.285197 8.288527 -0.000034 -0.000738 0.010032 -0.239147 0.106860 8.306286 8.120387 -7.883257 -7.704493 -7.859366
-0.280173 8.334382 -0.000040 -0.000848 0.010714 -0.238948 0.187897 8.342859 8.127788 -8.208576 -7.698074 -7.944275
-0.277521 8.370692 -0.000047 -0.000963 0.012543 -0.242198 0.273954 8.352982 8.112102 -7.321847 -7.802789 -7.736816
-0.275083 8.405167 -0.000053 -0.001162 0.014172 -0.236167 0.345262 8.484576 8.179070 -7.279953 -7.608486 -7.592629
-0.271378 8.449325 -0.000067 -0.001071 0.018116 -0.232051 0.369488 8.446852 8.231823 -7.930031 -7.475876 -7.708603
-0.259697 8.588464 -0.000048 -0.001414 0.018116 -0.236870 0.393203 8.666189 8.231922 -7.967548 -7.631152 -7.812098
-0.259156 8.617243 -0.000097 -0.001527 0.025959 -0.240945 0.412667 8.551743 8.244112 -7.877790 -7.762423 -7.858243
-0.266921 8.555668 -0.000069 -0.001235 0.025959 -0.243399 0.434493 8.549773 8.266233 -8.414631 -7.841467 -8.081605
-0.265068 8.597096 -0.000064 -0.001311 0.025959 -0.251524 0.420426 8.590071 8.254436 -8.605375 -8.103255 -8.308583
-0.263433 8.636940 -0.000076 -0.001516 0.025959 -0.259507 0.409394 8.635115 8.253366 -8.206969 -8.360413 -8.338114
-0.264819 8.649238 -0.000086 -0.001569 0.025959 -0.260765 0.379377 8.672553 8.304969 -8.370852 -8.400966 -8.420151
-0.267601 8.641990 -0.000083 -0.001336 0.025959 -0.263696 0.311943 8.619898 8.341029 -9.091436 -8.495384 -8.714048
-0.268344 8.655100 -0.000064 -0.001245 0.025959 -0.273191 0.184655 8.636586 8.325761 -9.304596 -8.801269 -8.980085
-0.267064 8.691073 -0.000071 -0.001448 0.025959 -0.281829 -0.023108 8.695247 8.322877 -9.119219 -9.079562 -9.101610
-0.272252 8.645448 -0.000085 -0.001279 0.025959 -0.285862 2.094551 8.602504 8.352029 -9.538912 -9.209478 -9.319468
-0.278013 8.584825 -0.000058 -0.000923 0.025959 -0.292212 1.858342 8.544885 8.349511 -10.267593 -9.414077 -9.673034
-0.279317 8.582719 -0.000046 -0.000924 0.025959 -0.303027 1.646300 8.546149 8.305994 -9.706264 -9.762501 -9.744350
-0.281886 8.570236 -0.000056 -0.001047 0.023489 -0.305020 1.462392 8.593910 8.336822 -8.861738 -9.826707 -9.550287
-0.284651 8.540679 -0.000059 -0.000808 0.021254 -0.298447 1.291197 8.573660 8.432773 -8.973230 -9.614952 -9.442053
-0.286367 8.519134 -0.000034 -0.000342 0.019231 -0.294442 1.130514 8.525766 8.491661 -8.852523 -9.485913 -9.323549
-0.286680 8.527780 -0.000010 -0.000143 0.017401 -0.290186 0.985815 8.578991 8.544873 -8.902680 -9.348799 -9.245708
-0.286295 8.547810 -0.000010 -0.000012 0.015745 -0.287608 0.856242 8.557800 8.580102 -9.744530 -9.265749 -9.422345
-0.284572 8.583501 0.000003 -0.000013 0.014247 -0.293421 0.738951 8.566570 8.542949 -10.009332 -9.453015 -9.623734
-0.280817 8.640901 -0.000007 -0.000388 0.012891 -0.300224 0.640818 8.656802 8.509180 -10.333458 -9.672190 -9.864734
-0.276949 8.685048 -0.000034 -0.000697 0.011664 -0.308081 0.555229 8.655862 8.474984 -10.983624 -9.925324 -10.225233
-0.276249 8.686294 -0.000042 -0.000838 0.011232 -0.319394 0.490707 8.627765 8.413241 -10.966000 -10.289784 -10.462603
-0.280544 8.632936 -0.000049 -0.000871 0.013250 -0.326373 0.451487 8.584119 8.382257 -10.893827 -10.514603 -10.594154
-0.287531 8.555763 -0.000047 -0.000688 0.013250 -0.330194 0.436012 8.503381 8.369911 -10.596288 -10.637726 -10.598910
-0.294095 8.470134 -0.000031 -0.000397 0.013250 -0.330188 0.422394 8.446780 8.383178 -10.796927 -10.637527 -10.652890
-0.300176 8.387324 -0.000016 -0.000016 0.013250 -0.331514 0.398062 8.327277 8.371110 -10.353110 -10.680228 -10.573032
-0.303761 8.325485 0.000008 0.000181 0.013250 -0.328635 0.371143 8.349667 8.392164 -10.518077 -10.587489 -10.548557
-0.305531 8.285747 0.000008 0.000422 0.013250 -0.327324 0.326465 8.240046 8.386958 -11.005419 -10.545259 -10.636759
-0.306596 8.258748 0.000031 0.000508 0.013250 -0.329928 0.290282 8.237675 8.338102 -11.391104 -10.629148 -10.789184
-0.308794 8.223538 0.000021 0.000454 0.013250 -0.334630 0.252650 8.152561 8.266978 -11.228644 -10.780635 -10.858216
-0.310988 8.184533 0.000025 0.000327 0.013250 -0.336896 0.226462 8.175028 8.223651 -11.290462 -10.853639 -10.924893
-0.314686 8.133748 0.000010 0.000356 0.013250 -0.338960 0.179269 8.066517 8.180454 -11.377011 -10.920130 -10.992605
-0.320916 8.065394 0.000025 0.000456 0.013250 -0.341363 0.145395 8.028718 8.133170 -11.527276 -10.997529 -11.082663
-0.328336 7.986472 0.000023 0.000581 0.011989 -0.344464 0.085600 7.911192 8.077016 -12.213015 -11.097433 -11.302098
-0.336534 7.900576 0.000037 0.000699 0.010848 -0.351657 0.037161 7.804725 7.972013 -12.283913 -11.329175 -11.491844
-0.345903 7.803752 0.000037 0.000667 0.009985 -0.357761 -0.047289 7.728209 7.880423 -11.815750 -11.525824 -11.554806
-0.355342 7.708806 0.000034 0.000680 0.009985 -0.360014 -0.004773 7.670580 -835.254477 -12.123706 -11.598408 -11.668164
-0.365581 7.593463 0.000038 -3.340880 0.010231 -0.365377 0.329409 7.490634 -751.010818 -13.032070 -11.771184 -11.961966
-0.376196 7.476799 0.000064 -3.006493 0.017079 -0.374237 0.284385 7.366992 -675.260795 -11.194734 -12.056628 -11.899915
-0.384774 7.384246 0.000063 -2.705868 0.017079 -0.372127 0.250659 7.465542 -606.928797 -9.514591 -11.988644 -11.594059
-0.391791 7.300026 0.000050 -2.434680 0.017079 -0.362236 0.183603 7.361353 -545.312175 -9.515491 -11.669990 -11.341098
-0.395328 7.246619 0.000108 -2.190232 0.029004 -0.353694 0.041339 7.323546 -489.887580 -9.307647 -11.394820 -11.091310
-0.394069 7.254016 0.000141 -1.970570 0.037880 -0.344719 -1.206275 7.361834 -440.009977 -8.064170 -11.105651 -10.677784
-0.388902 7.304328 0.000154 -1.773064 0.041326 -0.330550 -1.018266 7.496497 -395.040373 -9.091314 -10.649192 -10.463622
-0.384475 7.338332 0.000161 -1.594948 0.043225 -0.323093 -0.800137 7.333795 -354.680507 -10.130421 -10.408949 -10.428522
-0.380161 7.377841 0.000205 -1.435127 0.055152 -0.321722 -0.579343 7.434889 -318.452861 -9.250648 -10.364791 -10.252074
-0.375928 7.424807 0.000169 -1.291714 0.055152 -0.315825 -0.276251 7.503988 -285.777847 -9.634098 -10.174794 -10.159673
-0.373851 7.450644 0.000157 -1.162299 0.055152 -0.313036 0.292187 7.450311 -256.412657 -10.593582 -10.084929 -10.241152
-0.373888 7.450902 0.000162 -1.045902 0.055152 -0.315746 -0.246873 7.411542 -230.066133 -11.030078 -10.172242 -10.377786
-0.375463 7.436354 0.000146 -0.941412 0.055152 -0.320505 0.279182 7.389027 -206.383060 -10.946718 -10.325585 -10.483209
-0.379007 7.409409 0.000123 -0.847430 0.055152 -0.324050 -0.081651 7.377075 -185.052453 -10.660167 -10.439774 -10.526665
-0.383469 7.367355 0.000104 -0.762714 0.055152 -0.325970 0.815403 7.342320 -165.827731 -11.991387 -10.501643 -10.779739
-0.387180 7.331682 0.000097 -0.686369 0.055152 -0.334180 0.654654 7.206511 -148.628450 -12.903114 -10.766138 -11.128579
-0.390508 7.302532 0.000092 -0.618079 0.055152 -0.345450 0.555348 7.212004 -133.202695 -11.967952 -11.129224 -11.282262
-0.395225 7.252827 0.000047 -0.556738 0.055152 -0.350362 0.510818 7.219806 -119.222822 -11.230651 -11.287451 -11.303928
-0.401234 7.176470 0.000027 -0.501021 0.055152 -0.350987 0.492278 7.146249 -106.578445 -11.060959 -11.307609 -11.296695
-0.407440 7.095466 0.000041 -0.450581 0.049903 -0.350560 0.464759 7.074154 -95.191739 -9.804185 -11.293832 -11.114344
-0.412291 7.035855 0.000056 -0.405210 0.045154 -0.344611 0.444036 7.121867 -84.852328 -8.126615 -11.102171 -10.733777
-0.414904 6.996680 0.000065 -0.364071 0.040857 -0.332203 0.347346 7.129542 -75.434416 -8.813961 -10.702432 -10.494384
-0.414671 6.992794 0.000106 -0.326725 0.036969 -0.324234 0.159957 7.031280 -67.043811 -8.732055 -10.445714 -10.270585
-0.410396 7.042439 0.000148 -0.293663 0.039743 -0.316676 -0.214896 7.185560 -59.500992 -8.833071 -10.202217 -10.081736
-0.404875 7.108287 0.000130 -0.264026 0.039743 -0.310532 0.174769 7.153684 -52.732848 -10.191270 -10.004269 -10.104450
-0.398057 7.178558 0.000146 -0.237477 0.039743 -0.311250 -0.349429 7.183813 -46.756352 -11.393832 -10.027394 -10.291590
-0.390051 7.256098 0.000123 -0.214095 0.039743 -0.317632 -0.096404 7.206923 -41.462110 -11.464078 -10.232996 -10.464388
-0.385535 7.299681 0.000084 -0.193282 0.039743 -0.323436 0.310805 7.277484 -36.682335 -10.777772 -10.419984 -10.506618
-0.385471 7.299074 0.000041 -0.174333 0.039743 -0.324837 0.273725 7.288327 -32.312212 -10.929654 -10.465126 -10.563990
-0.388616 7.267034 0.000029 -0.156884 0.039743 -0.326865 0.333482 7.213622 -28.390664 -11.192287 -10.530460 -10.654338
-0.392486 7.236276 0.000034 -0.141218 0.039743 -0.330040 0.420179 7.202573 -24.879797 -10.302349 -10.632771 -10.604516
-0.394954 7.215931 0.000022 -0.127221 0.039743 -0.328760 0.463219 7.252492 -21.644349 -10.906463 -10.591506 -10.658407
-0.395452 7.206186 0.000015 -0.114358 0.039743 -0.330619 0.426589 7.144478 -18.783960 -12.700933 -10.651401 -10.966747
-0.396304 7.190622 0.000031 -0.102958 0.039743 -0.340597 0.379247 7.067041 -16.346997 -12.434990 -10.972870 -11.188287
-0.397854 7.170868 0.000011 -0.093220 0.035961 -0.347671 0.361846 7.139433 -14.109707 -11.663606 -11.200755 -11.262564
-0.403916 7.102266 -0.000029 -0.084080 0.032539 -0.349984 0.355948 7.036288 -12.024755 -11.799350 -11.275271 -11.342654
-0.412667 6.999676 -0.000012 -0.075409 0.029442 -0.352472 0.325378 6.929346 -10.163352 -11.347358 -11.355447 -11.348714
-0.418764 6.919833 0.000003 -0.067714 0.026640 -0.352606 0.275856 6.912856 -8.454400 -9.334800 -11.359741 -11.092097
-0.422266 6.869075 0.000006 -0.060739 0.024105 -0.344223 0.195979 6.992620 -6.763482 -7.195713 -11.089697 -10.596396
-0.423940 6.848014 0.000022 -0.053953 0.021811 -0.328082 0.025480 7.037262 -5.097401 -7.648821 -10.569678 -10.223035
-0.422650 6.862405 0.000074 -0.047406 0.019976 -0.315397 -1.870197 6.951247 -3.672692 -9.896909 -10.161008 -10.169237
-0.414798 6.954874 0.000133 -0.042126 0.035810 -0.313749 -1.656030 6.978456 -2.589254 -10.431779 -10.107913 -10.193505
-0.405657 7.071626 0.000119 -0.038294 0.035810 -0.314808 -1.434448 7.120800 -1.648528 -9.911454 -10.142028 -10.146969
-0.401410 7.122148 0.000073 -0.034765 0.035810 -0.313508 -1.229243 7.141283 -0.753404 -11.864933 -10.100138 -10.386292
-0.400895 7.121042 0.000065 -0.031213 0.035810 -0.321428 -1.040546 6.966651 -0.104158 -11.852186 -10.355309 -10.589911
-0.401581 7.113863 0.000067 -0.028611 0.035810 -0.328097 -0.898748 7.114415 0.500426 -9.189986 -10.570164 -10.387772
-0.405968 7.071921 0.000005 -0.026048 0.035810 -0.321766 -0.792276 7.146006 1.265655 -8.041086 -10.366187 -10.062249
-0.411607 7.013596 0.000020 -0.022784 0.035810 -0.311642 -0.690665 7.089744 2.022525 -8.104925 -10.040048 -9.802803
-0.414143 6.987753 0.000068 -0.019681 0.035810 -0.303433 -0.564784 7.057698 2.670584 -8.183539 -9.775557 -9.594962
-0.410868 7.024566 0.000100 -0.017258 0.035810 -0.296653 -0.413799 7.122729 3.230651 -8.696912 -9.557131 -9.483449
-0.406185 7.064882 0.000103 -0.015198 0.035810 -0.292906 -0.212970 7.085968 3.681436 -10.023352 -9.436418 -9.565608
-0.400430 7.113900 0.000115 -0.013606 0.035810 -0.295551 0.057709 7.090284 3.978721 -9.475748 -9.521645 -9.554734
-0.395513 7.161518 0.000094 -0.012616 0.032402 -0.294915 -0.303742 7.222100 4.300595 -7.837223 -9.501139 -9.296563
-0.393113 7.181808 0.000058 -0.011421 0.029318 -0.286365 -0.275755 7.279873 4.719015 -6.902311 -9.225707 -8.933357
-0.386834 7.242007 0.000068 -0.010001 0.026528 -0.274142 -0.237295 7.393656 5.153256 -6.995894 -8.831903 -8.628047
-0.375832 7.361691 0.000075 -0.008754 0.024004 -0.263677 -0.187320 7.479893 5.517874 -6.536182 -8.494755 -8.280711
-0.360241 7.536958 0.000080 -0.008003 0.021720 -0.251563 -0.132444 7.735983 5.873156 -7.337455 -8.104490 -8.111392
-0.348471 7.678714 0.000051 -0.007157 0.019653 -0.246058 -0.035315 7.692965 6.113777 -7.588426 -7.927133 -8.014640
-0.341365 7.761716 0.000068 -0.006532 0.018259 -0.243381 0.192385 7.843241 6.305095 -8.647480 -7.840888 -8.149756
-0.336284 7.814496 0.000036 -0.005983 0.018259 -0.248266 0.114700 7.728337 6.392872 -9.847288 -7.998263 -8.504137
-0.332226 7.856487 0.000043 -0.005801 0.018259 -0.260429 0.119743 7.814213 6.394439 -9.721851 -8.390134 -8.764194
-0.329993 7.869595 -0.000009 -0.005847 0.018259 -0.269185 0.215651 7.809616 6.437670 -10.514375 -8.672231 -9.136394
-0.332881 7.845388 -0.000029 -0.005580 0.018259 -0.281286 0.332364 7.729750 6.434186 -9.601707 -9.062068 -9.233841
-0.336989 7.812355 -0.000040 -0.005463 0.018259 -0.284885 0.426068 7.836181 6.529744 -9.261172 -9.178008 -9.249353
-0.338848 7.797712 -0.000067 -0.005026 0.018259 -0.285761 0.462783 7.760424 6.650029 -9.298685 -9.206242 -9.276043
-0.338283 7.800050 -0.000047 -0.004558 0.018259 -0.286869 0.478993 7.824512 6.757792 -9.255272 -9.241923 -9.292544
-0.338070 7.794215 -0.000057 -0.004108 0.018259 -0.287330 0.483080 7.768932 6.860389 -9.224853 -9.256800 -9.295908
-0.340461 7.768667 -0.000040 -0.003600 0.018259 -0.287433 0.504315 7.770957 6.953718 -8.904975 -9.260104 -9.233342
-0.342778 7.762941 -0.000036 -0.003208 0.018259 -0.285601 0.530398 7.784338 7.062450 -8.109383 -9.201097 -9.032089
-0.343205 7.781839 -0.000030 -0.002852 0.016522 -0.279544 0.545664 7.865331 7.219880 -7.911971 -9.005939 -8.844542
-0.341661 7.802360 -0.000026 -0.002309 0.014949 -0.273625 0.516685 7.837650 7.363795 -8.347424 -8.815266 -8.783938
-0.337569 7.844833 0.000000 -0.001907 0.013527 -0.271546 0.471420 7.887216 7.448535 -7.758144 -8.748289 -8.613792
-0.333598 7.893927 -0.000003 -0.001765 0.012239 -0.265702 0.420196 7.976832 7.570611 -7.898042 -8.559998 -8.499227
-0.329563 7.948174 -0.000005 -0.001497 0.011075 -0.261865 0.360294 7.977084 7.660204 -8.464311 -8.436401 -8.523405
-0.327451 7.978637 0.000006 -0.001262 0.010021 -0.262684 0.288870 7.977695 7.689862 -8.503997 -8.462779 -8.548469
-0.323508 8.024054 0.000005 -0.001325 0.009067 -0.263545 0.208602 8.057914 7.720053 -9.028889 -8.490522 -8.680429
-0.318560 8.078604 -0.000013 -0.001421 0.008204 -0.267862 0.112837 8.052998 7.713749 -9.547086 -8.629586 -8.895668
-0.316991 8.100682 -0.000019 -0.001534 0.007424 -0.274889 0.013295 8.066982 7.680595 -8.799422 -8.855986 -8.888377
-0.317818 8.095406 -0.000035 -0.001644 0.009537 -0.274607 -0.397542 8.122574 7.726505 -9.142373 -8.846886 -8.957157
-0.321269 8.073363 -0.000043 -0.001375 0.011512 -0.277004 -0.346141 8.010854 7.738052 -8.943901 -8.924113 -8.968406
-0.324888 8.045516 -0.000020 -0.001219 0.011512 -0.277754 -0.305543 8.071696 7.767249 -9.018070 -8.948287 -9.001219
-0.326748 8.029896 -0.000031 -0.001041 0.011512 -0.278986 -0.253488 7.990992 7.788049 -9.766153 -8.987960 -9.188810
-0.326325 8.037030 -0.000013 -0.000987 0.011512 -0.285186 -0.211724 8.012921 7.752008 -10.255594 -9.187703 -9.440653
-0.327140 8.030868 -0.000029 -0.001105 0.011512 -0.293237 -0.189479 7.961601 7.696269 -10.212884 -9.447103 -9.624050
-0.327945 8.032005 -0.000033 -0.001331 0.011512 -0.299159 -0.216897 8.028361 7.669875 -9.497786 -9.637881 -9.615820
-0.328229 8.026922 -0.000056 -0.001415 0.015116 -0.298822 -0.241784 8.036741 7.716551 -8.713681 -9.627006 -9.443569
-0.326841 8.023022 -0.000050 -0.001215 0.015116 -0.292824 -0.257473 8.083568 7.818719 -7.953417 -9.433768 -9.138634
-0.324047 8.029945 -0.000040 -0.000837 0.015116 -0.282117 -0.245553 8.102971 7.955766 -7.471534 -9.088839 -8.778070
-0.320586 8.045061 -0.000016 -0.000354 0.015116 -0.269557 -0.226799 8.125383 8.091344 -7.360333 -8.684191 -8.453425
-0.314170 8.103993 0.000007 -0.000050 0.015116 -0.258167 -0.202439 8.190550 8.196278 -7.248335 -8.317261 -8.156592
-0.305883 8.196986 0.000014 -0.000003 0.015116 -0.248042 -0.185254 8.285841 8.280055 -6.847217 -7.991075 -7.819718
-0.295766 8.303528 0.000011 -0.000093 0.015116 -0.236617 -0.134038 8.407252 8.371976 -7.584085 -7.622973 -7.749471
-0.287794 8.381077 0.000003 -0.000036 0.015116 -0.234508 -0.029262 8.363183 8.375931 -8.339576 -7.555033 -7.903963
-0.280484 8.460895 0.000013 -0.000337 0.015116 -0.240245 0.164929 8.477629 8.322991 -8.808327 -7.739882 -8.155183
-0.275488 8.519229 -0.000025 -0.000778 0.015116 -0.249294 0.179475 8.468841 8.258947 -9.398143 -8.031412 -8.517323
-0.275738 8.525817 -0.000039 -0.001058 0.015116 -0.261756 0.261243 8.464371 8.178607 -9.265753 -8.432884 -8.734360
-0.275980 8.540122 -0.000057 -0.001433 0.015203 -0.269682 0.336133 8.535502 8.149538 -9.177785 -8.688212 -8.872000
-0.277730 8.536562 -0.000080 -0.001534 0.021439 -0.274912 0.379324 8.499071 8.149902 -9.360587 -8.856709 -9.035989
-0.280779 8.513271 -0.000073 -0.001440 0.021439 -0.280749 0.421141 8.485172 8.146781 -9.406589 -9.044762 -9.174341
-0.281656 8.515669 -0.000071 -0.001462 0.021439 -0.285553 0.438291 8.511732 8.155336 -9.033380 -9.199525 -9.171117
-0.279820 8.541133 -0.000076 -0.001529 0.021439 -0.285592 0.438101 8.577664 8.206926 -8.657606 -9.200789 -9.063937
-0.278251 8.560204 -0.000080 -0.001400 0.021439 -0.281831 0.409732 8.588772 8.284790 -8.255445 -9.079630 -8.866544
-0.275345 8.593415 -0.000065 -0.001223 0.021439 -0.275024 0.365771 8.661670 8.380193 -7.999185 -8.860335 -8.646278
-0.270518 8.656051 -0.000061 -0.001093 0.021439 -0.267288 0.294498 8.718992 8.475214 -7.400715 -8.611114 -8.298490
-0.266807 8.710449 -0.000053 -0.000932 0.021439 -0.255711 0.188935 8.798400 8.593522 -7.171605 -8.238146 -7.986408
-0.263602 8.751638 -0.000045 -0.000627 0.021439 -0.245281 -0.080937 8.797748 8.692853 -8.072063 -7.902126 -8.067273
-0.260095 8.792031 -0.000023 -0.000393 0.021439 -0.248197 0.635248 8.774150 8.689463 -8.721695 -7.996053 -8.340276
-0.256951 8.829164 -0.000019 -0.000554 0.021439 -0.257132 0.493898 8.816351 8.646610 -9.012742 -8.283901 -8.612835
-0.255847 8.854332 -0.000038 -0.000823 0.019398 -0.266120 0.381196 8.827643 8.610307 -9.105521 -8.573469 -8.818414
-0.259336 8.828014 -0.000048 -0.000863 0.017552 -0.272924 0.302483 8.786647 8.590414 -9.738114 -8.792683 -9.165413
-0.264005 8.786272 -0.000044 -0.000776 0.015882 -0.284150 0.250671 8.711937 8.535964 -10.483994 -9.154335 -9.634188
-0.268076 8.749523 -0.000040 -0.000847 0.014371 -0.299201 0.245404 8.675468 8.453196 -10.668625 -9.639221 -10.001712
-0.271980 8.712613 -0.000050 -0.001028 0.013425 -0.310942 0.275849 8.661717 8.398527 -10.883164 -10.017494 -10.312709
-0.275491 8.676434 -0.000059 -0.001102 0.015914 -0.320801 0.309157 8.620419 8.358528 -11.327450 -10.335105 -10.653951
-0.282184 8.607012 -0.000059 -0.000985 0.015914 -0.331295 0.348632 8.518577 8.305668 -11.257987 -10.673192 -10.861428
-0.288527 8.540073 -0.000048 -0.000929 0.015914 -0.337763 0.378229 8.511475 8.283314 -11.526773 -10.881575 -11.077193
-0.296517 8.461434 -0.000052 -0.000706 0.015914 -0.344386 0.384516 8.370877 8.250601 -11.233427 -11.094949 -11.151681
-0.303981 8.378269 -0.000028 -0.000506 0.015914 -0.346805 0.375904 8.373338 8.252524 -11.507355 -11.172876 -11.274556
-0.309905 8.312866 -0.000028 -0.000239 0.015914 -0.350458 0.337557 8.238295 8.232366 -11.321143 -11.290538 -11.316348
-0.315282 8.256658 -0.000003 -0.000096 0.015914 -0.351753 0.303509 8.268951 8.232398 -11.333393 -11.332267 -11.350198
-0.321753 8.187749 -0.000009 0.000177 0.015914 -0.352674 0.245346 8.122699 8.227845 -11.624616 -11.361958 -11.435624
-0.329427 8.109023 0.000022 0.000471 0.015914 -0.355373 0.192465 8.077513 8.195394 -11.376629 -11.448890 -11.450035
-0.336109 8.040171 0.000025 0.000615 0.015914 -0.355806 0.101661 8.015956 8.185531 -11.441110 -11.462848 -11.473925
-0.340585 7.987058 0.000037 0.000787 0.015914 -0.356515 -0.078583 7.965642 8.167386 -11.948803 -11.485687 -11.589554
-0.343869 7.936273 0.000044 0.000916 0.014400 -0.360013 0.224082 7.876512 8.108008 -12.251072 -11.598390 -11.733152
-0.350251 7.853285 0.000051 0.001010 0.013749 -0.364213 0.139872 7.783593 8.031426 -11.384199 -11.733683 -11.679257
-0.356084 7.783254 0.000055 0.000984 0.014796 -0.362298 0.059620 7.810352 8.033976 -10.487906 -11.671985 -11.472896
-0.360787 7.730065 0.000050 0.001205 0.014796 -0.355661 -0.166408 7.758559 8.096308 -9.893933 -11.458179 -11.203262
-0.370043 7.603216 0.000075 0.001955 0.020287 -0.347274 0.008543 7.601436 8.169493 -11.136019 -11.187974 -11.192640
-0.374730 7.534174 0.000127 0.002518 0.034112 -0.345319 -5.619090 7.484433 8.110030 -11.158545 -11.125007 -11.143114
-0.371704 7.567659 0.000140 0.002150 0.037686 -0.343863 -5.045329 7.631614 8.053166 -11.278895 -11.078075 -11.122503
-0.370316 7.580878 0.000095 0.001872 0.037686 -0.343395 -4.525570 7.524562 7.990212 -12.249049 -11.063012 -11.266694
-0.369828 7.590813 0.000105 0.001583 0.037686 -0.348387 -4.061366 7.550936 7.857395 -11.745391 -11.223822 -11.308741
-0.372433 7.554746 0.000070 0.001200 0.037686 -0.349998 -3.644293 7.516950 7.786287 -11.377469 -11.275725 -11.288610
-0.375837 7.492541 0.000062 0.001164 0.037686 -0.349401 -3.269446 7.465046 7.748945 -11.402864 -11.256512 -11.275898
-0.378692 7.449858 0.000066 0.001186 0.037686 -0.348945 -2.938631 7.426247 7.707575 -9.676790 -11.241799 -10.991131
-0.382066 7.414412 0.000065 0.001162 0.037686 -0.339994 -2.651232 7.527498 7.800813 -9.378183 -10.953453 -10.713138
-0.383653 7.401626 0.000063 0.001582 0.037686 -0.331277 -2.389185 7.424285 7.884251 -10.296933 -10.672618 -10.627268
-0.380501 7.435258 0.000105 0.001780 0.037686 -0.328713 -2.149601 7.473456 7.868771 -10.977889 -10.589990 -10.665628
-0.375874 7.472483 0.000091 0.001571 0.037686 -0.330051 -1.925772 7.441329 7.798766 -12.496375 -10.633106 -10.941003
-0.373033 7.494854 0.000082 0.001205 0.037686 -0.339118 -1.730030 7.391764 7.622465 -12.554400 -10.925214 -11.180397
-0.373918 7.476472 0.000054 0.000579 0.034100 -0.346865 -1.567872 7.416658 7.480287 -12.772718 -11.174810 -11.412775
-0.380570 7.388777 0.000017 0.000363 0.030855 -0.354168 -1.434557 7.241342 7.346006 -11.671025 -11.410063 -11.427431
-0.388817 7.274028 0.000026 0.000285 0.027919 -0.354596 -1.324810 7.279741 7.318373 -10.115379 -11.423867 -11.204531
-0.396910 7.167526 0.000011 0.000598 0.025262 -0.347537 -1.222657 7.180220 7.405754 -8.296329 -11.196441 -10.757668
-0.402615 7.092191 0.000053 0.001243 0.022858 -0.333417 -1.121539 7.248872 7.601501 -8.435524 -10.741554 -10.407153
-0.401810 7.086760 0.000081 0.002040 0.021714 -0.321941 -1.004011 7.137653 7.730609 -9.945844 -10.371817 -10.319139
-0.393617 7.166775 0.000134 0.002235 0.036089 -0.318969 -0.885430 7.223431 7.707583 -9.916655 -10.276098 -10.235753
-0.382361 7.268963 0.000110 0.001739 0.036089 -0.316014 -0.739423 7.333537 7.691868 -10.521517 -10.180871 -10.252475
-0.374240 7.325112 0.000083 0.001454 0.036089 -0.316364 -0.602569 7.291697 7.628517 -10.725186 -10.192147 -10.292074
-0.357366 7.488738 0.000078 0.000554 0.036089 -0.317499 -0.518886 7.604629 7.572798 -10.025179 -10.228720 -10.190051
-0.358088 7.468822 -0.000004 0.000412 0.036089 -0.314154 -0.519290 7.376114 7.578339 -8.173627 -10.120969 -9.768078
-0.371871 7.315266 0.000048 0.001043 0.036089 -0.301809 -0.561267 7.419081 7.704525 -7.186706 -9.723250 -9.288233
-0.370575 7.337949 0.000066 0.001453 0.036089 -0.286625 -0.546556 7.471677 7.866501 -8.085504 -9.234075 -9.054212
-0.365374 7.408961 0.000091 0.001814 0.036089 -0.279390 -0.464227 7.448731 7.910690 -9.380526 -9.000979 -9.094821
-0.357507 7.503582 0.000106 0.001614 0.036089 -0.281344 -0.315382 7.517742 7.840257 -11.987176 -9.063926 -9.614119
-0.349591 7.587527 0.000075 0.001002 0.036089 -0.299345 -0.100382 7.414439 7.586069 -13.889284 -9.643858 -10.418629
-0.348314 7.611103 0.000041 -0.000099 0.036089 -0.325814 0.095188 7.435982 7.256119 -12.606083 -10.496621 -10.826858
-0.355771 7.549704 -0.000037 -0.001164 0.032655 -0.338790 0.360458 7.475493 7.120289 -11.057963 -10.914660 -10.870727
-0.367756 7.430109 -0.000076 -0.001228 0.029547 -0.340373 0.375266 7.382579 7.140049 -10.599543 -10.965653 -10.837141
-0.377462 7.332016 -0.000052 -0.000761 0.026736 -0.339423 0.312360 7.320235 7.187915 -8.974885 -10.935042 -10.555771
-0.383621 7.274040 -0.000028 -0.000341 0.024191 -0.330517 0.165176 7.390580 7.350024 -7.347462 -10.648133 -10.078199
-0.387366 7.246138 -0.000008 0.000412 0.021889 -0.315106 -0.258760 7.389055 7.598107 -7.097008 -10.151620 -9.646317
-0.382557 7.310595 0.000048 0.001140 0.019806 -0.300699 0.128284 7.487029 7.808558 -8.888147 -9.687482 -9.558194
-0.372987 7.414264 0.000073 0.001563 0.019522 -0.297206 -0.701580 7.418647 7.831723 -11.066214 -9.574962 -9.828362
-0.364361 7.505538 0.000093 0.001293 0.025044 -0.306098 -0.500138 7.458274 7.682327 -10.958261 -9.861436 -10.034729
-0.358082 7.579167 0.000051 0.000409 0.025044 -0.312741 -0.282808 7.589990 7.586120 -10.099637 -10.075428 -10.048881
-0.354840 7.630078 0.000001 -0.000174 0.025044 -0.313101 -0.065337 7.660252 7.588620 -9.608830 -10.087032 -9.970514
-0.363375 7.545092 -0.000014 0.000173 0.025044 -0.310893 0.565047 7.490411 7.621715 -9.274617 -10.015903 -9.859472
-0.375434 7.414346 0.000031 0.000822 0.025044 -0.307559 0.426480 7.411544 7.659027 -9.340180 -9.908479 -9.787454
-0.377564 7.396936 0.000056 0.001039 0.025044 -0.305225 0.253862 7.429752 7.677320 -9.902682 -9.833296 -9.819823
-0.376779 7.406809 0.000056 0.001072 0.025044 -0.306143 -0.016161 7.383021 7.644836 -11.945359 -9.862868 -10.172690
-0.376472 7.421912 0.000060 0.000884 0.025044 -0.318361 3.279169 7.289949 7.459467 -12.668114 -10.256484 -10.604310
-0.375691 7.451697 0.000039 0.000031 0.025044 -0.332362 2.943390 7.392245 7.269838 -12.343276 -10.707569 -10.914285
-0.379053 7.432809 -0.000025 -0.000646 0.025044 -0.342212 2.647429 7.337171 7.158046 -11.529783 -11.024888 -11.043963
-0.386496 7.351773 -0.000038 -0.000768 0.025044 -0.346196 2.384515 7.323917 7.137881 -10.814904 -11.153231 -11.044016
-0.393478 7.276594 -0.000040 -0.000550 0.022661 -0.345941 2.149132 7.265230 7.178246 -8.693150 -11.145046 -10.733332
-0.394353 7.283192 -0.000018 -0.000416 0.020504 -0.335716 1.939554 7.489566 7.380745 -7.392143 -10.815601 -10.283007
-0.399769 7.235275 -0.000023 0.000577 0.018553 -0.321339 1.741347 7.299928 7.634284 -8.454226 -10.352438 -10.059305
-0.405158 7.186389 0.000075 0.001775 0.020085 -0.314176 1.550016 7.244204 7.738141 -10.055191 -10.121657 -10.092253
-0.398970 7.258940 0.000110 0.001899 0.029688 -0.315077 1.362962 7.275933 7.695425 -13.307346 -10.150683 -10.576049
-0.392298 7.328914 0.000094 0.001453 0.029688 -0.331000 1.170702 7.124106 7.411581 -15.050837 -10.663674 -11.248065
-0.388692 7.370751 0.000065 0.000162 0.029688 -0.352855 1.017373 7.224515 7.063945 -13.944426 -11.367779 -11.655577
-0.394501 7.299439 -0.000034 -0.000933 0.029688 -0.365386 0.915039 7.157605 6.885721 -12.676252 -11.771484 -11.804606
-0.409189 7.120365 -0.000059 -0.000930 0.029688 -0.369609 0.845235 7.019722 6.838335 -10.514302 -11.907544 -11.631136
-0.423219 6.953839 -0.000039 -0.000458 0.029688 -0.364137 0.794652 7.010234 6.958988 -7.682994 -11.731259 -11.135541
-0.432458 6.843683 -0.000011 0.000457 0.029688 -0.348518 0.731313 7.027456 7.264471 -7.942142 -11.228057 -10.752119
-0.433428 6.831399 0.000053 0.001717 0.029688 -0.335914 0.640046 6.931868 7.478479 -9.756714 -10.822006 -10.633838
-0.426143 6.925031 0.000122 0.002194 0.032820 -0.331806 0.539919 7.002983 7.506556 -9.958686 -10.689652 -10.551699
-0.419147 7.008154 0.000113 0.001976 0.032820 -0.328967 0.433967 7.069532 7.513956 -11.411797 -10.598196 -10.663860
-0.414666 7.040185 0.000100 0.001878 0.032820 -0.332486 0.308654 6.952996 7.402867 -13.808023 -10.711553 -11.072584
-0.411186 7.067594 0.000102 0.001329 0.032820 -0.345727 0.246982 6.916793 7.126860 -11.235910 -11.138126 -11.082395
-0.412941 7.035720 0.000049 0.000361 0.032820 -0.345845 0.350414 7.123204 7.110089 -8.634061 -11.141931 -10.744071
-0.418403 6.965499 -0.000001 0.000573 0.032820 -0.334945 0.424484 7.035723 7.292017 -7.230099 -10.790773 -10.276071
-0.423989 6.914147 0.000059 0.001498 0.032820 -0.320188 0.451592 7.095718 7.533062 -4.788314 -10.315351 -9.578737
-0.421175 6.953037 0.000099 0.002299 0.032820 -0.297312 0.369998 7.271706 7.907873 -7.528451 -9.578368 -9.318098
-0.410063 7.075529 0.000144 0.003299 0.038602 -0.288333 0.130752 7.079113 7.985165 -10.707753 -9.289097 -9.506303
-0.394416 7.245458 0.000204 0.002932 0.054825 -0.294736 -0.616576 7.267441 7.800101 -11.318484 -9.495389 -9.761012
-0.381160 7.388291 0.000122 0.001632 0.054825 -0.303513 -0.385627 7.342207 7.616156 -11.478359 -9.778143 -10.011960
-0.377816 7.415967 0.000065 0.000794 0.054825 -0.311707 -0.251808 7.341833 7.462996 -11.680625 -10.042141 -10.255013
-0.382375 7.353552 0.000031 0.000434 0.054825 -0.319299 -0.329146 7.234619 7.323744 -10.329617 -10.286719 -10.241596
-0.389152 7.256935 0.000023 0.000265 0.054825 -0.318756 -0.547994 7.271429 7.313704 -8.599375 -10.269236 -9.968825
-0.393614 7.192538 0.000013 0.000480 0.054825 -0.309889 -0.684615 7.260190 7.432352 -7.472388 -9.983560 -9.573655
-0.395843 7.169206 0.000041 0.001043 0.054825 -0.297201 -0.794547 7.293065 7.602684 -7.294117 -9.574790 -9.217927
-0.394573 7.185291 0.000072 0.001654 0.054825 -0.285684 -0.828339 7.277667 7.739540 -9.307042 -9.203746 -9.212772
-0.387836 7.258364 0.000105 0.001907 0.054825 -0.285670 -0.816030 7.234832 7.683334 -11.110035 -9.203293 -9.485334
-0.379819 7.333027 0.000103 0.001389 0.054825 -0.294937 -0.804408 7.262268 7.498989 -12.494288 -9.501843 -9.942571
-0.376301 7.371454 0.000056 0.000506 0.054825 -0.309982 -0.840499 7.224469 7.251901 -11.859683 -9.986540 -10.225426
-0.378861 7.351569 0.000009 -0.000395 0.049608 -0.319129 -0.933015 7.306567 7.115185 -11.229921 -10.281233 -10.361591
-0.386853 7.271829 -0.000039 -0.000621 0.044887 -0.323507 -0.987037 7.169749 7.056559 -9.469905 -10.422285 -10.209174
-0.394724 7.196563 -0.000023 -0.000555 0.040615 -0.318966 -0.995273 7.292593 7.145139 -7.297792 -10.275977 -9.777302
-0.396230 7.183531 -0.000031 -0.000152 0.036750 -0.305130 -0.923156 7.329498 7.382195 -7.992909 -9.830232 -9.520463
-0.392438 7.222715 0.000013 0.000632 0.033253 -0.296559 -0.796641 7.281167 7.510125 -8.797767 -9.554097 -9.418741
-0.384116 7.316292 0.000052 0.000768 0.030089 -0.292954 -0.654981 7.403619 7.549969 -9.175849 -9.437962 -9.385301
-0.375447 7.420734 0.000034 0.000512 0.027225 -0.291711 -0.526918 7.454952 7.557571 -9.486366 -9.397927 -9.404373
-0.369587 7.490957 0.000025 0.000264 0.024634 -0.292305 -0.421757 7.512835 7.543984 -10.028138 -9.417069 -9.510281
-0.366637 7.527555 0.000009 0.000065 0.022290 -0.295768 -0.352123 7.491479 7.494490 -9.740023 -9.528615 -9.549741
-0.366854 7.530910 0.000002 -0.000144 0.020169 -0.297046 -0.330003 7.545900 7.481577 -9.129578 -9.569799 -9.479840
-0.366247 7.541032 -0.000013 -0.000236 0.018250 -0.294778 -0.326911 7.571610 7.521995 -9.566634 -9.496731 -9.497483
-0.365230 7.552025 -0.000010 -0.000119 0.016513 -0.295320 -0.320177 7.530883 7.519524 -10.040011 -9.514208 -9.592607
-0.366041 7.549559 -0.000001 -0.000119 0.014942 -0.298374 -0.316594 7.523326 7.481353 8.147573 -9.612581 -6.588179
-0.367391 7.534658 -0.000008 -0.000211 0.013520 -0.201212 -0.304495 8.934496 8.877455 23.649069 -6.482363 -1.521035
-0.367710 7.522857 -0.000012 0.005369 0.012233 -0.036248 -0.270778 8.753094 11.101543 26.279275 -1.167772 3.106070
-0.353990 7.691959 0.000522 0.013515 0.140292 0.125838 -0.277652 8.992390 12.909923 25.651072 4.054065 7.064132
-0.311739 8.186357 0.000872 0.018723 0.234563 0.290339 0.056003 9.232761 14.128796 24.216911 9.353735 10.645120
-0.248090 8.933831 0.001093 0.020592 0.293986 0.472515 -11.350007 9.858600 14.773213 23.330090 15.222817 13.954514
-0.176134 9.762411 0.001102 0.019862 0.296318 0.666562 -10.076668 10.320329 14.907002 24.949923 21.474334 16.929350
-0.100164 10.522655 0.001033 0.017379 0.296318 0.743090 -8.739927 10.956685 14.740735 20.305332 23.939812 15.259887
-0.029691 11.130299 0.000859 0.014311 0.296318 0.694558 -7.598042 10.984580 14.095081 11.556174 22.376258 10.254104
0.014592 11.454977 0.000711 0.010465 0.296318 0.537272 -6.798445 10.983989 12.983766 7.152865 17.309051 6.104968
0.033901 11.553731 0.000466 0.005668 0.296318 0.395522 -6.380567 11.214208 12.045446 4.138523 12.742371 2.877719
0.045830 11.564255 0.000207 0.001907 0.296318 0.281470 -6.283504 11.170538 11.323572 1.830244 9.067995 0.390518
0.055067 11.533254 0.000055 -0.000831 0.296318 0.191320 -6.344967 11.256649 10.777763 -1.700500 6.163678 -2.433674
0.062272 11.482597 -0.000087 -0.002794 0.296318 0.089679 -6.430610 11.047523 10.232414 -3.265775 2.889140 -4.378931
0.065360 11.409213 -0.000164 -0.004665 0.296318 0.016869 -6.467496 11.216583 9.868111 -6.006059 0.543477 -6.592943
0.060081 11.305343 -0.000285 -0.005697 0.296318 -0.066603 -6.459038 10.863467 9.498950 -8.985816 -2.145732 -9.100770
0.041302 11.172168 -0.000291 -0.006632 0.296318 -0.162523 -6.410729 10.883493 9.130635 -10.360307 -5.235920 -10.931521
0.008469 10.999993 -0.000380 -0.007410 0.268120 -0.240420 -6.229143 10.691910 8.916288 -10.312233 -7.745500 -11.810993
-0.026165 10.776650 -0.000388 -0.007374 0.242605 -0.290033 -5.702408 10.643445 8.901327 -11.726560 -9.343859 -13.114140
-0.056674 10.487344 -0.000383 -0.006287 0.219518 -0.348456 -4.823181 10.175877 8.873343 -13.900665 -11.226059 -14.987787
-0.095088 10.149846 -0.000287 -0.005060 0.198628 -0.421155 -3.788890 9.919576 8.791549 -14.067394 -13.568156 -15.778269
-0.139082 9.816643 -0.000250 -0.004063 0.179726 -0.456661 -2.662329 9.695202 8.854963 -14.003198 -14.712049 -15.988567
-0.172978 9.559209 -0.000187 -0.002791 0.162623 -0.471069 -1.133383 9.505924 8.980897 -14.921407 -15.176240 -16.724765
-0.199648 9.352934 -0.000118 -0.001475 0.147147 -0.493623 2.142787 9.250498 9.038056 -15.628936 -15.902827 -17.366549
-0.224072 9.141418 -0.000049 -0.000410 0.133144 -0.510648 0.473480 9.075603 9.069841 -16.590983 -16.451333 -18.034407
-0.255768 8.907954 -0.000004 0.000642 0.120474 -0.526217 -4.904575 8.762899 9.042716 -16.665086 -16.952906 -18.312965
-0.297712 8.635003 0.000060 0.001616 0.109009 -0.535048 -4.026807 8.555226 9.024484 -0.838920 -17.237398 -14.535040
-0.338587 8.342273 0.000103 0.002704 0.098636 -0.444973 -3.178611 9.456052 10.240403 3.931106 -14.335488 -11.412446
-0.368322 8.073578 0.000173 0.008589 0.089249 -0.361070 -2.227577 8.398029 11.454151 -18.820170 -11.632423 -12.818378
-0.375667 8.038429 0.000678 0.013539 0.182341 -0.404209 -1.098267 7.187886 10.549717 -20.100393 -13.022235 -14.135407
-0.354017 8.328587 0.000749 0.008804 0.201455 -0.452189 2.640250 8.686867 9.773324 -22.261171 -14.567988 -15.731078
-0.334978 8.572862 0.000248 0.004758 0.201455 -0.506876 0.899043 7.879216 9.050836 -24.396531 -16.329810 -17.507346
-0.352909 8.419035 0.000267 0.002504 0.201455 -0.555403 -2.205220 8.219198 8.355962 -19.101739 -17.893184 -17.870143
-0.391788 7.951247 0.000038 0.001604 0.201455 -0.563907 -1.124482 7.642246 8.220851 6.314571 -18.167148 -14.683269
-0.426598 7.446399 0.000135 0.003070 0.201455 -0.474750 0.493373 9.206850 10.060533 32.301813 -15.294800 -9.331983
-0.449084 7.111079 0.000196 0.011691 0.201455 -0.313782 -2.334089 9.161683 13.492809 36.993406 -10.108963 -4.481431
-0.450452 7.127106 0.000968 0.025232 0.260356 -0.155772 -1.784610 9.187961 16.544756 42.154902 -5.018432 0.348415
-0.418308 7.593206 0.001643 0.035482 0.441930 0.026178 -1.088677 10.011477 19.343676 27.118325 0.843359 3.480525
-0.357659 8.400819 0.002089 0.043375 0.561609 0.163370 1.900098 9.169847 20.306944 22.194165 5.263213 6.264464
-0.270639 9.455592 0.002497 0.043013 0.671507 0.320074 -1.374076 11.010027 20.547647 16.903504 10.311691 8.320901
-0.165845 10.581163 0.002152 0.039505 0.671507 0.467166 6.992374 10.754268 20.067194 14.204255 15.050482 8.271124
-0.084735 11.281487 0.002109 0.034825 0.671507 0.472569 3.937828 11.636996 19.122356 12.372391 15.224560 7.642268
-0.058852 11.439255 0.001709 0.030454 0.671507 0.456750 1.613423 11.057714 18.130697 14.638440 14.714904 8.987700
-0.057590 11.486964 0.001621 0.026334 0.671507 0.490171 1.025117 11.824376 17.460336 18.519072 15.791619 11.838070
-0.036920 11.580531 0.001305 0.023306 0.671507 0.567548 0.325014 11.599037 17.085938 16.996164 18.284441 12.432675
-0.001328 11.668745 0.001272 0.021473 0.671507 0.583182 -4.694779 11.623628 16.443336 14.139641 18.788130 11.544081
0.036204 11.776867 0.001125 0.018497 0.671507 0.553295 -4.804013 11.535442 15.612673 12.159640 17.825260 10.406884
0.068553 11.891424 0.000960 0.014750 0.671507 0.515413 -5.893404 11.732542 14.796881 8.994106 16.604849 8.522085
0.090044 11.965615 0.000734 0.011223 0.671507 0.448011 -7.472626 11.556087 13.917769 6.697814 14.433360 6.669068
0.096207 11.965765 0.000577 0.007737 0.671507 0.375178 -9.021287 11.687748 13.116809 8.371201 12.086940 6.846330
0.095460 11.920506 0.000367 0.004742 0.607605 0.362642 -10.060509 11.815738 12.706205 11.574305 11.683070 8.630494
0.100581 11.849829 0.000244 0.003395 0.549784 0.405211 -10.114773 11.868584 12.612050 11.386341 13.054514 9.299434
0.111710 11.817304 0.000208 0.003150 0.497465 0.416604 -9.510912 11.645648 12.401943 4.740996 13.421565 5.974203
0.119035 11.832362 0.000208 0.002258 0.450125 0.297992 -8.745212 11.301970 11.665222 -2.310280 9.600265 0.711937
0.115940 11.809407 0.000118 -0.000572 0.407290 0.113783 -7.931277 11.282659 10.746943 -6.015756 3.665698 -3.562122
0.098230 11.697268 -0.000085 -0.003767 0.368531 -0.039991 -6.951906 11.270815 10.083835 -9.202226 -1.288375 -7.200955
0.078905 11.486784 -0.000233 -0.005561 0.333461 -0.174036 -5.722430 11.039837 9.604408 -13.327806 -5.606844 -11.132228
0.069246 11.235779 -0.000293 -0.006466 0.301728 -0.309602 -4.140027 10.787916 9.162928 -17.345016 -9.974321 -15.042502
0.051106 10.982227 -0.000339 -0.007211 0.273014 -0.437964 -2.534662 10.560487 8.767670 -19.384737 -14.109701 -17.771198
0.013405 10.653604 -0.000380 -0.007475 0.247034 -0.530431 -1.160983 10.315018 8.543183 -20.939605 -17.088650 -19.790663
-0.055805 10.180011 -0.000379 -0.006488 0.223525 -0.612848 0.539008 9.770442 8.405303 -21.563541 -19.743846 -21.092585
-0.128897 9.607815 -0.000292 -0.004767 0.202254 -0.676193 -3.695222 9.335216 8.383057 -18.266018 -21.784603 -19.372980
-0.177254 9.110763 -0.000203 -0.002884 0.183007 -0.619830 -2.285275 9.206735 8.731362 -13.447284 -19.968807 -15.350534
-0.223637 8.698140 -0.000099 0.000132 0.165592 -0.537401 -0.127951 8.801954 9.238731 -6.319563 -17.313209 -10.756631
-0.265400 8.341771 0.000103 0.003555 0.149834 -0.438404 29.710293 8.834520 10.009931 -2.332549 -14.123861 -7.609822
-0.293099 8.148510 0.000266 0.007378 0.135575 -0.351960 26.612607 8.523063 10.747150 -0.636000 -11.338948 -5.432308
-0.312420 8.176937 0.000500 0.010188 0.134401 -0.288260 23.832381 8.738168 11.328260 13.879630 -9.286748 -0.757863
-0.312597 8.393549 0.000583 0.011633 0.156712 -0.136749 21.307801 9.931980 12.848914 13.200993 -4.405585 2.457111
-0.295954 8.694651 0.000657 0.016467 0.176747 -0.015478 18.942136 9.083534 13.812233 10.049163 -0.498633 4.272603
-0.265751 9.071445 0.001061 0.018792 0.285418 0.066204 16.726729 9.887757 14.164137 9.018545 2.132867 5.541939
-0.228577 9.506586 0.000965 0.018462 0.285418 0.134058 14.494825 9.740857 14.237589 8.536156 4.318873 6.444919
-0.191694 9.889420 0.001017 0.017235 0.285418 0.190513 12.504045 10.338519 14.133022 7.556925 6.137668 6.479517
-0.157569 10.183264 0.000864 0.015656 0.285418 0.207568 10.756424 10.170200 13.849186 6.869709 6.687121 6.177333
-0.127951 10.417677 0.000840 0.013602 0.285418 0.211413 9.374555 10.629957 13.520333 7.527228 6.810993 6.665875
-0.099885 10.601432 0.000667 0.011570 0.285418 0.237503 8.406662 10.634699 13.284530 7.475993 7.651518 6.971776
-0.075636 10.757360 0.000614 0.010017 0.285418 0.254933 7.811393 10.841744 13.018068 7.252082 8.213055 7.107951
-0.051264 10.911411 0.000510 0.008350 0.285418 0.263122 7.531574 10.891892 12.732150 7.106473 8.476885 7.195212
-0.025643 11.067089 0.000435 0.006600 0.285418 0.267982 7.415890 11.099931 12.458329 6.787692 8.633453 7.157364
-0.001147 11.217997 0.000327 0.004916 0.285418 0.266878 7.350624 11.167911 12.189757 6.150973 8.597904 6.881204
0.022899 11.356673 0.000252 0.003302 0.285418 0.256870 7.242633 11.316067 11.914833 5.520935 8.275466 6.479880
0.041184 11.477085 0.000156 0.001735 0.258257 0.241533 7.078231 11.390196 11.655355 5.851327 7.781349 6.505447
0.051661 11.570779 0.000081 0.000335 0.233681 0.237101 6.816845 11.564108 11.495760 6.598160 7.638571 6.893228
0.058885 11.643202 0.000005 -0.000584 0.211443 0.242577 6.410237 11.625005 11.429031 7.490863 7.814983 7.483937
0.064130 11.698232 -0.000025 -0.001067 0.191322 0.254690 5.859335 11.731432 11.430570 8.435352 8.205238 8.183314
0.066869 11.759401 -0.000051 -0.001303 0.173115 0.270546 5.194110 11.799796 11.481473 9.276068 8.716056 8.869394
0.073496 11.852013 -0.000056 -0.001469 0.156641 0.286454 4.446192 11.937639 11.562380 9.634981 9.228576 9.293551
0.085122 11.982518 -0.000071 -0.001665 0.141735 0.296840 3.636950 12.050246 11.636219 9.716889 9.563152 9.491472
0.094462 12.065062 -0.000081 -0.001700 0.128247 0.301746 2.826366 12.088953 11.691142 8.787441 9.721208 9.076128
0.094257 11.990755 -0.000079 -0.001188 0.116042 0.289108 2.056836 11.839075 11.647982 7.587668 9.314080 8.276788
0.084531 11.852706 -0.000034 -0.000811 0.105000 0.264056 1.477923 11.728418 11.533262 8.361063 8.506970 8.363138
0.077416 11.761995 -0.000036 -0.000907 0.095008 0.265582 1.151393 11.777431 11.544709 8.948787 8.556146 8.706756
0.073834 11.691406 -0.000045 -0.000581 0.085966 0.276156 0.931786 11.653334 11.590126 8.996498 8.896802 8.883467
0.070104 11.633060 -0.000009 -0.000170 0.077786 0.281274 0.847575 11.624648 11.602227 9.755631 9.061686 9.367318
0.067402 11.604398 -0.000000 -0.000009 0.070383 0.296039 0.853708 11.642540 11.656786 10.562762 9.537354 10.005916
0.066407 11.588242 0.000008 0.000272 0.063685 0.315499 0.853026 11.625102 11.730229 10.463698 10.164309 10.221680
0.066860 11.586488 0.000027 0.000570 0.057625 0.321932 0.815647 11.579042 11.739300 10.139763 10.371547 10.141493
0.066636 11.598423 0.000039 0.000558 0.052141 0.318299 0.838454 11.595777 11.707062 10.066679 10.254501 10.058934
0.066954 11.595142 0.000028 0.000444 0.047179 0.314650 0.867597 11.579925 11.681162 8.775652 10.136952 9.322153
0.062714 11.580133 0.000026 0.000400 0.042690 0.290054 0.916754 11.473697 11.564457 8.179170 9.344546 8.673149
0.052964 11.557283 0.000023 0.000028 0.038627 0.265693 1.020042 11.532892 11.472481 7.873906 8.559719 8.174194
0.042233 11.537941 -0.000010 -0.000259 0.034951 0.245279 1.046717 11.488275 11.425322 7.613722 7.902034 7.743312
0.033737 11.521329 -0.000011 -0.000381 0.031625 0.227393 0.994270 11.525195 11.412345 7.675976 7.325833 7.507002
0.028835 11.511460 -0.000023 -0.000393 0.028616 0.218542 0.850485 11.527892 11.449676 7.026031 7.040662 7.024126
0.023824 11.512882 -0.000015 -0.000251 0.025893 0.203188 0.665142 11.499729 11.454851 6.471925 6.546025 6.499613
0.019078 11.525713 -0.000008 -0.000281 0.023429 0.186729 0.460540 11.540697 11.456134 5.986529 6.015778 5.994564
0.014909 11.546405 -0.000017 -0.000358 0.021199 0.170982 0.223614 11.548682 11.462871 5.804673 5.508461 5.654070
0.014098 11.569752 -0.000018 -0.000424 0.019182 0.161132 -0.179464 11.609804 11.496755 5.450611 5.191132 5.311146
0.015991 11.590698 -0.000024 -0.000372 0.017356 0.152816 0.286703 11.595733 11.526469 5.618058 4.923205 5.258709
0.019153 11.613394 -0.000015 -0.000345 0.015705 0.154957 0.051083 11.681936 11.589574 5.979795 4.992176 5.460640
0.020648 11.641293 -0.000020 -0.000205 0.014210 0.165347 -0.848896 11.686118 11.672085 6.154508 5.326910 5.691732
0.020411 11.668350 -0.000003 0.000015 0.012858 0.174304 -0.723421 11.718944 11.736520 6.136634 5.615488 5.807573
0.020606 11.702414 0.000004 0.000135 0.011634 0.178614 -0.601886 11.730000 11.773919 5.818768 5.754341 5.706362
0.019264 11.726417 0.000010 0.000188 0.010527 0.174909 -0.488921 11.728595 11.774214 5.521976 5.634970 5.499877
0.018657 11.731571 0.000011 0.000169 0.009525 0.168000 -0.378521 11.725104 11.761101 4.589580 5.412387 4.926448
0.017977 11.724686 0.000008 0.000144 0.008619 0.150150 -0.285206 11.659918 11.693027 3.899691 4.837314 4.316729
0.014395 11.712243 0.000008 -0.000076 0.007799 0.130960 -0.248347 11.680678 11.621525 3.989327 4.219093 4.078637
0.009057 11.695992 -0.000013 -0.000295 0.007057 0.122718 -0.260146 11.690251 11.610979 4.055300 3.953540 3.985530
0.004097 11.677371 -0.000017 -0.000263 0.006385 0.118889 -0.269242 11.675035 11.625587 4.153753 3.830198 3.971182
0.000260 11.675664 -0.000011 -0.000198 0.005777 0.117777 -0.262844 11.701503 11.655931 4.799753 3.794384 4.267138
-0.001641 11.683775 -0.000010 -0.000110 0.005228 0.126984 -0.237407 11.748321 11.737445 5.093191 4.091002 4.539665
-0.001307 11.692364 -0.000002 0.000179 0.004730 0.136510 -0.179495 11.726078 11.811417 4.777988 4.397874 4.516463
0.001606 11.715549 0.000019 0.000380 0.005105 0.137347 -0.091530 11.736893 11.831596 4.305755 4.424845 4.290470
0.005884 11.746655 0.000021 0.000337 0.005687 0.132123 0.072438 11.745139 11.813776 3.959799 4.256538 4.040405
0.009065 11.777227 0.000015 0.000145 0.005687 0.125970 -0.090766 11.779660 11.786884 4.350523 4.058314 4.144908
0.012514 11.784831 0.000002 0.000008 0.005687 0.130889 0.003728 11.811850 11.809561 4.111983 4.216789 4.101566
0.015937 11.778720 -0.000000 0.000122 0.005687 0.132184 -1.418956 11.744008 11.798270 3.801655 4.258523 3.972776
0.019993 11.790183 0.000012 0.000032 0.005687 0.129625 -1.277840 11.791346 11.761684 4.080258 4.176075 4.085010
0.031852 11.904090 -0.000006 -0.000564 0.005687 0.134448 -1.154425 11.986781 11.768422 4.100038 4.331462 4.176550
0.030967 11.882633 -0.000048 -0.000453 0.012972 0.137256 -1.046527 11.781192 11.761720 3.799769 4.421922 4.077749
0.021172 11.767994 -0.000004 -0.000025 0.012972 0.132796 -0.965080 11.708715 11.713628 3.619237 4.278227 3.931912
0.018048 11.759692 0.000001 -0.000183 0.012972 0.125865 -0.897964 11.748870 11.666630 4.053797 4.054933 4.055238
0.014264 11.744816 -0.000018 -0.000310 0.012972 0.127107 -0.832639 11.741484 11.674359 4.250448 4.094956 4.173644
0.010740 11.726785 -0.000015 -0.000208 0.012972 0.128791 -0.756326 11.727202 11.691778 4.570568 4.149204 4.356953
0.013489 11.773734 -0.000008 -0.000325 0.012972 0.133286 -0.668085 11.843955 11.732970 4.990020 4.294025 4.628898
0.012757 11.768830 -0.000025 -0.000142 0.012972 0.141768 -0.560598 11.763233 11.791059 5.232136 4.567294 4.870684
0.009195 11.716896 0.000006 0.000294 0.012972 0.150005 -0.437822 11.731890 11.835705 5.295302 4.832643 5.020664
0.011421 11.727273 0.000023 0.000430 0.012972 0.156029 -0