0.000000 -0.001641 0.000000 0.000000 0.000000 0.000000 0.000000 0.000000 0.000000 6.833311 0.000000 6.833311
0.000000 -0.002899 0.000000 0.000000 0.000000 0.000000 0.000000 0.000000 0.000000 6.833152 0.000000 6.833152
0.000000 -0.002400 0.000000 0.000000 0.000000 0.000000 0.000000 0.000000 0.000000 6.833120 0.000000 6.833120
0.000000 0.025362 0.000000 0.000000 0.000000 0.000000 0.000000 0.000000 0.000000 6.833009 0.000000 6.833009
0.000000 0.162085 0.000000 0.000000 0.000000 0.000000 0.000000 0.000000 0.000000 6.832885 0.000000 6.832885
0.000000 0.356311 0.000000 0.000000 0.000000 0.000000 0.000000 0.000000 0.000000 6.833113 0.000000 6.833113
0.000000 0.476716 0.000000 0.000000 0.000000 0.000000 0.000000 0.000000 0.000000 6.833875 0.000000 6.833875
0.000000 0.514215 0.000000 0.000000 0.000000 0.000000 0.000000 0.000000 0.000000 6.834418 0.000000 6.834418
0.000000 0.515101 0.000000 0.000000 0.000000 0.000000 0.000000 0.000000 0.000000 6.834099 0.000000 6.834099
0.000000 0.521671 0.000000 0.000000 0.000000 0.000000 0.000000 0.000000 0.000000 6.832052 0.000000 6.832052
0.000000 0.569073 0.000000 0.000000 0.000000 0.000000 0.000000 0.000000 0.000000 6.827904 0.000000 6.827904
0.000000 0.655636 0.000000 0.000000 0.000000 0.000000 0.000000 0.000000 0.000000 6.827990 0.000000 6.827990
0.000000 0.750259 0.000000 0.000000 0.000000 0.000000 0.000000 0.000000 0.000000 6.831991 0.000000 6.831991
0.000000 0.839160 0.000000 0.000000 0.000000 0.000000 0.000000 0.000000 0.000000 6.843201 0.000000 6.843201
0.000000 0.928861 0.000000 0.000000 0.000000 0.000000 0.000000 0.000000 0.000000 6.840688 0.000000 6.840688
0.612002 1.012259 0.000000 0.000000 0.000000 0.000000 0.000000 0.000000 0.000000 6.836543 0.000000 6.836543
0.486414 1.086320 0.000000 0.000000 0.000000 0.000000 0.000000 0.000000 0.000000 6.835642 0.000000 6.835642
0.375207 1.167464 0.000000 0.000000 0.000000 0.000000 0.000000 0.000000 0.000000 6.827181 0.000000 6.827181
0.233167 1.256227 0.000000 0.000000 0.000000 0.000000 0.000000 0.000000 0.000000 6.834937 0.000000 6.834937
0.123353 1.349409 0.000000 0.000000 0.000000 0.000000 0.000000 0.000000 0.000000 6.842534 0.000000 6.842534
0.063848 1.444988 0.000000 0.000000 0.000000 0.000000 0.000000 0.000000 0.000000 6.846127 0.000000 6.846127
0.043768 1.546613 0.000000 0.000000 0.000000 0.000000 0.000000 0.000000 0.000000 6.842667 0.000000 6.842667
0.033589 1.645119 0.000000 0.000000 0.000000 0.000000 0.000000 0.000000 0.000000 6.836964 0.000000 6.836964
0.021893 1.750182 0.000000 0.000000 0.000000 0.000000 0.000000 0.000000 0.000000 6.839122 0.000000 6.839122
0.027666 1.867989 0.000000 0.000000 0.000000 0.000000 0.000000 0.000000 0.000000 6.837311 0.000000 6.837311
0.031385 1.992325 0.000000 0.000000 0.000000 0.000000 0.000000 0.000000 0.000000 6.837670 0.000000 6.837670
0.026799 2.109976 0.000000 0.000000 0.000000 0.000000 0.000000 0.000000 0.000000 6.841611 0.000000 6.841611
0.021388 2.220116 0.000000 0.000000 0.000000 0.000000 0.000000 0.000000 0.000000 6.845220 0.000000 6.845220
0.024137 2.332234 0.000000 0.000000 0.000000 0.000000 0.000000 0.000000 0.000000 6.848613 0.000000 6.848613
0.037229 2.441053 0.000000 0.000000 0.000000 0.000000 0.000000 0.000000 0.000000 6.844320 0.000000 6.844320
0.044767 2.550224 0.000000 0.000000 0.000000 0.000000 0.000000 0.000000 0.000000 6.838044 0.000000 6.838044
0.037901 2.661874 0.000000 0.000000 0.000000 0.000000 0.000000 0.000000 0.000000 6.840141 0.000000 6.840141
0.022233 2.768878 0.000000 0.000000 0.000000 0.000000 0.000000 0.000000 0.000000 6.847672 0.000000 6.847672
0.011254 2.871477 0.000000 0.000000 0.000000 0.000000 0.000000 0.000000 0.000000 6.849649 0.000000 6.849649
0.010509 2.977073 0.000000 0.000000 0.000000 0.000000 0.000000 0.000000 0.000000 6.846395 0.000000 6.846395
0.014583 3.082448 0.000000 0.000000 0.000000 0.000000 0.000000 0.000000 0.000000 6.842500 0.000000 6.842500
0.018151 3.188868 0.000000 0.000000 0.000000 0.000000 0.000000 0.000000 0.000000 6.838872 0.000000 6.838872
0.018089 3.289388 0.000000 0.000000 0.000000 0.000000 0.000000 0.000000 0.000000 6.833670 0.000000 6.833670
0.014092 3.392737 0.000000 0.000000 0.000000 0.000000 0.000000 0.000000 0.000000 6.833288 0.000000 6.833288
0.007421 3.498486 0.000000 0.000000 0.000000 0.000000 0.000000 0.000000 0.000000 6.841121 0.000000 6.841121
0.006713 3.597891 0.000000 0.000000 0.000000 0.000000 0.000000 0.000000 0.000000 6.838774 0.000000 6.838774
0.007153 3.695474 0.000000 0.000000 0.000000 0.000000 0.000000 0.000000 0.000000 6.833915 0.000000 6.833915
0.002620 3.795543 0.000000 0.000000 0.000000 0.000000 0.000000 0.000000 0.000000 6.840548 0.000000 6.840548
-0.000032 3.897817 0.000000 0.000000 0.000000 0.000000 0.000000 3.897817 3.897817 6.845534 0.000000 6.845534
0.002614 3.999001 0.000000 -0.000536 0.000000 0.288511 0.000000 4.574926 4.402912 6.841284 7.530247 6.841284
0.005041 4.096929 -0.000051 0.001621 0.013719 0.175683 0.000051 3.664715 -800.559647 6.836707 4.585406 6.836707
-0.000091 4.191915 0.000195 -4.264194 0.052397 0.216476 0.426294 4.776459 -719.921707 6.837180 5.650103 6.837180
-0.007997 4.290215 -0.000090 -3.837433 0.052397 0.200959 -0.125823 3.987053 -647.414682 6.841350 5.245120 6.841350
-0.009359 4.388422 0.000164 -3.453755 0.052397 0.203156 1.393153 4.824936 -582.118953 6.841139 5.302447 6.841139
-0.007605 4.483539 -0.000054 -3.108272 0.052397 0.203588 1.159453 4.321680 -523.347447 6.837464 5.313735 6.837464
-0.005690 4.582048 0.000123 -2.797377 0.052397 0.205652 0.897700 4.900518 -470.444321 11.297603 5.367610 11.297603
0.025445 4.849342 -0.000020 -2.518472 0.052397 0.407668 0.577215 5.237179 -422.486178 11.227703 10.640306 11.227703
0.013049 4.901373 0.000008 -2.264628 0.052397 0.366542 0.070412 4.675201 -379.704950 11.118988 9.566890 11.118988
-0.013956 4.852062 0.000177 -2.037679 0.052397 0.371731 -1.848075 5.105778 -341.137022 10.945156 9.702319 10.945156
0.011346 5.056541 0.000071 -1.834400 0.052397 0.364384 -1.572764 5.107017 -306.427800 10.794541 9.510566 10.794541
0.031155 5.240395 0.000089 -1.651458 0.052397 0.361242 -1.282834 5.439938 -275.168141 10.625832 9.428568 10.625832
0.058227 5.493473 0.000013 -1.487161 0.052397 0.355028 -0.950137 5.622872 -247.015409 10.545634 9.266382 10.545634
0.055784 5.581245 -0.000015 -1.338452 0.047410 0.352326 -0.587495 5.640441 -221.663246 10.437988 9.195840 10.437988
0.034853 5.575303 0.000007 -1.204085 0.042899 0.348508 -0.285980 5.613007 -198.849575 10.201845 9.096201 10.201845
0.035100 5.735062 0.000039 -1.084047 0.038816 0.334879 0.143576 5.912651 -178.311166 9.998771 8.740485 9.998771
0.033314 5.887320 -0.000026 -0.976025 0.035122 0.320311 -0.574737 5.958038 -159.800335 9.744611 8.360245 9.744611
0.026011 6.018269 -0.000011 -0.878635 0.031780 0.304146 -0.404339 6.166553 -143.118376 9.518078 7.938328 9.518078
0.014656 6.124774 -0.000040 -0.790805 0.028756 0.288693 -0.206217 6.205577 -128.079835 9.427301 7.534995 9.427301
0.008299 6.222558 -0.000015 -0.711638 0.026019 0.280931 -0.091746 6.372969 -114.512769 9.212214 7.332404 9.212214
0.045949 6.615515 -0.000022 -0.641831 0.023543 0.269658 -0.186328 6.945474 -102.264018 8.858774 7.038176 8.858774
0.032466 6.681868 -0.000142 -0.577279 0.038303 0.257106 -0.110651 6.602624 -91.237789 8.493611 6.710567 8.493611
0.011625 6.687192 0.000004 -0.518882 0.038303 0.244840 0.670910 6.883773 -81.316365 8.223771 6.390410 8.223771
0.020993 6.875294 -0.000039 -0.467307 0.038303 0.234981 0.439474 7.001074 -72.364635 7.970755 6.133091 7.970755
-0.002288 6.819658 -0.000031 -0.419579 0.038303 0.230470 0.145872 6.807401 -64.313330 7.754215 6.015363 7.754215
-0.011343 6.875119 0.000063 -0.377211 0.038303 0.227204 -0.715295 7.055024 -57.068755 7.643878 5.930109 7.643878
-0.008955 7.009634 0.000023 -0.339537 0.038303 0.225282 -0.492296 7.097239 -50.536999 7.473612 5.879945 7.473612
0.004762 7.206593 0.000044 -0.305970 0.038303 0.221456 -0.302551 7.409308 -44.647408 7.260238 5.780084 7.260238
0.002660 7.291368 -0.000015 -0.275212 0.038303 0.217247 -0.092060 7.304041 -39.346505 7.096967 5.670220 7.096967
-0.006197 7.307542 0.000046 -0.247209 0.038303 0.214451 0.437962 7.413507 -34.577937 6.799979 5.597269 6.799979
-0.001870 7.413265 0.000039 -0.222502 0.038303 0.208943 0.283734 7.500035 -30.291853 6.477491 5.453490 6.477491
-0.002671 7.511321 0.000036 -0.200310 0.038303 0.200685 -0.108710 7.594392 -26.437494 6.311733 5.237965 6.311733
-0.004831 7.599336 0.000027 -0.180353 0.034658 0.193771 1.115032 7.680931 -22.956170 6.215749 5.057493 6.139906
-0.009930 7.672574 0.000022 -0.162295 0.031360 0.188954 0.905825 7.749638 -19.809546 6.177662 4.931780 6.024371
-0.014943 7.743727 0.000024 -0.145998 0.028375 0.185218 0.724542 7.829083 -16.964134 6.129642 4.834271 5.909548
-0.018489 7.812798 0.000025 -0.131287 0.025675 0.182422 0.600836 7.893435 -14.392777 6.023930 4.761283 5.762523
-0.021229 7.879922 0.000030 -0.118018 0.023232 0.178907 0.516805 7.960409 -12.074209 6.027762 4.669542 5.689408
-0.021185 7.951194 0.000034 -0.106110 0.021021 0.179536 0.474641 8.042031 -9.973461 5.975283 4.685960 5.609894
-0.019647 8.031225 0.000036 -0.095403 0.019021 0.180632 0.458778 8.115808 -8.079765 6.080506 4.714575 5.646574
-0.015924 8.105772 0.000038 -0.085763 0.017211 0.186659 0.460605 8.196510 -6.362446 6.056685 4.871873 5.637998
-0.009577 8.177215 0.000039 -0.077042 0.015573 0.192407 0.483561 8.247448 -4.822810 5.847031 5.021912 5.513917
-0.001429 8.265436 0.000045 -0.069352 0.014091 0.193604 0.483889 8.339489 -3.454324 5.771254 5.053145 5.452348
0.016367 8.430070 0.000032 -0.062973 0.012750 0.196229 0.461205 8.554459 -2.213960 5.211721 5.121643 5.096584
0.020831 8.484424 -0.000017 -0.056688 0.011537 0.186503 0.422929 8.434910 -1.137609 4.697936 4.867792 4.676511
0.016930 8.471107 0.000020 -0.050914 0.010439 0.172750 0.359115 8.487783 -0.189019 4.295480 4.508835 4.298714
0.023385 8.543866 -0.000000 -0.046274 0.009445 0.159654 0.283801 8.573305 0.668843 3.772101 4.167030 3.850479
0.025313 8.601294 -0.000028 -0.042032 0.008546 0.142554 0.192372 8.595129 1.433532 3.416073 3.720711 3.476861
0.024293 8.637580 -0.000040 -0.038173 0.010699 0.126469 0.073379 8.649513 2.131909 2.971501 3.300897 3.052940
0.020786 8.663162 -0.000057 -0.034608 0.015436 0.108236 -0.189201 8.650263 2.761217 2.464037 2.824994 2.568938
0.014359 8.680890 -0.000059 -0.031367 0.015817 0.086140 -0.033895 8.679292 3.327085 2.048017 2.248285 2.104909
0.011462 8.712342 -0.000069 -0.028535 0.018464 0.065243 0.340429 8.724301 3.851130 1.443510 1.702872 1.529611
0.003518 8.698174 -0.000079 -0.025683 0.021187 0.041480 0.293052 8.658519 4.317081 1.098419 1.082644 1.087481
-0.007042 8.643692 -0.000058 -0.022926 0.021187 0.023813 0.255709 8.632971 4.750882 0.756835 0.621538 0.700657
-0.011598 8.622304 -0.000045 -0.020514 0.021187 0.010512 0.276057 8.623554 5.147807 0.267522 0.274356 0.260471
-0.017253 8.607281 -0.000035 -0.018331 0.021187 -0.004656 0.278905 8.593768 5.493261 0.102639 -0.121525 0.011372
-0.020894 8.585399 -0.000024 -0.016385 0.021187 -0.012394 0.282806 8.594912 5.818683 -0.393397 -0.323500 -0.384111
-0.023988 8.566392 -0.000017 -0.014559 0.021187 -0.024708 0.327885 8.538521 6.088400 -0.812335 -0.644895 -0.765044
-0.024713 8.559275 -0.000001 -0.013093 0.021187 -0.037367 0.319498 8.563772 6.323380 -0.878114 -0.975285 -0.920104
-0.005673 8.691367 -0.000012 -0.012547 0.021187 -0.039264 0.343331 8.800470 6.567205 -1.072601 -1.024815 -1.062011
-0.004463 8.670148 -0.000075 -0.011143 0.021187 -0.040439 0.381320 8.562435 6.774044 -1.234038 -1.055475 -1.171969
-0.017892 8.501277 -0.000002 -0.009152 0.021187 -0.040690 0.417291 8.439440 6.933856 -1.653506 -1.062037 -1.437600
-0.019212 8.465540 0.000029 -0.008116 0.021187 -0.047596 0.429264 8.443653 7.044257 -1.891264 -1.242278 -1.637023
-0.017989 8.486583 0.000013 -0.007643 0.019171 -0.055844 0.384004 8.474002 7.141564 -1.991075 -1.457538 -1.759363
-0.018938 8.450752 -0.000010 -0.006937 0.017346 -0.061860 0.360688 8.393574 7.233905 -2.522759 -1.614569 -2.143816
-0.021002 8.382854 0.000003 -0.006088 0.015696 -0.076444 0.344977 8.308609 7.283131 -2.921026 -1.995224 -2.510752
-0.018714 8.360411 0.000008 -0.005708 0.014202 -0.089557 0.288225 8.334911 7.323918 -3.333882 -2.337468 -2.874500
-0.015270 8.346342 -0.000019 -0.005418 0.012851 -0.102885 0.194839 8.283440 7.354113 -4.138168 -2.685337 -3.493935
-0.012475 8.331561 -0.000023 -0.005179 0.011628 -0.126827 0.005806 8.265008 7.346808 -4.651680 -3.310236 -4.007890
-0.021753 8.238394 -0.000045 -0.004724 0.012090 -0.146395 -8.939365 8.120107 7.338972 -4.709570 -3.820978 -4.184751
-0.032465 8.138874 -0.000027 -0.004238 0.012090 -0.156351 -8.039276 8.089637 7.354711 -4.867718 -4.080818 -4.358170
-0.035602 8.074506 -0.000034 -0.003814 0.012090 -0.165151 -7.229989 8.005504 7.369792 -5.009436 -4.310499 -4.514203
-0.035046 8.009598 -0.000023 -0.003390 0.012090 -0.170355 -6.503443 7.962335 7.383235 -5.044075 -4.446324 -4.570276
-0.034716 7.937115 -0.000023 -0.002935 0.012090 -0.169496 -5.850371 7.873718 7.395402 -5.052248 -4.423924 -4.563326
-0.032719 7.867977 -0.000008 -0.002504 0.012090 -0.165705 -5.263385 7.817952 7.397227 -5.027341 -4.324964 -4.509792
-0.028385 7.810157 -0.000005 -0.002188 0.012090 -0.159544 -4.735239 7.753134 7.387734 -4.819564 -4.164164 -4.307066
-0.027342 7.739328 -0.000000 -0.001863 0.012090 -0.148614 -4.259753 7.680894 7.375504 -4.432172 -3.878872 -3.942397
-0.026305 7.664654 0.000007 -0.001532 0.012090 -0.132687 -3.833703 7.611655 7.364411 -4.185841 -3.463177 -3.645104
-0.025378 7.578860 0.000014 -0.001136 0.012090 -0.119667 -3.453665 7.500370 7.333603 -3.933916 -3.123352 -3.360289
-0.025152 7.487922 0.000030 -0.000818 0.012090 -0.107432 -3.113567 7.419354 7.290426 -3.581027 -2.804017 -3.005076
-0.025518 7.397729 0.000033 -0.000569 0.010940 -0.092964 -2.808903 7.324245 7.244973 -3.439254 -2.426397 -2.792934
-0.001457 7.498084 0.000041 -0.001341 0.010960 -0.084779 -2.535064 7.563919 7.197048 -3.402467 -2.212772 -2.688232
-0.009024 7.371427 -0.000051 -0.000924 0.013653 -0.082801 -2.284272 7.131411 7.128463 -3.075671 -2.161127 -2.412404
-0.038419 7.094610 0.000051 0.000179 0.013746 -0.075405 -2.059602 6.999042 7.058950 -2.576635 -1.968098 -1.967401
-0.035467 7.019811 0.000065 0.000207 0.017427 -0.059571 -1.860204 6.992425 7.011035 -2.279018 -1.554834 -1.645561
-0.029471 6.944939 0.000048 0.000350 0.017427 -0.044784 -1.687546 6.854587 6.952062 -2.017538 -1.168884 -1.354099
-0.023746 6.890765 0.000068 0.000325 0.018157 -0.031295 -1.520499 6.858343 6.884569 -1.662630 -0.816800 -0.990950
-0.019891 6.843084 0.000043 0.000220 0.018157 -0.017015 -1.354397 6.769717 6.819262 -1.471558 -0.444092 -0.754855
-0.019248 6.792394 0.000046 0.000142 0.018157 -0.010477 -1.192547 6.736243 6.742282 -1.297446 -0.273445 -0.566626
-0.021474 6.738287 0.000031 0.000021 0.018157 -0.007919 -1.034179 6.665880 6.667841 -1.025998 -0.206692 -0.319802
-0.019447 6.688361 0.000027 -0.000109 0.018157 -0.002771 -0.889790 6.647105 6.610652 -0.859540 -0.072321 -0.153866
-0.015607 6.637734 0.000013 -0.000144 0.018157 0.002485 -0.760561 6.573316 6.556439 -0.643000 0.064853 0.052182
-0.017175 6.587094 0.000016 -0.000162 0.018157 0.008848 -0.613187 6.546933 6.508322 -0.358983 0.230928 0.316339
-0.019889 6.546268 0.000008 -0.000201 0.018157 0.015391 -0.458217 6.503081 6.469462 -0.214622 0.401702 0.461018
-0.022024 6.503654 0.000007 -0.000181 0.018157 0.016850 -0.311437 6.459548 6.428317 -0.033115 0.439804 0.616935
-0.021093 6.467338 0.000006 -0.000207 0.018157 0.020360 -0.168070 6.439375 6.398024 0.276883 0.531406 0.884683
-0.021350 6.432399 0.000002 -0.000182 0.018157 0.029956 -0.034843 6.408415 6.383058 0.665361 0.781854 1.235632
-0.019561 6.397681 0.000005 -0.000077 0.016429 0.043155 -0.034954 6.380670 6.376097 0.939723 1.126361 1.498694
-0.017570 6.375684 0.000010 0.000002 0.014866 0.054659 -0.663755 6.358200 6.362560 1.254524 1.426625 1.793646
-0.016963 6.360144 0.000012 0.000013 0.013451 0.065007 -0.628177 6.349255 6.349875 1.551818 1.696716 2.069540
-0.011719 6.358666 0.000010 -0.000047 0.012171 0.075396 -0.618271 6.355717 6.340277 1.693300 1.967857 2.212528
-0.004972 6.361217 0.000004 -0.000111 0.011013 0.081200 -0.601752 6.345764 6.322518 1.871390 2.119344 2.374853
-0.000700 6.358740 0.000001 -0.000192 0.009965 0.088311 -0.569898 6.351192 6.308212 2.081616 2.304945 2.569022
0.001084 6.348452 -0.000006 -0.000213 0.009017 0.095301 -0.523621 6.330111 6.296088 2.289259 2.487381 2.760152
0.003982 6.322419 -0.000004 -0.000140 0.008159 0.103033 -0.482096 6.301940 6.284395 2.461632 2.689214 2.923964
0.007699 6.298155 0.000000 -0.000073 0.007382 0.111246 -0.440094 6.278671 6.269315 2.670279 2.903559 3.122252
0.013389 6.287000 0.000002 -0.000094 0.006680 0.120864 -0.392650 6.276796 6.254216 2.795871 3.154600 3.254664
0.019192 6.287959 -0.000002 -0.000179 0.006044 0.127486 -0.340463 6.270950 6.231652 4.290804 3.327441 4.569777
0.022020 6.279019 -0.000008 -0.000251 0.005469 0.179955 -0.275194 6.355132 6.306046 4.608249 4.696899 4.963415
0.033717 6.324583 -0.000011 -0.000098 0.004948 0.194937 -0.208475 6.293734 6.301490 4.995116 5.087934 5.338109
0.038794 6.335156 0.000005 -0.000178 0.004478 0.208564 -0.146600 6.361582 6.298145 5.394155 5.443614 5.719975
0.039384 6.307365 -0.000016 -0.000049 0.004280 0.222438 -0.084416 6.260416 6.295491 5.731370 5.805726 6.046941
0.049335 6.351368 0.000013 -0.000296 0.004280 0.234945 0.002124 6.418754 6.295702 6.083161 6.132163 6.384359
0.052970 6.365194 -0.000034 -0.000368 0.009184 0.246852 -1.878017 6.318803 6.299108 6.457007 6.442934 6.739108
0.053009 6.360612 -0.000004 -0.000326 0.009184 0.258700 -1.679373 6.395077 6.306276 6.872695 6.752173 7.128803
0.055635 6.381091 -0.000025 -0.000396 0.009184 0.271195 -1.498821 6.378617 6.322472 7.319099 7.078309 7.543793
0.062598 6.409397 -0.000015 -0.000461 0.009184 0.285951 -1.340916 6.451431 6.348576 7.604168 7.463428 7.817645
0.072073 6.455781 -0.000029 -0.000568 0.009184 0.297215 -1.198191 6.469436 6.369473 7.838322 7.757424 8.041322
0.076919 6.502061 -0.000029 -0.000703 0.009184 0.305232 -1.055862 6.534010 6.388581 8.087708 7.966687 8.272836
0.073130 6.548910 -0.000042 -0.000850 0.011404 0.309518 -0.911621 6.569580 6.413364 8.262665 8.078551 8.425738
0.095520 6.806738 -0.000046 -0.002084 0.012338 0.305564 -0.762872 7.009777 6.466014 8.460729 7.975337 8.567833
0.085928 6.820522 -0.000161 -0.001878 0.043319 0.302666 -0.638201 6.704215 6.536562 8.752804 7.899713 8.779570
0.053047 6.686917 -0.000050 -0.000797 0.043319 0.304490 -0.436315 6.734763 6.613282 8.993523 7.947322 8.948459
0.054093 6.801660 -0.000037 -0.000998 0.043319 0.304910 -0.453362 6.930825 6.707767 8.954651 7.958283 8.870303
0.047974 6.889726 -0.000067 -0.000964 0.043319 0.297158 -0.640315 6.928891 6.798007 9.064429 7.755951 8.879146
0.045975 6.976476 -0.000040 -0.000946 0.043319 0.293496 -0.786098 7.109155 6.910465 8.976621 7.660353 8.736325
0.071915 7.287465 -0.000060 -0.001998 0.043319 0.286925 -0.942989 7.525287 7.043340 8.722764 7.488849 8.448433
0.059602 7.358282 -0.000144 -0.001669 0.043319 0.273765 -0.934013 7.313898 7.164054 8.848254 7.145362 8.421889
0.044576 7.387693 -0.000046 -0.001185 0.043319 0.271114 -0.913917 7.569859 7.309549 8.726428 7.076187 8.252014
0.038823 7.482196 -0.000079 -0.000915 0.043319 0.264117 -0.921667 7.531388 7.446136 8.531904 6.893547 8.004541
0.025259 7.480385 -0.000027 -0.000181 0.043319 0.256762 -0.908927 7.558047 7.568025 8.237803 6.701593 7.684723
0.031058 7.614475 0.000001 -0.000246 0.043319 0.248962 -0.852743 7.770695 7.683748 7.922943 6.498014 7.353625
0.034057 7.747353 -0.000028 -0.000337 0.039197 0.240501 -0.669926 7.831711 7.793141 7.890760 6.277168 7.226929
0.070578 8.167787 -0.000013 -0.001985 0.035467 0.237365 -0.412998 8.553321 7.947279 7.621302 6.195329 6.967621
0.056826 8.200581 -0.000181 -0.001342 0.048787 0.229696 -0.060863 8.021496 8.075716 7.419620 5.995154 6.729629
0.021458 8.026190 0.000014 0.000262 0.048787 0.220955 3.421447 8.132944 8.173762 7.167685 5.767024 6.450306
0.025806 8.140517 0.000010 0.000176 0.048787 0.213005 3.032528 8.247852 8.271714 6.615491 5.559515 5.977700
0.020309 8.209345 0.000005 0.000330 0.048787 0.198202 2.661748 8.254894 8.341831 6.538099 5.173141 5.776975
0.018617 8.302719 0.000024 0.000207 0.048787 0.192237 2.302427 8.439675 8.436616 6.517632 5.017471 5.681336
0.016584 8.376253 -0.000002 0.000320 0.048787 0.191489 1.989257 8.433986 8.539051 6.491599 4.997940 5.625969
0.015037 8.437837 0.000030 0.000536 0.048787 0.192511 1.717870 8.548920 8.636931 6.345986 5.024608 5.511814
0.045279 8.805312 0.000025 -0.000892 0.048787 0.190494 1.497025 9.105970 8.749313 6.139715 4.971968 5.338191
0.033940 8.824555 -0.000107 -0.000399 0.048787 0.184549 1.301152 8.683859 8.841273 5.904122 4.816792 5.115102
-0.003021 8.598518 0.000046 0.001286 0.048787 0.177350 1.149974 8.608866 8.895619 5.850984 4.628915 4.997119
-0.002026 8.679045 0.000084 0.001148 0.048787 0.173891 1.038020 8.823552 8.962325 5.994974 4.538623 5.034023
0.002135 8.760347 0.000041 0.001070 0.044144 0.178910 0.991867 8.815088 9.047431 5.905538 4.669632 5.006509
0.006591 8.839521 0.000069 0.001102 0.039944 0.182233 0.961093 8.948432 9.116004 5.814780 4.756355 4.969046
0.007740 8.906030 0.000050 0.001113 0.036142 0.184752 0.924449 8.948638 9.171538 5.513905 4.822094 4.802679
0.008317 8.997858 0.000067 0.000920 0.032703 0.179495 0.863621 9.087256 9.204192 5.407971 4.684893 4.685152
0.008190 9.051207 0.000035 0.000811 0.029591 0.174946 0.790029 9.074650 9.241177 5.147460 4.566154 4.481899
0.007139 9.083237 0.000050 0.000837 0.026775 0.168731 0.713421 9.132139 9.267415 4.942769 4.403951 4.298500
0.009111 9.138100 0.000041 0.000685 0.024227 0.162995 0.591828 9.181829 9.293444 4.775080 4.254227 4.143181
0.011620 9.188885 0.000034 0.000554 0.021921 0.159303 0.446907 9.232191 9.320649 4.337608 4.157871 3.851146
0.019104 9.311095 0.000027 0.000051 0.019835 0.148912 0.233261 9.387215 9.332690 4.278373 3.886668 3.718730
0.014976 9.317885 -0.000015 0.000078 0.017948 0.143955 -0.146287 9.290744 9.359532 4.150547 3.757289 3.598254
0.001799 9.247779 0.000021 0.000592 0.016240 0.139218 0.359731 9.241841 9.376792 4.117886 3.633643 3.534919
-0.002851 9.278370 0.000041 0.000522 0.014694 0.135450 0.154328 9.342607 9.401964 4.304025 3.535286 3.605796
-0.006935 9.309456 0.000019 0.000490 0.013296 0.136507 -0.094625 9.338520 9.448298 4.529929 3.562899 3.744817
0.022679 9.631499 0.000034 -0.000971 0.012031 0.140648 0.007379 9.935805 9.536541 4.748916 3.670962 3.907270
0.026742 9.670140 -0.000117 -0.000708 0.031546 0.148717 1.715442 9.535551 9.627844 4.817971 3.881573 4.026151
-0.001021 9.380573 0.000028 0.001310 0.031546 0.158303 1.562366 9.324299 9.670824 4.732535 4.131782 4.077826
-0.000283 9.369089 0.000103 0.001599 0.031546 0.165099 1.420541 9.448359 9.684089 4.565878 4.309152 4.061236
0.007832 9.434633 0.000071 0.001322 0.031546 0.167942 1.269330 9.442215 9.677707 4.490061 4.383357 4.061493
0.012542 9.474055 0.000071 0.001079 0.031546 0.170059 1.094939 9.507243 9.665057 4.541141 4.438596 4.129680
0.011329 9.485778 0.000048 0.000950 0.031546 0.172947 0.897211 9.476021 9.654544 4.797671 4.513980 4.323125
0.018462 9.588834 0.000054 0.000348 0.031546 0.178451 0.690558 9.699598 9.668486 4.914680 4.657631 4.460718
0.016897 9.593715 -0.000008 0.000396 0.031546 0.181671 0.509958 9.527596 9.679595 4.882355 4.741685 4.488125
0.004839 9.515899 0.000047 0.000867 0.031546 0.180643 0.326548 9.516712 9.673397 4.943071 4.714849 4.522833
0.002392 9.541168 0.000048 0.000701 0.031546 0.179092 0.098734 9.577234 9.676676 4.948821 4.674369 4.517484
0.000700 9.578754 0.000031 0.000519 0.031546 0.176237 -0.440762 9.599815 9.686728 5.162779 4.599850 4.611692
-0.001099 9.609087 0.000027 0.000411 0.028544 0.177382 -0.311190 9.657209 9.719667 5.156376 4.629731 4.620782
-0.004519 9.636105 0.000020 0.000443 0.025828 0.176104 -0.249854 9.657302 9.749391 5.136936 4.596376 4.595615
-0.007792 9.679982 0.000029 0.000368 0.023370 0.172611 -0.193383 9.737212 9.781536 5.386322 4.505214 4.694208
-0.001108 9.803945 0.000015 -0.000119 0.021146 0.174660 -0.229509 9.921040 9.847487 5.483128 4.558684 4.762356
-0.003079 9.822264 -0.000020 0.000134 0.019134 0.177238 -0.319512 9.810086 9.911808 5.501812 4.625992 4.793396
-0.008543 9.789309 0.000031 0.000649 0.017313 0.180225 -0.380432 9.836015 9.962886 5.529882 4.703945 4.835877
-0.005748 9.845378 0.000039 0.000623 0.015665 0.184053 -0.392325 9.912588 10.010856 5.816384 4.803853 5.031497
-0.003888 9.891065 0.000030 0.000635 0.014175 0.193487 -0.380303 9.947058 10.072089 5.859214 5.050096 5.156432
-0.003101 9.938976 0.000038 0.000705 0.012826 0.199677 -0.366169 9.991015 10.117283 5.998501 5.211649 5.300897
-0.003831 9.989243 0.000039 0.000678 0.011605 0.205008 -0.341247 10.044719 10.161373 6.532380 5.350786 5.648039
-0.001645 10.050758 0.000036 0.000586 0.010501 0.218082 -0.342891 10.141025 10.235749 6.737328 5.692016 5.902443
0.004836 10.111718 0.000030 0.000657 0.009502 0.229102 -0.375118 10.163855 10.298928 6.447772 5.979654 5.873150
0.013221 10.178823 0.000041 0.000636 0.011156 0.231033 -0.393684 10.224646 10.320766 6.202288 6.030058 5.771003
0.027942 10.332687 0.000030 -0.000063 0.011156 0.229646 -0.366642 10.431572 10.334411 6.046279 5.993863 5.683315
0.028606 10.373170 -0.000027 -0.000205 0.011156 0.227110 -0.284766 10.330237 10.342077 6.144780 5.927664 5.719362
0.021664 10.337764 0.000005 0.000023 0.011156 0.227127 -0.145191 10.359485 10.357345 6.035525 5.928117 5.671693
0.021259 10.381085 0.000000 -0.000126 0.011156 0.223431 0.104425 10.406132 10.367485 5.816319 5.831626 5.522788
0.019323 10.433109 -0.000010 -0.000348 0.011156 0.214421 -0.288582 10.453584 10.372941 5.931877 5.596483 5.485755
0.015077 10.466154 -0.000023 -0.000494 0.011156 0.209452 -0.136764 10.500462 10.406513 6.030033 5.466787 5.479602
0.010176 10.486013 -0.000027 -0.000421 0.011156 0.206030 0.049696 10.515181 10.455190 6.026271 5.377463 5.433776
0.007377 10.519267 -0.000017 -0.000340 0.011156 0.202510 -0.138040 10.569450 10.508510 6.061676 5.285592 5.404444
0.039482 10.922696 -0.000018 -0.002195 0.011156 0.200087 -0.123692 11.261410 10.606045 6.079155 5.222347 5.376709
0.030653 10.885172 -0.000194 -0.001479 0.052214 0.199615 -0.161961 10.646135 10.695911 6.228568 5.210037 5.439059
0.003910 10.657221 0.000014 0.000205 0.052214 0.202393 -0.022235 10.739737 10.765688 6.441114 5.282546 5.571246
0.005501 10.711308 0.000007 0.000288 0.052214 0.208613 -0.629753 10.772337 10.844022 6.597057 5.444892 5.716629
0.003991 10.713821 0.000021 0.000690 0.052214 0.216479 -0.607149 10.750317 10.914311 6.791866 5.650185 5.903725
0.012233 10.810213 0.000048 0.000552 0.052214 0.226806 -0.584239 10.940681 10.986452 6.767532 5.919739 6.013939
0.021101 10.921173 0.000013 0.000346 0.052214 0.233970 -0.511881 10.966867 11.041225 6.637440 6.106721 6.037741
0.024344 11.008052 0.000022 0.000176 0.052214 0.236088 -0.338922 11.079374 11.076283 6.614124 6.161980 6.057138
0.026994 11.110104 -0.000001 -0.000179 0.052214 0.235327 0.040361 11.167381 11.112358 6.570486 6.142128 6.030506
0.026614 11.178776 -0.000016 -0.000352 0.052214 0.232835 -3.280126 11.218865 11.149973 6.449568 6.077096 5.943308
0.023101 11.221367 -0.000020 -0.000378 0.052214 0.226652 -2.907846 11.250301 11.184044 6.649434 5.915710 5.964622
0.021924 11.285308 -0.000020 -0.000537 0.052214 0.225049 -2.571796 11.366367 11.247224 6.856013 5.873863 6.040872
0.025356 11.395513 -0.000036 -0.000786 0.047245 0.226557 -2.280794 11.489846 11.333069 6.987580 5.913239 6.116709
0.024116 11.450809 -0.000047 -0.000624 0.042749 0.228908 -2.038150 11.497262 11.422525 7.199103 5.974599 6.240281
0.017540 11.435283 -0.000023 -0.000068 0.038681 0.233926 -1.840072 11.474239 11.512340 6.943741 6.105572 6.174605
0.017090 11.497301 0.000011 0.000080 0.035000 0.231737 -1.675931 11.576356 11.571441 6.593428 6.048424 5.975363
0.108144 11.584340 -0.000002 -0.000068 0.031669 0.245168 -1.522386 11.630134 11.612138 13.713741 6.398982 9.835438
0.267059 11.668262 -0.000006 -0.000297 0.028656 0.322436 -1.378184 12.227669 12.146656 31.068592 8.415700 13.902420
0.395135 11.703695 -0.000024 0.002347 0.025929 0.405331 -1.253283 12.922468 13.740313 59.701131 10.579292 17.240619
0.504242 11.827179 0.000242 0.010137 0.065095 0.487146 -1.148042 14.502780 17.100832 98.994438 12.714696 20.062736
0.600742 12.173615 0.000771 0.026108 0.207403 0.561429 -1.075252 16.548877 22.846703 119.624305 14.653508 22.443308
0.681162 12.640075 0.001872 0.054083 0.503461 0.616710 -0.992501 17.103113 29.416120 118.002331 16.096368 24.383545
0.749021 13.319117 0.003665 0.085294 0.985510 0.652647 -0.392227 17.660391 35.174891 115.641168 17.034356 25.948973
0.812574 14.799850 0.003665 0.085294 0.985510 0.652647 -0.392227 17.660391 35.174891 27.192359 17.034356 27.192359
0.855522 15.939375 0.003665 0.085294 0.985510 0.652647 -0.392227 17.660391 35.174891 28.155342 17.034356 28.155342
0.885981 16.777977 0.003665 0.085294 0.985510 0.652647 -0.392227 17.660391 35.174891 28.869736 17.034356 28.869736
0.912177 18.107789 0.003665 0.085294 0.985510 0.652647 -0.392227 17.660391 35.174891 29.358524 17.034356 29.358524
0.931383 19.282477 0.003665 0.085294 0.985510 0.652647 -0.392227 17.660391 35.174891 29.636565 17.034356 29.636565
0.945335 20.158125 0.003665 0.085294 0.985510 0.652647 -0.392227 17.660391 35.174891 29.711023 17.034356 29.711023
0.955447 20.624140 0.003665 0.085294 0.985510 0.652647 -0.392227 17.660391 35.174891 29.581504 17.034356 29.581504
0.961620 20.754861 0.003665 0.085294 0.985510 0.652647 -0.392227 17.660391 35.174891 29.296861 17.034356 29.296861
0.965223 20.783733 0.003665 0.085294 0.985510 0.652647 -0.392227 17.660391 35.174891 28.658758 17.034356 28.658758
0.969172 21.464822 0.003665 0.085294 0.985510 0.652647 -0.392227 17.660391 35.174891 27.610224 17.034356 27.610224
0.971485 21.432508 0.003665 0.085294 0.985510 0.652647 -0.392227 17.660391 35.174891 26.232178 17.034356 26.232178
0.972864 20.979626 0.003665 0.085294 0.985510 0.652647 -0.392227 17.660391 35.174891 24.604371 17.034356 24.604371
0.974891 21.293284 0.003665 0.085294 0.985510 0.652647 -0.392227 17.660391 35.174891 22.642718 17.034356 22.642718
0.976505 21.535700 0.003665 0.085294 0.985510 0.652647 -0.392227 17.660391 35.174891 20.580266 17.034356 20.580266
0.977726 21.650100 0.003665 0.085294 0.985510 0.652647 -0.392227 17.660391 35.174891 18.512760 17.034356 18.512760
0.978610 21.625896 0.003665 0.085294 0.985510 0.652647 -0.392227 17.660391 35.174891 16.492967 17.034356 16.492967
0.979229 21.487164 0.003665 0.085294 0.985510 0.652647 -0.392227 17.660391 35.174891 14.564141 17.034356 14.564141
0.979671 21.292868 0.003665 0.085294 0.985510 0.652647 -0.392227 17.660391 35.174891 12.759112 17.034356 12.759112
0.980533 21.069389 0.003665 0.085294 0.985510 0.652647 -0.392227 17.660391 35.174891 44.996429 17.034356 44.996429
0.981699 20.791804 0.003665 0.085294 0.985510 0.652647 -0.392227 17.660391 35.174891 45.102862 17.034356 45.102862
0.982642 20.508325 0.003665 0.085294 0.985510 0.652647 -0.392227 17.660391 35.174891 45.203006 17.034356 45.203006
0.983508 20.353832 0.003665 0.085294 0.985510 0.652647 -0.392227 17.660391 35.174891 45.297946 17.034356 45.297946
0.984376 20.408881 0.003665 0.085294 0.985510 0.652647 -0.392227 17.660391 35.174891 45.388576 17.034356 45.388576
0.985273 20.706391 0.003665 0.085294 0.985510 0.652647 -0.392227 17.660391 35.174891 45.475639 17.034356 45.475639
0.986159 21.199639 0.003665 0.085294 0.985510 0.652647 -0.392227 17.660391 35.174891 45.559750 17.034356 45.559750
0.986978 21.801532 0.003665 0.085294 0.985510 0.652647 -0.392227 17.660391 35.174891 45.641419 17.034356 45.641419
0.987762 22.553435 0.003665 0.085294 0.985510 0.652647 -0.392227 17.660391 35.174891 45.721065 17.034356 45.721065
0.988447 23.324815 0.003665 0.085294 0.985510 0.652647 -0.392227 17.660391 35.174891 45.799038 17.034356 45.799038
0.989020 24.049738 0.003665 0.085294 0.985510 0.652647 -0.392227 17.660391 35.174891 45.875625 17.034356 45.875625
0.989935 24.815289 0.003665 0.085294 0.985510 0.652647 -0.392227 17.660391 35.174891 45.960501 17.034356 45.960501
0.991044 25.541667 0.003665 0.085294 0.985510 0.652647 -0.392227 17.660391 35.174891 46.051696 17.034356 46.051696
0.991926 26.173999 0.003665 0.085294 0.985510 0.652647 -0.392227 17.660391 35.174891 46.139291 17.034356 46.139291
0.992630 26.719135 0.003665 0.085294 0.985510 0.652647 -0.392227 17.660391 35.174891 46.223907 17.034356 46.223907
0.993253 27.416994 0.003665 0.085294 0.985510 0.652647 -0.392227 17.660391 35.174891 46.306057 17.034356 46.306057
0.993701 27.800824 0.003665 0.085294 0.985510 0.652647 -0.392227 17.660391 35.174891 46.386165 17.034356 46.386165
0.994042 28.019796 0.003665 0.085294 0.985510 0.652647 -0.392227 17.660391 35.174891 46.464584 17.034356 46.464584
0.994393 28.566116 0.003665 0.085294 0.985510 0.652647 -0.392227 17.660391 35.174891 46.541605 17.034356 46.541605
0.994725 29.305995 0.003665 0.085294 0.985510 0.652647 -0.392227 17.660391 35.174891 46.617467 17.034356 46.617467
0.994937 29.614582 0.003665 0.085294 0.985510 0.652647 -0.392227 17.660391 35.174891 46.692372 17.034356 46.692372
0.995505 29.768351 0.003665 0.085294 0.985510 0.652647 -0.392227 17.660391 35.174891 46.779117 17.034356 46.779117
0.996410 30.329170 0.003665 0.085294 0.985510 0.652647 -0.392227 17.660391 35.174891 46.874935 17.034356 46.874935
0.997151 30.975866 0.003665 0.085294 0.985510 0.652647 -0.392227 17.660391 35.174891 46.966443 17.034356 46.966443
0.997754 31.694678 0.003665 0.085294 0.985510 0.652647 -0.392227 17.660391 35.174891 47.054382 17.034356 47.054382
0.998243 32.471547 0.003665 0.085294 0.985510 0.652647 -0.392227 17.660391 35.174891 47.139367 17.034356 47.139367
0.998628 33.052080 0.003665 0.085294 0.985510 0.652647 -0.392227 17.660391 35.174891 47.025708 17.034356 47.221907
0.998935 33.481624 0.003665 0.085294 0.985510 0.652647 -0.392227 17.660391 35.174891 45.532097 17.034356 47.302422
0.999184 33.862904 0.003665 0.085294 0.985510 0.652647 -0.392227 17.660391 35.174891 44.206311 17.034356 47.381262
0.999401 35.081316 0.003665 0.085294 0.985510 0.652647 -0.392227 17.660391 35.174891 39.969649 17.034356 47.458714
0.999557 34.998796 0.003665 0.085294 0.985510 0.652647 -0.392227 17.660391 35.174891 40.256587 17.034356 47.535018
0.999862 33.955273 0.003665 0.085294 0.985510 0.652647 -0.392227 17.660391 35.174891 43.885124 17.034356 47.608869
1.000300 33.992461 0.003665 0.085294 0.985510 0.652647 -0.392227 17.660391 35.174891 43.755814 17.034356 47.680772
1.000665 33.842803 0.003665 0.085294 0.985510 0.652647 -0.392227 17.660391 35.174891 44.276205 17.034356 47.752462
1.000973 33.627903 0.003665 0.085294 0.985510 0.652647 -0.392227 17.660391 35.174891 45.023454 17.034356 47.823976
1.001224 33.621305 0.003665 0.085294 0.985510 0.652647 -0.392227 17.660391 35.174891 45.046399 17.034356 47.895345
1.001413 34.053315 0.003665 0.085294 0.985510 0.652647 -0.392227 17.660391 35.174891 43.544212 17.034356 47.966594
1.001576 34.211325 0.003665 0.085294 0.985510 0.652647 -0.392227 17.660391 35.174891 42.994781 17.034356 48.037743
1.001718 34.156443 0.003665 0.085294 0.985510 0.652647 -0.392227 17.660391 35.174891 43.185618 17.034356 48.108809
1.001817 34.484081 0.003665 0.085294 0.985510 0.652647 -0.392227 17.660391 35.174891 42.046354 17.034356 48.179807
1.001887 34.936311 0.003665 0.085294 0.985510 0.652647 -0.392227 17.660391 35.174891 40.473859 17.034356 48.250749
1.001908 35.459203 0.003665 0.085294 0.985510 0.652647 -0.392227 17.660391 35.174891 38.655659 17.034356 48.309612
1.001904 35.768397 0.003665 0.085294 0.985510 0.652647 -0.392227 17.660391 35.174891 37.580530 17.034356 48.359164
1.001908 35.890747 0.003665 0.085294 0.985510 0.652647 -0.392227 17.660391 35.174891 37.155094 17.034356 48.412262
1.001914 35.945603 0.003665 0.085294 0.985510 0.652647 -0.392227 17.660391 35.174891 36.964349 17.034356 48.468296
1.001919 35.989954 0.003665 0.085294 0.985510 0.652647 -0.392227 17.660391 35.174891 36.810131 17.034356 48.526760
1.001896 36.553598 0.003665 0.085294 0.985510 0.652647 -0.392227 17.660391 35.174891 34.850230 17.034356 48.587235
1.001930 35.991644 0.003665 0.085294 0.985510 0.652647 -0.392227 17.660391 35.174891 36.804257 17.034356 48.649376
1.001998 34.847592 0.003665 0.085294 0.985510 0.652647 -0.392227 17.660391 35.174891 40.782353 17.034356 48.712895
1.002020 34.520262 0.003665 0.085294 0.985510 0.652647 -0.392227 17.660391 35.174891 41.920545 17.034356 48.777556
1.002043 34.193497 0.003665 0.085294 0.985510 0.652647 -0.392227 17.660391 35.174891 43.056774 17.034356 48.843162
1.002060 33.954511 0.003665 0.085294 0.985510 0.652647 -0.392227 17.660391 35.174891 43.887774 17.034356 48.909550
1.003295 33.874229 0.003665 0.085294 0.985510 0.652647 -0.392227 17.660391 35.174891 44.166932 17.034356 49.010566
1.005457 33.933970 0.003665 0.085294 0.985510 0.652647 -0.392227 17.660391 35.174891 43.959198 17.034356 49.138282
1.007215 34.107384 0.003665 0.085294 0.985510 0.652647 -0.392227 17.660391 35.174891 13.387660 17.034356 13.387660
1.008618 34.403657 0.003665 0.085294 0.985510 0.652647 -0.392227 17.660391 35.174891 13.497637 17.034356 13.497637
1.009490 35.642323 0.003665 0.085294 0.985510 0.652647 -0.392227 17.660391 35.174891 13.600963 17.034356 13.600963
1.010437 35.716196 0.003665 0.085294 0.985510 0.652647 -0.392227 17.660391 35.174891 13.698782 17.034356 13.698782
1.011497 34.910113 0.003665 0.085294 0.985510 0.652647 -0.392227 17.660391 35.174891 13.792042 17.034356 13.792042
1.012164 34.943306 0.003665 0.085294 0.985510 0.652647 -0.392227 17.660391 35.174891 13.881528 17.034356 13.881528
1.012794 34.755561 0.003665 0.085294 0.985510 0.652647 -0.392227 17.660391 35.174891 13.967888 17.034356 13.967888
1.013463 34.231528 0.003665 0.085294 0.985510 0.652647 -0.392227 17.660391 35.174891 14.051661 17.034356 14.051661
1.014127 33.574009 0.003665 0.085294 0.985510 0.652647 -0.392227 17.660391 35.174891 14.133292 17.034356 14.133292
1.015496 32.958954 0.003665 0.085294 0.985510 0.652647 -0.392227 17.660391 35.174891 14.200898 17.034356 14.200898
1.017180 32.364615 0.003665 0.085294 0.985510 0.652647 -0.392227 17.660391 35.174891 14.256253 17.034356 14.256253
1.018362 31.880153 0.003665 0.085294 0.985510 0.652647 -0.392227 17.660391 35.174891 14.312996 17.034356 14.312996
1.019368 31.477747 0.003665 0.085294 0.985510 0.652647 -0.392227 17.660391 35.174891 14.372137 17.034356 14.372137
1.020248 31.104434 0.003665 0.085294 0.985510 0.652647 -0.392227 17.660391 35.174891 14.433261 17.034356 14.433261
1.021002 30.779618 0.003665 0.085294 0.985510 0.652647 -0.392227 17.660391 35.174891 14.496027 17.034356 14.496027
1.021654 30.490363 0.003665 0.085294 0.985510 0.652647 -0.392227 17.660391 35.174891 14.560152 17.034356 14.560152
1.022220 30.226032 0.003665 0.085294 0.985510 0.652647 -0.392227 17.660391 35.174891 14.625401 17.034356 14.625401
1.022698 30.006359 0.003665 0.085294 0.985510 0.652647 -0.392227 17.660391 35.174891 14.691581 17.034356 14.691581
1.023081 29.846772 0.003665 0.085294 0.985510 0.652647 -0.392227 17.660391 35.174891 14.758531 17.034356 14.758531
1.023405 29.710183 0.003665 0.085294 0.985510 0.652647 -0.392227 17.660391 35.174891 14.826118 17.034356 14.826118
1.022426 29.610550 0.003665 0.085294 0.985510 0.652647 -0.392227 17.660391 35.174891 14.867682 17.034356 14.867682
1.020376 29.625485 0.003665 0.085294 0.985510 0.652647 -0.392227 17.660391 35.174891 14.889247 17.034356 14.889247
1.018680 29.638286 0.003665 0.085294 0.985510 0.652647 -0.392227 17.660391 35.174891 14.919112 17.034356 14.919112
1.017178 29.821021 0.003665 0.085294 0.985510 0.652647 -0.392227 17.660391 35.174891 50.824481 17.034356 50.824481
1.016020 29.836910 0.003665 0.085294 0.985510 0.652647 -0.392227 17.660391 35.174891 50.866905 17.034356 50.866905
1.015126 29.724836 0.003665 0.085294 0.985510 0.652647 -0.392227 17.660391 35.174891 50.914036 17.034356 50.914036
1.014261 29.882191 0.003665 0.085294 0.985510 0.652647 -0.392227 17.660391 35.174891 50.965064 17.034356 50.965064
1.013056 31.152556 0.003665 0.085294 0.985510 0.652647 -0.392227 17.660391 35.174891 51.019318 17.034356 51.019318
1.012421 31.448796 0.003665 0.085294 0.985510 0.652647 -0.392227 17.660391 35.174891 51.076243 17.034356 51.076243
1.012203 30.920006 0.003665 0.085294 0.985510 0.652647 -0.392227 17.660391 35.174891 51.135379 17.034356 51.135379
1.011115 31.303565 0.003665 0.085294 0.985510 0.652647 -0.392227 17.660391 35.174891 51.194023 17.034356 51.194023
1.009689 31.619309 0.003665 0.085294 0.985510 0.652647 -0.392227 17.660391 35.174891 51.252405 17.034356 51.252405
1.008519 31.923091 0.003665 0.085294 0.985510 0.652647 -0.392227 17.660391 35.174891 50.951428 17.034356 51.312750
1.007552 32.235080 0.003665 0.085294 0.985510 0.652647 -0.392227 17.660391 35.174891 49.866578 17.034356 51.374720
1.006761 32.522006 0.003665 0.085294 0.985510 0.652647 -0.392227 17.660391 35.174891 48.868879 17.034356 51.438036
1.005946 33.694394 0.003665 0.085294 0.985510 0.652647 -0.392227 17.660391 35.174891 44.792253 17.034356 51.502465
1.005466 33.693769 0.003665 0.085294 0.985510 0.652647 -0.392227 17.660391 35.174891 44.794426 17.034356 51.567817
1.005193 32.889447 0.003665 0.085294 0.985510 0.652647 -0.392227 17.660391 35.174891 47.591214 17.034356 51.633932
1.004817 33.159403 0.003665 0.085294 0.985510 0.652647 -0.392227 17.660391 35.174891 46.652523 17.034356 51.700680
1.004501 33.450374 0.003665 0.085294 0.985510 0.652647 -0.392227 17.660391 35.174891 45.640759 17.034356 51.767952
1.004235 33.762158 0.003665 0.085294 0.985510 0.652647 -0.392227 17.660391 35.174891 44.556623 17.034356 51.835657
1.004013 34.068030 0.003665 0.085294 0.985510 0.652647 -0.392227 17.660391 35.174891 43.493045 17.034356 51.903721
1.003550 34.338141 0.003665 0.085294 0.985510 0.652647 -0.392227 17.660391 35.174891 42.553816 17.034356 51.974657
1.002902 34.676741 0.003665 0.085294 0.985510 0.652647 -0.392227 17.660391 35.174891 41.376436 17.034356 52.047827
1.002386 34.809215 0.003665 0.085294 0.985510 0.652647 -0.392227 17.660391 35.174891 40.915798 17.034356 52.120445
1.001955 35.026147 0.003665 0.085294 0.985510 0.652647 -0.392227 17.660391 35.174891 40.161483 17.034356 52.192604
1.001601 35.244289 0.003665 0.085294 0.985510 0.652647 -0.392227 17.660391 35.174891 39.402958 17.034356 52.264386
1.001316 35.284822 0.003665 0.085294 0.985510 0.652647 -0.392227 17.660391 35.174891 39.262016 17.034356 52.335854
1.001078 35.399049 0.003665 0.085294 0.985510 0.652647 -0.392227 17.660391 35.174891 38.864828 17.034356 52.407063
1.000883 35.454631 0.003665 0.085294 0.985510 0.652647 -0.392227 17.660391 35.174891 38.671556 17.034356 52.478058
1.000723 35.510362 0.003665 0.085294 0.985510 0.652647 -0.392227 17.660391 35.174891 38.477769 17.034356 52.548877
1.000589 35.596564 0.003665 0.085294 0.985510 0.652647 -0.392227 17.660391 35.174891 38.178028 17.034356 52.619548
1.000464 36.831384 0.003665 0.085294 0.985510 0.652647 -0.392227 17.660391 35.174891 33.884312 17.034356 52.690099
0.999625 36.604277 0.003665 0.085294 0.985510 0.652647 -0.392227 17.660391 35.174891 34.674007 17.034356 52.720567
0.998158 35.380094 0.003665 0.085294 0.985510 0.652647 -0.392227 17.660391 35.174891 38.930737 17.034356 52.720171
0.996967 35.514723 0.003665 0.085294 0.985510 0.652647 -0.392227 17.660391 35.174891 38.462606 17.034356 52.731647
0.995987 35.624664 0.003665 0.085294 0.985510 0.652647 -0.392227 17.660391 35.174891 38.080317 17.034356 52.752953
0.995183 35.735061 0.003665 0.085294 0.985510 0.652647 -0.392227 17.660391 35.174891 37.696445 17.034356 52.782396
0.994539 35.942868 0.003665 0.085294 0.985510 0.652647 -0.392227 17.660391 35.174891 36.973858 17.034356 52.818575
0.994160 37.035225 0.003665 0.085294 0.985510 0.652647 -0.392227 17.660391 35.174891 33.175517 17.034356 52.860330
0.993708 37.001671 0.003665 0.085294 0.985510 0.652647 -0.392227 17.660391 35.174891 33.292190 17.034356 52.906702
0.993195 36.226278 0.003665 0.085294 0.985510 0.652647 -0.392227 17.660391 35.174891 35.988387 17.034356 52.956897
0.992925 36.448769 0.003665 0.085294 0.985510 0.652647 -0.392227 17.660391 35.174891 35.214740 17.034356 53.010257
0.993086 36.671281 0.003665 0.085294 0.985510 0.652647 -0.392227 17.660391 35.174891 34.441020 17.034356 53.083908
0.993567 36.849232 0.003665 0.085294 0.985510 0.652647 -0.392227 17.660391 35.174891 33.822249 17.034356 53.173334
0.993980 37.109164 0.003665 0.085294 0.985510 0.652647 -0.392227 17.660391 35.174891 32.918414 17.034356 53.259277
0.994339 37.472984 0.003665 0.085294 0.985510 0.652647 -0.392227 17.660391 35.174891 31.653339 17.034356 53.342338
0.994562 37.286071 0.003665 0.085294 0.985510 0.652647 -0.392227 17.660391 35.174891 32.303274 17.034356 53.423013
0.994730 37.009213 0.003665 0.085294 0.985510 0.652647 -0.392227 17.660391 35.174891 33.265964 17.034356 53.501714
0.994911 37.066813 0.003665 0.085294 0.985510 0.652647 -0.392227 17.660391 35.174891 33.065679 17.034356 53.578782
0.995055 37.073106 0.003665 0.085294 0.985510 0.652647 -0.392227 17.660391 35.174891 33.043796 17.034356 53.654497
0.995175 37.085179 0.003665 0.085294 0.985510 0.652647 -0.392227 17.660391 35.174891 33.001814 17.034356 53.729094
0.995277 37.117446 0.003665 0.085294 0.985510 0.652647 -0.392227 17.660391 35.174891 32.889618 17.034356 53.802765
0.995365 37.171350 0.003665 0.085294 0.985510 0.652647 -0.392227 17.660391 35.174891 32.702182 17.034356 53.875671
0.995439 37.231927 0.003665 0.085294 0.985510 0.652647 -0.392227 17.660391 35.174891 32.491544 17.034356 53.947944
0.995894 37.314857 0.003665 0.085294 0.985510 0.652647 -0.392227 17.660391 35.174891 32.203179 17.034356 54.035449
0.996643 37.470146 0.003665 0.085294 0.985510 0.652647 -0.392227 17.660391 35.174891 31.663207 17.034356 54.134648
0.997259 37.607291 0.003665 0.085294 0.985510 0.652647 -0.392227 17.660391 35.174891 31.186329 17.034356 54.228779
0.997765 37.710942 0.003665 0.085294 0.985510 0.652647 -0.392227 17.660391 35.174891 30.825914 17.034356 54.318714
0.998183 37.838019 0.003665 0.085294 0.985510 0.652647 -0.392227 17.660391 35.174891 30.384042 17.034356 54.405176
0.998528 37.957280 0.003665 0.085294 0.985510 0.652647 -0.392227 17.660391 35.174891 29.969345 17.034356 54.488764
0.998813 38.090811 0.003665 0.085294 0.985510 0.652647 -0.392227 17.660391 35.174891 29.505033 17.034356 54.569972
0.999048 38.215274 0.003665 0.085294 0.985510 0.652647 -0.392227 17.660391 35.174891 29.072251 17.034356 54.649211
0.999240 38.296846 0.003665 0.085294 0.985510 0.652647 -0.392227 17.660391 35.174891 28.788607 17.034356 54.726820
0.999399 38.358756 0.003665 0.085294 0.985510 0.652647 -0.392227 17.660391 35.174891 28.573335 17.034356 54.803079
0.999530 38.397391 0.003665 0.085294 0.985510 0.652647 -0.392227 17.660391 35.174891 28.438993 17.034356 54.878223
1.000620 38.425798 0.003665 0.085294 0.985510 0.652647 -0.392227 17.660391 35.174891 28.340215 17.034356 55.000610
1.002443 38.425807 0.003665 0.085294 0.985510 0.652647 -0.392227 17.660391 35.174891 28.340183 17.034356 55.159314
1.003952 38.430485 0.003665 0.085294 0.985510 0.652647 -0.392227 17.660391 35.174891 28.323917 17.034356 55.302988
1.005200 38.441554 0.003665 0.085294 0.985510 0.652647 -0.392227 17.660391 35.174891 28.285430 17.034356 55.434217
1.006238 38.418339 0.003665 0.085294 0.985510 0.652647 -0.392227 17.660391 35.174891 19.686511 17.034356 19.686511
1.007095 38.413330 0.003665 0.085294 0.985510 0.652647 -0.392227 17.660391 35.174891 19.798908 17.034356 19.798908
1.007795 38.456496 0.003665 0.085294 0.985510 0.652647 -0.392227 17.660391 35.174891 19.904243 17.034356 19.904243
1.008361 38.549152 0.003665 0.085294 0.985510 0.652647 -0.392227 17.660391 35.174891 20.003733 17.034356 20.003733
1.008832 38.609662 0.003665 0.085294 0.985510 0.652647 -0.392227 17.660391 35.174891 20.098382 17.034356 20.098382
1.009219 38.661496 0.003665 0.085294 0.985510 0.652647 -0.392227 17.660391 35.174891 20.189024 17.034356 20.189024
1.009159 38.797900 0.003665 0.085294 0.985510 0.652647 -0.392227 17.660391 35.174891 20.267949 17.034356 20.267949
1.008772 38.924120 0.003665 0.085294 0.985510 0.652647 -0.392227 17.660391 35.174891 20.337666 17.034356 20.337666
1.008449 39.050946 0.003665 0.085294 0.985510 0.652647 -0.392227 17.660391 35.174891 20.407627 17.034356 20.407627
1.008176 39.187054 0.003665 0.085294 0.985510 0.652647 -0.392227 17.660391 35.174891 20.477791 17.034356 20.477791
1.007949 39.312992 0.003665 0.085294 0.985510 0.652647 -0.392227 17.660391 35.174891 20.548122 17.034356 20.548122
1.007763 39.416368 0.003665 0.085294 0.985510 0.652647 -0.392227 17.660391 35.174891 20.618592 17.034356 20.618592
1.007621 39.441491 0.003665 0.085294 0.985510 0.652647 -0.392227 17.660391 35.174891 20.689175 17.034356 20.689175
1.007512 39.417151 0.003665 0.085294 0.985510 0.652647 -0.392227 17.660391 35.174891 20.759853 17.034356 20.759853
1.007426 39.372810 0.003665 0.085294 0.985510 0.652647 -0.392227 17.660391 35.174891 20.830609 17.034356 20.830609
1.007357 39.327920 0.003665 0.085294 0.985510 0.652647 -0.392227 17.660391 35.174891 20.901429 17.034356 20.901429
1.007299 39.291821 0.003665 0.085294 0.985510 0.652647 -0.392227 17.660391 35.174891 20.972302 17.034356 20.972302
1.005356 40.636984 0.003665 0.085294 0.985510 0.652647 -0.392227 17.660391 35.174891 20.651478 17.034356 20.954955
1.002413 40.379616 0.003665 0.085294 0.985510 0.652647 -0.392227 17.660391 35.174891 21.546400 17.034356 56.738359
0.999947 38.996563 0.003665 0.085294 0.985510 0.652647 -0.392227 17.660391 35.174891 26.355550 17.034356 56.679576
0.997842 39.137441 0.003665 0.085294 0.985510 0.652647 -0.392227 17.660391 35.174891 25.865689 17.034356 56.642682
0.996118 39.315752 0.003665 0.085294 0.985510 0.652647 -0.392227 17.660391 35.174891 25.245666 17.034356 56.623906
0.994708 39.509890 0.003665 0.085294 0.985510 0.652647 -0.392227 17.660391 35.174891 24.570612 17.034356 56.620127
0.993556 39.694422 0.003665 0.085294 0.985510 0.652647 -0.392227 17.660391 35.174891 23.928957 17.034356 56.628761
0.992612 39.862839 0.003665 0.085294 0.985510 0.652647 -0.392227 17.660391 35.174891 23.343335 17.034356 56.647673
0.991838 40.005863 0.003665 0.085294 0.985510 0.652647 -0.392227 17.660391 35.174891 22.846012 17.034356 56.675092
0.991199 40.108897 0.003665 0.085294 0.985510 0.652647 -0.392227 17.660391 35.174891 22.487742 17.034356 56.709555
0.989955 40.211065 0.003665 0.085294 0.985510 0.652647 -0.392227 17.660391 35.174891 22.132484 17.034356 56.717330
0.988208 40.135550 0.003665 0.085294 0.985510 0.652647 -0.392227 17.660391 35.174891 22.395065 17.034356 56.704913
0.986744 40.032225 0.003665 0.085294 0.985510 0.652647 -0.392227 17.660391 35.174891 22.754348 17.034356 56.706232
0.985578 40.090225 0.003665 0.085294 0.985510 0.652647 -0.392227 17.660391 35.174891 22.552669 17.034356 56.718922
0.984628 40.170335 0.003665 0.085294 0.985510 0.652647 -0.392227 17.660391 35.174891 22.274112 17.034356 56.741026
0.983805 40.141256 0.003665 0.085294 0.985510 0.652647 -0.392227 17.660391 35.174891 22.375224 17.034356 56.770924
0.983109 40.082157 0.003665 0.085294 0.985510 0.652647 -0.392227 17.660391 35.174891 22.580723 17.034356 56.807275
0.982573 40.129325 0.003665 0.085294 0.985510 0.652647 -0.392227 17.660391 35.174891 22.416711 17.034356 56.848969
0.982149 40.210572 0.003665 0.085294 0.985510 0.652647 -0.392227 17.660391 35.174891 22.134197 17.034356 56.895088
0.981813 40.307858 0.003665 0.085294 0.985510 0.652647 -0.392227 17.660391 35.174891 21.795914 17.034356 56.944871
0.981570 40.463152 0.003665 0.085294 0.985510 0.652647 -0.392227 17.660391 35.174891 21.255927 17.034356 56.997690
0.981359 40.608571 0.003665 0.085294 0.985510 0.652647 -0.392227 17.660391 35.174891 20.750277 17.034356 57.058925
0.981198 40.792346 0.003665 0.085294 0.985510 0.652647 -0.392227 17.660391 35.174891 20.111256 17.034356 57.126789
0.981055 40.920550 0.003665 0.085294 0.985510 0.652647 -0.392227 17.660391 35.174891 19.665465 17.034356 57.194617
0.980910 40.968564 0.003665 0.085294 0.985510 0.652647 -0.392227 17.660391 35.174891 19.498511 17.034356 57.262416
0.980802 41.032654 0.003665 0.085294 0.985510 0.652647 -0.392227 17.660391 35.174891 19.275656 17.034356 57.330193
0.980694 41.045473 0.003665 0.085294 0.985510 0.652647 -0.392227 17.660391 35.174891 19.231080 17.034356 57.397954
0.980584 41.013529 0.003665 0.085294 0.985510 0.652647 -0.392227 17.660391 35.174891 19.342156 17.034356 57.465703
0.980925 41.914026 0.003665 0.085294 0.985510 0.652647 -0.392227 17.660391 35.174891 16.210947 17.034356 57.533443
0.981915 41.656899 0.003665 0.085294 0.985510 0.652647 -0.392227 17.660391 35.174891 17.105030 17.034356 57.668959
0.983526 40.625412 0.003665 0.085294 0.985510 0.652647 -0.392227 17.660391 35.174891 20.691718 17.034356 57.856639
0.985250 40.654850 0.003665 0.085294 0.985510 0.652647 -0.392227 17.660391 35.174891 20.589355 17.034356 58.024032
0.986673 40.672116 0.003665 0.085294 0.985510 0.652647 -0.392227 17.660391 35.174891 20.529318 17.034356 58.174629
0.988457 41.580102 0.003665 0.085294 0.985510 0.652647 -0.392227 17.660391 35.174891 17.372068 17.034356 58.329776
0.989985 41.440353 0.003665 0.085294 0.985510 0.652647 -0.392227 17.660391 35.174891 17.858005 17.034356 58.487613
0.991104 40.611474 0.003665 0.085294 0.985510 0.652647 -0.392227 17.660391 35.174891 20.740182 17.034356 58.630397
0.992226 40.754091 0.003665 0.085294 0.985510 0.652647 -0.392227 17.660391 35.174891 20.244274 17.034356 58.760719
0.993150 40.873898 0.003665 0.085294 0.985510 0.652647 -0.392227 17.660391 35.174891 19.827682 17.034356 58.880723
0.993928 41.650628 0.003665 0.085294 0.985510 0.652647 -0.392227 17.660391 35.174891 17.126838 17.034356 58.987577
0.994395 41.692228 0.003665 0.085294 0.985510 0.652647 -0.392227 17.660391 35.174891 16.982185 17.034356 59.083814
0.994700 41.090036 0.003665 0.085294 0.985510 0.652647 -0.392227 17.660391 35.174891 19.076125 17.034356 59.175578
0.995026 41.138101 0.003665 0.085294 0.985510 0.652647 -0.392227 17.660391 35.174891 18.908997 17.034356 59.263639
0.995711 41.226192 0.003665 0.085294 0.985510 0.652647 -0.392227 17.660391 35.174891 18.602686 17.034356 59.370586
0.996657 41.255263 0.003665 0.085294 0.985510 0.652647 -0.392227 17.660391 35.174891 18.501599 17.034356 59.491886
0.997440 41.301302 0.003665 0.085294 0.985510 0.652647 -0.392227 17.660391 35.174891 18.341512 17.034356 59.604512
0.998083 41.254944 0.003665 0.085294 0.985510 0.652647 -0.392227 17.660391 35.174891 18.502708 17.034356 59.709957
0.998614 41.162159 0.003665 0.085294 0.985510 0.652647 -0.392227 17.660391 35.174891 18.825342 17.034356 59.809457
0.999568 41.146301 0.003665 0.085294 0.985510 0.652647 -0.392227 17.660391 35.174891 18.880482 17.034356 59.932721
1.000837 41.132247 0.003665 0.085294 0.985510 0.652647 -0.392227 17.660391 35.174891 18.929350 17.034356 24.205351
1.001888 41.126530 0.003665 0.085294 0.985510 0.652647 -0.392227 17.660391 35.174891 18.949231 17.034356 24.334650
1.002756 41.153254 0.003665 0.085294 0.985510 0.652647 -0.392227 17.660391 35.174891 18.856304 17.034356 60.322676
1.003069 41.260129 0.003665 0.085294 0.985510 0.652647 -0.392227 17.660391 35.174891 18.484680 17.034356 60.413529
1.002953 41.367968 0.003665 0.085294 0.985510 0.652647 -0.392227 17.660391 35.174891 18.109702 17.034356 60.481943
1.002858 41.451782 0.003665 0.085294 0.985510 0.652647 -0.392227 17.660391 35.174891 17.818263 17.034356 60.550831
1.002777 41.567561 0.003665 0.085294 0.985510 0.652647 -0.392227 17.660391 35.174891 17.415676 17.034356 60.620111
1.002709 41.677517 0.003665 0.085294 0.985510 0.652647 -0.392227 17.660391 35.174891 17.033339 17.034356 60.689715
1.002232 41.760053 0.003665 0.085294 0.985510 0.652647 -0.392227 17.660391 35.174891 16.746342 17.034356 60.736198
1.001444 41.829191 0.003665 0.085294 0.985510 0.652647 -0.392227 17.660391 35.174891 16.505936 17.034356 24.896276
1.000794 41.866432 0.003665 0.085294 0.985510 0.652647 -0.392227 17.660391 35.174891 16.376441 17.034356 24.932181
1.000257 41.900950 0.003665 0.085294 0.985510 0.652647 -0.392227 17.660391 35.174891 16.256415 17.034356 24.974042
0.999593 41.840921 0.003665 0.085294 0.985510 0.652647 -0.392227 17.660391 35.174891 16.465150 17.034356 60.876267
0.998833 41.735816 0.003665 0.085294 0.985510 0.652647 -0.392227 17.660391 35.174891 16.830619 17.034356 60.903785
0.998204 41.693807 0.003665 0.085294 0.985510 0.652647 -0.392227 17.660391 35.174891 16.976695 17.034356 60.938638
0.997681 41.639540 0.003665 0.085294 0.985510 0.652647 -0.392227 17.660391 35.174891 17.165390 17.034356 60.979562
0.997245 41.569913 0.003665 0.085294 0.985510 0.652647 -0.392227 17.660391 35.174891 17.407500 17.034356 61.025512
0.996957 41.551130 0.003665 0.085294 0.985510 0.652647 -0.392227 17.660391 35.174891 17.472811 17.034356 61.079983
0.996790 41.593938 0.003665 0.085294 0.985510 0.652647 -0.392227 17.660391 35.174891 17.323957 17.034356 61.141252
0.996653 41.649873 0.003665 0.085294 0.985510 0.652647 -0.392227 17.660391 35.174891 17.129463 17.034356 61.204066
0.996543 41.730167 0.003665 0.085294 0.985510 0.652647 -0.392227 17.660391 35.174891 16.850264 17.034356 61.268159
0.996456 41.834380 0.003665 0.085294 0.985510 0.652647 -0.392227 17.660391 35.174891 16.487892 17.034356 61.333312
0.996693 41.901831 0.003665 0.085294 0.985510 0.652647 -0.392227 17.660391 35.174891 16.253354 17.034356 61.418952
0.997182 41.972663 0.003665 0.085294 0.985510 0.652647 -0.392227 17.660391 35.174891 16.007057 17.034356 61.520405
0.997588 42.068556 0.003665 0.085294 0.985510 0.652647 -0.392227 17.660391 35.174891 15.673617 17.034356 61.616582
0.997920 42.100584 0.003665 0.085294 0.985510 0.652647 -0.392227 17.660391 35.174891 15.562251 17.034356 61.708393
0.997876 42.076163 0.003665 0.085294 0.985510 0.652647 -0.392227 17.660391 35.174891 15.647165 17.034356 61.783754
0.997542 42.029748 0.003665 0.085294 0.985510 0.652647 -0.392227 17.660391 35.174891 15.808561 17.034356 61.846253
0.997263 41.951337 0.003665 0.085294 0.985510 0.652647 -0.392227 17.660391 35.174891 16.081212 17.034356 61.910126
0.997029 41.869847 0.003665 0.085294 0.985510 0.652647 -0.392227 17.660391 35.174891 16.364569 17.034356 61.975138
0.996584 41.783425 0.003665 0.085294 0.985510 0.652647 -0.392227 17.660391 35.174891 16.665074 17.034356 62.031820
0.995979 41.723780 0.003665 0.085294 0.985510 0.652647 -0.392227 17.660391 35.174891 16.872472 17.034356 62.082153
0.995479 41.690866 0.003665 0.085294 0.985510 0.652647 -0.392227 17.660391 35.174891 16.986920 17.034356 62.135917
0.995071 41.713849 0.003665 0.085294 0.985510 0.652647 -0.392227 17.660391 35.174891 16.907004 17.034356 62.192522
0.994738 41.774267 0.003665 0.085294 0.985510 0.652647 -0.392227 17.660391 35.174891 16.696918 17.034356 62.251479
0.994703 41.838097 0.003665 0.085294 0.985510 0.652647 -0.392227 17.660391 35.174891 16.474970 17.034356 62.322722
0.994903 41.938159 0.003665 0.085294 0.985510 0.652647 -0.392227 17.660391 35.174891 16.127033 17.034356 62.403529
0.995072 42.056637 0.003665 0.085294 0.985510 0.652647 -0.392227 17.660391 35.174891 15.715063 17.034356 62.482567
0.995212 42.168245 0.003665 0.085294 0.985510 0.652647 -0.392227 17.660391 35.174891 15.326977 17.034356 62.560142
0.995330 42.280113 0.003665 0.085294 0.985510 0.652647 -0.392227 17.660391 35.174891 14.937992 17.034356 62.636505
0.995856 42.336209 0.003665 0.085294 0.985510 0.652647 -0.392227 17.660391 35.174891 14.742935 17.034356 62.734960
0.996695 42.375891 0.003665 0.085294 0.985510 0.652647 -0.392227 17.660391 35.174891 14.604953 17.034356 62.850349
0.997385 42.346116 0.003665 0.085294 0.985510 0.652647 -0.392227 17.660391 35.174891 14.708486 17.034356 62.958124
0.997952 42.237860 0.003665 0.085294 0.985510 0.652647 -0.392227 17.660391 35.174891 15.084912 17.034356 63.059593
0.998597 42.153675 0.003665 0.085294 0.985510 0.652647 -0.392227 17.660391 35.174891 15.377641 17.034356 27.294116
0.999294 42.052450 0.003665 0.085294 0.985510 0.652647 -0.392227 17.660391 35.174891 15.729621 17.034356 27.398263
0.999874 42.000521 0.003665 0.085294 0.985510 0.652647 -0.392227 17.660391 35.174891 15.910189 17.034356 27.496758
1.000356 41.953883 0.003665 0.085294 0.985510 0.652647 -0.392227 17.660391 35.174891 16.072359 17.034356 63.459208
1.000754 41.941386 0.003665 0.085294 0.985510 0.652647 -0.392227 17.660391 35.174891 16.115812 17.034356 63.549150
1.001671 41.998702 0.003665 0.085294 0.985510 0.652647 -0.392227 17.660391 35.174891 15.916514 17.034356 63.660916
1.002963 42.303904 0.003665 0.085294 0.985510 0.652647 -0.392227 17.660391 35.174891 14.855265 17.034356 63.789275
1.004034 42.387545 0.003665 0.085294 0.985510 0.652647 -0.392227 17.660391 35.174891 14.564430 17.034356 63.907919
1.004943 42.234205 0.003665 0.085294 0.985510 0.652647 -0.392227 17.660391 35.174891 15.097622 17.034356 64.018519
1.005611 42.277691 0.003665 0.085294 0.985510 0.652647 -0.392227 17.660391 35.174891 14.946414 17.034356 64.119529
1.006098 42.333538 0.003665 0.085294 0.985510 0.652647 -0.392227 17.660391 35.174891 14.752221 17.034356 64.212771
1.006501 42.374512 0.003665 0.085294 0.985510 0.652647 -0.392227 17.660391 35.174891 14.609746 17.034356 64.302328
1.006842 42.360385 0.003665 0.085294 0.985510 0.652647 -0.392227 17.660391 35.174891 14.658871 17.034356 64.388833
1.007131 42.306722 0.003665 0.085294 0.985510 0.652647 -0.392227 17.660391 35.174891 14.845468 17.034356 64.472811
1.007089 42.390657 0.003665 0.085294 0.985510 0.652647 -0.392227 17.660391 35.174891 14.553607 17.034356 64.539384
1.006842 42.267086 0.003665 0.085294 0.985510 0.652647 -0.392227 17.660391 35.174891 14.983288 17.034356 64.592448
1.006535 42.814908 0.003665 0.085294 0.985510 0.652647 -0.392227 17.660391 35.174891 13.078401 17.034356 64.648673
1.006387 42.596206 0.003665 0.085294 0.985510 0.652647 -0.392227 17.660391 35.174891 13.838871 17.034356 64.707514
1.006360 41.767807 0.003665 0.085294 0.985510 0.652647 -0.392227 17.660391 35.174891 16.719383 17.034356 64.768520
1.006049 41.975479 0.003665 0.085294 0.985510 0.652647 -0.392227 17.660391 35.174891 15.997263 17.034356 64.822958
1.005660 42.086312 0.003665 0.085294 0.985510 0.652647 -0.392227 17.660391 35.174891 15.611877 17.034356 64.872450
1.005345 42.133562 0.003665 0.085294 0.985510 0.652647 -0.392227 17.660391 35.174891 15.447578 17.034356 64.925679
1.005075 42.246798 0.003665 0.085294 0.985510 0.652647 -0.392227 17.660391 35.174891 15.053834 17.034356 64.982002
1.004851 42.363176 0.003665 0.085294 0.985510 0.652647 -0.392227 17.660391 35.174891 14.649165 17.034356 65.040885
1.004179 42.470643 0.003665 0.085294 0.985510 0.652647 -0.392227 17.660391 35.174891 14.275479 17.034356 65.079938
1.003173 42.536087 0.003665 0.085294 0.985510 0.652647 -0.392227 17.660391 35.174891 14.047917 17.034356 65.103869
1.002343 42.583657 0.003665 0.085294 0.985510 0.652647 -0.392227 17.660391 35.174891 13.882506 17.034356 65.135850
1.001658 42.588952 0.003665 0.085294 0.985510 0.652647 -0.392227 17.660391 35.174891 13.864098 17.034356 65.174493
1.001093 42.537697 0.003665 0.085294 0.985510 0.652647 -0.392227 17.660391 35.174891 14.042320 17.034356 29.350018
1.000620 42.489254 0.003665 0.085294 0.985510 0.652647 -0.392227 17.660391 35.174891 14.210765 17.034356 29.398989
1.000226 42.399364 0.003665 0.085294 0.985510 0.652647 -0.392227 17.660391 35.174891 14.523332 17.034356 29.451929
0.999899 42.954151 0.003665 0.085294 0.985510 0.652647 -0.392227 17.660391 35.174891 12.594226 17.034356 29.507924
0.999629 42.745575 0.003665 0.085294 0.985510 0.652647 -0.392227 17.660391 35.174891 13.319487 17.034356 65.435081
0.999400 42.315102 0.003665 0.085294 0.985510 0.652647 -0.392227 17.660391 35.174891 14.816327 17.034356 65.495698
0.999238 42.211010 0.003665 0.085294 0.985510 0.652647 -0.392227 17.660391 35.174891 15.178277 17.034356 65.559237
0.999122 41.882486 0.003665 0.085294 0.985510 0.652647 -0.392227 17.660391 35.174891 16.320618 17.034356 65.625124
0.999033 42.001486 0.003665 0.085294 0.985510 0.652647 -0.392227 17.660391 35.174891 15.906833 17.034356 65.691841
0.998963 42.179810 0.003665 0.085294 0.985510 0.652647 -0.392227 17.660391 35.174891 15.286764 17.034356 65.759246
0.998897 42.355346 0.003665 0.085294 0.985510 0.652647 -0.392227 17.660391 35.174891 14.676390 17.034356 65.827196
0.998830 42.325853 0.003665 0.085294 0.985510 0.652647 -0.392227 17.660391 35.174891 14.778943 17.034356 65.895598
0.998731 40.863617 0.003665 0.085294 0.985510 0.652647 -0.392227 17.660391 35.174891 19.863430 17.034356 65.964399
0.998584 37.987719 0.003665 0.085294 0.985510 0.652647 -0.392227 17.660391 35.174891 29.863505 17.034356 66.033529
0.998434 35.354651 0.003665 0.085294 0.985510 0.652647 -0.392227 17.660391 35.174891 39.019209 17.034356 66.102931
0.997865 33.481646 0.003665 0.085294 0.985510 0.652647 -0.392227 17.660391 35.174891 30.373884 17.034356 30.373884
0.996934 32.199206 0.003665 0.085294 0.985510 0.652647 -0.392227 17.660391 35.174891 49.991319 17.034356 66.436131
0.996118 31.237713 0.003665 0.085294 0.985510 0.652647 -0.392227 17.660391 35.174891 53.334625 17.034356 66.608962
