0.000000 -0.018050 0.000000 0.000000 0.000000 0.000000 0.000000 0.000000 0.000000 6.833965 0.000000 6.833965
0.000000 -0.020951 0.000000 0.000000 0.000000 0.000000 0.000000 0.000000 0.000000 6.834137 0.000000 6.834137
0.000000 -0.002696 0.000000 0.000000 0.000000 0.000000 0.000000 0.000000 0.000000 6.833902 0.000000 6.833902
0.000000 0.075718 0.000000 0.000000 0.000000 0.000000 0.000000 0.000000 0.000000 6.835067 0.000000 6.835067
0.000000 0.272585 0.000000 0.000000 0.000000 0.000000 0.000000 0.000000 0.000000 6.837488 0.000000 6.837488
0.000000 0.459922 0.000000 0.000000 0.000000 0.000000 0.000000 0.000000 0.000000 6.835592 0.000000 6.835592
0.000000 0.501379 0.000000 0.000000 0.000000 0.000000 0.000000 0.000000 0.000000 6.836244 0.000000 6.836244
0.000000 0.467690 0.000000 0.000000 0.000000 0.000000 0.000000 0.000000 0.000000 6.832978 0.000000 6.832978
0.000000 0.471772 0.000000 0.000000 0.000000 0.000000 0.000000 0.000000 0.000000 6.824615 0.000000 6.824615
0.000000 0.517787 0.000000 0.000000 0.000000 0.000000 0.000000 0.000000 0.000000 6.819992 0.000000 6.819992
0.000000 0.589303 0.000000 0.000000 0.000000 0.000000 0.000000 0.000000 0.000000 6.819148 0.000000 6.819148
0.000000 0.674784 0.000000 0.000000 0.000000 0.000000 0.000000 0.000000 0.000000 6.816947 0.000000 6.816947
0.000000 0.761354 0.000000 0.000000 0.000000 0.000000 0.000000 0.000000 0.000000 6.820317 0.000000 6.820317
0.000000 0.849025 0.000000 0.000000 0.000000 0.000000 0.000000 0.000000 0.000000 6.837699 0.000000 6.837699
0.000000 0.931937 0.000000 0.000000 0.000000 0.000000 0.000000 0.000000 0.000000 6.844053 0.000000 6.844053
0.426497 1.007616 0.000000 0.000000 0.000000 0.000000 0.000000 0.000000 0.000000 6.844777 0.000000 6.844777
0.294274 1.081929 0.000000 0.000000 0.000000 0.000000 0.000000 0.000000 0.000000 6.851253 0.000000 6.851253
0.199108 1.167692 0.000000 0.000000 0.000000 0.000000 0.000000 0.000000 0.000000 6.851571 0.000000 6.851571
0.124626 1.264900 0.000000 0.000000 0.000000 0.000000 0.000000 0.000000 0.000000 6.852686 0.000000 6.852686
0.070559 1.369448 0.000000 0.000000 0.000000 0.000000 0.000000 0.000000 0.000000 6.851481 0.000000 6.851481
0.050135 1.490031 0.000000 0.000000 0.000000 0.000000 0.000000 0.000000 0.000000 6.844094 0.000000 6.844094
0.051773 1.623141 0.000000 0.000000 0.000000 0.000000 0.000000 0.000000 0.000000 6.842466 0.000000 6.842466
0.076009 1.759743 0.000000 0.000000 0.000000 0.000000 0.000000 0.000000 0.000000 6.840527 0.000000 6.840527
0.106467 1.897796 0.000000 0.000000 0.000000 0.000000 0.000000 0.000000 0.000000 6.834534 0.000000 6.834534
0.119070 2.035308 0.000000 0.000000 0.000000 0.000000 0.000000 0.000000 0.000000 6.834685 0.000000 6.834685
0.119885 2.164915 0.000000 0.000000 0.000000 0.000000 0.000000 0.000000 0.000000 6.836853 0.000000 6.836853
0.120005 2.280588 0.000000 0.000000 0.000000 0.000000 0.000000 0.000000 0.000000 6.828894 0.000000 6.828894
0.116129 2.384380 0.000000 0.000000 0.000000 0.000000 0.000000 0.000000 0.000000 6.821729 0.000000 6.821729
0.110042 2.483093 0.000000 0.000000 0.000000 0.000000 0.000000 0.000000 0.000000 6.824193 0.000000 6.824193
0.107399 2.580202 0.000000 0.000000 0.000000 0.000000 0.000000 0.000000 0.000000 6.827389 0.000000 6.827389
0.104647 2.681967 0.000000 0.000000 0.000000 0.000000 0.000000 0.000000 0.000000 6.832130 0.000000 6.832130
0.095666 2.778501 0.000000 0.000000 0.000000 0.000000 0.000000 0.000000 0.000000 6.837881 0.000000 6.837881
0.086441 2.875401 0.000000 0.000000 0.000000 0.000000 0.000000 0.000000 0.000000 6.836537 0.000000 6.836537
0.083193 2.981348 0.000000 0.000000 0.000000 0.000000 0.000000 0.000000 0.000000 6.827310 0.000000 6.827310
0.075765 3.080517 0.000000 0.000000 0.000000 0.000000 0.000000 0.000000 0.000000 6.826715 0.000000 6.826715
0.065896 3.173382 0.000000 0.000000 0.000000 0.000000 0.000000 0.000000 0.000000 6.835408 0.000000 6.835408
0.065454 3.276009 0.000000 0.000000 0.000000 0.000000 0.000000 0.000000 0.000000 6.835128 0.000000 6.835128
0.067022 3.387211 0.000000 0.000000 0.000000 0.000000 0.000000 0.000000 0.000000 6.834280 0.000000 6.834280
0.068805 3.501122 0.000000 0.000000 0.000000 0.000000 0.000000 0.000000 0.000000 6.834340 0.000000 6.834340
0.070948 3.603915 0.000000 0.000000 0.000000 0.000000 0.000000 0.000000 0.000000 6.831147 0.000000 6.831147
0.069461 3.699634 0.000000 0.000000 0.000000 0.000000 0.000000 0.000000 0.000000 6.832379 0.000000 6.832379
0.068870 3.804256 0.000000 0.000000 0.000000 0.000000 0.000000 0.000000 0.000000 6.834839 0.000000 6.834839
0.070215 3.911460 0.000000 0.000000 0.000000 0.000000 0.000000 0.000000 0.000000 6.833124 0.000000 6.833124
0.067950 4.011122 0.000000 0.000000 0.000000 0.000000 0.000000 0.000000 0.000000 6.831855 0.000000 6.831855
0.065160 4.107710 0.000000 0.000000 0.000000 0.000000 0.000000 4.107710 4.107710 6.830411 0.000000 6.830411
0.064087 4.197324 0.000000 -0.000457 0.000000 0.309317 0.000000 4.781808 4.629465 6.824991 8.073303 6.824991
0.062651 4.284186 -0.000044 0.001762 0.011702 0.164008 0.000867 3.792372 947.167623 6.825163 4.280686 6.825163
0.068394 4.415390 0.000202 4.811214 0.054394 0.231266 -0.480457 5.104831 853.083426 6.827796 6.036127 6.827796
0.066635 4.516274 -0.000120 4.330553 0.054394 0.203313 -0.200520 4.104863 768.286145 6.824620 5.306560 6.824620
0.055831 4.578823 0.000178 3.897482 0.054394 0.212766 0.412036 5.071960 692.029382 6.819835 5.553264 6.819835
0.052013 4.675458 -0.000069 3.507822 0.054394 0.207240 0.205869 4.453345 623.389077 11.404828 5.409041 11.404828
0.051947 4.783788 0.000130 3.156972 0.054394 0.433274 0.024024 5.498276 561.978683 11.314715 11.308622 11.314715
0.054371 4.894741 -0.000043 2.843006 0.054394 0.366324 -5.579439 4.412370 506.270746 11.194356 9.561208 11.194356
0.063078 5.048208 0.000254 2.557925 0.068333 0.377610 -4.989076 5.679487 456.271101 11.069350 9.855766 11.069350
0.072049 5.205542 -0.000079 2.301955 0.068333 0.368097 -4.414237 4.917496 411.255655 10.951762 9.607479 10.951762
0.078281 5.334083 0.000159 2.071568 0.068333 0.365208 -3.881964 5.768275 370.764420 10.825959 9.532063 10.825959
0.089147 5.486661 -0.000059 1.864148 0.068333 0.361359 -3.389812 5.358510 334.333783 10.723354 9.431611 10.723354
0.096875 5.638858 0.000084 1.677452 0.068333 0.358904 -2.947637 5.960115 301.561268 10.562803 9.367535 10.562803
0.098553 5.784838 -0.000060 1.509457 0.068333 0.350911 -2.551038 5.734351 272.073360 10.388860 9.158929 10.388860
0.097505 5.936996 0.000030 1.358193 0.068333 0.339954 -2.207436 6.191449 245.552061 10.233016 8.872943 10.233016
0.091718 6.071751 -0.000071 1.222157 0.068333 0.327901 -1.881996 6.078099 221.706138 9.996347 8.558334 9.996347
0.078943 6.186516 -0.000006 1.099877 0.068333 0.311980 -1.572436 6.381207 200.262134 9.756428 8.142804 9.756428
0.068156 6.314749 -0.000058 0.989785 0.068333 0.294645 -1.286641 6.382726 180.988539 9.478557 7.690356 9.478557
0.056619 6.428844 -0.000020 0.890843 0.068333 0.278288 -0.961057 6.599988 163.666819 9.171365 7.263429 9.171365
0.041281 6.525141 -0.000041 0.801952 0.061830 0.262277 -0.607851 6.608501 148.095889 8.914602 6.845526 8.914602
0.032030 6.643449 -0.000000 0.721884 0.055946 0.249235 -0.146581 6.826743 134.105981 8.581494 6.505142 8.581494
0.026772 6.770366 -0.000017 0.649841 0.050622 0.236038 1.376822 6.881147 121.528302 8.279023 6.160695 8.279023
0.034331 6.980806 0.000012 0.584578 0.045805 0.225176 1.125306 7.219566 110.232586 8.002276 5.877176 8.002276
0.029226 7.092929 -0.000038 0.526360 0.041446 0.217588 0.920474 7.151161 100.078162 7.853403 5.679132 7.853403
0.018901 7.126552 0.000027 0.474367 0.037502 0.216513 0.745374 7.270099 90.946235 7.653585 5.651067 7.653585
0.025182 7.248927 0.000037 0.427138 0.033933 0.216970 0.558991 7.382329 82.726843 7.304765 5.662997 7.304765
0.031083 7.384714 0.000043 0.384499 0.030704 0.213468 0.460728 7.509878 75.315886 7.187795 5.571603 7.187795
0.036096 7.506957 0.000038 0.346054 0.027782 0.214853 0.453128 7.625955 68.656329 6.987864 5.607740 6.987864
0.038309 7.612959 0.000036 0.311527 0.025138 0.214131 0.433869 7.706174 62.655605 6.781187 5.588901 6.781187
0.037986 7.714774 0.000039 0.280383 0.022746 0.210196 0.465437 7.811165 57.251033 6.735889 5.486205 6.735889
0.037979 7.799404 0.000031 0.252370 0.020581 0.209567 0.447319 7.883815 52.399690 6.529627 5.469786 6.529627
0.037350 7.888224 0.000034 0.227159 0.018623 0.204884 0.402956 7.971319 48.028111 6.380774 5.347554 6.380774
0.034785 7.974669 0.000028 0.204408 0.016851 0.199376 0.370052 8.054918 44.100336 6.437515 5.203794 6.332526
0.032489 8.047756 0.000024 0.183990 0.015247 0.199321 0.303280 8.134648 40.587700 6.263544 5.202368 6.154239
0.030422 8.117055 0.000025 0.165710 0.013796 0.194747 0.208173 8.182649 37.420303 6.069594 5.082980 5.936891
0.027289 8.178183 0.000031 0.149233 0.012483 0.188658 0.119644 8.248681 34.570161 5.958754 4.924054 5.770884
0.026438 8.247215 0.000031 0.134336 0.011295 0.184756 0.026746 8.323722 32.015547 5.776944 4.822218 5.573387
0.032617 8.373950 0.000028 0.120652 0.010220 0.179867 -0.201317 8.485809 29.723063 5.489163 4.694592 5.300156
0.028953 8.414264 0.000001 0.108747 0.009248 0.171959 -0.185012 8.416680 27.651836 5.204243 4.488209 5.011536
0.020218 8.412595 0.000036 0.098185 0.009646 0.163446 -0.218709 8.463082 25.781668 5.275436 4.266007 4.962166
0.025866 8.522664 0.000034 0.088079 0.009646 0.163676 -0.256210 8.646113 24.131551 5.283289 4.272005 4.936255
0.026734 8.568546 0.000002 0.079424 0.009646 0.166184 -0.240443 8.582416 22.651172 5.022721 4.337456 4.752889
0.021558 8.566303 0.000040 0.071880 0.010671 0.162874 -0.209637 8.604859 21.294132 4.853829 4.251082 4.592038
0.023650 8.618927 0.000044 0.064686 0.011759 0.159674 -0.159268 8.675433 20.071863 4.140805 4.167552 4.076686
0.025521 8.671267 0.000033 0.058181 0.011759 0.142309 -0.040484 8.665926 18.929795 3.506868 3.714323 3.508975
0.026598 8.718890 0.000032 0.052110 0.011759 0.121643 0.170962 8.745686 17.893130 2.916352 3.174941 2.945899
0.025720 8.761440 0.000003 0.046602 0.011759 0.100737 0.120572 8.754629 16.960547 2.478874 2.629277 2.481553
0.021812 8.782362 -0.000005 0.041736 0.011759 0.082120 0.127405 8.793256 16.131437 2.035314 2.143377 2.030068
0.019104 8.799568 -0.000018 0.037417 0.011759 0.064411 0.071431 8.796504 15.390137 1.287117 1.681159 1.389178
0.014738 8.812317 -0.000019 0.033569 0.011759 0.039221 0.046322 8.795384 14.702773 0.853606 1.023673 0.888909
0.008653 8.812398 -0.000025 0.030061 0.011759 0.019237 0.088151 8.813242 14.100967 0.496224 0.502083 0.478160
0.001951 8.801180 -0.000031 0.027047 0.011759 0.003077 0.081917 8.791090 13.570549 0.338934 0.080307 0.224801
-0.004404 8.783095 -0.000022 0.024432 0.011759 -0.006284 -0.040553 8.796115 13.111220 -0.029450 -0.164020 -0.105223
-0.009846 8.769832 -0.000016 0.022156 0.011759 -0.018241 0.521187 8.758908 12.687184 -0.339300 -0.476090 -0.418673
-0.013884 8.757045 -0.000002 0.020057 0.010640 -0.029071 0.412694 8.765824 12.304439 -0.592479 -0.758754 -0.685102
-0.015814 8.734147 -0.000001 0.018221 0.009628 -0.036604 0.288925 8.721288 11.959893 -1.149116 -0.955366 -1.117903
-0.018174 8.704206 0.000015 0.016615 0.008712 -0.049803 0.163634 8.675995 11.619779 -1.424180 -1.299876 -1.409528
-0.020407 8.672511 0.000022 0.015041 0.007882 -0.057793 0.049734 8.660392 11.315720 -1.604682 -1.508414 -1.594510
-0.020462 8.644866 0.000021 0.013630 0.007132 -0.061385 -0.198009 8.625219 11.041407 -2.086423 -1.602160 -1.938708
-0.020373 8.628959 0.000027 0.012312 0.007177 -0.072007 -0.142363 8.595596 10.763806 -2.425159 -1.879406 -2.240339
-0.018601 8.631900 0.000022 0.010880 0.007177 -0.082481 -0.120210 8.619971 10.509643 -2.763333 -2.152790 -2.539026
-0.014212 8.646214 0.000003 0.009510 0.007177 -0.093138 -0.112531 8.621371 10.277464 -3.192952 -2.430951 -2.897516
-0.012404 8.643775 -0.000010 0.008337 0.007177 -0.106557 -0.129575 8.604490 10.056888 -3.576787 -2.781190 -3.247401
-0.012895 8.627922 -0.000020 0.007293 0.007177 -0.120611 -0.137430 8.586938 9.854262 -4.071937 -3.147992 -3.675727
-0.014011 8.602732 -0.000030 0.006387 0.007999 -0.138230 -0.125692 8.546003 9.659743 -4.608364 -3.607851 -4.160605
-0.015572 8.570068 -0.000035 0.005561 0.009300 -0.158010 -0.106713 8.514207 9.475662 -5.229698 -4.124136 -4.719743
-0.018597 8.537012 -0.000043 0.004790 0.011557 -0.180974 -0.115349 8.472256 9.298797 -5.515095 -4.723506 -5.082558
-0.022607 8.485948 -0.000050 0.004148 0.013435 -0.196472 -0.157269 8.437474 9.158083 -5.866070 -5.127989 -5.434103
-0.028560 8.416884 -0.000052 0.003783 0.013944 -0.210597 -0.130717 8.345000 9.028552 -6.116524 -5.496675 -5.707878
-0.034880 8.341169 -0.000037 0.003508 0.013944 -0.221831 -0.091730 8.291569 8.913279 -6.427813 -5.789870 -6.003503
-0.040403 8.250618 -0.000032 0.003382 0.013944 -0.232554 0.092266 8.169963 8.799119 -6.960334 -6.069764 -6.450492
-0.046759 8.144556 -0.000009 0.003340 0.013944 -0.248421 -0.018087 8.057371 8.666803 -7.063727 -6.483892 -6.624135
-0.049369 8.044979 0.000005 0.003173 0.013944 -0.251884 0.073364 7.991535 8.561089 -7.200716 -6.574267 -6.741694
-0.050075 7.935715 0.000010 0.003192 0.013944 -0.251191 0.087610 7.844028 8.451521 -7.107743 -6.556196 -6.660449
-0.051556 7.812475 0.000036 0.003261 0.013944 -0.241692 0.200012 7.745825 8.346209 -6.714417 -6.308244 -6.298536
-0.049356 7.703234 0.000048 0.003281 0.013944 -0.220962 0.213995 7.638667 8.251418 -6.401595 -5.767193 -5.931091
-0.043951 7.600257 0.000064 0.003323 0.017268 -0.199740 0.188684 7.521901 8.138674 -5.926622 -5.213290 -5.429731
-0.039294 7.496603 0.000077 0.003277 0.020640 -0.174013 0.156379 7.422811 8.020914 -5.236587 -4.541813 -4.733632
-0.032307 7.400840 0.000082 0.003164 0.021979 -0.142251 0.048917 7.331103 7.906746 -4.649022 -3.712816 -4.082786
-0.024279 7.303170 0.000085 0.003080 0.022756 -0.112592 -0.694237 7.210539 7.776103 -4.074879 -2.938694 -3.446957
-0.018102 7.201376 0.000090 0.002933 0.024237 -0.085551 -0.571033 7.108746 7.633331 -3.515393 -2.232918 -2.831915
-0.011076 7.110947 0.000086 0.002666 0.024237 -0.061214 -0.443357 7.016425 7.484811 -3.024024 -1.597710 -2.281819
-0.006212 7.027885 0.000077 0.002332 0.024237 -0.041742 -0.330698 6.929972 7.332037 -2.564523 -1.089489 -1.779776
-0.006702 6.937748 0.000064 0.002012 0.024237 -0.027573 -0.238481 6.833231 7.181870 -2.113469 -0.719672 -1.311596
-0.008785 6.843730 0.000054 0.001726 0.024237 -0.016782 -0.135344 6.747489 7.043417 -1.623790 -0.438021 -0.831390
-0.007781 6.754269 0.000044 0.001476 0.024237 -0.004462 0.135709 6.670670 6.925480 -1.149718 -0.116448 -0.364668
-0.006645 6.666872 0.000036 0.001320 0.024237 0.009721 -0.203405 6.586261 6.822047 -0.674251 0.253726 0.105655
-0.007061 6.592838 0.000035 0.001170 0.024237 0.023894 -0.005281 6.528432 6.729458 -0.165630 0.623653 0.600337
-0.007117 6.537202 0.000028 0.000981 0.024237 0.036543 6.695558 6.484963 6.650977 0.149699 0.953794 0.918910
-0.006914 6.492241 0.000021 0.000810 0.024237 0.043642 6.018967 6.437696 6.574736 0.365160 1.139084 1.131859
-0.005218 6.454955 0.000016 0.000611 0.024237 0.047026 5.409265 6.410660 6.504655 0.604691 1.227405 1.351348
-0.001809 6.421969 0.000006 0.000422 0.021930 0.052396 4.860376 6.384265 6.449636 0.805010 1.367561 1.537743
0.012406 6.470758 -0.000000 -0.000108 0.019843 0.057817 4.369807 6.497719 6.409515 1.095486 1.509052 1.800649
0.012554 6.433693 -0.000042 -0.000123 0.017955 0.065751 3.933421 6.351424 6.380884 1.493683 1.716123 2.160972
0.005177 6.338315 -0.000007 0.000217 0.016246 0.078532 3.538292 6.311128 6.359928 1.871527 2.049719 2.512370
0.011486 6.340049 -0.000000 0.000101 0.014700 0.092064 3.180612 6.349807 6.344562 2.203802 2.402910 2.824990
0.017505 6.350215 -0.000014 -0.000029 0.013301 0.103334 2.857013 6.335593 6.330179 2.356011 2.697049 2.972648
0.019613 6.349332 -0.000013 -0.000098 0.012036 0.107284 2.564120 6.334720 6.306491 2.526140 2.800148 3.122446
0.018798 6.337682 -0.000018 -0.000159 0.010890 0.110129 2.303090 6.319481 6.289039 2.747061 2.874408 3.312384
0.022427 6.335283 -0.000018 -0.000236 0.009854 0.115747 2.064761 6.338364 6.284103 2.840696 3.021047 3.390620
0.028657 6.344762 -0.000024 -0.000310 0.008916 0.119063 1.849983 6.336342 6.276629 2.974124 3.107583 3.501828
0.030123 6.333299 -0.000025 -0.000289 0.008068 0.123961 1.662110 6.320845 6.272276 3.211955 3.235428 3.710375
0.039643 6.376559 -0.000021 -0.000532 0.007300 0.132600 1.496013 6.419369 6.280942 3.470626 3.460916 3.943350
0.033540 6.306709 -0.000046 -0.000131 0.012386 0.142430 1.346309 6.217310 6.284248 3.686185 3.717477 4.139567
0.019688 6.187334 0.000013 0.000495 0.012386 0.151572 1.205835 6.161004 6.272207 3.943229 3.956085 4.374961
0.026466 6.190573 0.000026 0.000417 0.012386 0.162679 1.082489 6.213264 6.263079 5.382747 4.245981 5.704654
0.029848 6.180855 0.000009 0.000420 0.012386 0.218582 0.975401 6.240270 6.340199 5.805983 5.705069 6.134579
0.031080 6.161331 0.000024 0.000913 0.012386 0.236215 0.892561 6.105755 6.329888 6.295475 6.165315 6.601589
0.036189 6.166714 0.000060 0.000833 0.016225 0.255579 0.813628 6.225252 6.323343 6.728388 6.670724 7.018459
0.041557 6.187672 0.000025 0.000692 0.016225 0.271364 0.750319 6.161936 6.314105 7.117729 7.082713 7.392673
0.045218 6.211517 0.000041 0.000524 0.016225 0.284304 0.685712 6.253811 6.306475 7.461147 7.420455 7.720973
0.048555 6.242957 0.000013 0.000324 0.016225 0.293776 0.640455 6.237328 6.303178 7.733651 7.667677 7.977530
0.054380 6.293195 0.000017 0.000051 0.016225 0.300492 0.599663 6.342842 6.307133 7.860192 7.842968 8.092555
0.058379 6.341885 -0.000012 -0.000177 0.016225 0.301366 0.609911 6.342413 6.311901 8.084993 7.865776 8.291397
0.061654 6.386621 -0.000010 -0.000381 0.016225 0.305913 0.658187 6.438444 6.335831 8.375546 7.984460 8.549141
0.064368 6.448526 -0.000031 -0.000575 0.016225 0.312952 0.706089 6.485952 6.376461 8.777095 8.168171 8.906546
0.065006 6.512711 -0.000033 -0.000695 0.016225 0.322558 0.725809 6.579833 6.435801 9.115109 8.418892 9.201747
0.063409 6.571213 -0.000043 -0.000691 0.016225 0.329758 0.683300 6.616585 6.501611 9.333385 8.606812 9.379790
0.063039 6.653319 -0.000034 -0.000774 0.016225 0.331882 0.597022 6.737254 6.571329 9.547869 8.662256 9.540159
0.062380 6.744064 -0.000049 -0.000882 0.014681 0.333608 0.455942 6.816001 6.655090 9.718925 8.707289 9.654109
0.059335 6.828269 -0.000048 -0.000884 0.013284 0.333818 0.252053 6.914032 6.748357 9.795626 8.712776 9.676104
0.056840 6.929924 -0.000049 -0.000927 0.013172 0.330917 -0.121598 7.023932 6.847808 9.840191 8.637061 9.656753
0.055038 7.039193 -0.000052 -0.000977 0.013993 0.326397 0.696164 7.141727 6.957272 9.719086 8.519089 9.487608
0.054543 7.146135 -0.000054 -0.000964 0.014654 0.318051 0.470915 7.239751 7.066248 9.326491 8.301249 9.079952
0.053216 7.258161 -0.000051 -0.000979 0.014654 0.301869 0.251239 7.349859 7.162409 9.166802 7.878905 8.832868
0.051469 7.370779 -0.000055 -0.001063 0.014921 0.292027 0.087134 7.484205 7.279935 9.129642 7.622029 8.705158
0.050310 7.480594 -0.000060 -0.001024 0.016233 0.287951 -0.116101 7.590889 7.413185 8.905079 7.515627 8.454775
0.048276 7.595992 -0.000053 -0.000933 0.016233 0.279300 -0.090475 7.704386 7.535779 8.775301 7.289853 8.258051
0.048016 7.710888 -0.000050 -0.000894 0.016233 0.272749 -0.192721 7.827609 7.664810 8.379108 7.118865 7.870518
0.048094 7.814930 -0.000049 -0.000766 0.016233 0.260460 -0.258045 7.899400 7.774435 7.896939 6.798119 7.393428
0.047287 7.924376 -0.000038 -0.000765 0.016233 0.244696 -0.421899 8.026850 7.871923 7.832987 6.386653 7.209338
0.090507 8.411933 -0.000046 -0.002756 0.016233 0.237931 -0.530608 8.828583 8.034508 7.875934 6.210085 7.152998
0.080985 8.412326 -0.000229 -0.001928 0.061578 0.240178 -0.565772 8.204384 8.197353 7.822224 6.268740 7.086007
0.035278 8.080957 -0.000005 0.000594 0.061578 0.244625 -0.532375 8.098843 8.302342 7.686501 6.384822 6.983728
0.039675 8.196414 0.000055 0.000541 0.061578 0.245251 -0.415655 8.372194 8.389473 7.823745 6.401141 7.056877
0.043886 8.317335 0.000003 0.000368 0.061578 0.251122 -0.214964 8.380249 8.489061 7.738863 6.554389 7.012540
0.044546 8.403546 0.000029 0.000436 0.061578 0.251696 0.529563 8.511107 8.569434 7.323468 6.569373 6.707920
0.081807 8.859418 0.000015 -0.001480 0.061578 0.239372 0.240306 9.194679 8.655046 7.436649 6.247692 6.676630
0.069058 8.863310 -0.000156 -0.001063 0.061578 0.237376 -0.205236 8.687476 8.765133 7.240142 6.195605 6.506880
0.022071 8.551920 0.000020 0.001088 0.061578 0.230686 0.552974 8.521894 8.822231 6.923819 6.021001 6.223311
0.021793 8.662450 0.000084 0.000815 0.061578 0.218337 0.239014 8.842674 8.874032 6.859927 5.698694 6.060794
0.021118 8.759943 0.000008 0.000582 0.061578 0.211868 -0.418452 8.780938 8.949803 6.828292 5.529836 5.963597
0.025322 8.902622 0.000047 0.000241 0.061578 0.208334 0.014393 9.097451 9.042566 7.033341 5.437603 6.041043
0.021815 8.959908 -0.000016 0.000422 0.055718 0.216593 -15.426865 8.969674 9.154101 6.949421 5.653155 6.038032
0.014815 8.975358 0.000052 0.000912 0.050416 0.218656 -13.867847 9.077222 9.233544 6.830465 5.707014 5.964986
0.015811 9.056982 0.000044 0.000901 0.045618 0.217843 -12.462579 9.125132 9.300231 6.417559 5.685797 5.687362
0.018079 9.127238 0.000050 0.000883 0.041277 0.209754 -11.199132 9.183860 9.337868 5.815906 5.474652 5.234073
0.019508 9.192420 0.000044 0.000742 0.037349 0.195136 -10.069632 9.224888 9.348943 5.719056 5.093128 5.039474
0.019645 9.245997 0.000036 0.000525 0.033795 0.190033 -9.060889 9.309877 9.385640 5.351978 4.959926 4.765484
0.018229 9.294044 0.000022 0.000467 0.030579 0.181096 -8.157395 9.310811 9.405914 5.274368 4.726667 4.636252
0.017598 9.343015 0.000028 0.000321 0.027669 0.176651 -7.348373 9.409897 9.440743 5.177904 4.610670 4.536383
0.017656 9.381992 0.000009 0.000300 0.025036 0.174034 -6.617685 9.402254 9.477453 4.682553 4.542351 4.214189
0.019729 9.454174 0.000022 0.000119 0.022653 0.162158 -5.962938 9.506235 9.485651 4.896959 4.232390 4.234190
0.019289 9.488015 -0.000005 -0.000012 0.020498 0.163535 -5.373566 9.523332 9.535780 4.987772 4.268316 4.302801
0.015137 9.477158 0.000004 0.000299 0.018547 0.167725 -4.840300 9.494232 9.583931 5.133552 4.377680 4.432198
0.014496 9.504209 0.000026 0.000407 0.016782 0.173918 -4.357514 9.568937 9.632706 5.170435 4.539318 4.517243
0.013052 9.529829 0.000019 0.000525 0.015185 0.177983 -3.917562 9.545924 9.669799 5.200790 4.645436 4.579661
0.012024 9.555234 0.000036 0.000585 0.013740 0.180386 -3.519871 9.604376 9.700036 5.194074 4.708141 4.604645
0.011667 9.578398 0.000028 0.000621 0.012432 0.181754 -3.158520 9.594098 9.724354 5.205075 4.743850 4.630782
0.011650 9.592538 0.000038 0.000673 0.011249 0.183390 -2.834733 9.625916 9.745799 5.146350 4.786548 4.619433
0.011523 9.611253 0.000035 0.000687 0.010179 0.184093 -2.544291 9.626535 9.759356 5.493916 4.804909 4.838259
0.011707 9.634616 0.000039 0.000637 0.010465 0.193079 -2.286503 9.692809 9.798609 6.003395 5.039434 5.231619
0.014597 9.660900 0.000031 0.000703 0.010465 0.209778 -2.049101 9.707742 9.857208 5.785916 5.475291 5.277054
0.016774 9.700987 0.000044 0.000797 0.011780 0.212484 -1.834142 9.718904 9.864906 6.154659 5.545920 5.530760
0.020604 9.744243 0.000043 0.000616 0.011780 0.222491 -1.640623 9.810216 9.898541 5.996998 5.807094 5.548838
0.025193 9.790644 0.000027 0.000551 0.011780 0.224067 -1.462900 9.789242 9.902008 5.986589 5.848249 5.572276
0.028445 9.829860 0.000034 0.000368 0.011780 0.224934 -1.313238 9.872740 9.905179 5.882401 5.870869 5.534271
0.029479 9.854853 0.000011 0.000257 0.011780 0.223383 -1.181753 9.841409 9.901012 5.705112 5.830394 5.430354
0.027857 9.881872 0.000018 0.000098 0.011780 0.217380 -1.081146 9.904837 9.889693 6.355113 5.673712 5.759232
0.028301 9.909542 -0.000003 -0.000101 0.011780 0.228306 -0.989442 9.964462 9.942834 6.468189 5.958868 5.941033
0.028971 9.936655 -0.000005 0.000032 0.011780 0.234525 -0.896223 9.952648 9.980453 6.535428 6.121204 6.049464
0.028981 9.965563 0.000009 0.000076 0.011780 0.237655 -0.809439 10.006994 10.010062 6.598316 6.202881 6.123770
0.028055 9.982630 0.000002 0.000140 0.011780 0.239729 -0.727077 9.992825 10.037006 6.550527 6.257009 6.123309
0.026938 9.996364 0.000013 0.000207 0.011780 0.238934 -0.655101 10.021231 10.054978 6.327816 6.236275 5.993584
0.023521 10.005458 0.000010 0.000253 0.010659 0.232939 -0.598121 9.999713 10.056898 6.638960 6.079793 6.114563
0.021210 10.023566 0.000017 0.000170 0.009644 0.236091 -0.556728 10.084628 10.095545 6.685156 6.162073 6.174754
0.020157 10.049254 0.000004 0.000236 0.008727 0.237719 -0.503580 10.060225 10.130186 6.574004 6.204557 6.129952
0.017949 10.073307 0.000021 0.000290 0.007896 0.234883 -0.461937 10.111509 10.152234 6.689655 6.130549 6.166008
0.016358 10.101236 0.000012 0.000260 0.007145 0.235532 -0.420781 10.134992 10.189110 6.744078 6.147469 6.202209
0.017064 10.140964 0.000016 0.000246 0.006465 0.236550 -0.389994 10.190532 10.229085 7.057418 6.174042 6.386002
0.020916 10.193981 0.000012 0.000179 0.005850 0.244794 -0.357889 10.263060 10.291894 7.028917 6.389229 6.455453
0.024097 10.248709 0.000009 0.000220 0.005293 0.249004 -0.330769 10.285252 10.335601 7.248671 6.499094 6.623203
0.027410 10.306571 0.000015 0.000148 0.004789 0.256580 -0.310208 10.379902 10.388972 7.387777 6.696827 6.782534
0.031352 10.367364 0.000003 0.000110 0.004333 0.263811 -0.285372 10.409207 10.438684 7.427300 6.885569 6.884645
0.033400 10.423684 0.000009 0.000077 0.003921 0.268108 -0.262672 10.475937 10.477855 7.568086 6.997736 7.012636
0.033545 10.471020 0.000001 0.000035 0.003548 0.272364 -0.239313 10.509906 10.519991 7.717268 7.108802 7.143918
0.034092 10.520397 0.000003 -0.000002 0.003210 0.276296 -0.214337 10.574470 10.565712 7.858685 7.211432 7.266080
0.033864 10.571229 -0.000002 -0.000028 0.002905 0.279852 -0.186024 10.617229 10.614856 8.070298 7.304240 7.420911
0.034487 10.630611 -0.000000 -0.000080 0.002628 0.284388 -0.155533 10.698829 10.673944 8.121432 7.422640 7.497347
0.033384 10.676712 -0.000007 -0.000014 0.002378 0.286290 -0.117800 10.711480 10.726682 8.337847 7.472275 7.633204
0.031372 10.712594 0.000005 0.000072 0.002152 0.290345 -0.076343 10.778467 10.790256 8.261276 7.578131 7.633726
0.031697 10.771032 0.000004 0.000098 0.001947 0.289731 -0.007497 10.816371 10.839621 7.954474 7.562096 7.460161
0.032526 10.834815 0.000007 0.000025 0.001870 0.282126 0.456264 10.879027 10.868598 7.797148 7.363599 7.288338
0.033409 10.890896 -0.000003 -0.000114 0.001870 0.275461 0.405529 10.932939 10.903377 7.633656 7.189643 7.123488
0.034993 10.946418 -0.000008 -0.000220 0.002198 0.269517 0.363681 10.990535 10.941015 7.577733 7.034492 7.023674
0.036362 11.006233 -0.000014 -0.000333 0.003749 0.266617 0.330410 11.059576 10.988321 7.771222 6.958805 7.089499
0.040245 11.105569 -0.000020 -0.000598 0.005442 0.269476 0.310202 11.203356 11.061038 7.982666 7.033443 7.229221
0.038733 11.146394 -0.000041 -0.000436 0.010930 0.275015 0.291839 11.172088 11.140836 8.110727 7.178013 7.355908
0.035676 11.164891 -0.000009 -0.000123 0.010930 0.279711 0.263714 11.229158 11.213265 7.835083 7.300556 7.264515
0.036629 11.238853 -0.000005 -0.000131 0.010930 0.275840 0.223568 11.286738 11.255954 7.699214 7.199543 7.147334
0.035253 11.295602 -0.000009 -0.000202 0.010930 0.270191 0.213372 11.340206 11.297431 7.881942 7.052080 7.170690
0.033652 11.348416 -0.000012 -0.000260 0.010930 0.270285 0.203136 11.417286 11.364832 8.086197 7.054544 7.269732
0.048030 11.598736 -0.000015 -0.001194 0.010930 0.272990 0.188261 11.821347 11.465674 8.388734 7.125154 7.446788
0.042460 11.623347 -0.000102 -0.000805 0.027407 0.279078 0.138784 11.559811 11.576305 8.612518 7.284041 7.622753
0.022441 11.481755 0.000004 0.000483 0.027407 0.285005 -0.209727 11.519045 11.666585 8.862690 7.438747 7.808582
0.021435 11.555261 0.000041 0.000568 0.027407 0.291286 0.148162 11.691137 11.762355 6.402460 7.602674 6.665616
0.023355 11.642257 0.000020 0.000613 0.027407 0.245691 -0.438252 11.513047 11.660239 6.773224 6.412644 6.282813
0.025109 11.720368 0.000042 -0.000307 0.027407 0.231743 -0.212605 11.913296 11.693323 6.441545 6.048591 5.940682
0.025093 11.781814 -0.000063 -0.000452 0.027407 0.219565 0.025933 11.706129 11.731673 6.188370 5.730741 5.659253
0.024206 11.830624 0.000007 -0.000505 0.027407 0.210112 -1.045837 11.964577 11.775924 5.445340 5.484006 5.177085
0.023459 11.895643 -0.000054 -0.000611 0.027407 0.191803 -0.933015 11.837593 11.784994 4.895364 5.006138 4.679347
0.022048 11.962185 -0.000016 -0.000904 0.027407 0.171920 -0.858111 12.053541 11.794396 4.483394 4.487170 4.226754
0.017667 11.996570 -0.000075 -0.001032 0.027407 0.153476 -0.805714 11.950710 11.814330 4.496001 4.005789 3.990651
0.014500 12.030625 -0.000040 -0.001104 0.027407 0.143698 -0.761594 12.131360 11.872762 4.355461 3.750577 3.789893
0.012653 12.054566 -0.000075 -0.000928 0.024799 0.136640 -0.689498 12.038542 11.936354 3.962883 3.566360 3.506547
0.010619 12.073364 -0.000030 -0.000699 0.022439 0.127181 -0.608465 12.130990 11.979824 3.930120 3.319479 3.362098
0.009022 12.084609 -0.000044 -0.000535 0.020304 0.123526 -0.506821 12.093347 12.036147 3.399067 3.224082 3.062567
0.006837 12.084213 -0.000018 -0.000245 0.018371 0.114044 -0.380888 12.090042 12.054090 2.647364 2.976606 2.589375
0.005221 12.093163 -0.000012 -0.000199 0.016623 0.097040 -0.253298 12.070942 12.033280 2.265059 2.532774 2.192396
0.004869 12.097257 -0.000012 -0.000326 0.015041 0.083054 -0.133397 12.098210 12.019579 1.979998 2.167740 1.880477
0.004376 12.093222 -0.000024 -0.000376 0.013610 0.072834 -0.027063 12.075137 12.012848 2.105969 1.901004 1.808620
0.002655 12.073159 -0.000019 -0.000308 0.012315 0.071892 0.127337 12.086965 12.034267 2.220667 1.876417 1.852696
0.001816 12.056806 -0.000016 -0.000115 0.011143 0.075445 0.061948 12.058522 12.062366 2.060149 1.969138 1.829647
0.002691 12.061097 0.000000 0.000006 0.010082 0.075952 -0.095579 12.069990 12.069072 2.032831 1.982380 1.830798
0.006503 12.077410 -0.000001 -0.000043 0.009123 0.077327 0.031258 12.087134 12.073693 1.418223 2.018267 1.572720
0.011965 12.111265 -0.000005 -0.000192 0.008255 0.068989 -0.246169 12.085521 12.032402 1.325912 1.800649 1.434494
0.015210 12.130250 -0.000016 -0.000499 0.007469 0.064515 -0.227922 12.130393 12.006546 1.530621 1.683859 1.484658
0.015557 12.113390 -0.000036 -0.000545 0.009732 0.067041 -0.219656 12.088283 12.005726 1.480276 1.749797 1.505908
0.015560 12.099620 -0.000024 -0.000479 0.009732 0.067682 -0.219495 12.088456 11.994881 1.380264 1.766515 1.479796
0.013155 12.073846 -0.000028 -0.000403 0.009732 0.065621 -0.212491 12.033161 11.973780 1.378505 1.712747 1.463932
0.007357 12.020681 -0.000018 -0.000239 0.009732 0.062890 -0.206956 11.985604 11.953377 17.539743 1.641450 8.962220
0.001694 11.964044 -0.000010 -0.000054 0.009732 0.362053 -0.170164 13.140362 13.148009 9.807761 9.449739 9.193463
0.009629 12.058579 0.000001 0.005560 0.009732 0.369163 -0.014786 11.220030 13.065944 9.650932 9.635303 9.231952
0.013919 12.097292 0.000527 0.004943 0.141575 0.369417 0.932313 12.800275 12.970253 9.855557 9.641931 9.349998
0.008904 12.011583 0.000050 0.004892 0.141575 0.374251 0.180632 11.396666 12.890424 10.175378 9.768095 9.580438
0.011565 11.997861 0.000429 0.004555 0.141575 0.385191 -3.048211 12.509394 12.831744 10.418172 10.053629 9.854886
0.019839 12.041560 0.000096 0.004033 0.141575 0.397903 -2.564923 11.694660 12.780094 10.848924 10.385435 10.242730
0.030097 12.120461 0.000314 0.003366 0.141575 0.415024 -2.133437 12.495899 12.748927 9.915235 10.832298 10.043961
0.036180 12.172002 0.000077 0.002944 0.141575 0.407236 -1.766630 11.844036 12.622386 9.147490 10.629014 9.610913
0.040326 12.215054 0.000227 0.002079 0.141575 0.388361 -1.702901 12.400644 12.470427 10.478729 10.136363 10.031128
0.046923 12.255809 0.000025 0.001095 0.141575 0.403946 -1.965335 12.165644 12.474669 11.428536 10.543159 10.701200
0.049653 12.251245 0.000093 0.001140 0.141575 0.430768 -2.277304 12.386195 12.518796 12.370232 11.243219 11.509034
0.047581 12.232346 0.000043 0.001462 0.141575 0.461342 -2.510456 12.193878 12.574762 13.264614 12.041215 12.340334
0.045555 12.214807 0.000113 0.001837 0.141575 0.491464 -2.555432 12.323397 12.630613 12.516182 12.827417 12.380993
0.042516 12.186388 0.000093 0.002267 0.128102 0.489912 -2.465262 12.053414 12.562824 11.724060 12.786892 12.003873
0.040900 12.166724 0.000150 0.002021 0.115912 0.471852 -2.383907 12.177581 12.443422 11.754232 12.315529 11.808573
0.042829 12.137600 0.000081 0.001561 0.104881 0.463366 -2.313633 12.063476 12.370701 12.195116 12.094026 11.927961
0.049436 12.146796 0.000093 0.001143 0.094901 0.470487 -2.251293 12.221042 12.355900 12.871917 12.279910 12.357959
0.051377 12.118040 0.000043 0.001214 0.085870 0.490279 -2.175636 12.080084 12.376559 13.499340 12.796484 12.924388
0.052133 12.060988 0.000089 0.001610 0.077698 0.514762 -2.059977 12.098478 12.397768 13.124037 13.435481 13.064389
0.058579 12.062472 0.000090 0.001711 0.070304 0.522409 -1.920415 12.010285 12.340857 12.900850 13.635078 13.074821
0.067119 12.073111 0.000099 0.001366 0.063614 0.524771 -1.834525 12.068251 12.258960 13.223481 13.696740 13.291890
0.075485 12.073001 0.000059 0.000949 0.057560 0.536141 -1.788621 12.041271 12.204834 13.710118 13.993500 13.702437
0.081971 12.067046 0.000051 0.000703 0.052083 0.554182 -1.765957 12.066392 12.169781 13.991572 14.464374 14.092177
0.086283 12.053065 0.000034 0.000596 0.047126 0.569632 -1.725608 12.006908 12.122613 14.044282 14.867621 14.336319
0.091292 12.040685 0.000037 0.000418 0.042642 0.577812 -1.678083 12.005894 12.052608 13.854920 15.081119 14.370564
0.095556 12.025327 0.000017 0.000139 0.038584 0.577598 -1.630783 11.948816 11.957823 14.211669 15.075528 14.583891
0.095787 11.989001 0.000006 -0.000159 0.034912 0.582912 -1.604879 11.956295 11.896087 15.685173 15.214246 15.430067
0.097051 11.957244 -0.000014 -0.000312 0.031590 0.613248 -1.544205 11.993357 11.937557 16.172855 16.006020 16.055091
0.097992 11.930587 -0.000013 0.000036 0.028584 0.635120 -1.425310 11.892897 11.949386 15.947460 16.576874 16.212549
0.098971 11.915452 0.000019 0.000173 0.025863 0.637735 -1.285388 11.886243 11.898739 15.296169 16.645148 15.925824
0.100059 11.907078 0.000006 -0.000043 0.023402 0.622865 -1.153173 11.822472 11.798298 14.772804 16.257021 15.501837
0.101481 11.900067 -0.000005 -0.000519 0.021175 0.602664 -1.061282 11.850715 11.697047 14.909884 15.729780 15.355724
0.103393 11.905862 -0.000042 -0.001066 0.019160 0.594701 -1.001406 11.888426 11.656375 15.359026 15.521919 15.507601
0.101298 11.890668 -0.000065 -0.001196 0.017441 0.598012 -0.963961 11.880233 11.667575 15.798681 15.608348 15.778348
0.099621 11.880139 -0.000060 -0.001085 0.017441 0.605627 -0.920281 11.894354 11.703121 15.985448 15.807115 15.962787
0.102203 11.886297 -0.000054 -0.000935 0.017441 0.611379 -0.865017 11.893241 11.734827 15.685252 15.957232 15.871059
0.104919 11.893570 -0.000045 -0.000810 0.017441 0.608224 -0.810708 11.873415 11.730282 15.935821 15.874886 15.966551
0.107591 11.906614 -0.000041 -0.000900 0.017441 0.612466 -0.775520 11.937748 11.752490 16.054657 15.985601 16.077147
0.109719 11.909921 -0.000053 -0.000803 0.017441 0.617775 -0.726387 11.892843 11.773418 15.410464 16.124166 15.801225
0.110736 11.904754 -0.000035 -0.000670 0.017441 0.606992 -0.684564 11.860701 11.732970 14.796291 15.842731 15.360554
0.111843 11.895755 -0.000037 -0.000831 0.017441 0.589629 -0.669450 11.845236 11.670687 14.416070 15.389552 14.968700
0.111454 11.875825 -0.000051 -0.001047 0.017441 0.574027 -0.702178 11.827212 11.618116 15.035984 14.982325 15.122285
0.110240 11.855071 -0.000061 -0.001209 0.017441 0.579734 -0.748064 11.881388 11.645840 15.660097 15.131298 15.514842
0.107833 11.845182 -0.000068 -0.001017 0.018374 0.594043 -0.755481 11.855918 11.705474 15.931277 15.504751 15.816266
0.105383 11.842366 -0.000044 -0.000699 0.018374 0.603379 -0.717000 11.863546 11.751185 15.622381 15.748432 15.755349
0.105493 11.853475 -0.000033 -0.000522 0.018374 0.598928 -0.633335 11.835955 11.751950 15.140958 15.632265 15.447473
0.107707 11.871369 -0.000025 -0.000609 0.018374 0.586090 -0.549443 11.862815 11.727007 14.870078 15.297185 15.154863
0.109241 11.890590 -0.000040 -0.000835 0.018374 0.575131 -0.487558 11.880745 11.711301 15.035492 15.011134 15.112393
0.108197 11.890339 -0.000050 -0.000914 0.018374 0.573498 -0.462808 11.899843 11.731033 15.092566 14.968515 15.117183
0.107248 11.880460 -0.000050 -0.000763 0.018374 0.573844 -0.431668 11.874268 11.755289 14.702362 14.977561 14.910024
0.105186 11.874417 -0.000036 -0.000608 0.018374 0.565576 -0.423708 11.853876 11.746541 15.144523 14.761751 15.041454
0.104107 11.869301 -0.000032 -0.000626 0.018374 0.570288 -0.432841 11.910378 11.787554 15.223140 14.884740 15.127942
0.104039 11.864665 -0.000037 -0.000394 0.018374 0.574458 -0.408830 11.853501 11.820670 15.371693 14.993572 15.245951
0.103489 11.861776 -0.000011 -0.000210 0.018374 0.579727 -0.379199 11.896783 11.853168 15.283516 15.131092 15.253544
0.105825 11.870436 -0.000014 -0.000088 0.016625 0.581169 -0.301634 11.860802 11.866338 13.770609 15.168743 14.473793
0.108676 11.882808 0.000000 -0.000084 0.015043 0.551891 -0.271562 11.795447 11.763020 13.319726 14.404566 13.907042
0.112374 11.890794 -0.000011 -0.000652 0.013612 0.531239 -0.388858 11.885627 11.694353 13.322857 13.865546 13.677082
0.114801 11.879009 -0.000056 -0.000942 0.015017 0.525016 -0.493081 11.832972 11.672076 13.636990 13.703128 13.775416
0.114704 11.865812 -0.000047 -0.000989 0.015017 0.530380 -0.601488 11.887119 11.686485 14.551416 13.843137 14.321542
0.120835 11.952674 -0.000059 -0.001358 0.015801 0.551846 -0.636741 12.058293 11.766278 14.899600 14.403411 14.746906
0.117485 11.916955 -0.000085 -0.000769 0.022857 0.567098 -0.606421 11.841137 11.818597 15.006621 14.801494 14.974879
0.109097 11.802702 -0.000008 0.000081 0.022857 0.574418 -0.509211 11.787355 11.832407 14.890915 14.992535 14.995596
0.109918 11.799230 0.000011 0.000169 0.022857 0.574385 -0.357310 11.801101 11.821460 15.085756 14.991670 15.098111
0.109638 11.784669 0.000004 0.000188 0.022857 0.578267 -0.145579 11.778587 11.824845 15.323859 15.093000 15.266790
0.108352 11.765312 0.000012 0.000304 0.022857 0.584608 0.459050 11.772024 11.836223 14.862094 15.258489 15.091822
0.107231 11.743418 0.000017 0.000474 0.022857 0.577312 0.198692 11.690774 11.797183 14.261419 15.068082 14.691951
0.108842 11.751736 0.000029 0.000232 0.022857 0.561490 -0.187828 11.739945 11.732078 14.310157 14.655110 14.541820
0.107175 11.716937 -0.000003 0.000077 0.022857 0.555803 -0.009382 11.672633 11.704667 15.061742 14.506681 14.876750
0.101730 11.651814 0.000009 0.000270 0.022857 0.569040 0.993116 11.676830 11.741053 16.085292 14.852158 15.564522
0.099079 11.644382 0.000018 0.000493 0.022857 0.595266 0.856368 11.711001 11.823963 16.592363 15.536686 16.121152
0.098734 11.651684 0.000032 0.000879 0.022857 0.615966 0.653063 11.683484 11.885990 15.375972 16.076946 15.704248
0.100218 11.675678 0.000058 0.001073 0.020682 0.598605 0.388426 11.616807 11.812333 14.165332 15.623836 14.868289
0.102420 11.702196 0.000056 0.000562 0.018714 0.564863 0.182935 11.661010 11.691822 14.276736 14.743139 14.548308
0.104606 11.712649 0.000009 -0.000106 0.016933 0.553060 0.113255 11.718945 11.658890 14.585041 14.435093 14.576042
0.105446 11.717673 -0.000017 -0.000300 0.015322 0.555577 0.255362 11.727914 11.676025 14.460673 14.500789 14.534292
0.103613 11.721866 -0.000015 -0.000234 0.013864 0.553968 0.329078 11.714016 11.677598 14.670946 14.458794 14.624084
0.101699 11.748276 -0.000010 -0.000361 0.012544 0.555526 0.382928 11.791611 11.700593 15.449445 14.499460 15.045288
0.100748 11.748531 -0.000026 -0.000245 0.011350 0.570459 0.366326 11.785388 11.776707 15.290925 14.889207 15.120737
0.099848 11.730015 -0.000003 0.000238 0.010270 0.573993 0.287739 11.715875 11.802197 15.256282 14.981433 15.135184
0.101163 11.762612 0.000025 0.000202 0.009293 0.575119 0.193024 11.820636 11.818873 15.241673 15.010843 15.134142
0.101495 11.776408 -0.000000 0.000217 0.008409 0.575355 0.034282 11.758355 11.831956 14.106966 15.016991 14.535422
0.099704 11.760148 0.000021 0.000366 0.007608 0.552089 -0.677968 11.693262 11.756455 13.228033 14.409750 13.808550
0.100053 11.765811 0.000018 -0.000048 0.006884 0.523563 -0.600660 11.735133 11.668673 12.770275 13.665192 13.243097
0.098789 11.763848 -0.000019 -0.000486 0.006229 0.501773 -0.563029 11.719635 11.611004 13.817202 13.096485 13.541122
0.099157 11.804794 -0.000031 -0.000989 0.008313 0.513159 -0.550710 11.927030 11.684491 16.169296 13.393654 14.890652
0.096674 11.803427 -0.000069 -0.000607 0.018642 0.566208 -0.512744 11.912927 11.904766 17.733468 14.778246 16.297528
0.092454 11.770576 -0.000003 0.000685 0.018642 0.621883 -0.282461 11.878559 12.113211 17.428334 16.231390 16.763898
0.093079 11.809095 0.000067 0.001552 0.018642 0.639969 0.377716 11.843385 12.172660 16.279620 16.703448 16.369856
0.095291 11.847638 0.000094 0.001659 0.025295 0.623888 -0.153767 11.819221 12.108339 15.516663 16.283736 15.788124
0.097620 11.860933 0.000083 0.001263 0.025295 0.601686 1.221950 11.836715 12.026010 15.626678 15.704240 15.590127
0.098090 11.855071 0.000055 0.000872 0.025295 0.596075 0.988891 11.863932 12.003093 15.678858 15.557801 15.552322
0.099210 11.858309 0.000041 0.000739 0.025295 0.596746 0.810178 11.862899 11.997703 15.068397 15.575315 15.243492
0.097071 11.863917 0.000040 0.000683 0.025295 0.585132 0.722240 11.826675 11.946268 15.936498 15.272185 15.563582
0.092940 11.863211 0.000035 0.000424 0.025295 0.595725 0.720375 11.942313 11.987835 16.952535 15.548668 16.208009
0.095562 11.913194 0.000014 0.000381 0.025295 0.619837 0.678785 11.995294 12.085767 16.775362 16.177993 16.390099
0.094236 11.916213 0.000027 0.000865 0.025295 0.626596 0.586947 11.897795 12.113659 16.883155 16.354395 16.521087
0.091348 11.897978 0.000063 0.001101 0.025295 0.631269 0.459900 11.937820 12.131787 15.605110 16.476380 15.915694
0.095537 11.941833 0.000057 0.000969 0.025295 0.607618 0.284030 11.879632 12.047381 13.122822 15.859073 14.365819
0.098877 11.988128 0.000049 0.000302 0.025295 0.546887 0.299607 11.869500 11.836032 12.825100 14.273960 13.513881
0.101317 12.014731 -0.000008 -0.000912 0.022888 0.513611 0.676419 12.022142 11.745128 13.067555 13.405457 13.253189
0.102878 12.014167 -0.000078 -0.001373 0.020905 0.505253 0.836995 11.982420 11.746664 13.584749 13.187291 13.421311
0.106713 12.106093 -0.000066 -0.001834 0.020905 0.512608 0.942719 12.234870 11.812446 15.793289 13.379282 14.638115
0.099518 12.079267 -0.000120 -0.001362 0.032322 0.558449 0.956059 12.136016 12.020360 16.648623 14.575752 15.600404
0.089233 11.968434 -0.000033 0.000265 0.032322 0.594525 0.802578 11.989990 12.170788 15.849162 15.517341 15.605852
0.089329 11.977471 0.000051 0.000987 0.032322 0.594285 0.507900 11.992368 12.176368 15.908280 15.511067 15.628669
0.090135 11.984318 0.000053 0.000980 0.032322 0.595890 0.051627 12.007699 12.186984 15.388178 15.552970 15.378635
0.093179 11.985150 0.000051 0.001030 0.032322 0.589325 -4.535126 11.954740 12.154429 13.246185 15.381603 14.208251
0.093698 11.993196 0.000058 0.000823 0.032322 0.544968 -4.045332 11.863645 11.977989 13.387892 14.223889 13.770567
0.094915 11.990938 0.000033 -0.000066 0.032322 0.528086 -3.631713 12.030011 11.916521 13.117065 13.783242 13.438437
0.096754 11.968985 -0.000032 -0.000268 0.032322 0.517659 -3.273935 11.870152 11.871754 12.793568 13.511107 13.156327
0.093057 11.950833 0.000001 -0.000404 0.032322 0.507024 -2.993898 11.961509 11.825793 15.168345 13.233534 14.255152
0.090963 11.954417 -0.000038 -0.000656 0.032322 0.548700 -2.744603 12.093999 11.983911 16.177618 14.321277 15.254131
0.090837 11.955655 -0.000031 0.000144 0.032322 0.587214 -2.474013 11.984345 12.120451 15.714008 15.326511 15.464205
0.091787 11.972149 0.000039 0.000757 0.029246 0.594567 -2.189329 11.991484 12.134712 15.001962 15.518436 15.187702
0.096953 12.001704 0.000041 0.000679 0.026463 0.583691 -1.913985 11.971106 12.082637 13.278704 15.234556 14.181753
0.100427 12.010841 0.000032 0.000366 0.023945 0.545489 -1.680947 11.895794 11.928622 13.161096 14.237466 13.687011
0.100381 11.999148 0.000010 -0.000360 0.021666 0.526734 -1.519038 12.001023 11.854866 14.534725 13.747965 14.182596
0.102446 11.972186 -0.000041 -0.000599 0.019604 0.548187 -1.379389 12.008183 11.925664 13.846746 14.307894 14.076656
0.098327 11.944732 -0.000023 -0.000097 0.017739 0.544962 -1.253410 11.859349 11.892950 15.199905 14.223727 14.744908
0.086417 11.924192 0.000010 -0.000159 0.016050 0.565527 -1.156006 12.049353 11.969361 18.563101 14.760485 16.698266
0.080897 11.903774 -0.000023 0.000335 0.014523 0.636689 -0.990589 12.072793 12.248284 18.332278 16.617832 17.402999
0.080665 11.895411 0.000050 0.001801 0.013495 0.663248 -0.743457 11.882217 12.341709 17.159929 17.311032 17.111089
0.085519 11.943991 0.000132 0.002030 0.035374 0.652091 -0.473074 11.982066 12.290593 15.807462 17.019836 16.289618
0.095122 11.996370 0.000089 0.001502 0.035374 0.622493 0.297461 11.916795 12.170152 12.730267 16.247323 14.372375
0.099431 12.019006 0.000074 0.000771 0.035374 0.550654 -0.167122 11.836732 11.890994 12.723184 14.372285 13.545377
0.103236 12.020455 0.000017 -0.000661 0.035374 0.520461 -1.004182 12.043626 11.780133 12.270110 13.584250 12.969351
0.106270 11.995127 -0.000074 -0.001097 0.035374 0.501850 -1.165258 11.857668 11.702974 11.275220 13.098489 12.249028
0.100117 11.980511 -0.000043 -0.001416 0.035374 0.472863 -1.433305 11.941903 11.593845 14.631695 12.341918 13.652390
0.094437 11.964976 -0.000099 -0.001894 0.035374 0.523414 -1.580796 12.155339 11.802864 15.583165 13.661303 14.720727
0.092803 11.943138 -0.000101 -0.000716 0.035374 0.563316 -1.516377 11.917661 11.961175 14.589157 14.702761 14.668047
0.087965 11.930811 0.000012 0.000155 0.035374 0.558476 -1.374654 11.932802 11.949610 15.692880 14.576442 15.171390
0.091489 12.004739 0.000004 -0.000281 0.035374 0.575505 -1.162645 12.146106 12.038939 14.844301 15.020915 14.928873
0.091986 11.982681 -0.000031 0.000287 0.035374 0.566009 -0.834949 11.838681 12.020054 12.363009 14.773063 13.545010
0.084451 11.910785 0.000051 0.000558 0.032008 0.511860 -0.509649 11.787533 11.828192 13.069143 13.359746 13.269936
0.087659 11.925186 0.000012 -0.000495 0.028962 0.501147 -0.290245 12.013492 11.816075 13.016324 13.080146 13.110413
0.094718 11.916297 -0.000056 -0.000511 0.026206 0.500238 -0.051787 11.833750 11.821306 12.411561 13.056422 12.786017
0.092858 11.910846 -0.000004 -0.000457 0.023712 0.491538 -1.058022 11.924110 11.781847 15.644091 12.829339 14.350651
0.090512 11.930034 -0.000041 -0.000756 0.021455 0.552124 -1.006345 12.146090 12.007983 16.345464 14.410658 15.408975
0.090448 11.948644 -0.000040 0.000303 0.019414 0.592397 -0.840138 11.935943 12.147305 15.286394 15.461798 15.333861
0.091376 11.978592 0.000060 0.000861 0.017566 0.587032 -0.643739 11.999543 12.117265 14.917823 15.321757 15.083262
0.098795 12.030123 0.000033 0.000445 0.015895 0.577006 -0.427056 12.024262 12.078226 12.639757 15.060091 13.799691
0.110760 12.137837 0.000015 -0.000304 0.014382 0.528360 -0.261951 12.046989 11.902480 11.493297 13.790410 12.653452
0.109003 12.116951 -0.000041 -0.001095 0.013013 0.484136 -0.352409 12.000465 11.751471 13.052859 12.636151 12.949829
0.103868 12.006699 -0.000071 -0.001303 0.019178 0.496651 -0.479346 12.042970 11.808278 12.439684 12.962785 12.776269
0.104989 11.972587 -0.000068 -0.000839 0.019178 0.492487 -0.559689 11.877008 11.785437 11.197758 12.854118 12.088940
0.097077 11.944716 -0.000027 -0.000813 0.019178 0.463827 -0.709668 11.874531 11.677014 13.888897 12.106075 13.148894
0.090138 11.914167 -0.000057 -0.001210 0.019178 0.500476 -0.790222 12.079722 11.834575 15.019278 13.062613 14.144868
0.085893 11.875459 -0.000071 -0.000209 0.019178 0.537513 -0.700415 11.858945 11.985560 14.842132 14.029299 14.474632
0.082185 11.861532 0.000035 0.000633 0.019178 0.548360 -0.516065 11.924626 12.034181 14.865840 14.312403 14.604158
0.087002 11.882201 0.000030 0.000776 0.019178 0.553650 -0.171232 11.889811 12.060532 11.437578 14.450487 12.901997
0.094144 11.894614 0.000048 0.000847 0.019178 0.489229 0.658126 11.672263 11.817746 7.938578 12.769068 10.357161
0.095361 11.898881 0.000041 -0.000414 0.019178 0.391378 0.629029 11.717526 11.463210 9.407822 10.215130 9.994497
0.097379 11.883148 -0.000073 -0.002143 0.019585 0.378681 0.841440 11.955037 11.444595 10.477982 9.883733 10.399547
0.094576 11.836373 -0.000146 -0.001999 0.039349 0.397759 0.983984 11.786056 11.528386 12.255193 10.381678 11.536089
0.085272 11.814430 -0.000075 -0.001460 0.039349 0.439593 1.206431 11.977783 11.697645 15.534694 11.473561 13.697589
0.082076 11.809118 -0.000081 -0.000569 0.039349 0.521039 1.078868 11.979075 12.013682 15.178176 13.599330 14.445253
0.095166 11.967124 0.000008 0.000238 0.039349 0.549734 0.668465 12.076095 12.127558 14.881798 14.348281 14.617604
0.089669 11.930561 0.000013 0.001005 0.039349 0.556034 -0.031897 11.854188 12.147912 17.027669 14.512704 15.782763
0.077812 11.750693 0.000083 0.002027 0.039349 0.598347 16.678472 11.856709 12.297002 15.520727 15.617097 15.487905
0.083826 11.749713 0.000125 0.002793 0.039349 0.591124 14.968701 11.656882 12.235038 11.042944 15.428575 13.091906
0.079087 11.759295 0.000165 0.002428 0.044397 0.497974 13.442412 11.511973 11.858212 12.346740 12.997325 12.688050
0.073231 11.749089 0.000100 0.000557 0.044397 0.478104 12.090966 11.889938 11.798457 13.840689 12.478697 13.210993
0.074871 11.713900 -0.000025 0.000432 0.044397 0.499945 10.879105 11.675321 11.892253 14.221814 13.048753 13.649322
0.073943 11.707230 0.000063 0.000944 0.044397 0.520278 9.790056 11.820825 11.961818 17.164410 13.579475 15.387365
0.070809 11.744611 0.000041 0.001108 0.044397 0.588373 8.805885 11.952780 12.209237 18.670205 15.356762 16.940352
0.071184 11.783552 0.000074 0.002172 0.044397 0.647974 7.890227 11.896927 12.415425 17.187603 16.912381 16.878361
0.075693 11.830743 0.000150 0.002984 0.044397 0.645375 7.039202 11.798458 12.377619 14.789122 16.844550 15.628083
0.083276 11.891178 0.000167 0.002482 0.045032 0.596997 6.279088 11.811043 12.174664 12.264759 15.581856 13.780318
0.088960 11.916793 0.000106 0.001316 0.045032 0.526378 5.628974 11.752362 11.899846 11.102181 13.738680 12.371204
0.089779 11.919608 0.000045 -0.000101 0.045032 0.472802 5.104169 11.855469 11.703886 12.785632 12.340307 12.616020
0.092410 11.906523 -0.000041 -0.001034 0.045032 0.484548 4.668669 11.980798 11.757583 13.005895 12.646882 12.865093
0.093069 11.873206 -0.000061 -0.000590 0.045032 0.498071 4.274157 11.814085 11.796098 13.104596 12.999851 13.076487
0.084269 11.844933 -0.000003 -0.000249 0.045032 0.504839 3.930818 11.877475 11.808845 15.759844 13.176510 14.518994
0.078647 11.826117 -0.000018 -0.000088 0.045032 0.556734 3.593885 11.978975 12.004517 16.736180 14.530970 15.616732
0.078016 11.808387 0.000009 0.001001 0.045032 0.598648 3.204755 11.837473 12.150460 16.560740 15.624944 16.011239
0.076750 11.824988 0.000091 0.001661 0.045032 0.613103 2.786763 11.885254 12.188168 16.306619 16.002240 16.048831
0.080631 11.852042 0.000088 0.001715 0.045032 0.613808 2.339775 11.848324 12.177406 12.121146 16.020619 13.921648
0.080521 11.852533 0.000096 0.001658 0.045032 0.530433 1.925665 11.563147 11.852166 10.625383 13.844523 12.192316
0.079622 11.852726 0.000085 -0.000003 0.040747 0.460727 1.715071 11.842712 11.610545 11.981548 12.025150 12.068808
0.086927 11.840553 -0.000064 -0.001174 0.036869 0.459534 1.626486 11.835551 11.630272 11.151227 11.994025 11.624924
0.088082 11.818930 -0.000057 -0.000963 0.033360 0.447522 1.637177 11.742359 11.585865 14.212489 11.680499 13.068536
0.079352 11.816625 -0.000043 -0.001178 0.030186 0.503321 1.669670 12.066127 11.799030 17.295496 13.136870 15.289485
0.072657 11.821127 -0.000075 -0.000113 0.027313 0.585354 1.544413 11.937336 12.113449 16.975337 15.277970 16.080738
0.072811 11.833872 0.000051 0.001427 0.024714 0.613187 1.291757 11.878532 12.212921 15.629653 16.004427 15.719783
0.078736 11.884098 0.000096 0.001678 0.025878 0.598603 0.997212 11.860414 12.151903 13.584315 15.623776 14.507973
0.090088 11.916348 0.000084 0.001202 0.025878 0.553639 0.705788 11.807982 11.975235 10.032325 14.450207 12.168902
0.095428 11.917285 0.000049 0.000296 0.025878 0.466817 0.574425 11.673055 11.637767 10.837175 12.184117 11.594071
0.093634 11.896295 -0.000009 -0.001319 0.025878 0.445888 0.825566 11.973766 11.562498 13.360541 11.637864 12.657516
0.095665 11.841274 -0.000116 -0.001423 0.031241 0.490883 0.925829 11.864610 11.719706 11.179899 12.812231 12.042750
0.092178 11.810616 -0.000041 -0.000464 0.031241 0.467935 0.995879 11.644872 11.606249 13.034780 12.213286 12.751893
0.087113 11.820348 -0.000011 -0.001093 0.031241 0.490883 1.107827 12.022403 11.689333 15.665515 12.812238 14.371260
0.088357 11.818406 -0.000095 -0.000659 0.031241 0.552394 1.026991 11.869418 11.916450 15.249348 14.417710 14.860061
0.088314 11.821348 0.000013 0.000485 0.031241 0.570682 0.814789 11.845327 11.969375 16.449005 14.895028 15.688668
0.089387 11.854039 0.000035 0.000589 0.031241 0.601902 0.477537 11.977674 12.074506 16.131848 15.709876 15.883117
0.094860 11.871882 0.000028 0.001034 0.031241 0.609958 -0.282181 11.818928 12.085924 11.315199 15.920154 13.486214
0.094183 11.874526 0.000076 0.001079 0.031241 0.515333 0.694295 11.573287 11.719067 10.247349 13.450390 11.856441
0.092210 11.874874 0.000042 -0.000795 0.031241 0.448110 0.668008 11.875675 11.494179 12.504591 11.695858 12.245329
0.096001 11.836081 -0.000108 -0.001745 0.031241 0.465894 0.796402 11.865121 11.589085 12.632844 12.160017 12.508914
0.089339 11.777628 -0.000079 -0.000962 0.031241 0.479415 0.936436 11.743131 11.643436 15.059434 12.512909 13.919326
0.075654 11.766614 -0.000029 -0.000629 0.028268 0.529464 1.006949 11.976582 11.846935 17.961664 13.819222 15.973843
0.070474 11.774705 -0.000037 0.000369 0.025578 0.604065 0.826622 11.924199 12.150706 17.388566 15.766328 16.539110
0.070397 11.787094 0.000064 0.001856 0.023144 0.624608 0.422802 11.799199 12.236134 15.789414 16.302510 15.955840
0.078164 11.838944 0.000125 0.002027 0.033515 0.602570 -0.236409 11.832219 12.157895 14.122532 15.727328 14.841436
0.095326 11.890176 0.000093 0.001366 0.033515 0.565193 1.117248 11.816061 12.010643 11.136382 14.751755 12.869640
0.106857 11.917658 0.000056 0.000475 0.033515 0.497275 0.940328 11.727511 11.729920 10.805634 12.979078 11.939180
0.110150 11.935519 0.000002 -0.001049 0.033515 0.465803 1.112015 11.938753 11.587308 11.875917 12.157630 12.156780
0.119348 12.014566 -0.000099 -0.002180 0.033515 0.476217 1.321280 12.054067 11.608884 11.321402 12.429452 11.994760
0.116765 11.995424 -0.000127 -0.001973 0.034099 0.468760 1.482712 11.865324 11.564351 13.260595 12.234815 12.939734
0.104355 11.900049 -0.000086 -0.001713 0.034099 0.499947 1.587098 12.004840 11.674932 15.668487 13.048810 14.550973
0.103528 11.881421 -0.000095 -0.001054 0.034099 0.559152 1.523912 11.979359 11.892253 16.403683 14.594094 15.602199
0.105787 11.879988 -0.000026 0.000063 0.034099 0.599860 1.318446 11.936347 12.026882 17.708421 15.656577 16.743367
0.106680 11.890201 0.000025 0.000698 0.034099 0.644920 0.971479 12.007327 12.167256 17.023426 16.832679 16.894296
0.110429 11.876130 0.000045 0.001486 0.034099 0.651235 0.387356 11.785493 12.152464 11.849119 16.997491 14.248534
0.104663 11.844619 0.000104 0.001571 0.034099 0.546784 -0.662049 11.505405 11.735165 11.519218 14.271270 12.908566
0.091730 11.811803 0.000066 -0.000391 0.034099 0.486709 -0.514325 11.850311 11.536218 14.553573 12.703292 13.788754
0.089321 11.764421 -0.000089 -0.001165 0.034099 0.517711 -0.383302 11.834618 11.697948 13.667948 13.512462 13.667397
0.088533 11.733556 -0.000039 -0.000182 0.034099 0.514796 -0.175285 11.664379 11.713182 15.529935 13.436380 14.590698
0.083356 11.762082 0.000014 -0.000250 0.034099 0.550996 -0.041676 11.997418 11.875246 17.907354 14.381225 16.218750
0.077987 11.788416 -0.000035 0.000443 0.030854 0.611028 3.740436 11.885938 12.131287 18.093993 15.948078 16.992628
0.079714 11.816493 0.000070 0.001607 0.027918 0.640649 3.289164 11.922041 12.260913 16.368832 16.721199 16.439694
0.086279 11.887340 0.000097 0.001906 0.026032 0.620988 2.871275 11.833125 12.197101 14.562452 16.208031 15.278478
0.095618 11.948948 0.000104 0.001266 0.028086 0.578273 2.522850 11.918065 12.048744 11.761231 15.093145 13.340915
0.103742 11.979250 0.000038 0.000355 0.028086 0.507400 2.256911 11.778054 11.791651 9.926717 13.243339 11.582462
0.103780 11.978199 0.000005 -0.000952 0.028086 0.441367 2.136299 11.889320 11.561310 11.938629 11.519843 11.871178
0.104946 11.953137 -0.000093 -0.002000 0.028086 0.455082 2.089599 12.035631 11.631933 11.537059 11.877826 11.818015
0.102710 11.903422 -0.000115 -0.001386 0.030903 0.455549 2.042641 11.772071 11.633499 11.578597 11.890011 11.848316
0.092228 11.877177 -0.000040 -0.001244 0.030903 0.453302 2.030444 11.937882 11.634487 14.514317 11.831349 13.334564
0.087570 11.865962 -0.000087 -0.001181 0.030903 0.506112 1.951568 12.009850 11.859059 14.228863 13.209720 13.787599
0.084550 11.835007 -0.000044 0.000123 0.030903 0.522182 1.757557 11.771645 11.933166 13.816472 13.629145 13.752974
0.080052 11.824798 0.000045 0.000553 0.030903 0.518592 1.522090 11.881384 11.936393 14.093157 13.535457 13.842542
0.084478 11.835551 0.000015 0.000515 0.030903 0.522418 1.213128 11.840753 11.968178 10.131583 13.635317 11.845447
0.086159 11.825654 0.000036 0.000727 0.030903 0.446304 0.896888 11.550532 11.690882 7.961651 11.648709 9.849828
0.078015 11.814968 0.000040 -0.000633 0.030903 0.366968 0.813501 11.749711 11.426485 10.431838 9.578008 10.180646
0.074016 11.817601 -0.000092 -0.001996 0.030903 0.376827 0.870397 11.936014 11.529698 12.962616 9.835326 11.563469
0.071750 11.765964 -0.000117 -0.001206 0.031334 0.433194 0.785097 11.864706 11.788106 14.416311 11.306531 12.943475
0.068867 11.753538 -0.000023 0.000176 0.031334 0.490380 0.515482 11.898072 12.018116 15.436093 12.799110 14.118098
0.075975 11.845819 0.000033 0.000879 0.031334 0.538157 -0.055989 12.001988 12.198858 14.184118 14.046108 14.033934
0.076213 11.856311 0.000056 0.001748 0.031334 0.535060 6.004504 11.750130 12.174965 13.602262 13.965268 13.699543
0.073243 11.818294 0.000121 0.001820 0.032530 0.522068 5.356298 11.845574 12.112045 12.368850 13.626187 12.919482
0.076348 11.828526 0.000076 0.001447 0.032530 0.493176 4.773979 11.720493 11.989298 10.798698 12.872097 11.784080
0.073502 11.823768 0.000077 0.000845 0.032530 0.448759 4.278708 11.750727 11.817085 12.144345 11.712797 11.946947
0.073785 11.821277 0.000020 -0.000021 0.032530 0.455059 3.856519 11.910116 11.849902 13.032790 11.877216 12.467587
0.075872 11.813905 -0.000016 0.000184 0.032530 0.478210 3.479254 11.823692 11.933057 14.697791 12.481477 13.583508
0.069900 11.792048 0.000032 0.000720 0.032530 0.522996 3.136743 11.933124 12.085346 17.035909 13.650398 15.292189
0.064019 11.807153 0.000044 0.001420 0.032530 0.587074 2.791272 11.960545 12.311695 18.101737 15.322864 16.581513
0.064722 11.844590 0.000101 0.002384 0.032530 0.635145 2.409020 11.960450 12.473608 17.327634 16.577536 16.758829
0.072068 11.926681 0.000148 0.002791 0.039777 0.642094 1.998742 11.955980 12.475229 14.260030 16.758897 15.300621
0.079873 11.984188 0.000150 0.002506 0.040400 0.585529 1.585395 11.819152 12.238522 11.149573 15.282533 13.070418
0.084925 12.010404 0.000122 0.001164 0.040400 0.499748 1.344957 11.853123 11.905428 11.718524 13.043631 12.356199
0.090218 12.028775 0.000018 -0.000629 0.040400 0.474423 1.359562 12.069814 11.818280 13.463884 12.382626 12.949533
0.095149 12.012920 -0.000069 -0.000993 0.040400 0.503236 1.429228 12.048580 11.918920 12.947227 13.134667 13.026153
0.091546 12.008280 -0.000035 -0.000456 0.040400 0.507967 1.479028 11.961968 11.913784 14.443423 13.258130 13.853867
0.083353 12.005266 -0.000012 -0.000467 0.040400 0.534997 1.501011 12.128890 12.011918 16.156469 13.963624 15.039645
0.082733 11.983827 -0.000032 0.000143 0.040400 0.578025 1.355738 12.032405 12.173737 14.253752 15.086687 14.582237
0.081797 11.974706 0.000041 0.001016 0.040400 0.559175 1.112430 11.866014 12.091301 14.060065 14.594700 14.264994
0.081260 12.006195 0.000066 0.000434 0.040400 0.544308 0.902230 12.078203 12.042653 13.714982 14.206655 13.914287
0.083048 12.024117 -0.000009 0.000095 0.040400 0.529778 0.627831 11.943937 12.003887 11.721669 13.827407 12.735665
0.086953 12.034952 0.000018 -0.000159 0.040400 0.483492 0.392931 11.949676 11.848905 10.092545 12.619324 11.366700
0.091305 12.044427 -0.000028 -0.000998 0.036555 0.432042 0.452631 11.930530 11.678759 9.902842 11.276462 10.668832
0.095195 12.027051 -0.000071 -0.001777 0.033077 0.407603 0.889503 12.001143 11.610464 10.479464 10.638602 10.679924
0.094296 11.996825 -0.000111 -0.001972 0.029929 0.411852 1.119136 11.981423 11.637152 13.353778 10.749510 12.201791
0.091164 12.022559 -0.000098 -0.001967 0.027081 0.470514 1.230155 12.250983 11.871209 16.946892 12.280603 14.712155
0.087945 11.991677 -0.000109 -0.000615 0.029320 0.567623 1.100034 12.134554 12.233578 16.336176 14.815186 15.533275
0.083800 11.928283 0.000027 0.001558 0.029320 0.599325 0.760251 11.877455 12.317237 15.158504 15.642613 15.307223
0.086098 11.949157 0.000125 0.001878 0.033571 0.589365 0.291831 11.970174 12.244084 14.126443 15.382671 14.670449
0.091777 11.940888 0.000078 0.001547 0.033571 0.565544 -0.805642 11.823148 12.119453 11.476854 14.760910 13.043809
0.092524 11.902021 0.000085 0.001110 0.033571 0.503867 -0.524398 11.718568 11.851159 11.744367 13.151123 12.481408
0.089190 11.881546 0.000039 -0.000155 0.033571 0.481411 -0.591269 11.906316 11.748585 13.313046 12.565022 13.033388
0.081254 11.844505 -0.000044 -0.000490 0.033571 0.500425 -0.681539 11.851215 11.814335 14.765191 13.061302 13.995356
0.070522 11.805053 -0.000010 0.000047 0.033571 0.532667 -0.642533 11.896043 11.941327 17.171388 13.902816 15.584613
0.069282 11.818465 0.000013 0.000627 0.033571 0.591379 -0.321738 12.001792 12.174429 17.076084 15.435224 16.214833
0.072672 11.842981 0.000050 0.001692 0.033571 0.616183 0.733121 11.839120 12.264472 16.699270 16.082615 16.306992
0.077460 11.876276 0.000122 0.001981 0.033571 0.622123 0.170951 11.952297 12.271948 15.910608 16.237654 15.972830
0.086992 11.919639 0.000092 0.001798 0.033571 0.613443 -1.844054 11.868960 12.212164 11.701180 16.011115 13.725665
0.091550 11.939760 0.000100 0.001390 0.033571 0.528213 -1.567641 11.672831 11.861355 9.919207 13.786576 11.836635
0.094000 11.941468 0.000056 -0.000409 0.030376 0.454330 -1.526994 11.866034 11.579023 10.250628 11.858181 11.161512
0.098150 11.908990 -0.000080 -0.001684 0.027485 0.430791 -1.608417 11.822667 11.491332 10.484945 11.243813 11.019320
0.092922 11.856291 -0.000093 -0.001863 0.025099 0.426915 -1.727987 11.826219 11.470856 13.445856 11.142641 12.510635
0.081899 11.812254 -0.000101 -0.001742 0.027100 0.481202 -1.772931 11.973997 11.677910 15.110689 12.559566 13.989415
0.073615 11.783358 -0.000084 -0.000538 0.027100 0.533065 -1.694046 11.822373 11.879981 15.743332 13.913202 14.908021
0.072134 11.801187 0.000016 0.000402 0.027100 0.564420 -1.501067 11.921635 12.009498 16.178263 14.731588 15.484484
0.075587 11.824135 0.000025 0.000946 0.027100 0.586291 -1.188091 11.854744 12.099571 13.680399 15.302434 14.459754
0.080996 11.812429 0.000070 0.001465 0.027100 0.547878 -0.791229 11.656803 11.949083 9.243858 14.299834 11.739909
0.085778 11.823378 0.000084 0.000642 0.027100 0.443781 -0.471969 11.577060 11.556935 7.002064 11.582855 9.389059
0.084585 11.826430 -0.000005 -0.001375 0.027100 0.352177 -0.652320 11.682022 11.239981 9.428613 9.191952 9.574765
0.085561 11.766863 -0.000126 -0.002689 0.033794 0.361271 -1.007598 11.852503 11.310436 10.311712 9.429305 10.127295
0.092436 11.701506 -0.000155 -0.001996 0.041655 0.391061 -1.216102 11.646956 11.415790 8.911047 10.206856 9.732122
0.088387 11.680962 -0.000067 -0.001353 0.041655 0.379374 -1.469900 11.610884 11.345024 11.592395 9.901813 11.007748
0.079064 11.678069 -0.000077 -0.001700 0.041655 0.423291 -1.638557 11.858738 11.505249 14.718327 11.048056 13.123970
0.073042 11.651328 -0.000102 -0.000745 0.041655 0.500813 -1.525841 11.760945 11.795403 15.596974 13.071416 14.459648
0.072246 11.634802 0.000008 0.000820 0.041655 0.550145 -1.153657 11.723493 11.968949 13.152904 14.358990 13.760521
0.079689 11.649703 0.000069 0.001629 0.041655 0.522999 -0.510293 11.500124 11.846478 7.701050 13.650488 10.622622
0.074602 11.649671 0.000098 0.001004 0.041655 0.399396 0.278362 11.322654 11.380143 9.700308 10.424401 10.233496
0.062727 11.609690 0.000016 -0.001171 0.041655 0.378814 0.311028 11.784957 11.348736 13.749809 9.887204 12.047142
0.061515 11.542476 -0.000125 -0.000989 0.041655 0.451104 -0.025677 11.638476 11.658095 13.608041 11.773995 12.790706
0.058692 11.511637 0.000005 0.000747 0.041655 0.482157 9.008962 11.547857 11.781141 15.660515 12.584496 14.189545
0.048660 11.542432 0.000066 0.001218 0.041655 0.535168 8.079916 11.769024 11.988202 19.377864 13.968086 16.677434
0.045128 11.566555 0.000062 0.002152 0.037691 0.629314 7.218095 11.810719 12.352177 20.513543 16.425339 18.340903
0.050773 11.609224 0.000155 0.003792 0.041584 0.697194 6.402662 11.754950 12.584804 19.698591 18.197036 18.717341
0.059029 11.705324 0.000238 0.004488 0.063938 0.715428 5.629236 11.778352 12.609585 17.354916 18.672953 17.746303
0.072483 11.800083 0.000239 0.004131 0.064331 0.680848 4.856997 11.718516 12.429683 11.626247 17.770403 14.438146
0.082097 11.871614 0.000206 0.002848 0.064331 0.554247 4.264633 11.532820 11.912603 11.100926 14.466065 12.709298
0.085276 11.913558 0.000112 -0.000005 0.064331 0.487615 3.937958 11.965511 11.660061 14.081246 12.726934 13.459776
0.088677 11.895511 -0.000084 -0.001202 0.064331 0.520512 3.730448 11.941186 11.785281 13.728435 13.585582 13.662686
0.079799 11.864958 -0.000042 -0.000407 0.064331 0.528914 3.543336 11.814701 11.803973 16.118311 13.804857 14.982771
0.067121 11.890841 -0.000001 -0.000443 0.064331 0.571633 3.349968 12.125435 11.986343 19.037558 14.919859 16.945300
0.057809 11.890706 -0.000038 0.000488 0.064331 0.640572 2.996386 12.012059 12.285916 19.080462 16.719185 17.777194
0.050224 11.888743 0.000080 0.002027 0.064331 0.667850 2.496720 11.967362 12.423472 18.944605 17.431142 18.021640
0.060484 11.961469 0.000132 0.002358 0.064331 0.677386 1.877655 12.070379 12.490895 14.930431 17.680046 16.134951
0.083346 12.066229 0.000123 0.002167 0.064331 0.610751 1.185714 11.856482 12.242001 7.438034 15.940852 11.579585
0.094408 12.168457 0.000113 0.000375 0.064331 0.439181 0.986059 11.779688 11.596296 8.145503 11.462804 9.923492
0.099338 12.211412 -0.000049 -0.003139 0.058209 0.376648 1.818185 12.307745 11.408761 9.945147 9.830666 10.098137
0.104836 12.179595 -0.000254 -0.003934 0.068388 0.389579 2.217385 12.085669 11.494439 9.424290 10.168177 9.985525
0.100189 12.135748 -0.000168 -0.003273 0.068388 0.387446 2.581164 12.119963 11.502723 11.654291 10.112496 11.101396
0.094005 12.125786 -0.000176 -0.003180 0.068388 0.427326 2.745087 12.246194 11.680780 13.358771 11.153390 12.430774
0.092430 12.099962 -0.000162 -0.002139 0.068388 0.476145 2.662435 12.148545 11.888267 13.703149 12.427575 13.173743
0.088240 12.044107 -0.000076 -0.000795 0.068388 0.504020 2.396552 12.056321 11.999615 14.315740 13.155123 13.807602
0.084336 12.011065 -0.000018 -0.000058 0.068388 0.527166 1.993926 12.061993 12.087893 13.378987 13.759230 13.602292
0.082963 11.961513 0.000006 0.000645 0.068388 0.518342 1.426257 11.852581 12.046708 9.228145 13.528926 11.393822
0.074684 11.900237 0.000054 0.000747 0.068388 0.430189 0.841372 11.615480 11.709180 9.151788 11.228106 10.316969
0.067031 11.841055 0.000026 -0.000673 0.068388 0.383927 0.535385 11.865634 11.566487 10.586535 10.020658 10.481632
0.064944 11.762702 -0.000086 -0.001001 0.068388 0.392080 0.273654 11.722839 11.628592 9.488448 10.233431 10.010330
0.064125 11.692972 -0.000028 -0.000329 0.068388 0.376789 0.445397 11.613149 11.579100 11.229608 9.834347 10.708415
0.061272 11.665066 -0.000011 -0.000439 0.061880 0.407901 0.823259 11.811349 11.692446 14.543855 10.646366 12.748296
0.054512 11.645867 -0.000035 0.000238 0.055991 0.487633 0.718708 11.806085 11.980393 15.717963 12.727409 14.271658
0.055085 11.650352 0.000049 0.001684 0.050663 0.546782 0.068116 11.750282 12.171905 14.259580 14.271217 14.226856
0.058679 11.671900 0.000120 0.002552 0.045842 0.547510 -8.361469 11.608321 12.121031 12.697264 14.290235 13.448389
0.064021 11.683248 0.000146 0.002234 0.041480 0.517242 -7.471734 11.623597 11.957660 9.958477 13.500233 11.708414
0.070741 11.660216 0.000096 0.001518 0.037532 0.451326 -6.692196 11.423614 11.662018 7.257769 11.779800 9.570694
0.069822 11.608235 0.000069 0.000274 0.033961 0.369560 -6.043263 11.416439 11.317148 9.772980 9.645652 9.933891
0.062026 11.545046 -0.000027 -0.001163 0.030729 0.383325 -5.494312 11.657491 11.349497 13.463471 10.004946 11.988457
0.059168 11.573718 -0.000087 -0.001144 0.027805 0.461148 -4.978940 11.766349 11.631568 15.231044 12.036144 13.790700
0.053670 11.502335 -0.000038 0.000660 0.025159 0.528931 -4.471231 11.530982 11.858502 14.950997 13.805298 14.430420
0.047412 11.382413 0.000094 0.002430 0.025218 0.554619 -3.979051 11.349572 11.896907 14.891412 14.475771 14.697062
0.047978 11.404203 0.000157 0.002514 0.042218 0.565013 -3.520107 11.479112 11.878841 17.124535 14.747074 15.961691
0.052779 11.415310 0.000116 0.002366 0.042218 0.615581 -3.002598 11.542756 12.010976 15.670997 16.066920 15.798751
0.059712 11.421990 0.000136 0.003006 0.042218 0.612150 -2.449226 11.295653 11.922353 12.057053 15.977370 13.898877
0.056553 11.442815 0.000181 0.002447 0.048741 0.536635 -1.984011 11.266226 11.580081 12.173392 14.006376 13.101018
0.050206 11.432851 0.000093 0.000751 0.048741 0.499641 -1.660002 11.428540 11.427747 11.958632 13.040821 12.562694
0.044888 11.374677 0.000003 0.000271 0.048741 0.475457 -1.478855 11.250342 11.341195 12.596360 12.409619 12.603151
0.040096 11.344612 0.000029 -0.000017 0.048741 0.475754 -1.484841 11.434048 11.355556 16.154326 12.417357 14.412873
0.038313 11.348731 -0.000020 0.000035 0.048741 0.547328 -1.468554 11.561032 11.635427 17.164011 14.285485 15.749000
0.036825 11.361707 0.000024 0.001397 0.048741 0.600173 -1.284318 11.418353 11.824160 17.396491 15.664755 16.476392
0.038247 11.391305 0.000118 0.002209 0.048741 0.628679 -0.974990 11.499676 11.910885 17.176435 16.408771 16.692882
0.046273 11.435676 0.000120 0.002425 0.048741 0.639447 -0.468947 11.442109 11.920996 11.882777 16.689821 14.120760
0.054923 11.481385 0.000140 0.002244 0.048741 0.540043 0.171152 11.151917 11.516146 6.660191 14.095346 10.303041
0.063140 11.557777 0.000107 -0.000212 0.048741 0.389418 2.133318 11.324271 10.962114 8.378616 10.163964 9.451003
0.069861 11.551134 -0.000100 -0.003006 0.048741 0.358435 2.330163 11.598590 10.886981 10.554758 9.355303 10.219664
0.070912 11.454437 -0.000201 -0.002896 0.053968 0.396127 2.491507 11.429163 11.033776 11.461458 10.339072 11.122040
0.065118 11.423430 -0.000112 -0.001989 0.053968 0.433671 2.588799 11.503107 11.157005 14.628620 11.318977 13.202482
0.064107 11.439764 -0.000098 -0.001443 0.053968 0.511898 2.509940 11.637562 11.433752 16.247258 13.360736 14.934993
0.073346 11.438117 -0.000058 -0.000022 0.053968 0.581643 2.198701 11.495267 11.650895 15.390286 15.181116 15.277075
0.080588 11.444072 0.000044 0.001055 0.053968 0.598861 1.750289 11.418819 11.645916 15.715551 15.630506 15.656357
0.088201 11.471946 0.000065 0.000888 0.053968 0.615503 1.230551 11.520832 11.634904 13.824124 16.064881 14.854225
0.096666 11.467839 0.000033 0.000853 0.053968 0.585479 0.571075 11.257219 11.449972 9.152650 15.281227 12.043233
0.093488 11.446250 0.000056 0.000019 0.053968 0.472829 0.112519 11.137371 10.989496 10.348093 12.341020 11.471507
0.088859 11.416592 -0.000042 -0.002180 0.053968 0.442641 2.867458 11.490349 10.882587 12.426660 11.553117 12.255930
0.091153 11.360771 -0.000173 -0.002440 0.053968 0.472362 2.693754 11.322690 10.995987 13.205389 12.328825 12.999796
0.086774 11.317718 -0.000094 -0.001642 0.053968 0.501560 2.529751 11.379549 11.093968 17.529620 13.090908 15.644635
0.079718 11.321454 -0.000082 -0.001161 0.048832 0.600745 2.284490 11.608214 11.449953 20.468098 15.679682 18.298272
0.077041 11.332476 -0.000046 0.000600 0.044185 0.700537 1.817033 11.471376 11.797696 20.781740 18.284288 19.561329
0.077415 11.362639 0.000092 0.002220 0.039981 0.747456 1.120981 11.463145 11.941687 19.417518 19.508889 19.353150
0.087128 11.440268 0.000136 0.002559 0.036575 0.738180 0.086785 11.415107 11.884685 13.795513 19.266784 16.256552
0.091748 11.504323 0.000134 0.001941 0.036575 0.618633 -8.591990 11.164939 11.435893 11.031936 16.146570 13.469304
0.084550 11.537250 0.000078 -0.000517 0.036575 0.505155 -7.713121 11.451117 11.062047 14.147754 13.184737 13.831838
0.084751 11.535037 -0.000110 -0.002414 0.036575 0.516404 -6.956264 11.674472 11.181645 15.010361 13.478354 14.394057
0.089964 11.523455 -0.000140 -0.001744 0.037761 0.543762 -6.282034 11.517657 11.330841 16.367677 14.192403 15.405283
0.087898 11.571905 -0.000054 -0.001230 0.037761 0.586981 -5.685881 11.778613 11.518256 18.884859 15.320429 17.206743
0.080304 11.633509 -0.000075 -0.000588 0.037761 0.653393 -5.127943 11.785026 11.797382 20.998241 17.053814 19.047616
0.078138 11.676308 0.000003 0.000618 0.037761 0.721002 -4.579996 11.885461 12.081402 21.255136 18.818443 19.939121
0.082508 11.746755 0.000055 0.001708 0.037761 0.755854 -4.021364 11.818725 12.230873 19.762471 19.728098 19.557075
0.092964 11.829691 0.000117 0.002047 0.037761 0.743059 -3.482283 11.841043 12.193335 13.343633 19.394122 16.080738
0.103113 11.916428 0.000101 0.001413 0.037761 0.609801 -3.039001 11.522495 11.711403 8.018426 15.916036 11.800282
0.101580 11.976155 0.000055 -0.001351 0.037761 0.441583 -2.853111 11.746170 11.144965 9.286388 11.525495 10.527406
0.103282 11.983642 -0.000171 -0.004280 0.045957 0.390253 -2.860550 12.005519 11.060731 10.541827 10.185748 10.576875
0.107179 11.959530 -0.000270 -0.004587 0.072592 0.397966 -2.964711 11.949472 11.177344 12.008506 10.387076 11.417932
0.097436 11.951544 -0.000222 -0.003951 0.072592 0.432482 -3.210057 12.074931 11.376493 15.528100 11.287943 13.618413
0.084970 11.987536 -0.000202 -0.003118 0.072592 0.510908 -3.187454 12.235950 11.755927 18.459790 13.334896 16.002493
0.084364 12.018517 -0.000140 -0.001340 0.072592 0.599411 -2.832129 12.229322 12.166938 17.296810 15.644857 16.432145
0.087513 12.067456 -0.000021 0.000508 0.072592 0.617084 -2.208151 12.061984 12.281010 15.525006 16.106135 15.729281
0.091866 12.130345 0.000059 0.000769 0.072592 0.590163 -1.458831 12.141406 12.222315 12.151849 15.403476 13.697788
0.094425 12.150868 0.000021 0.000365 0.072592 0.512748 -0.584362 11.914321 11.971055 8.867024 13.382923 11.120140
0.086156 12.149948 0.000014 -0.000913 0.072592 0.411475 0.099280 11.999417 11.649912 10.825529 10.739652 10.887158
0.077609 12.123959 -0.000102 -0.002419 0.072592 0.399204 1.232464 12.230039 11.703764 11.780422 10.419371 11.193340
0.076797 12.074511 -0.000153 -0.001892 0.072592 0.413111 1.185539 12.052269 11.843020 12.299603 10.782367 11.597319
0.072242 12.056751 -0.000062 -0.001091 0.072592 0.433349 1.125233 12.174242 11.978300 14.721487 11.310587 13.027246
0.062558 12.053027 -0.000059 -0.000381 0.065684 0.488671 0.915877 12.212128 12.241846 16.595178 12.754503 14.600731
0.060420 12.047497 0.000006 0.000992 0.059434 0.550435 0.257960 12.204131 12.510750 16.524532 14.366577 15.299024
0.063323 12.083855 0.000085 0.002179 0.053778 0.581484 -2.986351 12.149643 12.630069 14.849818 15.176950 14.845236
0.070958 12.131741 0.000135 0.002543 0.048660 0.566172 -2.399858 12.092859 12.555677 8.336549 14.777308 11.447912
0.076870 12.154578 0.000131 0.002047 0.044029 0.435427 -1.936509 11.720413 12.032027 4.196441 11.364818 7.833694
0.073688 12.151424 0.000089 -0.000609 0.039840 0.293434 -1.855469 11.958067 11.505800 8.132162 7.658754 8.067483
0.078014 12.105511 -0.000129 -0.003061 0.036048 0.305284 -1.961100 12.259006 11.601312 9.256325 7.968027 8.762913
0.081144 12.032012 -0.000188 -0.002198 0.050637 0.341817 -2.004767 11.947135 11.741101 10.299234 8.921569 9.723511
0.069259 12.004555 -0.000060 -0.001345 0.050637 0.379725 -2.107217 12.153919 11.870875 15.223721 9.910979 12.631350
0.062752 12.003869 -0.000082 -0.000679 0.050637 0.487572 -1.985965 12.282684 12.283029 16.211811 12.725834 14.414605
0.064370 11.979756 -0.000002 0.001548 0.050637 0.556597 -1.555391 11.999124 12.514411 14.105584 14.527409 14.198858
0.066973 11.985937 0.000146 0.002697 0.050637 0.548026 -0.929905 11.943719 12.429895 12.274172 14.303694 13.192122
0.077304 12.004913 0.000138 0.002169 0.050637 0.509729 -0.076136 11.901502 12.235031 6.593517 13.304116 9.897707
0.081601 11.999230 0.000095 0.001203 0.050637 0.381575 4.575990 11.573614 11.707652 5.430386 9.959248 7.814929
0.074505 11.980092 0.000039 -0.001390 0.050637 0.297506 4.198605 11.965269 11.394891 10.533701 7.765028 9.379353
0.080858 11.959894 -0.000162 -0.002883 0.050637 0.359611 3.895925 12.163451 11.659250 10.186488 9.385981 9.928763
0.084641 11.861955 -0.000144 -0.001034 0.050637 0.388870 3.571630 11.680856 11.739618 10.801948 10.149663 10.590759
0.072861 11.804138 0.000016 -0.000329 0.050637 0.415308 3.297960 11.951735 11.795041 16.118363 10.839704 13.608288
0.074193 11.892728 -0.000045 -0.000499 0.045819 0.527870 2.973237 12.241819 12.201105 17.811024 13.777621 15.786043
0.071241 11.850984 -0.000012 0.001787 0.041458 0.611083 2.499650 11.841125 12.468901 18.075830 15.949503 16.899703
0.065456 11.789061 0.000179 0.003469 0.047998 0.652626 1.940413 11.907044 12.560551 17.428445 17.033793 17.065543
0.080445 11.848356 0.000187 0.003635 0.050228 0.660578 1.158668 11.831034 12.518960 9.699410 17.241347 13.224656
0.086839 11.863395 0.000198 0.003346 0.053110 0.512248 0.262758 11.323072 11.887192 7.013983 13.369873 10.152690
0.082731 11.840306 0.000163 0.000239 0.053110 0.389031 0.483219 11.776925 11.405335 11.409790 10.153854 10.983517
0.088301 11.793945 -0.000104 -0.001983 0.053110 0.423952 1.476783 11.901851 11.538485 11.862173 11.065318 11.618277
0.084698 11.723224 -0.000102 -0.000943 0.053110 0.453507 1.701617 11.640147 11.616783 13.813709 11.836708 12.974351
0.071888 11.708392 -0.000006 -0.000468 0.053110 0.501157 1.835697 11.911413 11.774368 17.643971 13.080384 15.486235
0.072009 11.721967 -0.000038 0.000267 0.053110 0.594239 1.680543 11.913021 12.111739 16.745725 15.509860 16.101610
0.076438 11.717069 0.000057 0.002014 0.053110 0.618888 1.243052 11.653089 12.165055 14.635310 16.153219 15.303047
0.081001 11.760847 0.000147 0.002063 0.053110 0.587612 0.721700 11.733097 12.010677 12.262442 15.336902 13.727127
0.095424 11.822893 0.000081 0.000958 0.053110 0.526785 0.150663 11.663914 11.761083 5.728763 13.749294 9.646849
0.102031 11.846166 0.000029 -0.000434 0.053110 0.368491 1.309711 11.389825 11.167449 5.286057 9.617764 7.637207
0.095533 11.823635 -0.000062 -0.003349 0.053110 0.287102 1.959492 11.845480 10.907865 9.546704 7.493465 8.924186
0.094602 11.758587 -0.000267 -0.004342 0.071697 0.337235 2.318092 11.843219 11.147084 10.168561 8.801959 9.806240
0.091022 11.690080 -0.000199 -0.002771 0.071697 0.374161 2.534985 11.670165 11.303981 13.418348 9.765737 11.917379
0.079464 11.667594 -0.000106 -0.001856 0.071697 0.453234 2.519699 11.939758 11.614563 17.689443 11.829595 15.020483
0.074020 11.657505 -0.000094 -0.000219 0.071697 0.569923 2.141409 11.871631 12.058785 18.442347 14.875215 16.734187
0.070152 11.637807 0.000052 0.002148 0.071697 0.635719 1.339392 11.718551 12.284490 19.434054 16.592518 17.990456
0.070945 11.660416 0.000160 0.003185 0.071697 0.684481 -0.159333 11.827236 12.435411 17.016979 17.865238 17.304376
0.079320 11.687041 0.000173 0.003819 0.071697 0.655688 13.584844 11.511201 12.296891 9.666649 17.113716 13.172500
0.074691 11.683614 0.000225 0.003130 0.071697 0.494715 12.115836 11.262456 11.676474 9.709598 12.912256 11.339843
0.069792 11.668498 0.000120 0.000041 0.071697 0.419553 10.888213 11.752893 11.435237 12.568859 10.950507 11.920545
0.076256 11.625275 -0.000089 -0.000970 0.071697 0.447800 9.823557 11.644679 11.575739 12.789194 11.687764 12.344188
0.074551 11.611168 -0.000018 -0.000181 0.071697 0.471234 8.891838 11.667049 11.661972 16.057150 12.299398 14.297909
0.062326 11.655893 -0.000000 0.000031 0.064874 0.543920 8.058901 11.929082 11.943477 20.476727 14.196526 17.382060
0.053219 11.686512 0.000005 0.001311 0.058701 0.656732 7.236716 11.963943 12.389267 21.159071 17.140956 19.038996
0.055106 11.748133 0.000122 0.003272 0.053115 0.718532 6.394351 11.877145 12.626814 18.889229 18.753970 18.618385
0.061768 11.840042 0.000216 0.004015 0.057953 0.701887 5.590751 11.820515 12.558292 15.278810 18.319521 16.602064
0.075657 11.906980 0.000213 0.003324 0.057953 0.625234 4.866577 11.747871 12.264879 8.694466 16.318857 12.369484
0.085225 11.945883 0.000151 0.001628 0.057953 0.464770 4.334290 11.531890 11.660578 8.422478 12.130683 10.360315
0.089701 12.002707 0.000040 -0.001746 0.057953 0.389754 4.086110 12.100967 11.416397 12.188362 10.172741 11.397064
0.093256 11.962430 -0.000192 -0.002787 0.057953 0.436730 3.931537 12.002922 11.622323 11.070109 11.398825 11.364122
0.081720 11.864051 -0.000107 -0.001234 0.057953 0.438221 3.780367 11.728276 11.621817 13.616771 11.437740 12.683491
0.066578 11.865216 -0.000029 -0.001242 0.057953 0.481982 3.620875 12.138360 11.809748 17.722999 12.579918 15.253170
0.065872 11.874604 -0.000093 -0.000331 0.057953 0.577101 3.296108 12.049717 12.202351 16.080335 15.062555 15.542380
0.071070 11.883711 0.000044 0.001626 0.057953 0.589640 2.813244 11.827316 12.246897 14.826991 15.389840 15.051349
0.079204 11.936406 0.000121 0.001585 0.057953 0.573029 2.310226 11.981423 12.173592 13.014212 14.956282 13.936763
0.093418 11.978526 0.000056 0.000995 0.057953 0.534732 1.808384 11.830407 12.008284 6.993192 13.956718 10.416849
0.093588 11.973324 0.000052 0.000178 0.052438 0.400296 1.553531 11.564871 11.482001 6.743651 10.447895 8.745025
0.084355 11.947628 -0.000022 -0.002376 0.047448 0.330614 1.770799 11.975737 11.250467 9.269308 8.629146 9.213587
0.080896 11.887855 -0.000206 -0.003253 0.055388 0.346269 1.947349 11.865610 11.362266 9.824970 9.037769 9.669144
0.074229 11.823455 -0.000144 -0.002354 0.055388 0.363745 2.074454 11.848831 11.467484 13.894791 9.493888 11.929335
0.063456 11.799227 -0.000110 -0.001693 0.055388 0.449206 2.034023 12.089942 11.831057 17.518643 11.724448 14.744389
0.057060 11.778336 -0.000075 0.000269 0.055388 0.556625 1.689036 11.964051 12.260784 17.412026 14.528125 15.948477
0.052857 11.779381 0.000083 0.002457 0.055388 0.602551 1.025163 11.848153 12.429153 17.889467 15.726825 16.720387
0.055095 11.814989 0.000165 0.003134 0.055388 0.632524 -0.168695 11.950819 12.530097 15.405750 16.509130 15.830111
0.069852 11.848508 0.000166 0.003478 0.055388 0.599727 7.553683 11.683824 12.379102 6.967468 15.653118 11.184253
0.076668 11.874681 0.000199 0.002574 0.055388 0.422472 6.699390 11.375292 11.676584 5.404970 11.026674 8.323102
0.072032 11.881065 0.000088 -0.001044 0.055388 0.310310 6.086139 11.863635 11.274982 10.111808 8.099223 9.371262
0.072855 11.822709 -0.000166 -0.002795 0.055388 0.353534 5.604668 11.941064 11.480850 11.051156 9.227383 10.343154
0.080057 11.754466 -0.000130 -0.001396 0.055388 0.400289 5.155384 11.742108 11.645132 10.701556 10.447707 10.703775
0.077521 11.772368 -0.000027 -0.000649 0.050117 0.418606 4.752510 11.815634 11.676913 13.853987 10.925776 12.537781
0.069751 11.807703 -0.000040 -0.000667 0.045348 0.483637 4.365311 12.021194 11.909828 16.403688 12.623129 14.589473
0.067681 11.794764 -0.000032 0.000587 0.041032 0.559526 3.907654 11.897446 12.182147 15.524561 14.603848 15.031728
0.069124 11.805940 0.000081 0.001920 0.037127 0.574791 3.411491 11.801858 12.213649 14.579074 15.002275 14.730410
0.081858 11.846734 0.000118 0.001873 0.033594 0.564326 2.925188 11.850863 12.145186 9.651574 14.729133 12.092941
0.088636 11.860565 0.000085 0.001453 0.030397 0.464985 2.517234 11.487129 11.735525 8.523955 12.136303 10.378705
0.080228 11.822628 0.000072 -0.000445 0.027505 0.396522 2.289866 11.819830 11.473038 13.338444 10.349381 12.048118
0.076431 11.741398 -0.000098 -0.001370 0.026290 0.461664 2.109995 11.903056 11.724279 14.198313 12.049615 13.236927
0.072788 11.677378 -0.000050 0.000239 0.026290 0.510672 1.885688 11.658150 11.880902 14.697466 13.328746 14.059311
0.060796 11.679005 0.000064 0.001030 0.026290 0.538637 1.652643 11.798447 11.963469 18.190388 14.058636 16.153832
0.059484 11.699448 0.000048 0.001347 0.026290 0.614950 1.362020 11.930440 12.247259 17.851486 16.050451 16.869122
0.067770 11.711835 0.000091 0.002732 0.026290 0.645574 0.938560 11.672164 12.328929 14.923898 16.849731 15.733045
0.072451 11.761964 0.000189 0.002893 0.050766 0.603334 0.494765 11.689222 12.127651 14.771284 15.747261 15.167443
0.080638 11.799951 0.000127 0.001672 0.050766 0.583221 -0.382157 11.815262 12.021609 12.546451 15.222310 13.799580
0.087916 11.808205 0.000061 0.001089 0.050766 0.533574 0.118640 11.601669 11.799378 10.386772 13.926501 12.125908
0.088876 11.827184 0.000059 -0.000142 0.050766 0.468171 2.432234 11.741851 11.536413 10.549779 12.219459 11.468707
0.088392 11.817401 -0.000056 -0.001434 0.050766 0.440952 2.432767 11.752489 11.439161 11.454352 11.509023 11.626882
0.086714 11.784370 -0.000088 -0.001762 0.050766 0.446539 2.485015 11.805769 11.469577 13.985061 11.654833 12.998155
0.081017 11.767185 -0.000095 -0.001519 0.050766 0.498652 2.482361 11.911260 11.674280 16.372331 13.015005 14.822025
0.078086 11.761311 -0.000067 -0.000444 0.050766 0.567179 2.331750 11.893403 11.935035 16.563646 14.803594 15.706175
0.077686 11.763972 0.000012 0.000873 0.050766 0.600739 2.026734 11.792564 12.050064 16.266062 15.679525 15.938253
0.076705 11.782798 0.000074 0.001364 0.050766 0.608066 1.635869 11.819019 12.067372 15.613459 15.870760 15.686246
0.082343 11.790570 0.000072 0.001413 0.050766 0.598292 1.141887 11.748493 12.020375 11.789986 15.615650 13.607686
0.084944 11.768602 0.000079 0.001285 0.045935 0.519286 0.655434 11.497477 11.707986 10.289969 13.553583 11.931191
0.083003 11.754366 0.000061 -0.000237 0.041564 0.453835 0.662296 11.714862 11.467608 11.346864 11.845268 11.725375
0.082827 11.735698 -0.000069 -0.001368 0.037608 0.446312 1.003170 11.714949 11.456999 12.361605 11.648912 12.159823
0.081263 11.711633 -0.000073 -0.001299 0.034029 0.464400 1.233262 11.762487 11.535968 14.707876 12.121033 13.575276
0.077936 11.715145 -0.000064 -0.000914 0.030791 0.519612 1.294404 11.871480 11.748093 16.337793 13.562066 15.044202
0.077541 11.730345 -0.000035 0.000091 0.027861 0.575637 1.190368 11.825826 11.954706 16.272552 15.024357 15.651656
0.082490 11.767028 0.000037 0.000958 0.025210 0.599757 0.974455 11.813698 12.029647 15.796156 15.653906 15.682240
0.089193 11.825428 0.000062 0.001042 0.022811 0.602184 0.718483 11.845492 12.019904 14.723844 15.717245 15.158457
0.096583 11.834090 0.000050 0.000948 0.020640 0.583976 0.443685 11.750389 11.926743 10.558700 15.242003 12.792396
0.100704 11.817162 0.000051 0.000559 0.018676 0.493628 0.309041 11.518981 11.564186 8.050183 12.883890 10.472304
0.096800 11.791688 0.000014 -0.001161 0.016899 0.401522 0.835928 11.646963 11.224045 9.614972 10.479875 10.253397
0.091642 11.719248 -0.000120 -0.002527 0.032274 0.390692 1.066803 11.712143 11.208633 10.764248 10.197206 10.728816
0.086043 11.642220 -0.000144 -0.002213 0.038641 0.409004 1.409901 11.628852 11.294562 13.370700 10.675161 12.292776
0.076596 11.617984 -0.000096 -0.001651 0.038641 0.467224 1.570356 11.811658 11.529272 16.827423 12.194744 14.738479
0.069414 11.617218 -0.000082 -0.000449 0.038641 0.557801 1.440587 11.809465 11.885866 17.982661 14.558830 16.360222
0.069131 11.621147 0.000021 0.001351 0.038641 0.619261 1.026938 11.727536 12.116438 17.728142 16.162964 16.924049
0.072224 11.652420 0.000110 0.002368 0.038641 0.642471 0.278472 11.709833 12.187542 16.477281 16.768759 16.539490
0.079825 11.687900 0.000136 0.002550 0.038641 0.630130 -2.427541 11.648470 12.115695 11.826971 16.446640 13.992519
0.082220 11.704309 0.000134 0.002099 0.038641 0.532540 -1.950556 11.402159 11.727735 10.267561 13.899509 12.073082
0.075697 11.704306 0.000094 0.000120 0.038641 0.455385 -1.708237 11.673356 11.452723 13.203054 11.885736 12.687887
0.075627 11.680471 -0.000062 -0.001162 0.038641 0.478951 -1.593592 11.785060 11.574395 13.843156 12.500809 13.277640
0.078233 11.659787 -0.000059 -0.000436 0.038641 0.506480 -1.497813 11.660344 11.683711 15.848104 13.219336 14.624141
0.074697 11.694619 0.000007 -0.000056 0.038641 0.560687 -1.419749 11.919394 11.882157 19.156411 14.634165 16.944189
0.069191 11.728428 -0.000010 0.000785 0.034964 0.648076 -1.216116 11.915163 12.206292 20.137944 16.915028 18.453830
0.068845 11.766868 0.000084 0.002243 0.031636 0.704394 -0.821328 11.890193 12.404310 19.461115 18.384972 18.761992
0.071417 11.839664 0.000148 0.002882 0.039687 0.714701 -0.209377 11.880031 12.428637 18.722987 18.653989 18.504124
0.082478 11.921402 0.000158 0.002589 0.042508 0.704429 2.723608 11.959678 12.383094 13.412567 18.385867 15.682123
0.100776 11.999616 0.000123 0.001957 0.042508 0.598259 2.271235 11.658196 11.971375 6.309014 15.614785 10.809158
0.108850 12.054751 0.000092 -0.000425 0.042508 0.411339 2.152390 11.673363 11.281081 7.915607 10.736101 9.513188
0.114310 12.059735 -0.000109 -0.003974 0.042508 0.363353 2.395740 12.157085 11.147198 10.637183 9.483651 10.385963
0.113954 12.000362 -0.000287 -0.004354 0.077092 0.403586 2.621377 11.961585 11.319116 12.262836 10.533751 11.693816
0.100883 11.976054 -0.000183 -0.003353 0.077092 0.450780 3.015869 12.117440 11.514621 16.545475 11.765532 14.444409
0.093866 12.004623 -0.000173 -0.002501 0.077092 0.548840 2.988395 12.273223 11.922475 18.173124 14.324933 16.400377
0.097241 12.012510 -0.000102 -0.000459 0.077092 0.622605 2.580149 12.092843 12.220382 16.315243 16.250235 16.288735
0.097470 12.025924 0.000035 0.000992 0.077092 0.618282 1.962710 11.977269 12.205817 16.471211 16.137404 16.311657
0.102474 12.056578 0.000064 0.000762 0.077092 0.619070 1.249179 12.145085 12.215953 8.351683 16.157960 12.144792
0.100805 12.037068 0.000019 0.000913 0.077092 0.455580 0.247568 11.364598 11.612008 -1.202555 11.890818 5.355003
0.087959 11.988135 0.000070 -0.001920 0.077092 0.183094 -2.151999 11.503980 10.666635 -4.428327 4.778837 0.528890
0.082007 11.915851 -0.000240 -0.006375 0.077092 -0.013181 -1.755811 11.554119 10.100328 -6.649980 -0.344038 -2.918127
0.069447 11.752952 -0.000417 -0.008434 0.112073 -0.149081 -1.432723 11.438599 9.792171 -7.655261 -3.891081 -5.051452
0.046952 11.553125 -0.000474 -0.008987 0.127369 -0.233447 -1.053694 11.362149 9.685671 -6.489785 -6.093068 -5.499094
0.027861 11.366096 -0.000484 -0.008576 0.130199 -0.251852 -0.025434 11.339470 9.823930 -7.538337 -6.573447 -6.293429
0.010267 11.195933 -0.000440 -0.007002 0.130199 -0.300250 73.422581 11.008663 9.888691 -7.661730 -7.836637 -6.998506
-0.001839 11.056098 -0.000328 -0.005958 0.130199 -0.323634 66.043550 11.107178 10.018563 -10.191989 -8.446966 -8.615264
-0.003501 10.916277 -0.000320 -0.004581 0.130199 -0.379901 59.390724 10.632549 9.977326 -10.393346 -9.915561 -9.428651
-0.014708 10.754415 -0.000197 -0.003966 0.130199 -0.400903 53.404441 10.816039 10.019165 -1.987085 -10.463717 -5.305239
-0.039643 10.564977 -0.000237 -0.002785 0.130199 -0.222740 48.038441 11.000511 10.710130 8.197462 -5.813598 2.129632
-0.054615 10.375189 -0.000093 0.001709 0.130199 0.086532 43.189859 10.926813 11.728518 11.640353 2.258527 7.201513
-0.067162 10.268505 0.000220 0.007451 0.130199 0.297458 38.784023 10.446199 12.286858 14.464486 7.763778 10.916385
-0.080066 10.356426 0.000518 0.009852 0.139400 0.439513 34.802573 10.787664 12.596871 21.956091 11.471468 16.680441
-0.065421 10.623809 0.000513 0.010069 0.139400 0.649196 31.186172 11.279859 13.186698 23.625619 16.944277 19.777116
-0.028752 10.939030 0.000543 0.011471 0.146126 0.764315 27.874548 11.167970 13.463534 22.433294 19.948931 20.452273
0.012417 11.350046 0.000657 0.010786 0.176722 0.796402 24.870089 11.682220 13.438699 20.629193 20.786412 19.956542
0.048925 11.789680 0.000506 0.008416 0.176722 0.781026 22.195379 11.863844 13.261993 19.633677 20.385098 19.300341
0.072243 11.963438 0.000406 0.006627 0.176722 0.759848 19.901006 11.986700 13.075725 18.571971 19.832322 18.544481
0.088726 11.991339 0.000319 0.005534 0.176722 0.740051 17.977044 11.900430 12.872665 18.080007 19.315630 18.101687
0.105556 12.141911 0.000286 0.003729 0.176722 0.730833 16.408737 12.242332 12.706826 19.762932 19.075030 18.902871
0.110976 12.282646 0.000142 0.002165 0.176722 0.761915 15.111100 12.366541 12.716052 21.626314 19.886272 20.257609
0.104795 12.375736 0.000109 0.001737 0.176722 0.804424 13.948792 12.513725 12.812654 23.135308 20.995787 21.549763
0.105770 12.493737 0.000094 0.001628 0.176722 0.842271 12.818250 12.638371 12.941387 22.021542 21.983616 21.466168
0.110206 12.612383 0.000095 0.001679 0.176722 0.831581 11.673585 12.594440 12.911334 20.259464 21.704599 20.477616
0.113231 12.722244 0.000098 0.000965 0.176722 0.786724 10.619613 12.715993 12.783931 10.980782 20.533795 15.372596
0.117612 12.798585 0.000027 -0.000075 0.176722 0.580465 9.717384 12.147465 12.068203 0.586996 15.150375 7.770181
0.114326 12.828603 -0.000016 -0.003881 0.159905 0.277004 9.019297 12.280166 11.050897 -1.648240 7.229911 2.981011
0.103357 12.791338 -0.000345 -0.008882 0.144688 0.084486 8.432371 12.533748 10.558413 -4.748405 2.205111 -0.909193
0.086901 12.660197 -0.000561 -0.010726 0.150722 -0.071888 7.829026 12.239320 10.246556 -8.551677 -1.876304 -4.708637
0.065020 12.481536 -0.000569 -0.011406 0.152885 -0.223662 7.222894 12.174154 9.968899 -10.250321 -5.837656 -7.457942
0.046828 12.323468 -0.000632 -0.012016 0.169961 -0.333120 6.609855 12.111638 9.873075 -12.668370 -8.694571 -10.030136
0.029556 12.154779 -0.000644 -0.011644 0.173279 -0.432787 5.963224 11.890958 9.802912 -12.919785 -11.295925 -11.461098
0.009404 11.925103 -0.000604 -0.010830 0.173279 -0.485509 5.292942 11.830508 9.893220 -10.121545 -12.671966 -10.866138
-0.008066 11.639761 -0.000563 -0.008913 0.173279 -0.452393 4.426562 11.678636 10.259347 -11.791241 -11.807644 -11.307107
-0.031146 11.319357 -0.000417 -0.005410 0.173279 -0.459949 3.226687 11.033165 10.366580 -14.321790 -12.004844 -12.710168
-0.060238 11.017828 -0.000203 -0.003324 0.173279 -0.512984 1.720930 10.831614 10.257760 -12.704343 -13.389085 -12.450253
-0.077456 10.782277 -0.000176 -0.002677 0.173279 -0.498266 -0.786004 10.794215 10.361618 -10.872136 -13.004953 -11.302065
-0.079566 10.647301 -0.000135 -0.001458 0.173279 -0.446007 5.051285 10.689891 10.550308 -10.135147 -11.640960 -10.374602
-0.086704 10.596558 -0.000051 -0.000236 0.173279 -0.402690 3.641286 10.634942 10.667982 -4.537727 -10.510376 -6.740125
-0.099084 10.573891 -0.000001 0.000480 0.173279 -0.258967 1.977856 10.973447 11.106970 0.838484 -6.759153 -2.220765
-0.103115 10.572843 0.000029 0.002726 0.173279 -0.082498 -1.503399 10.822752 11.623950 0.948314 -2.153227 -0.465067
-0.097297 10.635750 0.000221 0.005043 0.173279 -0.017135 3.759037 10.718996 11.757979 -0.402144 -0.447225 -0.608068
-0.084228 10.772168 0.000290 0.005031 0.156789 -0.021813 1.437295 10.818091 11.662782 -1.785628 -0.569333 -1.432881
-0.072497 10.883473 0.000237 0.003977 0.141869 -0.051286 -2.235244 10.844466 11.493538 -1.553244 -1.338581 -1.609752
-0.063860 10.924691 0.000183 0.002903 0.128368 -0.055379 -0.643373 10.972756 11.420537 -0.889910 -1.445420 -1.285303
