0.000000 -0.003282 0.000000 0.000000 0.000000 0.000000 0.000000 0.000000 0.000000 6.833429 0.000000 6.833429
0.000000 -0.005251 0.000000 0.000000 0.000000 0.000000 0.000000 0.000000 0.000000 6.833257 0.000000 6.833257
0.000000 -0.002193 0.000000 0.000000 0.000000 0.000000 0.000000 0.000000 0.000000 6.833493 0.000000 6.833493
0.000000 0.082865 0.000000 0.000000 0.000000 0.000000 0.000000 0.000000 0.000000 6.832327 0.000000 6.832327
0.000000 0.276293 0.000000 0.000000 0.000000 0.000000 0.000000 0.000000 0.000000 6.829906 0.000000 6.829906
0.000000 0.483350 0.000000 0.000000 0.000000 0.000000 0.000000 0.000000 0.000000 6.831802 0.000000 6.831802
0.000000 0.666038 0.000000 0.000000 0.000000 0.000000 0.000000 0.000000 0.000000 6.831150 0.000000 6.831150
0.000000 0.834817 0.000000 0.000000 0.000000 0.000000 0.000000 0.000000 0.000000 6.834416 0.000000 6.834416
0.000000 0.999091 0.000000 0.000000 0.000000 0.000000 0.000000 0.000000 0.000000 6.842779 0.000000 6.842779
0.942816 1.167508 0.000000 0.000000 0.000000 0.000000 0.000000 0.000000 0.000000 6.847402 0.000000 6.847402
0.929218 1.318402 0.000000 0.000000 0.000000 0.000000 0.000000 0.000000 0.000000 6.848246 0.000000 6.848246
0.901225 1.421221 0.000000 0.000000 0.000000 0.000000 0.000000 0.000000 0.000000 6.850447 0.000000 6.850447
0.860883 1.463611 0.000000 0.000000 0.000000 0.000000 0.000000 0.000000 0.000000 6.847077 0.000000 6.847077
0.823528 1.469160 0.000000 0.000000 0.000000 0.000000 0.000000 0.000000 0.000000 6.829696 0.000000 6.829696
0.747608 1.471286 0.000000 0.000000 0.000000 0.000000 0.000000 0.000000 0.000000 6.823341 0.000000 6.823341
0.642117 1.483337 0.000000 0.000000 0.000000 0.000000 0.000000 0.000000 0.000000 6.822617 0.000000 6.822617
0.540535 1.502625 0.000000 0.000000 0.000000 0.000000 0.000000 0.000000 0.000000 6.816141 0.000000 6.816141
0.437933 1.532199 0.000000 0.000000 0.000000 0.000000 0.000000 0.000000 0.000000 6.815823 0.000000 6.815823
0.346724 1.575604 0.000000 0.000000 0.000000 0.000000 0.000000 0.000000 0.000000 6.814708 0.000000 6.814708
0.262629 1.628056 0.000000 0.000000 0.000000 0.000000 0.000000 0.000000 0.000000 6.815913 0.000000 6.815913
0.190123 1.696036 0.000000 0.000000 0.000000 0.000000 0.000000 0.000000 0.000000 6.823300 0.000000 6.823300
0.152498 1.774895 0.000000 0.000000 0.000000 0.000000 0.000000 0.000000 0.000000 6.824928 0.000000 6.824928
0.139440 1.858271 0.000000 0.000000 0.000000 0.000000 0.000000 0.000000 0.000000 6.826867 0.000000 6.826867
0.128519 1.943064 0.000000 0.000000 0.000000 0.000000 0.000000 0.000000 0.000000 6.832860 0.000000 6.832860
0.118217 2.029845 0.000000 0.000000 0.000000 0.000000 0.000000 0.000000 0.000000 6.832709 0.000000 6.832709
0.108536 2.123987 0.000000 0.000000 0.000000 0.000000 0.000000 0.000000 0.000000 6.830541 0.000000 6.830541
0.086697 2.219781 0.000000 0.000000 0.000000 0.000000 0.000000 0.000000 0.000000 6.838500 0.000000 6.838500
0.068619 2.315634 0.000000 0.000000 0.000000 0.000000 0.000000 0.000000 0.000000 6.845665 0.000000 6.845665
0.069344 2.416226 0.000000 0.000000 0.000000 0.000000 0.000000 0.000000 0.000000 6.843201 0.000000 6.843201
0.075006 2.517393 0.000000 0.000000 0.000000 0.000000 0.000000 0.000000 0.000000 6.840006 0.000000 6.840006
0.081551 2.620942 0.000000 0.000000 0.000000 0.000000 0.000000 0.000000 0.000000 6.835264 0.000000 6.835264
0.084365 2.725003 0.000000 0.000000 0.000000 0.000000 0.000000 0.000000 0.000000 6.829513 0.000000 6.829513
0.074360 2.824998 0.000000 0.000000 0.000000 0.000000 0.000000 0.000000 0.000000 6.830857 0.000000 6.830857
0.057192 2.926418 0.000000 0.000000 0.000000 0.000000 0.000000 0.000000 0.000000 6.840084 0.000000 6.840084
0.049217 3.023927 0.000000 0.000000 0.000000 0.000000 0.000000 0.000000 0.000000 6.840679 0.000000 6.840679
0.052088 3.119213 0.000000 0.000000 0.000000 0.000000 0.000000 0.000000 0.000000 6.831986 0.000000 6.831986
0.051613 3.221456 0.000000 0.000000 0.000000 0.000000 0.000000 0.000000 0.000000 6.832267 0.000000 6.832267
0.050614 3.325563 0.000000 0.000000 0.000000 0.000000 0.000000 0.000000 0.000000 6.833115 0.000000 6.833115
0.050223 3.429326 0.000000 0.000000 0.000000 0.000000 0.000000 0.000000 0.000000 6.833054 0.000000 6.833054
0.049251 3.532089 0.000000 0.000000 0.000000 0.000000 0.000000 0.000000 0.000000 6.836247 0.000000 6.836247
0.051088 3.633132 0.000000 0.000000 0.000000 0.000000 0.000000 0.000000 0.000000 6.835015 0.000000 6.835015
0.053055 3.735352 0.000000 0.000000 0.000000 0.000000 0.000000 0.000000 0.000000 6.832555 0.000000 6.832555
0.052577 3.840700 0.000000 0.000000 0.000000 0.000000 0.000000 0.000000 0.000000 6.834270 0.000000 6.834270
0.049951 3.942522 0.000000 0.000000 0.000000 0.000000 0.000000 0.000000 0.000000 6.835539 0.000000 6.835539
0.047018 4.042986 0.000000 0.000000 0.000000 0.000000 0.000000 4.042986 4.042986 6.836983 0.000000 6.836983
0.042133 4.137415 0.000000 -0.000500 0.000000 0.291168 0.000000 4.707317 4.546787 6.842403 7.599592 6.842403
0.042883 4.230932 -0.000048 0.001674 0.012803 0.171793 0.000048 3.795074 1095.679375 6.842231 4.483868 6.842231
0.051408 4.360433 0.000197 5.782648 0.053007 0.222049 -0.578409 4.983246 986.718006 6.839598 5.795571 6.839598
0.044932 4.451144 -0.000107 5.204806 0.053007 0.204884 -0.361645 4.100952 888.566809 6.842774 5.347564 6.842774
0.029587 4.511868 0.000172 4.684404 0.053007 0.208464 -0.048924 4.948715 800.269429 6.847559 5.441004 6.847559
0.025822 4.609294 -0.000052 4.216020 0.053007 0.204090 1.069754 4.439460 720.805119 10.913997 5.326825 10.913997
0.030850 4.711434 0.000124 3.794416 0.053007 0.396824 0.941337 5.333002 649.599739 10.735656 10.357273 10.735656
0.034511 4.817431 -0.000025 3.416553 0.053007 0.348393 0.730761 4.432333 585.148868 10.587115 9.093189 10.587115
0.046734 4.975379 0.000238 3.074206 0.063898 0.352729 0.388124 5.517837 527.239540 10.418239 9.206368 10.418239
0.063009 5.161764 -0.000059 2.766370 0.063898 0.345469 -0.417214 4.964532 475.119388 10.238217 9.016867 10.238217
0.071931 5.310964 0.000126 2.489407 0.063898 0.338248 0.510885 5.676421 428.226858 10.091535 8.828398 10.091535
0.079129 5.442049 -0.000060 2.240240 0.063898 0.334027 -0.204939 5.345884 386.039710 9.945268 8.718228 9.945268
0.081814 5.575368 0.000064 2.015993 0.063898 0.327980 1.343393 5.847677 348.081999 9.790806 8.560417 9.790806
0.082745 5.716239 -0.000058 1.814118 0.063898 0.319239 1.024902 5.700053 313.934388 9.576859 8.332277 9.576859
0.082276 5.858965 0.000014 1.632421 0.063898 0.306876 0.734535 6.076086 283.216837 9.292211 8.009584 9.292211
0.074554 5.990901 -0.000068 1.468957 0.063898 0.290371 0.405133 6.015496 255.586986 9.008767 7.578788 9.008767
0.063706 6.107889 -0.000018 1.321932 0.063898 0.272047 -0.115274 6.285200 230.742473 8.670892 7.100527 8.670892
0.053416 6.229825 -0.000063 1.189641 0.063898 0.252367 1.334381 6.299072 208.404756 8.357785 6.586873 8.357785
0.042374 6.344610 -0.000029 1.070670 0.063898 0.234565 1.036642 6.509089 188.326790 8.080515 6.122231 8.080515
0.030873 6.445633 -0.000049 0.963746 0.057817 0.220572 0.729142 6.536465 170.280271 7.746318 5.757010 7.746318
0.018726 6.549724 -0.000013 0.867571 0.052315 0.206124 0.362082 6.704171 154.051056 7.496881 5.379915 7.496881
0.009761 6.658976 -0.000018 0.780997 0.047337 0.195232 -0.216759 6.775891 139.464919 7.264113 5.095642 7.264113
0.014416 6.851791 0.000006 0.702686 0.042832 0.185910 0.433748 7.069305 126.360401 7.027214 4.852318 7.027214
0.008193 6.936084 -0.000033 0.632802 0.038756 0.179355 0.183305 6.986765 114.575228 6.727300 4.681236 6.727300
-0.006250 6.947070 0.000038 0.570297 0.035068 0.175076 -0.185864 7.063257 103.960356 6.564303 4.569564 6.564303
-0.007542 7.056869 0.000054 0.513469 0.031731 0.173857 0.231655 7.195991 94.414240 6.587643 4.537729 6.587643
-0.001605 7.179510 0.000052 0.462237 0.028711 0.179210 0.130336 7.314548 85.838990 6.419274 4.677440 6.419274
0.002660 7.303618 0.000056 0.416141 0.025979 0.181288 0.273593 7.420820 78.111399 6.325171 4.731689 6.325171
0.006138 7.427186 0.000056 0.374539 0.023507 0.182382 0.297980 7.547497 71.158196 6.222164 4.760240 6.222164
0.011532 7.545083 0.000047 0.337071 0.021270 0.183231 0.379363 7.648858 64.902592 5.966441 4.782393 5.966441
0.012933 7.651777 0.000044 0.303359 0.019246 0.178843 0.380431 7.739726 59.263125 5.871555 4.667886 5.871555
0.015067 7.758874 0.000038 0.272909 0.017414 0.176253 0.346545 7.861226 54.199733 5.712677 4.600275 5.712677
0.017723 7.859856 0.000025 0.245544 0.015757 0.172521 0.324458 7.939194 49.646179 5.449968 4.502862 5.447735
0.017002 7.947824 0.000023 0.220950 0.014257 0.165249 0.263551 8.023211 45.544826 5.406923 4.313065 5.313450
0.015202 8.028035 0.000017 0.198793 0.012901 0.161994 0.168588 8.110988 41.872240 5.385435 4.228112 5.223812
0.013980 8.102438 0.000013 0.178938 0.011673 0.160571 0.077663 8.179280 38.578942 5.284844 4.190956 5.096757
0.013593 8.181231 0.000016 0.161070 0.010562 0.157888 -0.037562 8.261887 35.618266 5.272310 4.120927 5.021715
0.018837 8.318436 0.000013 0.144656 0.009557 0.156742 0.103740 8.446927 32.971535 5.331889 4.091035 5.007584
0.013670 8.369269 -0.000016 0.130362 0.008648 0.157528 0.106580 8.396865 30.601031 5.389461 4.111543 5.008472
0.007163 8.369945 0.000024 0.117797 0.007825 0.159969 0.183339 8.440811 28.470324 5.141423 4.175246 4.828738
0.016414 8.489267 0.000036 0.105875 0.009554 0.157074 0.226198 8.597893 26.542079 4.984723 4.099686 4.670064
0.017753 8.548737 0.000008 0.095343 0.009554 0.155170 0.215926 8.573407 24.806739 5.092446 4.049999 4.693520
0.016051 8.553053 0.000032 0.086125 0.009554 0.160766 0.186312 8.612146 23.256746 4.569063 4.196069 4.383313
0.017818 8.609533 0.000039 0.077612 0.010488 0.153071 0.139885 8.634413 21.818995 4.132670 3.995202 4.024499
0.018719 8.666192 0.000037 0.069694 0.010488 0.140582 0.025007 8.701555 20.513654 3.760458 3.669255 3.668047
0.018664 8.715649 0.000017 0.062515 0.010488 0.128053 -0.243415 8.733519 19.340448 3.334547 3.342229 3.279216
0.018024 8.753901 0.000008 0.056096 0.010488 0.112743 -0.201620 8.769651 18.281238 2.723735 2.942635 2.751150
0.015634 8.777996 -0.000003 0.050355 0.010488 0.092850 -0.195022 8.768844 17.315086 2.081681 2.423427 2.164989
0.011034 8.801090 -0.000007 0.045114 0.010488 0.069112 -0.152826 8.802176 16.438976 1.746257 1.803846 1.732397
0.006743 8.814671 -0.000022 0.040399 0.010488 0.051652 -0.131735 8.820502 15.672381 1.076809 1.348150 1.149471
0.001888 8.813733 -0.000026 0.036342 0.010488 0.028710 -0.139627 8.788698 14.966897 0.361289 0.749353 0.489140
-0.000725 8.807854 -0.000021 0.032635 0.010488 0.003958 -0.130396 8.795120 14.322933 -0.397144 0.103296 -0.212842
-0.004267 8.797485 -0.000028 0.029278 0.010488 -0.021461 -0.054553 8.763192 13.734203 -0.997073 -0.560137 -0.822432
-0.007430 8.784345 -0.000027 0.026228 0.010488 -0.043697 0.326615 8.769675 13.207624 -1.625714 -1.140509 -1.419936
-0.009217 8.771761 -0.000035 0.023505 0.009490 -0.064640 0.213495 8.738346 12.728954 -2.202692 -1.687124 -1.971938
-0.013032 8.752212 -0.000033 0.021072 0.008764 -0.084398 0.047429 8.726025 12.294001 -2.413709 -2.202819 -2.285346
-0.015061 8.727678 -0.000036 0.018897 0.009810 -0.094780 -0.502093 8.713752 11.922120 -2.820272 -2.473785 -2.636783
-0.015468 8.700392 -0.000034 0.017071 0.009810 -0.105707 -0.415182 8.664651 11.574894 -3.250018 -2.759008 -3.004521
-0.018161 8.667713 -0.000024 0.015404 0.009810 -0.117721 -0.335328 8.634659 11.248672 -3.402322 -3.072553 -3.204999
-0.022140 8.621851 -0.000023 0.013919 0.009810 -0.124197 -0.268733 8.587760 10.962146 -3.747446 -3.241591 -3.479482
-0.026359 8.573781 -0.000014 0.012655 0.009810 -0.133985 -0.234067 8.526021 10.686733 -4.073759 -3.497065 -3.769034
-0.028100 8.541480 -0.000006 0.011367 0.009810 -0.144933 -0.211013 8.512147 10.430509 -4.367044 -3.782820 -4.046691
-0.028038 8.516081 -0.000013 0.010144 0.009810 -0.154796 -0.207072 8.476985 10.196823 -4.871428 -4.040241 -4.451191
-0.030377 8.480488 -0.000014 0.009094 0.009810 -0.170254 -0.201354 8.423191 9.965089 -5.323646 -4.443703 -4.866810
-0.036268 8.420548 -0.000014 0.008184 0.009810 -0.187173 -0.178881 8.354808 9.747009 -5.685656 -4.885290 -5.235780
-0.045190 8.344783 -0.000012 0.007430 0.009810 -0.203089 -0.152409 8.278891 9.548915 -6.000077 -5.300704 -5.566682
-0.052498 8.264482 -0.000006 0.006806 0.009810 -0.217594 -0.151445 8.202385 9.369902 -6.549737 -5.679280 -6.049495
-0.060918 8.172388 0.000002 0.006345 0.008876 -0.236750 -0.177250 8.085451 9.187211 -6.960408 -6.179279 -6.469585
-0.069454 8.069772 0.000017 0.005921 0.008032 -0.253437 -0.160442 8.000749 9.018986 -7.396377 -6.614806 -6.891603
-0.077920 7.969666 0.000023 0.005560 0.007267 -0.268811 -0.141829 7.888287 8.857542 -7.780270 -7.016068 -7.267037
-0.087310 7.873938 0.000037 0.005212 0.009913 -0.283776 -0.079382 7.807202 8.703925 -7.873084 -7.406665 -7.423969
-0.092322 7.781007 0.000041 0.004890 0.010915 -0.288722 -0.001991 7.726326 12.754757 -8.025268 -7.535769 -7.569735
-0.094387 7.701677 0.000050 0.026775 0.013428 -0.291054 -0.004214 7.646565 17.503784 -7.941872 -7.596622 -7.518310
-0.093657 7.618885 0.000058 0.052378 0.015491 -0.284372 -0.007024 7.571778 16.490330 -7.716157 -7.422216 -7.307875
-0.090807 7.522563 0.000066 0.047518 0.017770 -0.268237 -1.442101 7.461936 15.572300 -7.550284 -7.001103 -7.091888
-0.086696 7.437377 0.000085 0.043105 0.022751 -0.252097 -1.301968 7.378021 14.719098 -7.219081 -6.579819 -6.737240
-0.079174 7.363379 0.000089 0.038976 0.023915 -0.231250 -1.164867 7.305442 13.937303 -6.760209 -6.035708 -6.252898
-0.069790 7.282833 0.000088 0.035261 0.023915 -0.205149 -1.039725 7.212358 13.219470 -6.402020 -5.354469 -5.816468
-0.060836 7.202189 0.000091 0.031884 0.024440 -0.182031 -0.916580 7.118309 12.541997 -5.870521 -4.751074 -5.247946
-0.050591 7.131157 0.000087 0.028671 0.024440 -0.155919 -0.778980 7.060492 11.919970 -5.213303 -4.069552 -4.561972
-0.041719 7.054474 0.000073 0.025781 0.024440 -0.126905 -0.647099 6.966958 11.350719 -4.595313 -3.312268 -3.891491
-0.037266 6.958017 0.000069 0.023276 0.024440 -0.101234 -0.518714 6.858092 10.818677 -3.946405 -2.642258 -3.210754
-0.034466 6.867273 0.000067 0.020938 0.024440 -0.077394 -0.407003 6.780318 10.329238 -3.450094 -2.020018 -2.663063
-0.031438 6.793941 0.000056 0.018733 0.024440 -0.061347 -0.315421 6.701436 9.872304 -3.134400 -1.601180 -2.297474
-0.028846 6.720377 0.000044 0.016701 0.024440 -0.053383 -0.221442 6.624669 9.446250 -2.807588 -1.393306 -1.958933
-0.026830 6.644700 0.000030 0.014845 0.024440 -0.046235 -0.040638 6.558463 9.063833 -2.305045 -1.206746 -1.483976
-0.024919 6.571516 0.000017 0.013206 0.024440 -0.032903 1.052036 6.502543 8.735187 -1.804978 -0.858772 -0.995798
-0.022321 6.506278 0.000009 0.011810 0.024440 -0.017999 0.912245 6.440849 8.443879 -1.467148 -0.469773 -0.643316
-0.022369 6.444650 0.000006 0.010593 0.024440 -0.008523 0.781793 6.375574 8.171839 -1.252349 -0.222456 -0.415351
-0.023498 6.392974 0.000003 0.009426 0.022114 -0.005491 0.642512 6.332426 7.919485 -1.035663 -0.143305 -0.209132
-0.022483 6.355299 -0.000006 0.008288 0.020010 -0.002960 0.515052 6.309075 7.698543 -0.790881 -0.077266 0.013991
-0.022646 6.318676 -0.000017 0.007312 0.018106 0.000893 0.400851 6.274758 7.508957 -0.500954 0.023313 0.274280
-0.011088 6.353202 -0.000020 0.006124 0.016383 0.007238 0.322485 6.378049 7.355474 -0.322455 0.188905 0.438914
-0.011427 6.299327 -0.000058 0.005596 0.015470 0.011728 0.297010 6.199375 7.212884 -0.203456 0.306098 0.545753
-0.021281 6.184431 -0.000012 0.005450 0.015470 0.015425 0.260890 6.135631 7.073195 -0.003536 0.402609 0.722265
-0.018097 6.156800 -0.000004 0.004856 0.015470 0.022740 0.190840 6.144368 6.952188 0.185145 0.593525 0.895981
-0.018404 6.134822 -0.000014 0.004331 0.015470 0.028935 0.068508 6.097655 6.840923 0.393706 0.755216 1.084916
-0.018700 6.114026 -0.000008 0.003852 0.015470 0.033701 -0.307692 6.100983 6.742094 0.542835 0.879604 1.215668
-0.017677 6.093563 -0.000015 0.003436 0.015470 0.037251 -0.217717 6.063277 6.652890 0.657829 0.972263 1.312289
-0.018653 6.077885 -0.000010 0.003047 0.015470 0.039132 -0.058832 6.066836 6.572654 0.914900 1.021363 1.531765
-0.018123 6.067955 -0.000017 0.002674 0.015470 0.045727 0.479350 6.061152 6.514486 1.176601 1.193500 1.760032
-0.016196 6.054845 -0.000016 0.002436 0.015470 0.054235 0.401778 6.048578 6.467300 1.345454 1.415557 1.907321
-0.000140 6.126852 -0.000011 0.001804 0.015470 0.060719 0.349432 6.184403 6.428186 1.495217 1.584779 2.036130
-0.002161 6.092544 -0.000049 0.001778 0.015470 0.066784 0.294492 6.012581 6.388146 1.718383 1.743098 2.230030
-0.014040 5.991718 0.000002 0.002101 0.013998 0.075628 0.231607 5.973241 6.346716 1.937032 1.973933 2.426641
-0.010352 6.000521 0.000012 0.001834 0.012666 0.084496 0.189989 6.019677 6.309429 3.536377 2.205371 3.869048
-0.002849 6.019508 -0.000003 0.001536 0.011460 0.141730 0.177310 6.115613 6.376677 3.916207 3.699209 4.290602
0.006217 6.045217 -0.000002 0.001756 0.010370 0.160315 0.240686 6.004591 6.359221 4.341331 4.184286 4.694121
0.016690 6.088691 0.000033 0.001433 0.009383 0.176866 0.255659 6.167327 6.343524 4.809920 4.616283 5.134543
0.028420 6.156363 -0.000012 0.000992 0.008490 0.194675 0.276489 6.161592 6.338809 5.213239 5.081095 5.519667
0.040552 6.241596 -0.000006 0.000515 0.007682 0.207467 0.275811 6.315154 6.338643 5.575502 5.414959 5.858021
0.050386 6.335251 -0.000045 0.000018 0.012215 0.217727 0.287898 6.362937 6.349912 5.899868 5.682763 6.155032
0.053423 6.415560 -0.000051 -0.000348 0.013777 0.222995 0.307690 6.473357 6.372175 6.262158 5.820258 6.468102
0.057253 6.486716 -0.000073 -0.000607 0.019600 0.229185 0.398993 6.529356 6.415581 6.564589 5.981821 6.722070
0.062901 6.564196 -0.000073 -0.000787 0.019600 0.235368 0.553296 6.634205 6.472581 6.840430 6.143192 6.947763
0.071395 6.645782 -0.000083 -0.000918 0.022409 0.242839 0.656294 6.705458 6.540316 6.992522 6.338188 7.067247
0.078252 6.725946 -0.000081 -0.000984 0.022409 0.248500 0.717394 6.789649 6.606191 7.110777 6.485938 7.154824
0.081972 6.800757 -0.000084 -0.001031 0.022543 0.251795 0.681329 6.854823 6.670828 7.252661 6.571947 7.256868
0.085555 6.877220 -0.000081 -0.001094 0.022543 0.255480 0.580963 6.944357 6.740687 7.333427 6.668136 7.307319
0.089168 6.960086 -0.000085 -0.001163 0.022855 0.256605 0.395631 7.020774 6.810732 7.396927 6.697482 7.335055
0.091059 7.048900 -0.000085 -0.001262 0.022855 0.256509 0.050081 7.121976 6.885123 7.428425 6.694986 7.330587
0.090824 7.135394 -0.000091 -0.001326 0.024453 0.254313 -3.185529 7.199161 6.963183 7.372897 6.637682 7.244482
0.086492 7.221628 -0.000089 -0.001369 0.024453 0.247258 -2.805521 7.292762 7.042188 7.338398 6.453538 7.152816
0.076888 7.311389 -0.000092 -0.001426 0.024711 0.237035 -2.452744 7.390271 7.133089 7.436390 6.186709 7.141913
0.068760 7.386386 -0.000093 -0.001342 0.024884 0.229958 -2.147382 7.473639 7.248779 7.359955 6.001985 6.995939
0.062455 7.458648 -0.000082 -0.001112 0.024884 0.221674 -1.900974 7.544846 7.367956 7.171220 5.785792 6.753425
0.055766 7.544881 -0.000066 -0.000937 0.024884 0.211147 -1.691320 7.645084 7.485825 7.074460 5.511012 6.566272
0.049458 7.624828 -0.000060 -0.000737 0.024884 0.203818 -1.515746 7.721671 7.612773 6.827050 5.319736 6.283304
0.040564 7.705397 -0.000044 -0.000491 0.024884 0.193716 -1.369690 7.801366 7.731024 6.781946 5.056064 6.131940
0.030558 7.782543 -0.000032 -0.000273 0.024884 0.187547 -1.245398 7.892277 7.860968 6.832542 4.895043 6.069765
0.026553 7.860960 -0.000019 0.000000 0.024884 0.186758 -1.175138 7.975999 8.001061 6.577296 4.874453 5.829157
0.070712 8.326694 -0.000002 -0.001725 0.024884 0.179493 -1.135490 8.730376 8.156751 6.361586 4.684851 5.576039
0.061046 8.324069 -0.000178 -0.000887 0.047947 0.176394 -1.077711 8.120263 8.294722 6.260663 4.603960 5.438996
0.014173 8.005943 0.000044 0.001530 0.047947 0.179640 -1.007416 8.034279 8.385635 6.220872 4.688682 5.399542
0.023134 8.133124 0.000097 0.001338 0.047947 0.183583 -0.908930 8.322987 8.471171 5.979302 4.791577 5.236600
0.030034 8.267845 0.000038 0.001077 0.047947 0.182770 -0.790383 8.309611 8.536719 5.765227 4.770364 5.065516
0.027311 8.361150 0.000062 0.000930 0.047947 0.177585 -0.593946 8.474316 8.591097 5.749425 4.635026 4.994768
0.064441 8.784247 0.000030 -0.001023 0.047947 0.173637 -0.414061 9.112770 8.690990 5.278233 4.531997 4.634905
0.050500 8.768695 -0.000129 -0.000412 0.047947 0.160277 -0.246416 8.547392 8.752719 4.887721 4.183291 4.254432
0.002340 8.467067 0.000057 0.001514 0.047947 0.144989 0.158638 8.453742 8.775088 4.607844 3.784280 3.927496
0.003812 8.582183 0.000092 0.001022 0.047947 0.131235 -0.404096 8.744486 8.815347 4.224339 3.425292 3.546344
0.004559 8.677356 0.000018 0.000731 0.047947 0.116228 -0.131781 8.681429 8.859324 3.883618 3.033599 3.180461
0.012008 8.798891 0.000051 0.000320 0.047947 0.103634 0.675605 8.954323 8.914743 3.423343 2.704890 2.763780
0.009480 8.837768 -0.000014 0.000408 0.043384 0.091168 0.383213 8.796473 8.958994 3.135803 2.379526 2.458731
0.002192 8.837891 0.000047 0.000642 0.039255 0.082396 -0.175096 8.925709 9.001568 2.927752 2.150565 2.238685
-0.000631 8.901411 0.000021 0.000531 0.035520 0.075555 0.924597 8.938168 9.047748 2.888692 1.972027 2.139845
-0.006534 8.950978 0.000031 0.000513 0.032140 0.071241 0.658742 9.027507 9.104352 3.146127 1.859424 2.241906
-0.008705 8.996866 0.000022 0.000570 0.029081 0.075457 0.482142 9.065390 9.186640 3.074388 1.969456 2.224670
-0.012612 9.038993 0.000035 0.000782 0.026314 0.076001 0.427767 9.097770 9.251769 3.089654 1.983664 2.227360
-0.013925 9.083679 0.000045 0.000891 0.023810 0.076854 0.450276 9.152376 9.314931 2.935921 2.005930 2.132886
-0.013670 9.140340 0.000048 0.000925 0.021544 0.075574 0.514205 9.197956 9.364716 2.815418 1.972506 2.041735
-0.017458 9.182748 0.000050 0.000964 0.019494 0.072813 0.523150 9.231530 9.407467 3.029559 1.900439 2.136105
-0.013799 9.254854 0.000053 0.000809 0.017639 0.077663 0.545120 9.355157 9.473849 2.730861 2.027048 2.002160
-0.012432 9.291749 0.000036 0.000965 0.015960 0.075195 0.561606 9.291913 9.506529 2.670254 1.962614 1.941143
-0.012590 9.299247 0.000064 0.001098 0.017300 0.076031 0.538672 9.356282 9.536968 2.631416 1.984448 1.928644
-0.010173 9.338371 0.000055 0.001052 0.017300 0.079191 0.493772 9.370822 9.563888 2.553706 2.066907 1.921044
-0.010014 9.360285 0.000058 0.001079 0.017300 0.080784 0.406723 9.387054 9.578727 2.473768 2.108499 1.899408
-0.010795 9.379720 0.000058 0.001054 0.017300 0.081362 0.293828 9.400264 9.585238 2.463090 2.123593 1.909596
-0.012064 9.394447 0.000056 0.001011 0.017300 0.081618 0.117045 9.414342 9.590706 2.527668 2.130260 1.959840
-0.014083 9.406425 0.000054 0.000976 0.017300 0.083703 -0.226667 9.428827 9.601013 2.690270 2.184677 2.084790
-0.013218 9.418228 0.000053 0.000969 0.017300 0.088133 -0.054258 9.446307 9.619293 2.597268 2.300316 2.085065
-0.009485 9.435823 0.000053 0.000972 0.017300 0.090121 0.306576 9.448908 9.622417 2.410124 2.352198 2.010357
-0.010227 9.448113 0.000053 0.000924 0.017300 0.088165 0.156775 9.451666 9.609175 2.810462 2.301149 2.233859
-0.008103 9.465038 0.000049 0.000764 0.017300 0.097208 -0.102620 9.512562 9.631588 2.699941 2.537159 2.275575
-0.008589 9.482322 0.000037 0.000791 0.017300 0.099101 0.211326 9.469900 9.628432 3.056325 2.586567 2.512160
-0.007840 9.507310 0.000049 0.000642 0.015654 0.106791 0.023907 9.571204 9.650286 3.392063 2.787277 2.793007
-0.007873 9.539687 0.000025 0.000586 0.014164 0.117270 -0.356533 9.558203 9.682956 3.648783 3.060796 3.056756
-0.010163 9.564935 0.000039 0.000625 0.012816 0.124648 -0.318332 9.612836 9.713670 3.925784 3.253371 3.297237
-0.006871 9.601197 0.000032 0.000596 0.011597 0.132979 -0.355402 9.640506 9.751042 3.546983 3.470802 3.178004
-0.004917 9.637311 0.000035 0.000603 0.010493 0.128102 -0.371348 9.640263 9.745177 3.736204 3.343504 3.241250
-0.003094 9.679306 0.000033 0.000349 0.009495 0.130227 -0.350345 9.738935 9.766985 3.912376 3.398978 3.368522
-0.002118 9.718191 0.000010 0.000259 0.008591 0.134742 -0.323036 9.738718 9.799228 4.020846 3.516817 3.482642
-0.002361 9.751975 0.000020 0.000250 0.007774 0.138234 -0.291354 9.799025 9.830947 4.262720 3.607955 3.658308
-0.004202 9.788125 0.000011 0.000227 0.007034 0.143730 -0.266331 9.826749 9.874009 4.580590 3.751404 3.895109
-0.004327 9.813161 0.000016 0.000322 0.006364 0.151461 -0.256038 9.862246 9.927880 4.484877 3.953188 3.927134
-0.005247 9.840170 0.000021 0.000465 0.005759 0.152862 -0.259510 9.860953 9.957553 4.567000 3.989760 3.989845
-0.006738 9.874473 0.000030 0.000440 0.008075 0.154043 -0.240242 9.927028 9.990983 4.788580 4.020596 4.124737
-0.008691 9.904924 0.000020 0.000456 0.008075 0.158819 -0.233374 9.942772 10.037908 4.706152 4.145227 4.131574
-0.010713 9.935054 0.000030 0.000545 0.008075 0.157654 -0.220605 9.969439 10.068181 4.753746 4.114833 4.144287
-0.009161 9.977745 0.000031 0.000479 0.008239 0.158207 -0.222074 10.030588 10.105335 4.774961 4.129269 4.160989
-0.007328 10.028146 0.000024 0.000409 0.008239 0.159475 -0.213919 10.072880 10.144304 5.116552 4.162356 4.358388
-0.004428 10.075171 0.000023 0.000366 0.008239 0.168345 -0.211935 10.145998 10.206385 5.188274 4.393875 4.495330
-0.001229 10.126511 0.000019 0.000423 0.008239 0.175317 -0.217329 10.168362 10.255838 5.308374 4.575848 4.639739
0.002643 10.189195 0.000027 0.000353 0.008239 0.181985 -0.208263 10.258827 10.302140 5.554620 4.749885 4.848753
0.006118 10.253544 0.000014 0.000258 0.008239 0.190906 -0.198181 10.307505 10.355468 5.552494 4.982729 4.953518
0.008232 10.311054 0.000015 0.000235 0.008239 0.194752 -0.181364 10.355092 10.392225 5.514772 5.083115 4.983033
0.010671 10.372749 0.000012 0.000103 0.008239 0.195309 -0.154123 10.418087 10.421489 5.585281 5.097645 5.031517
0.013127 10.432931 0.000002 -0.000061 0.008239 0.196456 -0.107514 10.480066 10.457892 5.527711 5.127573 5.019122
0.015120 10.497105 -0.000006 -0.000208 0.008239 0.195261 -0.026951 10.539668 10.490746 5.613789 5.096397 5.053796
0.017338 10.553602 -0.000014 -0.000333 0.008239 0.195626 0.423106 10.602160 10.534443 5.597935 5.105923 5.052255
0.017522 10.599464 -0.000019 -0.000345 0.007455 0.195409 0.348655 10.632883 10.576520 5.773443 5.100252 5.142232
0.017460 10.663049 -0.000016 -0.000458 0.006745 0.197544 0.263956 10.735858 10.633849 6.096955 5.155970 5.332716
0.017157 10.725656 -0.000030 -0.000486 0.008020 0.203530 0.188443 10.785533 10.711069 6.314322 5.312220 5.511572
0.015933 10.776688 -0.000022 -0.000348 0.008020 0.208932 0.107560 10.842070 10.790090 6.604974 5.453200 5.718575
0.016093 10.835655 -0.000015 -0.000241 0.008020 0.216284 0.061902 10.913804 10.877927 6.845293 5.645094 5.922136
0.018677 10.907187 -0.000011 -0.000155 0.008020 0.224178 0.097958 10.988675 10.967635 6.807805 5.851147 5.993250
0.025712 11.024292 -0.000006 -0.000300 0.008020 0.227879 0.168529 11.121958 11.042474 6.679056 5.947726 5.970812
0.026839 11.081648 -0.000024 -0.000208 0.008020 0.227792 0.182014 11.102279 11.099271 6.585215 5.945470 5.922016
0.022900 11.106952 -0.000001 -0.000041 0.008020 0.226154 0.170300 11.156948 11.146297 6.784098 5.902707 5.999509
0.022306 11.177450 -0.000003 -0.000165 0.008020 0.227890 0.142558 11.257582 11.213143 6.809550 5.948013 6.030485
0.021873 11.238810 -0.000013 -0.000136 0.008020 0.228182 0.147947 11.286087 11.278004 6.579717 5.955635 5.918601
0.022650 11.307767 -0.000003 -0.000158 0.008020 0.223058 0.150729 11.370236 11.326106 6.378985 5.821906 5.754196
0.039891 11.568168 -0.000013 -0.001283 0.008020 0.216415 0.145034 11.766794 11.390592 6.021435 5.648516 5.495311
0.036568 11.593120 -0.000112 -0.001073 0.030068 0.206295 0.105398 11.481146 11.437810 5.560841 5.384372 5.144351
0.018458 11.443906 -0.000014 -0.000032 0.030068 0.192827 -0.411203 11.426874 11.451179 5.085134 5.032861 4.745108
0.017283 11.504740 0.000006 -0.000284 0.030068 0.176655 -0.171468 11.570813 11.460315 2.500399 4.610771 3.313218
0.015435 11.571053 -0.000033 -0.000587 0.030068 0.118650 0.418950 11.418652 11.318795 3.606160 3.096802 3.091444
0.012887 11.614974 -0.000030 -0.001569 0.030068 0.109142 0.156153 11.808862 11.385243 3.469468 2.848642 2.895559
0.009410 11.638359 -0.000126 -0.001341 0.034003 0.101788 -0.189367 11.546846 11.455444 3.147530 2.656709 2.641055
0.004220 11.664414 -0.000028 -0.001107 0.034003 0.091832 0.032823 11.793958 11.511831 3.092616 2.396855 2.476355
0.000865 11.721001 -0.000085 -0.001108 0.034003 0.084797 -0.379971 11.712944 11.583056 2.717542 2.213238 2.201476
-0.002232 11.780977 -0.000040 -0.001049 0.034003 0.073084 -0.391497 11.871867 11.639313 2.218669 1.907525 1.808397
-0.005700 11.808386 -0.000071 -0.000896 0.034003 0.057158 -0.440565 11.780099 11.678718 1.529445 1.491837 1.272772
-0.008371 11.829555 -0.000032 -0.000799 0.034003 0.037291 -0.472272 11.871840 11.696521 1.103838 0.973310 0.807061
-0.010820 11.840528 -0.000054 -0.000763 0.034003 0.020747 -0.422590 11.824917 11.720360 1.085727 0.541518 0.572171
-0.011121 11.846137 -0.000033 -0.000666 0.034003 0.014786 -0.331994 11.902463 11.772287 0.761092 0.385932 0.337910
-0.011954 11.853428 -0.000040 -0.000430 0.034003 0.009169 -0.157351 11.841327 11.807528 0.782501 0.239322 0.270349
-0.014420 11.860444 -0.000012 -0.000280 0.034003 0.008830 0.348029 11.915014 11.852095 0.862917 0.230469 0.300880
-0.015753 11.880006 -0.000020 -0.000148 0.034003 0.011295 0.095256 11.897730 11.900616 0.648774 0.294808 0.234432
-0.016547 11.894158 -0.000001 0.000034 0.030767 0.009622 -0.567743 11.916895 11.925565 0.630500 0.251148 0.205260
-0.015195 11.904733 0.000001 0.000110 0.027839 0.009785 -0.447540 11.922433 11.950911 0.361691 0.255388 0.087067
-0.013902 11.901600 0.000007 0.000261 0.025190 0.007535 -0.364716 11.892620 11.953666 0.038741 0.196658 -0.084110
-0.013738 11.888621 0.000017 0.000345 0.022793 0.002912 -0.268107 11.874004 11.935743 -0.037736 0.075992 -0.171241
-0.012811 11.880212 0.000017 0.000294 0.020624 0.001299 -0.144106 11.876955 11.921967 -0.201828 0.033906 -0.257217
-0.014073 11.869109 0.000013 0.000280 0.018661 -0.001250 0.069912 11.845787 11.899636 0.220555 -0.032635 -0.086338
-0.013063 11.870343 0.000015 0.000155 0.016885 0.005421 -0.255385 11.908296 11.915014 0.297897 0.141485 0.046138
-0.011436 11.863040 0.000001 0.000275 0.015278 0.011390 -0.229308 11.838145 11.921126 0.037427 0.297293 0.016557
-0.011410 11.842814 0.000024 0.000415 0.013824 0.010532 -0.224621 11.827759 11.894505 -0.011809 0.274882 -0.004745
-0.010270 11.847749 0.000020 0.000248 0.012509 0.009772 -0.227145 11.843012 11.869100 -0.129192 0.255060 -0.055769
-0.009845 11.851794 0.000008 0.000092 0.011318 0.006713 -0.219813 11.831036 11.839585 -0.426651 0.175220 -0.220033
-0.010129 11.831050 0.000002 0.000045 0.010241 -0.000664 -0.213812 11.787542 11.795213 -17.008476 -0.017331 -7.881785
-0.012497 11.796842 0.000002 -0.000009 0.009267 -0.311054 -0.174504 10.575711 10.566804 -9.196701 -8.118626 -8.299557
-0.006753 11.875238 -0.000003 -0.006933 0.008385 -0.328074 -0.025346 12.836907 10.619695 -9.207192 -8.562873 -8.538420
-0.020297 11.708253 -0.000658 -0.005768 0.176858 -0.338586 0.479639 10.758741 10.681963 -9.326908 -8.837234 -8.741809
-0.052867 11.298189 -0.000026 -0.003265 0.176858 -0.346241 -1.553755 11.694340 10.708179 -9.507320 -9.037021 -8.936451
-0.074369 11.012139 -0.000296 -0.001611 0.176858 -0.353217 -0.791706 10.432371 10.704569 -9.519656 -9.219099 -9.034216
-0.089870 10.785238 0.000077 -0.000427 0.176858 -0.355290 0.413479 11.045799 10.690904 -9.620385 -9.273219 -9.122547
-0.108878 10.596182 -0.000109 0.000502 0.176858 -0.357556 -1.643157 10.211386 10.656329 -9.383084 -9.332357 -9.020879
-0.132472 10.443163 0.000128 0.001130 0.176858 -0.359360 -1.068007 10.624917 10.631345 -9.694270 -9.379448 -9.238777
-0.145182 10.371885 -0.000001 0.001375 0.176858 -0.376513 -0.875098 10.146695 10.582635 -10.938516 -9.827134 -10.173887
-0.143927 10.413801 0.000127 0.000895 0.176858 -0.417031 -1.431184 10.547125 10.485391 -11.565522 -10.884676 -10.956513
-0.137735 10.476885 -0.000020 0.000045 0.176858 -0.446949 -1.884408 10.371464 10.435311 -12.288132 -11.665552 -11.699458
-0.135901 10.476359 0.000018 -0.000218 0.176858 -0.471667 -2.202895 10.515258 10.394399 -13.368364 -12.310690 -12.600151
-0.141637 10.450477 -0.000037 -0.000297 0.176858 -0.504558 -2.245447 10.322175 10.323530 -13.549106 -13.169171 -13.040583
-0.149136 10.431006 -0.000001 -0.000569 0.160028 -0.522927 -2.094817 10.490599 10.306806 -13.527764 -13.648601 -13.225149
-0.154800 10.401314 -0.000056 -0.000501 0.144799 -0.530764 -1.967778 10.338623 10.324994 -13.656971 -13.853156 -13.407995
-0.158302 10.348480 -0.000005 -0.000124 0.131020 -0.536354 -1.913306 10.370550 10.341528 -13.541440 -13.999063 -13.436036
-0.156884 10.321093 -0.000010 0.000108 0.118551 -0.532870 -1.884235 10.314617 10.372574 -13.682722 -13.908122 -13.498219
-0.157840 10.259260 0.000016 0.000600 0.107270 -0.529365 -1.839824 10.231272 10.377540 -14.166618 -13.816648 -13.736954
-0.164781 10.165274 0.000042 0.001125 0.097062 -0.533873 -1.745407 10.087170 10.331008 -13.930611 -13.934292 -13.683013
-0.169133 10.112358 0.000072 0.001159 0.087825 -0.530541 -1.630679 10.132774 10.309410 -13.570243 -13.847336 -13.479324
-0.171517 10.055740 0.000052 0.001344 0.079467 -0.521391 -1.587455 10.014149 10.304078 -13.326625 -13.608518 -13.255827
-0.172101 9.994011 0.000086 0.001643 0.071905 -0.510591 -1.594685 9.998284 10.293454 -13.136472 -13.326620 -13.032776
-0.172278 9.943973 0.000088 0.001852 0.065062 -0.498996 -1.624254 9.914273 10.272255 -13.111953 -13.023984 -12.871961
-0.174698 9.891578 0.000107 0.002017 0.058871 -0.491674 -1.623971 9.867062 10.227827 -13.058811 -12.832894 -12.749916
-0.178215 9.850001 0.000108 0.002002 0.053269 -0.487288 -1.608812 9.820016 10.173709 -12.614337 -12.718407 -12.497321
-0.179736 9.817003 0.000107 0.001890 0.048199 -0.478748 -1.589321 9.822117 10.145563 -12.572327 -12.495506 -12.361623
-0.176610 9.779382 0.000098 0.001940 0.043613 -0.472543 -1.589475 9.739640 10.103391 -13.440534 -12.333558 -12.661773
-0.174251 9.741710 0.000110 0.001916 0.039462 -0.482698 -1.546175 9.663324 9.987181 -13.323850 -12.598610 -12.736547
-0.175925 9.696670 0.000099 0.001539 0.035707 -0.484781 -1.431607 9.670908 9.905690 -12.905128 -12.652981 -12.571452
-0.182822 9.633633 0.000072 0.001442 0.032309 -0.479975 -1.289066 9.585581 9.860253 -12.229869 -12.527539 -12.221214
-0.191261 9.563408 0.000084 0.001573 0.029234 -0.470195 -1.154467 9.567193 9.852092 -11.537423 -12.272283 -11.814912
-0.196875 9.510265 0.000087 0.001811 0.026452 -0.457242 -1.066538 9.517858 9.871044 -11.469661 -11.934188 -11.595123
-0.199013 9.486145 0.000108 0.002039 0.029003 -0.450089 -1.014956 9.494362 9.866143 -11.880574 -11.747507 -11.633380
-0.200995 9.462028 0.000114 0.002141 0.030541 -0.452043 -0.998054 9.426539 9.816110 -12.547636 -11.798501 -11.900847
-0.203516 9.437662 0.000119 0.002005 0.032018 -0.462718 -0.976163 9.392393 9.724097 -12.640138 -12.077126 -12.112446
-0.206338 9.419493 0.000102 0.001614 0.032018 -0.471058 -0.931081 9.400463 9.652927 -11.697547 -12.294800 -11.952132
-0.207246 9.393533 0.000079 0.001374 0.032018 -0.464577 -0.882098 9.431175 9.670173 -11.568492 -12.125631 -11.812198
-0.206584 9.376553 0.000075 0.001556 0.032018 -0.457539 -0.858684 9.373141 9.681096 -11.411117 -11.941956 -11.651994
-0.208649 9.363191 0.000095 0.001685 0.032018 -0.450576 -0.810250 9.393614 9.687689 -10.589682 -11.760211 -11.280532
-0.212013 9.358480 0.000091 0.001744 0.032018 -0.436530 -0.768071 9.415009 9.739405 -10.097843 -11.393611 -10.898327
-0.215147 9.357708 0.000100 0.002023 0.032018 -0.422767 -0.762762 9.405559 9.794928 -9.727970 -11.034399 -10.559533
-0.214520 9.356442 0.000120 0.002323 0.032139 -0.409415 -0.823980 9.411612 9.845543 -10.465171 -10.685888 -10.558229
-0.211672 9.363198 0.000133 0.002556 0.035739 -0.408244 -0.898552 9.340427 9.813267 -11.072811 -10.655333 -10.730291
-0.209602 9.370879 0.000145 0.002344 0.038901 -0.413944 -0.926767 9.365054 9.738842 -11.496800 -10.804096 -10.962081
-0.210719 9.372828 0.000116 0.001939 0.038901 -0.422390 -0.880956 9.328959 9.652154 -11.263822 -11.024550 -11.034081
-0.213871 9.363802 0.000101 0.001528 0.038901 -0.425755 -0.762987 9.374375 9.606018 -10.491840 -11.112372 -10.862823
-0.216251 9.354510 0.000073 0.001333 0.038901 -0.419638 -0.642164 9.383486 9.625735 -9.883319 -10.952711 -10.583254
-0.217067 9.345490 0.000076 0.001485 0.038901 -0.408808 -0.555230 9.392417 9.675035 -10.207659 -10.670058 -10.495066
-0.218629 9.333948 0.000088 0.001807 0.038901 -0.404983 -0.523870 9.320607 9.674361 -10.606671 -10.570208 -10.546732
-0.221790 9.328736 0.000109 0.001831 0.038901 -0.407255 -0.480533 9.332603 9.637162 -10.251486 -10.629516 -10.491961
-0.223024 9.319812 0.000095 0.001682 0.038901 -0.405329 -0.474104 9.336914 9.632761 -11.144091 -10.579236 -10.707226
-0.224358 9.307456 0.000092 0.001724 0.038901 -0.413448 -0.499117 9.243047 9.559388 -11.022123 -10.791150 -10.822456
-0.224359 9.295420 0.000098 0.001399 0.038901 -0.417617 -0.465438 9.320617 9.516290 -10.777047 -10.899973 -10.833644
-0.225258 9.275331 0.000063 0.001277 0.038901 -0.416996 -0.420524 9.247990 9.501082 -10.587776 -10.883762 -10.773904
-0.231955 9.248129 0.000079 0.001340 0.035199 -0.414882 -0.296651 9.269642 9.497189 -8.351623 -10.828572 -10.172237
-0.236301 9.227552 0.000072 0.001429 0.031849 -0.392712 -0.249040 9.372981 9.649325 -7.930211 -10.249929 -9.663041
-0.237724 9.214494 0.000086 0.002304 0.028818 -0.372551 -0.496767 9.255436 9.773573 -7.894347 -9.723731 -9.282421
-0.235375 9.225150 0.000158 0.002906 0.042471 -0.356505 -0.645057 9.333198 9.851007 -8.337945 -9.304925 -9.096078
-0.228611 9.262073 0.000158 0.003121 0.042534 -0.346976 -0.849427 9.275091 9.862033 -9.867093 -9.056223 -9.321626
-0.216891 9.373221 0.000179 0.002590 0.048128 -0.355387 -0.913865 9.393094 9.754520 -10.197366 -9.275743 -9.560744
-0.214911 9.380799 0.000112 0.001980 0.048128 -0.364091 -0.862690 9.304325 9.650509 -10.135203 -9.502919 -9.688427
-0.220473 9.309003 0.000108 0.001810 0.048128 -0.368728 -0.712474 9.267028 9.570640 -9.614659 -9.623937 -9.619480
-0.217523 9.316025 0.000095 0.001349 0.048128 -0.365931 -0.491244 9.355892 9.545849 -9.219317 -9.550944 -9.452922
-0.213938 9.316167 0.000062 0.001217 0.048128 -0.358394 -0.179181 9.308365 9.546860 -9.068148 -9.354222 -9.274630
-0.213569 9.319006 0.000076 0.001207 0.048128 -0.351288 0.800443 9.348204 9.544759 -8.584428 -9.168747 -9.002513
-0.215189 9.329441 0.000063 0.001141 0.048128 -0.341763 0.478281 9.356680 9.565478 -8.012384 -8.920152 -8.665537
-0.212945 9.369936 0.000067 0.001036 0.048128 -0.329613 0.124352 9.446178 9.611561 -8.090353 -8.603022 -8.480474
-0.209865 9.378963 0.000054 0.001232 0.048128 -0.322537 -0.438600 9.362260 9.625370 -8.718159 -8.418350 -8.556329
-0.206117 9.363072 0.000082 0.001390 0.048128 -0.324786 -0.319746 9.342043 9.577462 -9.562466 -8.477052 -8.865414
-0.201104 9.371634 0.000074 0.001091 0.048128 -0.336090 -0.027906 9.316825 9.478397 -9.907280 -8.772076 -9.159144
-0.204291 9.369244 0.000052 0.000578 0.043548 -0.349077 7.252067 9.329097 9.385399 -8.439005 -9.111035 -8.876969
-0.210690 9.363124 0.000021 0.000118 0.039404 -0.341085 6.496086 9.438937 9.431764 -7.160477 -8.902459 -8.346543
-0.212183 9.365201 0.000002 0.000353 0.035654 -0.322339 5.829314 9.432169 9.551064 -7.222232 -8.413165 -8.052460
-0.209717 9.384503 0.000039 0.000883 0.032261 -0.310795 5.242010 9.432483 9.620520 -7.315204 -8.111868 -7.892058
-0.207300 9.425555 0.000059 0.001033 0.029191 -0.303901 4.721496 9.477617 9.658628 -7.485785 -7.931941 -7.835018
-0.205456 9.462979 0.000057 0.001037 0.026413 -0.301751 4.256790 9.483529 9.671323 -8.279858 -7.875819 -8.060656
-0.199651 9.516505 0.000059 0.000820 0.023900 -0.310766 3.840912 9.513671 9.626627 -9.237573 -8.111111 -8.536941
-0.195713 9.559905 0.000037 0.000354 0.021625 -0.329540 3.459486 9.515441 9.538504 -8.552747 -8.601114 -8.583773
-0.193429 9.569324 0.000010 -0.000163 0.019567 -0.330525 3.105533 9.615929 9.545083 -8.035325 -8.626834 -8.409794
-0.189633 9.593331 -0.000018 -0.000256 0.017705 -0.321605 2.784553 9.618023 9.592678 -8.023582 -8.394005 -8.272411
-0.192278 9.597088 -0.000005 -0.000023 0.016020 -0.316210 2.488656 9.607123 9.619903 -7.016269 -8.253205 -7.814125
-0.198091 9.590447 0.000006 0.000156 0.014496 -0.300917 2.222692 9.666544 9.706396 -6.493214 -7.854061 -7.392618
-0.202309 9.605793 0.000014 0.000533 0.013116 -0.287203 1.994995 9.655591 9.794734 -6.461248 -7.496118 -7.165040
-0.199219 9.638981 0.000043 0.000825 0.011868 -0.279164 1.805696 9.700522 9.853987 -7.772793 -7.286293 -7.492889
-0.183228 9.730029 0.000047 0.000657 0.012729 -0.291763 1.647016 9.718458 9.806414 -9.612164 -7.615125 -8.430858
-0.169741 9.773985 0.000028 0.000172 0.012729 -0.328432 1.489911 9.674009 9.658772 -10.497251 -8.572209 -9.314311
-0.167670 9.762023 -0.000003 -0.000547 0.012729 -0.358169 1.304818 9.693241 9.529904 -10.391201 -9.348363 -9.616646
-0.170384 9.768154 -0.000047 -0.001262 0.012729 -0.369443 1.091972 9.752681 9.478325 -9.771950 -9.642621 -9.460147
-0.174627 9.757222 -0.000080 -0.001478 0.021551 -0.366466 0.880102 9.751503 9.496863 -8.937048 -9.564903 -9.046895
-0.176856 9.733457 -0.000075 -0.001254 0.021551 -0.353063 0.615097 9.764419 9.565920 -8.636236 -9.215081 -8.743456
-0.179461 9.714666 -0.000059 -0.000788 0.021551 -0.342361 0.391127 9.716717 9.622649 -8.832194 -8.935756 -8.690866
-0.184070 9.717340 -0.000028 -0.000502 0.021551 -0.342316 0.203850 9.725326 9.639607 -8.659234 -8.934592 -8.631590
-0.184369 9.729725 -0.000026 -0.000478 0.021551 -0.341851 0.177662 9.753155 9.668529 -9.963474 -8.922442 -9.165899
-0.182989 9.731326 -0.000025 -0.000333 0.021551 -0.363109 0.401386 9.638590 9.599535 -11.063921 -9.477298 -9.933349
-0.179872 9.770827 -0.000012 -0.000908 0.021551 -0.393696 0.408784 9.761893 9.501941 -10.603032 -10.275620 -10.174578
-0.180564 9.746638 -0.000077 -0.001297 0.021551 -0.401738 0.343988 9.710761 9.502737 -10.517077 -10.485533 -10.264266
-0.190622 9.665926 -0.000062 -0.000865 0.021551 -0.403829 0.227536 9.627777 9.516775 -9.414957 -10.540107 -9.892543
-0.202959 9.637619 -0.000034 -0.000640 0.021551 -0.392861 0.019693 9.726848 9.610215 -6.938125 -10.253821 -8.916347
-0.209335 9.626266 -0.000036 -0.000085 0.021551 -0.359067 0.748452 9.785547 9.851567 -7.167924 -9.371792 -8.439533
-0.211105 9.631916 0.000019 0.001164 0.019500 -0.340532 0.799651 9.668365 9.988956 -7.851560 -8.888015 -8.351769
-0.208283 9.667103 0.000094 0.001705 0.025332 -0.335896 0.864237 9.741035 10.031713 -8.575219 -8.767021 -8.517637
-0.191010 9.796185 0.000086 0.001248 0.025332 -0.339804 0.972018 9.854173 10.022029 -11.043582 -8.869028 -9.509309
-0.185199 9.811131 0.000050 0.001117 0.025332 -0.376138 0.986936 9.619463 9.843704 -12.114550 -9.817339 -10.475803
-0.190235 9.758815 0.000067 0.000450 0.025332 -0.409628 0.855724 9.704194 9.669112 -11.187800 -10.691445 -10.641851
-0.186719 9.772736 -0.000010 -0.000549 0.025332 -0.414994 0.636502 9.791680 9.643585 -10.684471 -10.831511 -10.532590
-0.187434 9.746713 -0.000043 -0.000546 0.025332 -0.408850 0.352114 9.721372 9.664530 -9.909330 -10.671143 -10.147370
-0.194801 9.727380 -0.000017 -0.000333 0.025332 -0.395555 -0.139903 9.787271 9.725899 -7.772807 -10.324143 -9.185579
-0.197888 9.715084 -0.000018 0.000057 0.025332 -0.360933 0.641059 9.841814 9.909296 -8.500241 -9.420504 -8.899742
-0.202195 9.705853 0.000020 0.001078 0.025332 -0.350805 0.550254 9.663626 9.955493 -8.644809 -9.156162 -8.794935
-0.204955 9.722392 0.000087 0.001235 0.025332 -0.348636 0.537794 9.806378 9.969157 -8.448779 -9.099542 -8.711040
-0.197185 9.752517 0.000049 0.001148 0.025332 -0.344017 0.694326 9.756482 9.994547 -11.342724 -8.978987 -9.654916
-0.189601 9.776908 0.000071 0.001153 0.022922 -0.381142 0.789462 9.622334 9.801869 -11.948515 -9.947953 -10.454459
-0.185736 9.798773 0.000054 0.000016 0.020740 -0.410939 0.728711 9.795270 9.656906 -11.058122 -10.725675 -10.549552
-0.187222 9.782827 -0.000040 -0.000667 0.018767 -0.412883 0.591496 9.748835 9.645460 -10.249609 -10.776420 -10.274910
-0.195041 9.743388 -0.000030 -0.000519 0.016981 -0.403404 0.421914 9.777122 9.693345 -8.164160 -10.529016 -9.397196
-0.197819 9.722853 -0.000024 -0.000156 0.015365 -0.370985 0.285662 9.850432 9.867290 -7.980898 -9.682867 -8.833987
-0.193589 9.718681 0.000005 0.000787 0.013903 -0.346270 0.292588 9.736343 9.975493 -9.490669 -9.037787 -9.011216
-0.193496 9.736058 0.000071 0.001269 0.019187 -0.352022 0.310234 9.703084 9.918803 -8.755198 -9.187926 -8.841507
-0.189410 9.759488 0.000065 0.000844 0.019187 -0.344979 0.331716 9.835900 9.934160 -10.815829 -9.004078 -9.525728
-0.178491 9.765956 0.000030 0.000891 0.019187 -0.372312 0.399502 9.578999 9.786338 -14.166248 -9.717488 -11.355377
-0.175325 9.766441 0.000063 0.000105 0.019187 -0.443863 0.195810 9.594720 9.462674 -13.639735 -11.584995 -12.067130
-0.177634 9.753996 -0.000038 -0.001544 0.019187 -0.471153 -0.783255 9.732845 9.343235 -12.186508 -12.297284 -11.808202
-0.185768 9.698236 -0.000115 -0.001881 0.030830 -0.463427 -0.449111 9.678558 9.386745 -10.648756 -12.095628 -11.097129
-0.202543 9.625984 -0.000086 -0.001268 0.030830 -0.443852 0.189843 9.688544 9.515287 -6.901944 -11.584707 -9.562827
-0.209204 9.590688 -0.000052 -0.000400 0.030830 -0.390106 -0.304175 9.850998 9.861422 -7.433063 -10.181909 -8.853409
-0.214061 9.583588 0.000003 0.001472 0.030830 -0.363304 -0.659493 9.568419 10.032398 -7.499522 -9.482370 -8.441804
-0.218644 9.611589 0.000137 0.002230 0.036911 -0.348678 -0.909330 9.789498 10.133690 -6.921142 -9.100622 -8.054809
-0.208147 9.657346 0.000102 0.002524 0.036911 -0.329486 -1.264848 9.709215 10.243647 -12.025421 -8.599705 -9.342199
-0.200560 9.690288 0.000159 0.002932 0.042839 -0.379604 -1.451486 9.427444 9.940609 -12.615500 -9.907805 -10.373599
-0.197167 9.743064 0.000154 0.001047 0.042839 -0.418782 -1.419971 9.799776 9.725070 -10.889639 -10.930384 -10.419261
-0.191219 9.752566 -0.000020 -0.000146 0.042839 -0.417284 -1.284475 9.717744 9.730766 -11.797239 -10.891289 -10.756387
-0.188950 9.764350 0.000006 -0.000178 0.042839 -0.427467 -1.068546 9.736128 9.668618 -10.633295 -11.157061 -10.483455
-0.198717 9.730771 -0.000018 -0.000329 0.042839 -0.418238 -0.710401 9.764357 9.712705 -7.906743 -10.916176 -9.425177
-0.205049 9.659589 -0.000014 0.000281 0.042839 -0.380081 -0.337710 9.793375 9.924995 -9.378810 -9.920259 -9.291930
-0.206524 9.653070 0.000040 0.001441 0.042839 -0.374215 -0.010498 9.579977 9.936953 -9.208146 -9.767150 -9.163198
-0.206069 9.689257 0.000107 0.001312 0.042839 -0.371415 7.741282 9.817101 9.952603 -7.951267 -9.694090 -8.744537
-0.193434 9.725928 0.000042 0.001201 0.042839 -0.348867 6.976865 9.779007 10.055953 -11.840051 -9.105556 -9.827512
-0.186260 9.747394 0.000084 0.001635 0.042839 -0.389689 6.289573 9.524381 9.827376 -12.665424 -10.171033 -10.763922
-0.185385 9.771953 0.000092 0.000294 0.042839 -0.425556 5.638686 9.789650 9.641472 -11.500387 -11.107184 -10.836572
-0.187223 9.756037 -0.000042 -0.000607 0.038763 -0.427976 5.039264 9.700715 9.624498 -10.892606 -11.170346 -10.651284
-0.198307 9.702033 -0.000021 -0.000411 0.035074 -0.423236 4.492948 9.723170 9.652334 -7.982714 -11.046622 -9.592847
-0.200451 9.739048 -0.000020 -0.000459 0.031736 -0.385020 4.018741 9.973292 9.882546 -6.727911 -10.049165 -8.578446
-0.197678 9.720224 -0.000026 0.000860 0.028716 -0.343159 3.629484 9.757919 10.106462 -8.646718 -8.956584 -8.598361
-0.201872 9.676920 0.000104 0.002276 0.028062 -0.341774 3.291836 9.634525 10.085913 -7.954177 -8.920447 -8.361567
-0.203465 9.734446 0.000135 0.001862 0.036373 -0.333159 2.984983 9.884249 10.120634 -7.243063 -8.695571 -8.005796
-0.196273 9.764116 0.000072 0.001889 0.036373 -0.317277 2.746971 9.773035 10.190008 -11.054278 -8.281055 -9.103898
-0.187610 9.802258 0.000126 0.002055 0.036373 -0.361462 2.533885 9.625115 9.950711 -11.646371 -9.434314 -10.001425
-0.179749 9.852302 0.000099 0.000521 0.036373 -0.397107 2.270118 9.874105 9.780924 -10.758280 -10.364646 -10.136843
-0.175843 9.849957 -0.000025 -0.000366 0.036373 -0.398511 1.977708 9.802176 9.759365 -10.511586 -10.401293 -10.058684
-0.188605 9.808069 -0.000010 -0.000258 0.036373 -0.396332 1.642278 9.804808 9.756260 -7.094207 -10.344418 -8.737314
-0.205612 9.787469 -0.000012 -0.000165 0.036373 -0.358178 1.332232 10.008609 9.994393 -3.180877 -9.348586 -6.900075
-0.207206 9.786684 -0.000002 0.001101 0.036373 -0.289469 1.222253 10.055110 10.419588 -5.991787 -7.555244 -6.647027
-0.202201 9.821207 0.000110 0.003171 0.036373 -0.277085 1.310680 9.747133 10.472798 -7.179218 -7.232026 -6.858942
-0.189075 9.903820 0.000217 0.003015 0.058397 -0.283269 1.393093 10.032988 10.419719 -8.959821 -7.393441 -7.645899
-0.171886 9.959586 0.000117 0.002438 0.058397 -0.311873 1.532519 9.787605 10.260446 -11.978648 -8.140001 -9.428438
-0.165052 9.996099 0.000143 0.001401 0.058397 -0.380458 1.353497 9.885335 9.956452 -11.655377 -9.930092 -10.095234
-0.145739 10.192015 0.000025 -0.001248 0.058397 -0.407841 0.870886 10.312609 9.855259 -11.077161 -10.644801 -10.007509
-0.134455 10.165743 -0.000132 -0.001645 0.058397 -0.398076 0.070149 10.016987 9.855045 -11.823729 -10.389949 -10.391976
-0.147158 9.984035 -0.000046 -0.000683 0.058397 -0.404466 -11.034844 9.854002 9.764272 -10.632695 -10.556711 -9.705405
-0.163335 9.982132 -0.000025 -0.001154 0.058397 -0.389239 -9.844664 10.079143 9.780564 -7.454868 -10.159285 -7.916942
-0.169383 9.967923 -0.000087 -0.000993 0.058397 -0.333325 -8.799727 10.074495 9.994847 -9.157938 -8.699904 -8.069610
-0.171519 9.941087 -0.000023 0.000285 0.058397 -0.342255 -7.904286 9.801242 9.956352 -10.594338 -8.933001 -8.891369
-0.169528 9.955185 0.000047 0.000006 0.058397 -0.377080 -7.103333 9.958214 9.836110 -10.182133 -9.841938 -9.173825
-0.158328 9.964953 -0.000035 -0.000683 0.058397 -0.384524 -6.388538 9.945746 9.824396 -12.115089 -10.036235 -10.360005
-0.151421 9.940483 -0.000035 -0.000615 0.052839 -0.426560 -5.734486 9.785957 9.685690 -13.562612 -11.133385 -11.655526
-0.153257 9.928084 -0.000029 -0.001284 0.047811 -0.471176 -5.096892 9.866136 9.534280 -12.888888 -12.297868 -11.701245
-0.163592 9.895821 -0.000098 -0.001916 0.043261 -0.475065 -4.487141 9.876834 9.527699 -10.963691 -12.399381 -10.782175
-0.180693 9.827325 -0.000104 -0.001588 0.039144 -0.450560 -3.958968 9.891528 9.661472 -8.455823 -11.759783 -9.437770
-0.193952 9.764761 -0.000069 -0.000547 0.035419 -0.409010 -3.537965 9.902246 9.910699 -7.062692 -10.675319 -8.352874
-0.192366 9.750959 0.000002 0.000846 0.032049 -0.364572 -3.229245 9.891145 10.155941 -8.935153 -9.515476 -8.415919
-0.188788 9.786724 0.000078 0.001956 0.028999 -0.362955 -2.982872 9.745148 10.160981 -9.185866 -9.473273 -8.537718
-0.186775 9.830678 0.000123 0.001750 0.033049 -0.364881 -2.753601 9.919883 10.148732 -9.719056 -9.523540 -8.820210
-0.178061 9.858345 0.000068 0.001539 0.033049 -0.372401 -2.568166 9.794977 10.105556 -12.677496 -9.719805 -10.240355
-0.169912 9.879013 0.000093 0.001200 0.033049 -0.427431 -2.374036 9.732381 9.869041 -13.055711 -11.156117 -11.147191
-0.162850 9.889772 0.000041 -0.000110 0.033049 -0.459899 -2.109207 9.878331 9.733761 -12.102742 -12.003551 -11.053276
-0.160384 9.862185 -0.000042 -0.000680 0.033049 -0.449169 -1.800903 9.842096 9.739432 -11.761565 -11.723497 -10.785320
-0.178990 9.804271 -0.000030 -0.000344 0.033049 -0.441942 -1.448553 9.771258 9.743163 -8.540810 -11.534850 -9.342506
-0.194880 9.758091 -0.000008 -0.000079 0.033049 -0.401148 -1.122926 9.964046 9.961144 -7.486460 -10.470134 -8.385878
-0.198195 9.742101 -0.000000 0.001161 0.033049 -0.366292 -1.006299 9.780284 10.154979 -9.298859 -9.560367 -8.510081
-0.200485 9.772502 0.000112 0.002027 0.033049 -0.371151 -1.016822 9.785184 10.135640 -7.799841 -9.687186 -8.144576
-0.188823 9.817510 0.000105 0.001686 0.033049 -0.351174 -1.136814 9.979839 10.240295 -10.903988 -9.165768 -9.073564
-0.176404 9.828121 0.000079 0.002184 0.033049 -0.383656 -1.275516 9.581062 10.073393 -14.278137 -10.013571 -11.040708
-0.172765 9.844983 0.000148 0.001210 0.039678 -0.457781 -1.206404 9.747763 9.742195 -14.315890 -11.948272 -12.051321
-0.173606 9.851523 0.000000 -0.000579 0.039678 -0.494153 -0.903261 9.763336 9.581934 -12.584101 -12.897578 -11.772786
-0.182460 9.797445 -0.000052 -0.001142 0.039678 -0.484560 -0.437651 9.847398 9.626151 -10.060545 -12.647220 -10.642224
-0.199688 9.727847 -0.000064 -0.000539 0.039678 -0.449998 0.239281 9.819239 9.823354 -5.389974 -11.745129 -8.561394
-0.201644 9.701077 0.000002 0.000648 0.039678 -0.370513 -0.048704 10.066067 10.270646 -6.515260 -9.670531 -7.699803
-0.190981 9.720559 0.000062 0.002915 0.039678 -0.325254 -4.598610 9.672300 10.443784 -9.585852 -8.489258 -8.202405
-0.192337 9.773906 0.000230 0.003550 0.061828 -0.341863 -4.182383 9.775900 10.297506 -7.601171 -8.922764 -7.764321
-0.186121 9.827737 0.000157 0.002489 0.061828 -0.322798 -3.818303 9.964767 10.346089 -10.159315 -8.425157 -8.519086
-0.175641 9.854303 0.000116 0.002606 0.061828 -0.351544 -3.523316 9.640541 10.171519 -12.445957 -9.175427 -9.947653
-0.168875 9.894878 0.000160 0.001466 0.061828 -0.408706 -3.175124 9.861867 9.907374 -11.366913 -10.667378 -10.161848
-0.157546 9.920267 0.000017 -0.000068 0.061828 -0.412435 -2.775205 9.916406 9.858082 -11.585600 -10.764723 -10.351304
-0.155996 9.873308 -0.000014 -0.000081 0.061828 -0.413346 -2.336820 9.779475 9.800250 -11.151537 -10.788491 -10.131187
-0.175351 9.829561 0.000009 -0.000155 0.061828 -0.409370 -1.811842 9.843379 9.776931 -7.327885 -10.684707 -8.395354
-0.188786 9.813423 -0.000017 -0.000193 0.061828 -0.359473 -1.348581 10.032179 10.023300 -6.948690 -9.382384 -7.552939
-0.188563 9.799985 -0.000000 0.001183 0.061828 -0.328200 -1.229699 9.790202 10.176941 -9.221261 -8.566140 -8.002619
-0.186333 9.821245 0.000117 0.001885 0.061828 -0.345370 -1.264308 9.798710 10.094002 -8.521898 -9.014281 -8.028859
-0.177942 9.840010 0.000090 0.001346 0.061828 -0.341929 -1.348700 9.908653 10.104205 -11.228138 -8.924475 -9.194992
-0.169586 9.819752 0.000061 0.001507 0.055945 -0.384918 -1.390105 9.582062 9.909190 -14.320125 -10.046513 -11.253455
-0.169394 9.807679 0.000100 0.000538 0.050621 -0.460557 -1.114137 9.679163 9.590029 -13.909437 -12.020718 -12.016632
-0.174754 9.782909 -0.000024 -0.001022 0.045804 -0.488307 -0.515451 9.729340 9.472750 -12.157914 -12.745010 -11.620354
-0.185211 9.699251 -0.000074 -0.001200 0.041445 -0.475575 0.539031 9.717632 9.537851 -9.570849 -12.412697 -10.436681
-0.202291 9.592654 -0.000052 -0.000290 0.037501 -0.438142 -0.181127 9.698155 9.748815 -4.804085 -11.435692 -8.291643
-0.210464 9.518453 0.000016 0.001221 0.033932 -0.360421 0.216830 9.854200 10.205288 -4.678751 -9.407135 -6.996887
-0.209025 9.515448 0.000105 0.003655 0.030703 -0.305574 1.191886 9.586340 10.478197 -7.554265 -7.975601 -7.023056
-0.200012 9.672427 0.000266 0.004270 0.071587 -0.304799 1.304490 9.771762 10.428086 -7.564263 -7.955369 -7.058426
-0.188047 9.781257 0.000197 0.003427 0.071587 -0.304337 1.688534 9.817132 10.391682 -9.823894 -7.943328 -7.963046
-0.179508 9.790468 0.000174 0.003186 0.071587 -0.338210 1.904160 9.633159 10.195584 -11.967462 -8.827421 -9.383022
-0.164053 9.875660 0.000171 0.001695 0.071587 -0.398486 1.835860 9.842615 9.936546 -11.448811 -10.400633 -9.851536
-0.142550 9.956146 0.000032 -0.000104 0.071587 -0.407964 1.526917 9.971180 9.862715 -11.227034 -10.648026 -9.831015
-0.133932 9.969410 -0.000028 -0.000565 0.071587 -0.395054 0.948261 9.926128 9.831519 -10.516086 -10.311065 -9.301196
-0.152012 9.960514 -0.000025 -0.000684 0.071587 -0.378153 -0.213064 9.973199 9.829594 -7.339600 -9.869933 -7.256571
-0.163573 9.942638 -0.000040 -0.000599 0.071587 -0.323228 3.649764 10.101148 10.023858 -7.135777 -8.436374 -6.581116
-0.161584 9.918168 -0.000020 0.000560 0.071587 -0.298535 3.237934 9.865826 10.107331 -9.591855 -7.791885 -7.670137
-0.164249 9.927395 0.000074 0.000953 0.071587 -0.340858 2.865695 9.846500 9.959187 -8.672182 -8.896531 -7.745317
-0.158029 9.949659 0.000036 0.000050 0.071587 -0.342386 2.507736 10.048409 9.974457 -9.697163 -8.936410 -8.387077
-0.151755 9.931710 -0.000020 0.000227 0.064775 -0.361463 2.206717 9.783344 9.915175 -11.835281 -9.434329 -9.908032
-0.152056 9.905147 0.000041 0.000053 0.058610 -0.415649 1.824169 9.828985 9.740567 -12.565206 -10.848597 -10.884495
-0.157682 9.886399 -0.000024 -0.000773 0.053033 -0.449514 1.327993 9.808208 9.631028 -11.210628 -11.732490 -10.509595
-0.167368 9.840570 -0.000051 -0.001110 0.047986 -0.438964 0.768419 9.904194 9.689717 -9.381525 -11.457136 -9.523329
-0.183903 9.780695 -0.000062 -0.000482 0.043420 -0.409632 0.271185 9.831976 9.848895 -6.518647 -10.691568 -8.001854
-0.197101 9.749547 0.000006 0.000526 0.039288 -0.361489 0.013410 9.985334 10.140690 -4.562582 -9.435016 -6.630370
-0.193809 9.764958 0.000047 0.001991 0.035549 -0.308703 20.425566 9.940967 10.455426 -7.152286 -8.057273 -6.815294
-0.192244 9.814868 0.000154 0.003394 0.041278 -0.311173 18.399193 9.779426 10.456806 -7.081526 -8.121737 -6.889551
-0.190542 9.870845 0.000202 0.003105 0.054446 -0.310797 16.580739 10.019193 10.473424 -7.667488 -8.111923 -7.158948
-0.180425 9.909758 0.000137 0.002987 0.054446 -0.315870 14.958577 9.854345 10.449193 -10.990211 -8.244340 -8.665066
-0.173822 9.958066 0.000179 0.002602 0.054446 -0.372146 13.486325 9.842498 10.201536 -10.266657 -9.713153 -9.127244
-0.166233 10.009981 0.000110 0.001015 0.054446 -0.385953 12.136786 10.103945 10.142358 -9.237627 -10.073528 -8.829172
-0.160883 10.009599 0.000015 0.000703 0.054446 -0.365121 10.908513 9.994563 10.189524 -9.221801 -9.529809 -8.624907
-0.172165 10.001160 0.000061 0.000998 0.054446 -0.357500 9.778122 10.028709 10.192958 -5.876446 -9.330883 -7.029093
-0.183021 10.017700 0.000052 0.000929 0.054446 -0.307830 8.760748 10.258671 10.425211 -4.182756 -8.034494 -5.683787
-0.180150 10.034773 0.000053 0.002069 0.054446 -0.253938 7.882544 10.134161 10.664673 -7.424920 -6.627884 -6.307046
-0.166649 10.103850 0.000160 0.002972 0.054446 -0.278296 7.108971 10.021971 10.550960 -9.185398 -7.263629 -7.505488
-0.153086 10.169995 0.000160 0.002019 0.054446 -0.324963 6.392124 10.149457 10.373907 -9.928405 -8.481662 -8.435371
-0.145551 10.177311 0.000071 0.001042 0.054446 -0.353388 5.710771 10.094985 10.249638 -10.926246 -9.223561 -9.336956
-0.142668 10.217981 0.000050 0.000168 0.049264 -0.382953 5.057134 10.193262 10.123357 -10.340442 -9.995222 -9.274085
-0.144089 10.201290 -0.000017 -0.000413 0.044576 -0.380989 4.449490 10.182752 10.106189 -9.695810 -9.943954 -8.893537
-0.153403 10.130247 -0.000019 -0.000127 0.040334 -0.367359 3.918150 10.106186 10.126537 -8.757449 -9.588216 -8.248729
-0.162911 10.104607 0.000009 0.000116 0.036496 -0.350126 3.450579 10.163415 10.184414 -7.513651 -9.138427 -7.456552
-0.164219 10.090740 0.000009 0.000496 0.033023 -0.321454 3.079650 10.150082 10.292529 -8.784315 -8.390068 -7.804530
-0.162784 10.098785 0.000045 0.001027 0.029880 -0.334523 2.775646 10.029240 10.244648 -9.541208 -8.731181 -8.386706
-0.155666 10.120819 0.000066 0.000656 0.027037 -0.356323 2.505594 10.135511 10.173694 -10.499363 -9.300173 -9.191674
-0.146614 10.117760 0.000014 0.000296 0.024464 -0.382434 2.262696 10.016849 10.081392 -12.364896 -9.981668 -10.612081
-0.141651 10.095164 0.000021 -0.000073 0.022136 -0.430077 2.006403 9.985493 9.910446 -13.624159 -11.225177 -11.835299
-0.143207 10.061178 -0.000020 -0.000799 0.020029 -0.474155 1.714918 9.948263 9.752057 -13.233050 -12.375629 -11.999844
-0.156625 10.018083 -0.000056 -0.001410 0.018123 -0.483180 1.405510 10.011941 9.716662 -11.285437 -12.611191 -11.025470
-0.178507 9.934342 -0.000086 -0.001153 0.023175 -0.461893 1.142395 9.968124 9.834291 -8.374417 -12.055586 -9.543625
-0.188436 9.852030 -0.000039 -0.000094 0.023175 -0.414091 0.980122 10.025328 10.102238 -8.429759 -10.807940 -8.910988
-0.184060 9.832311 0.000023 0.001430 0.023175 -0.384704 0.996462 9.849856 10.247203 -9.536651 -10.040926 -8.986570
-0.181269 9.862953 0.000118 0.002036 0.031859 -0.382639 1.046525 9.909893 10.245241 -9.168989 -9.987030 -8.852975
-0.174426 9.910615 0.000101 0.001773 0.031859 -0.372569 1.138481 9.970343 10.270928 -11.364881 -9.724205 -9.747416
-0.167043 9.932321 0.000091 0.001794 0.031859 -0.405060 1.190219 9.783271 10.118435 -13.063047 -10.572220 -11.013072
-0.170340 9.935228 0.000101 0.000971 0.031859 -0.450038 1.079360 9.876690 9.920011 -11.220657 -11.746175 -10.743359
-0.171621 9.918110 0.000015 0.000010 0.031859 -0.439370 0.880366 9.989245 9.957820 -10.668123 -11.467718 -10.385285
-0.176449 9.856841 -0.000007 0.000535 0.031859 -0.423831 0.710845 9.808735 10.005538 -10.394847 -11.062157 -10.089447
-0.188551 9.786147 0.000060 0.001163 0.031859 -0.414440 0.479677 9.816328 10.031850 -8.476930 -10.817054 -9.251258
-0.198124 9.759330 0.000066 0.001444 0.031859 -0.386222 0.294991 9.882938 10.173804 -6.656354 -10.080535 -8.217423
-0.202400 9.754873 0.000088 0.002220 0.031859 -0.348101 0.392303 9.900011 10.379502 -6.768611 -9.085571 -7.673351
-0.201768 9.772749 0.000144 0.003215 0.038834 -0.325109 0.783712 9.838470 10.486358 -7.664939 -8.485481 -7.632548
-0.187915 9.828128 0.000195 0.003488 0.052392 -0.319119 1.067034 9.879184 10.479865 -10.355438 -8.329139 -8.608534
-0.163005 9.930914 0.000182 0.002909 0.052392 -0.358346 1.302339 9.825783 10.278456 -12.874091 -9.352983 -10.396130
-0.156827 9.948955 0.000138 0.001746 0.052392 -0.423290 1.131373 9.792894 9.990906 -12.717258 -11.048025 -10.995708
-0.162723 9.889927 0.000063 0.000535 0.052392 -0.442421 0.612471 9.846858 9.860112 -11.780983 -11.547357 -10.745299
-0.168077 9.846639 0.000008 0.000071 0.052392 -0.433942 -0.318570 9.829571 9.841872 -10.570230 -11.326053 -10.077226
-0.180624 9.793856 0.000007 0.000254 0.052392 -0.415351 1.203978 9.819935 9.891721 -7.518343 -10.840837 -8.572813
-0.184390 9.764384 0.000025 0.000675 0.052392 -0.361752 0.881420 9.960181 10.119226 -7.587504 -9.441870 -7.872955
-0.179959 9.771390 0.000050 0.001843 0.052392 -0.330893 0.866571 9.754440 10.218525 -9.432300 -8.636444 -8.267748
-0.174462 9.793592 0.000141 0.002252 0.052392 -0.345423 0.890798 9.767367 10.118486 -11.218784 -9.015679 -9.303244
-0.165010 9.820208 0.000108 0.001581 0.052392 -0.386677 0.805936 9.703182 9.929359 -13.308740 -10.092424 -10.884832
-0.159725 9.849364 0.000071 0.000424 0.052392 -0.448924 0.382923 9.733750 9.688799 -13.117567 -11.717094 -11.476634
-0.157385 9.844577 -0.000010 -0.000825 0.047406 -0.470312 -1.038066 9.831976 9.603113 -12.316232 -12.275337 -11.276409
-0.159490 9.802388 -0.000065 -0.001056 0.042895 -0.460364 -0.442938 9.775761 9.620084 -11.271090 -12.015686 -10.630392
-0.178216 9.747961 -0.000044 -0.000678 0.038813 -0.443508 0.567744 9.779560 9.686711 -7.648745 -11.575741 -8.872068
-0.195037 9.705594 -0.000025 -0.000100 0.035119 -0.392634 0.191273 9.930369 9.972547 -6.340096 -10.247910 -7.679838
-0.202951 9.681375 0.000014 0.001543 0.031777 -0.351439 1.068819 9.764740 10.225990 -7.209667 -9.172700 -7.363969
-0.204295 9.696813 0.000138 0.002804 0.037230 -0.338522 1.269915 9.784411 10.315013 -7.241716 -8.835569 -7.231923
-0.192616 9.744683 0.000160 0.003022 0.042896 -0.327006 1.559033 9.828147 10.373226 -10.729220 -8.534993 -8.394103
-0.182665 9.783597 0.000164 0.003124 0.044198 -0.369391 1.765911 9.589299 10.155606 -12.704269 -9.641263 -9.863562
-0.172235 9.835153 0.000171 0.001698 0.046031 -0.426824 1.732040 9.810361 9.902085 -12.695388 -11.140268 -10.650867
-0.159858 9.879745 0.000031 0.000118 0.046031 -0.452376 1.508065 9.822807 9.787406 -12.182564 -11.807196 -10.697726
-0.165063 9.842892 -0.000007 -0.000294 0.046031 -0.448223 1.078575 9.831818 9.765813 -9.951915 -11.698795 -9.559310
-0.186904 9.764374 -0.000016 0.000008 0.046031 -0.416661 0.472759 9.836730 9.891980 -5.410922 -10.875015 -7.385249
-0.203780 9.732475 0.000019 0.000845 0.046031 -0.350288 -0.196847 10.044161 10.271119 -3.488949 -9.142665 -5.757855
-0.201623 9.742041 0.000070 0.002803 0.046031 -0.284486 -0.905252 9.909146 10.627012 -7.142837 -7.425201 -5.976161
-0.193911 9.794277 0.000216 0.004412 0.057959 -0.288910 -1.236792 9.722799 10.564155 -7.292447 -7.540671 -6.172879
-0.191075 9.872509 0.000253 0.003665 0.068016 -0.292408 -1.462548 10.010225 10.512939 -5.457648 -7.631967 -5.620894
-0.181100 9.924076 0.000153 0.003120 0.068016 -0.262302 -1.727143 10.012373 10.611270 -9.047208 -6.846179 -6.734933
-0.163392 9.984039 0.000182 0.003324 0.068016 -0.306329 -1.913788 9.802223 10.389398 -11.317179 -7.995317 -8.465912
-0.140828 10.094709 0.000179 0.001561 0.068016 -0.373826 -1.758300 10.088506 10.119737 -11.203260 -9.757003 -9.048072
-0.136018 10.158645 0.000015 -0.000206 0.068016 -0.385928 -1.246599 10.110183 10.019054 -9.512206 -10.072885 -8.174216
-0.159629 10.132517 -0.000022 -0.000601 0.068016 -0.362758 -0.351474 10.190925 10.070941 -5.679264 -9.468135 -5.937915
-0.164373 10.115125 -0.000031 -0.000234 0.068016 -0.289938 1.333457 10.328445 10.349320 -7.297714 -7.567488 -5.968759
-0.152733 10.124767 0.000010 0.001190 0.068016 -0.287099 1.177357 9.981330 10.346371 -9.922070 -7.493387 -7.557215
-0.147608 10.158556 0.000112 0.000995 0.068016 -0.346852 0.880614 10.124726 10.151979 -9.830605 -9.052971 -8.093530
-0.141923 10.169542 0.000012 -0.000093 0.068016 -0.361517 0.320258 10.149167 10.097508 -11.589664 -9.435735 -9.365887
-0.133815 10.130372 -0.000012 -0.000174 0.068016 -0.402939 -1.088716 9.959593 9.945051 -14.939430 -10.516864 -11.833712
-0.125967 10.094072 -0.000001 -0.000790 0.061543 -0.490412 -0.270538 9.881874 9.640172 -15.672091 -12.799951 -13.113792
-0.124739 10.045192 -0.000069 -0.002146 0.055687 -0.535671 4.060551 9.968172 9.473000 -14.720353 -13.981213 -12.982021
-0.142541 9.930616 -0.000145 -0.002425 0.050388 -0.531312 3.365760 9.847127 9.465317 -13.636904 -13.867457 -12.306512
-0.179882 9.779935 -0.000112 -0.001667 0.045592 -0.524054 2.759435 9.742852 9.513449 -8.624655 -13.678009 -10.143060
-0.200555 9.669790 -0.000068 -0.000828 0.041254 -0.464920 2.370973 9.976731 9.894474 -7.665564 -12.134601 -8.964812
-0.199139 9.623869 -0.000024 0.001434 0.037328 -0.415823 2.250490 9.664720 10.190554 -11.010484 -10.853152 -9.425318
-0.199080 9.631293 0.000156 0.002963 0.041930 -0.429013 2.203796 9.593174 10.123252 -10.533852 -11.197417 -9.555299
-0.192468 9.656408 0.000158 0.002474 0.042470 -0.428709 2.187201 9.754974 10.124547 -14.253240 -11.189471 -11.004537
-0.184788 9.650977 0.000111 0.002509 0.042470 -0.482439 2.148942 9.346248 9.855660 -17.620693 -12.591842 -13.212369
-0.186215 9.612497 0.000153 0.001288 0.042470 -0.562270 1.927785 9.461877 9.467724 -17.622106 -14.675477 -14.433337
-0.189001 9.535298 0.000004 -0.000358 0.042470 -0.604637 1.547499 9.380975 9.261421 -16.695101 -15.781269 -14.757447
-0.212420 9.384987 -0.000033 -0.000655 0.042470 -0.613139 1.012578 9.322121 9.207702 -11.118627 -16.003163 -13.260791
-0.254124 9.191017 -0.000032 0.000088 0.042470 -0.576186 0.352355 9.439318 9.559217 2.755802 -15.038680 -9.768176
-0.275343 9.028949 0.000037 0.002810 0.042470 -0.459766 0.284166 9.987312 10.792849 -3.694200 -12.000070 -8.626756
-0.276959 8.993816 0.000240 0.009533 0.064641 -0.411131 2.236739 8.799589 11.213514 -9.898764 -10.730691 -8.801745
-0.264803 9.159337 0.000718 0.010885 0.193191 -0.413739 2.472157 9.507289 11.068250 -8.175165 -10.798756 -8.625550
-0.245204 9.346097 0.000469 0.009125 0.193191 -0.398704 3.465605 9.406846 11.085738 -13.918656 -10.406325 -9.687307
-0.236736 9.376925 0.000505 0.009055 0.193191 -0.437228 3.855762 9.099023 10.660892 -16.111161 -11.411819 -11.009577
-0.228983 9.400533 0.000472 0.006678 0.193191 -0.486661 3.772119 9.301947 10.195063 -13.817668 -12.702044 -11.400252
-0.216868 9.444233 0.000275 0.003978 0.193191 -0.496142 3.334666 9.477394 10.039313 -13.013071 -12.949496 -11.405709
-0.217078 9.401492 0.000177 0.003380 0.193191 -0.489767 2.605468 9.336173 9.970934 -11.557113 -12.783118 -10.939358
-0.234865 9.334009 0.000199 0.003375 0.193191 -0.473142 1.492786 9.420926 9.995890 -6.280943 -12.349199 -9.413954
-0.244340 9.298164 0.000181 0.003697 0.193191 -0.418545 0.119647 9.638729 10.364892 -8.793918 -10.924182 -9.007233
-0.244243 9.295339 0.000226 0.005667 0.193191 -0.399603 -5.432378 9.174659 10.411969 -11.958956 -10.429786 -9.421500
-0.244205 9.349811 0.000377 0.005628 0.193191 -0.414854 -4.804285 9.379364 10.195184 -9.599338 -10.827866 -9.254996
-0.235454 9.408395 0.000253 0.004169 0.193191 -0.405234 -4.304678 9.520451 10.205336 -11.612528 -10.576766 -9.622728
-0.223371 9.399768 0.000214 0.004269 0.174807 -0.415692 -3.930649 9.228328 10.049887 -15.546326 -10.849738 -10.934608
-0.214424 9.399718 0.000255 0.003445 0.158172 -0.465607 -3.471505 9.197235 9.645276 -16.556628 -12.152521 -12.146221
-0.212527 9.417444 0.000144 0.001207 0.143120 -0.510257 -2.741463 9.275166 9.304046 -13.568624 -13.317904 -12.051772
-0.220490 9.350761 0.000019 -0.000248 0.129500 -0.505728 -1.837211 9.393109 9.290589 -10.907250 -13.199691 -11.279175
-0.239072 9.229354 -0.000021 0.000324 0.117176 -0.480487 -0.929548 9.264108 9.450224 -6.636185 -12.540909 -9.857893
-0.257302 9.141900 0.000064 0.001634 0.106026 -0.433929 -0.108073 9.471084 9.846342 -2.181884 -11.325718 -8.119056
-0.253006 9.143753 0.000119 0.003723 0.095936 -0.359961 -2.701464 9.543048 10.437243 -8.619239 -9.395128 -8.091369
-0.233123 9.232166 0.000273 0.006385 0.086806 -0.353151 -2.725582 9.039562 10.372837 -14.528034 -9.217390 -9.500324
-0.204450 9.458010 0.000404 0.004847 0.108601 -0.419291 -2.618355 9.408773 9.897360 -15.569348 -10.943648 -10.987225
-0.197344 9.495442 0.000154 0.002130 0.108601 -0.475996 -2.222150 9.230308 9.522699 -14.013985 -12.423687 -11.385446
-0.204852 9.340584 0.000096 0.000965 0.108601 -0.487086 -1.530165 9.313816 9.389499 -12.216676 -12.713150 -11.030596
-0.191901 9.303894 0.000031 0.000454 0.108601 -0.463570 -0.615266 9.331855 9.416837 -13.203622 -12.099369 -11.115666
-0.182448 9.348509 0.000033 0.000362 0.108601 -0.460503 1.986042 9.281987 9.330159 -11.088822 -12.019299 -10.206375
-0.188021 9.415142 0.000022 -0.000450 0.108601 -0.429037 0.798102 9.588945 9.405937 -8.000845 -11.198044 -8.565212
-0.192775 9.457774 -0.000047 -0.000275 0.108601 -0.373446 -1.038399 9.584016 9.642299 -9.810422 -9.747082 -8.466863
-0.202160 9.465917 0.000023 0.000935 0.108601 -0.375052 -0.355922 9.366858 9.620081 -10.860883 -9.789010 -8.910624
-0.205761 9.492176 0.000081 0.000678 0.108601 -0.396185 0.047629 9.514927 9.529787 -11.461046 -10.340583 -9.519763
-0.195470 9.512984 0.000010 0.000089 0.108601 -0.422948 7.835726 9.430413 9.447090 -14.241092 -11.039118 -11.012448
-0.191168 9.489469 0.000010 -0.000225 0.108601 -0.477868 7.091078 9.305189 9.219804 -14.789193 -12.472556 -12.108756
-0.189537 9.458683 -0.000021 -0.001266 0.098267 -0.515778 6.350532 9.413970 9.076184 -14.585612 -13.462010 -12.649192
-0.192561 9.380130 -0.000096 -0.001611 0.088915 -0.530554 5.630883 9.271814 9.025335 -13.617034 -13.847659 -12.558325
-0.219220 9.264784 -0.000070 -0.001269 0.080454 -0.527605 4.931385 9.275837 9.065955 -7.359406 -13.770698 -10.766504
-0.253265 9.161598 -0.000060 -0.000507 0.072798 -0.480199 4.349504 9.533785 9.539098 -0.342411 -12.533376 -8.468633
-0.261518 9.116655 0.000003 0.002238 0.065870 -0.395732 4.019635 9.664438 10.378341 -5.689847 -10.328769 -7.923475
-0.253752 9.130585 0.000213 0.006612 0.059602 -0.367729 3.870528 9.038927 10.588990 -8.271742 -9.597876 -7.996241
-0.239573 9.221172 0.000462 0.007248 0.124303 -0.363720 3.734336 9.462857 10.548096 -8.950509 -9.493246 -8.152346
-0.220246 9.298652 0.000326 0.006621 0.124303 -0.361191 3.823243 9.206532 10.462395 -13.906354 -9.427224 -9.572906
-0.206477 9.315047 0.000378 0.006080 0.124303 -0.415451 3.680832 9.077988 10.023790 -14.080927 -10.843441 -10.575587
-0.194959 9.359261 0.000287 0.003521 0.124303 -0.450961 3.195737 9.350188 9.723246 -10.556166 -11.770264 -9.864184
-0.183577 9.366051 0.000118 0.001893 0.124303 -0.410247 2.497361 9.466528 9.775313 -9.748071 -10.707603 -9.000199
-0.188322 9.309139 0.000099 0.002470 0.124303 -0.373506 1.650136 9.252609 9.798076 -7.628420 -9.748649 -7.654892
-0.208258 9.284808 0.000169 0.002720 0.124303 -0.335511 0.540438 9.463874 9.900056 -2.334457 -8.756973 -5.376665
-0.210928 9.305640 0.000137 0.003150 0.124303 -0.253024 -0.586490 9.643444 10.305005 -5.533979 -6.604020 -5.056508
-0.204193 9.344364 0.000203 0.005090 0.124303 -0.239156 -1.355975 9.182471 10.286312 -7.952502 -6.242078 -5.698999
-0.192088 9.438386 0.000335 0.004493 0.124303 -0.266506 -1.590962 9.519443 10.077844 -7.244111 -6.955905 -5.897969
-0.166495 9.521519 0.000174 0.002948 0.124303 -0.267089 -1.691785 9.502339 10.001372 -10.043958 -6.971128 -7.404703
-0.142577 9.565937 0.000156 0.002307 0.112474 -0.323212 -1.406662 9.394630 9.735643 -11.796236 -8.435965 -9.036409
-0.121568 9.639680 0.000109 0.000508 0.101771 -0.370395 -0.209210 9.592751 9.483077 -11.564255 -9.667466 -9.314563
-0.110432 9.718880 -0.000025 -0.001249 0.092086 -0.376582 10.820184 9.682633 9.369507 -10.223868 -9.828940 -8.563354
-0.132946 9.737189 -0.000086 -0.001948 0.083323 -0.357562 9.514542 9.752278 9.377719 -6.826181 -9.332505 -6.288465
-0.156882 9.733037 -0.000105 -0.001883 0.075394 -0.300375 8.387678 9.898867 9.594475 -4.854453 -7.839912 -4.664459
-0.155453 9.756260 -0.000085 -0.000857 0.068219 -0.247476 7.504141 9.858042 9.826522 -6.800886 -6.459221 -5.388174
-0.150455 9.807288 -0.000005 0.000102 0.061727 -0.278377 6.772239 9.741980 9.799894 -7.042836 -7.265760 -5.891640
-0.142251 9.857872 0.000021 -0.000307 0.055853 -0.293324 6.117044 9.966705 9.821810 -7.588786 -7.655866 -6.445798
-0.133303 9.883691 -0.000040 -0.000328 0.050538 -0.303213 5.540512 9.822130 9.832849 -10.052731 -7.913979 -8.139364
-0.124435 9.906292 0.000006 -0.000389 0.045729 -0.359352 4.995349 9.818975 9.685547 -12.336151 -9.379230 -10.098606
-0.114128 9.941756 -0.000037 -0.001358 0.041377 -0.425278 4.447991 9.826176 9.497363 -12.213384 -11.099915 -10.665062
-0.117296 9.927068 -0.000095 -0.002277 0.037439 -0.442379 3.886951 9.927271 9.459823 -11.082811 -11.546274 -10.169217
-0.152497 9.847275 -0.000137 -0.002053 0.036909 -0.430707 3.360100 9.816790 9.532079 -7.478695 -11.241627 -7.928961
-0.192098 9.780449 -0.000084 -0.001316 0.036909 -0.391957 2.934266 10.023462 9.829001 -2.287269 -10.230220 -5.541858
-0.206266 9.745695 -0.000058 0.000441 0.036909 -0.316693 2.745513 10.097809 10.394998 -5.162606 -8.265800 -5.319024
-0.206102 9.767806 0.000088 0.003323 0.036909 -0.304487 2.722112 9.728185 10.556660 -6.148367 -7.947235 -5.549783
-0.194211 9.868834 0.000246 0.003645 0.066151 -0.305445 2.728545 10.111423 10.617948 -7.246107 -7.972224 -6.069515
-0.176375 9.952049 0.000152 0.003528 0.066151 -0.314486 2.923819 9.877053 10.603861 -11.420878 -8.208218 -8.113387
-0.160440 9.991680 0.000218 0.003244 0.066151 -0.393007 2.906116 9.851085 10.310346 -14.036805 -10.257635 -10.470381
-0.150590 10.056771 0.000139 0.001344 0.066151 -0.479935 2.580637 9.948061 10.011730 -13.011945 -12.526493 -10.718677
-0.148757 10.081836 0.000022 -0.000371 0.066151 -0.480043 1.990650 10.153755 9.983639 -11.568322 -12.529310 -9.905767
-0.164378 10.034616 -0.000047 -0.000270 0.066151 -0.452829 1.286343 10.008791 10.058223 -9.218136 -11.819024 -8.492138
-0.185763 9.986337 0.000017 0.000381 0.066151 -0.415872 0.486211 10.156435 10.239095 -6.439590 -10.854421 -6.983552
-0.189749 9.980263 0.000027 0.001371 0.066151 -0.360515 -0.095530 10.158547 10.532434 -9.740840 -9.409591 -7.476894
-0.189424 10.001048 0.000113 0.002816 0.066151 -0.376799 -1.307499 9.851098 10.455344 -11.233604 -9.834606 -8.389204
-0.185174 10.039453 0.000182 0.002204 0.066151 -0.409969 -1.250299 10.088980 10.312598 -10.824167 -10.700340 -8.829114
-0.175198 10.063512 0.000069 0.001320 0.066151 -0.419526 -1.181865 10.034184 10.278736 -13.175332 -10.949783 -10.087380
-0.167479 10.049444 0.000076 0.001215 0.059856 -0.462556 -1.000100 9.900730 10.094885 -15.131293 -12.072892 -11.654680
-0.159385 10.048244 0.000061 0.000247 0.054160 -0.519307 -0.453395 9.945114 9.869078 -14.314350 -13.554114 -11.915508
-0.159263 10.023624 -0.000019 -0.000819 0.049006 -0.520996 1.214378 10.031463 9.829563 -12.872245 -13.598190 -11.232209
-0.190110 9.924315 -0.000057 -0.000502 0.044342 -0.504508 0.481865 9.891088 9.891528 -7.546517 -13.167858 -9.103025
-0.223791 9.805129 0.000002 0.000458 0.040123 -0.452095 -0.448263 10.142821 10.289348 -2.882657 -11.799851 -7.074806
-0.228049 9.728892 0.000045 0.002970 0.036304 -0.373700 -0.830490 10.042520 10.878075 -9.851476 -9.753711 -7.507746
-0.220644 9.751383 0.000250 0.005970 0.067188 -0.385135 -1.284914 9.511404 10.758336 -9.368570 -10.052170 -7.702935
-0.204804 9.868892 0.000373 0.004713 0.100266 -0.384376 -1.738614 10.204312 10.718821 -10.300489 -10.032368 -8.094625
-0.182987 9.929918 0.000157 0.004180 0.100266 -0.388896 -2.140815 9.691016 10.620543 -15.954962 -10.150337 -10.534407
-0.171762 9.924128 0.000281 0.003690 0.100266 -0.483876 -2.056007 9.690904 10.131189 -16.187228 -12.629352 -11.953535
-0.168597 9.933948 0.000136 0.001045 0.100266 -0.532645 -1.352645 9.871126 9.854207 -13.587898 -13.902249 -11.390144
-0.176507 9.864175 0.000001 -0.000053 0.100266 -0.509458 -0.083671 9.881344 9.877934 -11.624599 -13.297049 -10.308157
-0.208157 9.712388 0.000004 0.000877 0.100266 -0.486606 16.983351 9.698153 9.982308 -4.418467 -12.700610 -7.815838
-0.228964 9.600387 0.000089 0.002024 0.100266 -0.410018 15.243955 10.121028 10.542970 -3.741141 -10.701644 -6.381300
-0.219757 9.583507 0.000130 0.005084 0.100266 -0.341780 13.755981 9.656780 10.950314 -12.029500 -8.920581 -7.588004
-0.204248 9.727439 0.000388 0.006480 0.104462 -0.388301 12.430741 9.559170 10.603231 -9.682454 -10.134798 -7.721202
-0.190586 9.839676 0.000316 0.004046 0.104462 -0.385511 11.219770 10.096788 10.559583 -9.648845 -10.061989 -7.777875
-0.174905 9.804394 0.000144 0.004002 0.104462 -0.373364 10.143482 9.600351 10.513937 -14.849828 -9.744949 -10.057321
-0.153816 9.877165 0.000278 0.003374 0.104462 -0.472250 9.116214 9.729499 10.081143 -15.688218 -12.325921 -11.589328
-0.134070 9.942508 0.000112 0.000735 0.104462 -0.520205 8.054337 9.869799 9.824164 -15.026459 -13.577564 -11.686895
-0.131620 9.876412 -0.000006 -0.000277 0.104462 -0.512310 6.984056 9.776937 9.724624 -14.158707 -13.371506 -11.158051
-0.164257 9.813433 -0.000009 -0.000471 0.104462 -0.502879 5.906830 9.785710 9.676585 -8.664501 -13.125330 -8.302496
-0.192242 9.743876 -0.000026 -0.000357 0.104462 -0.437688 5.000270 10.032956 10.005861 -5.666128 -11.423827 -6.353904
-0.192239 9.682876 -0.000003 0.001711 0.104462 -0.361558 4.506992 9.819132 10.389882 -10.188547 -9.436808 -7.016415
-0.186218 9.710489 0.000174 0.003600 0.104462 -0.383655 4.225060 9.569219 10.267587 -9.303610 -10.013546 -7.129501
-0.172739 9.788782 0.000212 0.002537 0.104462 -0.378712 4.005163 10.015765 10.271040 -11.215950 -9.884532 -8.085340
-0.157814 9.796741 0.000081 0.002513 0.094521 -0.408273 3.811467 9.525252 10.127340 -14.349793 -10.656092 -10.278869
-0.155322 9.775590 0.000184 0.001864 0.085526 -0.483807 3.418217 9.708782 9.825086 -13.477429 -12.627553 -10.599036
-0.157735 9.769127 0.000040 0.000297 0.077387 -0.490387 2.841971 9.755951 9.758038 -11.242645 -12.799295 -9.500703
-0.171767 9.696173 0.000006 0.000328 0.070023 -0.453329 2.295694 9.760906 9.864408 -9.076711 -11.832072 -8.121803
-0.206629 9.603086 0.000036 0.001385 0.063359 -0.421683 1.862224 9.676060 10.037506 -1.141823 -11.006083 -5.218134
-0.222289 9.565303 0.000112 0.002502 0.057330 -0.327297 1.772875 10.189948 10.703537 -1.658089 -8.542591 -3.833788
-0.213338 9.588001 0.000157 0.005911 0.051874 -0.260761 2.105244 9.604239 11.089778 -8.787441 -6.805975 -4.940698
-0.200742 9.696032 0.000446 0.007385 0.119806 -0.300983 2.312327 9.626194 10.807131 -8.269796 -7.855781 -5.553855
-0.176672 9.832857 0.000357 0.005162 0.119806 -0.317765 2.694891 9.968252 10.679767 -10.531380 -8.293804 -6.903196
-0.152192 9.883040 0.000219 0.004222 0.119806 -0.365472 2.720435 9.653078 10.438303 -13.431244 -9.538968 -9.218914
-0.133866 9.929179 0.000241 0.002698 0.119806 -0.436167 2.180689 9.868623 10.105954 -13.815171 -11.384120 -10.170173
-0.109229 10.010295 0.000079 0.000507 0.119806 -0.454862 0.922357 9.947851 9.920607 -13.539233 -11.872080 -10.257553
-0.107944 10.011446 -0.000000 -0.000481 0.119806 -0.446947 -2.640867 9.941776 9.809144 -11.813902 -11.665482 -9.217921
-0.144891 9.963228 -0.000032 -0.000816 0.119806 -0.421215 -0.982707 9.969658 9.813821 -7.670537 -10.993880 -6.482459
-0.165309 9.922085 -0.000040 -0.000574 0.119806 -0.356575 1.583400 10.124327 10.064947 -7.627102 -9.306749 -5.839413
-0.166147 9.908466 -0.000012 0.000829 0.119806 -0.336424 1.133584 9.857226 10.170748 -9.445873 -8.780807 -6.650036
-0.163778 9.939514 0.000098 0.001225 0.119806 -0.367719 1.160676 9.957255 10.099536 -8.762715 -9.597611 -6.797286
-0.151787 9.974373 0.000047 0.000663 0.119806 -0.363218 1.538327 10.048435 10.147388 -11.204169 -9.480126 -8.361060
-0.137121 9.955696 0.000034 0.001016 0.108405 -0.409394 1.750919 9.756846 10.003560 -15.017789 -10.685351 -11.244230
-0.127897 9.927258 0.000077 0.000404 0.098089 -0.503592 1.348347 9.750323 9.682666 -15.908452 -13.143938 -12.707173
-0.134157 9.906690 -0.000016 -0.001187 0.088754 -0.552836 0.017529 9.831890 9.505175 -14.830116 -14.429227 -12.538843
-0.157159 9.817505 -0.000093 -0.001655 0.080308 -0.524810 -108.300041 9.777009 9.507421 -12.985061 -13.697750 -11.263044
-0.196358 9.691771 -0.000077 -0.000977 0.072666 -0.495505 -97.458162 9.675113 9.577389 -5.781412 -12.932876 -8.344746
-0.215290 9.609054 -0.000027 -0.000168 0.065751 -0.405531 -87.710764 10.073305 10.097653 -5.742842 -10.584521 -6.881817
-0.205885 9.638247 0.000009 0.002434 0.059494 -0.341555 -78.949502 9.640286 10.401798 -10.880379 -8.914722 -7.556794
-0.201943 9.714045 0.000228 0.003644 0.061198 -0.365164 -71.070832 9.630922 10.190892 -9.454104 -9.530917 -7.563325
-0.192389 9.765478 0.000169 0.002254 0.061198 -0.361354 -63.975824 9.878677 10.153905 -12.987585 -9.431494 -8.887868
-0.177966 9.771454 0.000085 0.002027 0.061198 -0.414579 -57.589703 9.428547 9.858531 -16.784609 -10.820684 -11.351089
-0.173048 9.793873 0.000131 0.000343 0.061198 -0.508116 -51.834125 9.654903 9.420834 -14.313648 -13.262026 -11.497240
-0.165984 9.840003 -0.000066 -0.002221 0.061198 -0.508807 -46.637032 9.912045 9.386712 -12.059284 -13.280076 -10.453626
-0.170113 9.808240 -0.000153 -0.002234 0.061198 -0.464155 -41.957896 9.813467 9.517136 -10.149098 -12.114622 -9.065911
-0.195556 9.756720 -0.000086 -0.001270 0.061198 -0.425010 -37.748362 9.853443 9.683215 -3.792152 -11.092934 -6.304255
-0.207234 9.752486 -0.000049 -0.000367 0.061198 -0.332955 -33.971135 10.199615 10.218037 -5.482259 -8.690262 -5.399204
-0.204279 9.792945 0.000006 0.002252 0.061198 -0.295028 -30.591809 9.699568 10.407487 -10.183949 -7.700338 -6.382228
-0.196759 9.888550 0.000211 0.002750 0.061198 -0.334532 -27.559111 9.860153 10.176012 -9.943891 -8.731413 -7.038981
-0.176431 9.979376 0.000095 0.001042 0.061198 -0.359246 -24.823256 9.987084 10.068678 -12.853856 -9.376455 -8.748712
-0.159956 9.979655 0.000026 0.000472 0.055374 -0.425805 -22.353699 9.722273 9.808337 -15.620318 -11.113668 -11.070755
-0.152372 9.976873 0.000028 -0.000893 0.050104 -0.511429 -20.105605 9.854693 9.499330 -15.723026 -13.348499 -12.028984
-0.141668 9.978497 -0.000103 -0.002539 0.045336 -0.539053 -18.054857 9.905847 9.375553 -15.490599 -14.069497 -12.217187
-0.148019 9.911519 -0.000156 -0.002840 0.041965 -0.538864 -16.197493 9.813302 9.326395 -13.726636 -14.064559 -11.185874
-0.187128 9.812199 -0.000144 -0.002574 0.041965 -0.520991 -14.519338 9.835750 9.399409 -5.387951 -13.598068 -7.804275
-0.213495 9.721964 -0.000130 -0.001709 0.041965 -0.428562 -13.034921 10.224580 10.025310 -4.238490 -11.185630 -6.035104
-0.212358 9.666211 -0.000060 0.001903 0.041965 -0.354974 -11.752903 9.721840 10.491724 -11.463530 -9.264951 -7.067954
-0.202351 9.724109 0.000227 0.004067 0.061094 -0.392567 -10.626899 9.566953 10.255991 -10.880145 -10.246142 -7.640092
-0.190988 9.844813 0.000204 0.002179 0.061094 -0.408019 -9.622616 10.021259 10.169030 -9.590779 -10.649450 -7.542546
-0.180971 9.854056 0.000045 0.001669 0.061094 -0.392125 -8.719428 9.796842 10.214082 -13.544606 -10.234627 -9.092644
-0.171778 9.826684 0.000125 0.002053 0.061094 -0.446959 -7.903069 9.611225 9.936009 -15.739910 -11.665811 -10.935895
-0.162197 9.865552 0.000098 0.000373 0.061094 -0.517253 -7.094693 9.774429 9.634379 -14.026737 -13.500503 -10.928446
-0.158214 9.867849 -0.000040 -0.001237 0.061094 -0.507619 -6.295044 9.904534 9.619676 -12.664515 -13.249069 -10.179109
-0.180562 9.776654 -0.000083 -0.000832 0.061094 -0.485059 -5.535028 9.716618 9.677641 -7.674952 -12.660233 -7.882360
-0.196727 9.696757 -0.000011 -0.000101 0.061094 -0.413570 -4.876980 10.041336 10.040021 -6.466614 -10.794350 -6.474654
-0.185965 9.683592 0.000000 0.001889 0.061094 -0.345108 -4.405270 9.710319 10.317302 -11.604619 -9.007454 -7.652098
-0.172421 9.748168 0.000181 0.003016 0.061094 -0.389959 -4.005296 9.590654 10.072596 -11.466410 -10.178095 -8.274738
-0.161256 9.834152 0.000145 0.001263 0.061094 -0.408922 -3.577474 9.935797 9.955598 -11.952033 -10.673029 -8.855303
-0.150015 9.836687 0.000008 0.000630 0.055280 -0.425160 -3.152232 9.664918 9.851227 -14.753271 -11.096846 -10.861687
-0.148109 9.817075 0.000057 0.000181 0.050019 -0.496484 -2.683056 9.674417 9.583428 -14.625868 -12.958426 -11.461916
-0.153380 9.829522 -0.000025 -0.001304 0.045259 -0.519194 -2.120284 9.833039 9.487470 -12.106640 -13.551169 -10.258718
-0.157003 9.801651 -0.000101 -0.001665 0.040952 -0.475941 -1.636671 9.880990 9.623337 -11.482973 -12.422236 -9.575484
-0.171949 9.712398 -0.000075 -0.000472 0.037055 -0.454857 -1.285276 9.645440 9.700158 -9.063947 -11.871957 -8.277641
-0.188095 9.653110 0.000017 0.000249 0.033529 -0.415372 -1.076824 9.862284 9.898491 -6.791072 -10.841384 -6.934224
-0.196155 9.647161 0.000011 0.001332 0.030338 -0.366786 -1.131722 9.767926 10.166222 -8.269898 -9.573258 -6.827060
-0.198246 9.659785 0.000119 0.002683 0.031924 -0.360545 -1.306082 9.667514 10.209820 -9.571315 -9.410364 -7.301735
-0.189046 9.692607 0.000162 0.002741 0.043548 -0.374463 -1.496538 9.701044 10.146461 -11.420997 -9.773624 -8.335703
-0.176262 9.722805 0.000134 0.002245 0.043548 -0.409776 -1.673979 9.621098 9.984980 -13.312293 -10.695313 -9.759187
-0.168867 9.746183 0.000110 0.001265 0.043548 -0.458672 -1.632791 9.657025 9.771875 -13.178530 -11.971526 -10.388953
-0.162594 9.764007 0.000037 0.000042 0.043548 -0.475839 -1.392341 9.762317 9.683814 -12.310771 -12.419588 -10.212807
-0.161575 9.748085 -0.000021 -0.000341 0.043548 -0.460932 -1.034681 9.744567 9.698109 -11.544604 -12.030498 -9.725209
-0.178067 9.704035 -0.000012 -0.000031 0.043548 -0.445636 -0.514676 9.706743 9.733835 -8.015555 -11.631265 -8.065591
-0.193636 9.649542 0.000010 0.000447 0.043548 -0.395039 0.149650 9.865220 9.986845 -6.489112 -10.310669 -6.839604
-0.200219 9.613751 0.000038 0.001977 0.043548 -0.349579 0.466209 9.688899 10.225860 -8.656838 -9.124159 -6.959157
-0.199217 9.629514 0.000161 0.003160 0.043548 -0.351997 0.953580 9.615796 10.200015 -9.753803 -9.187252 -7.480374
-0.187817 9.680756 0.000176 0.002751 0.047219 -0.368411 1.215214 9.691758 10.107124 -11.570158 -9.615666 -8.531047
-0.178144 9.709893 0.000126 0.002105 0.047219 -0.404850 1.324924 9.583078 9.926078 -13.050969 -10.566754 -9.765324
-0.174599 9.714696 0.000105 0.001120 0.047219 -0.447086 1.219740 9.640365 9.725315 -12.666312 -11.669117 -10.226636
-0.171024 9.721754 0.000029 0.000019 0.047219 -0.459552 0.932917 9.714760 9.652855 -11.390845 -11.994488 -9.855859
-0.171969 9.702982 -0.000015 -0.000266 0.047219 -0.439939 0.522758 9.737207 9.701515 -9.946468 -11.482575 -9.004813
-0.190819 9.650111 -0.000008 0.000272 0.047219 -0.413629 -0.122299 9.691504 9.807445 -5.712288 -10.795869 -7.097269
-0.208456 9.623073 0.000037 0.000977 0.047219 -0.355762 0.749744 9.935905 10.156585 -3.322762 -9.285524 -5.490308
-0.211052 9.630580 0.000068 0.002787 0.047219 -0.293783 1.130879 9.817467 10.535131 -6.916575 -7.667863 -5.624147
-0.207527 9.672794 0.000215 0.004569 0.057914 -0.295758 1.532786 9.611379 10.503220 -8.369319 -7.719389 -6.209836
-0.192836 9.751035 0.000268 0.003986 0.072016 -0.315622 1.843561 9.815765 10.381008 -10.360571 -8.237861 -7.337482
-0.173559 9.809665 0.000172 0.003027 0.072016 -0.357149 2.018603 9.651299 10.170388 -13.189217 -9.321719 -9.263945
-0.159871 9.844432 0.000159 0.001727 0.072016 -0.431740 1.826821 9.719294 9.858146 -13.836056 -11.268592 -10.502180
-0.148635 9.882958 0.000046 -0.000131 0.072016 -0.473977 1.228087 9.828245 9.674983 -13.074949 -12.370985 -10.456020
-0.146332 9.879890 -0.000041 -0.001086 0.072016 -0.463876 0.071544 9.870305 9.644573 -11.834930 -12.107351 -9.664148
-0.165861 9.840025 -0.000063 -0.001036 0.072016 -0.437548 -19.338340 9.835499 9.683816 -8.370961 -11.420165 -7.691036
-0.182840 9.804123 -0.000042 -0.000637 0.072016 -0.383113 -17.352974 9.999499 9.916324 -7.156092 -9.999400 -6.531976
-0.182442 9.787317 -0.000022 0.000684 0.072016 -0.338680 -15.607238 9.823161 10.109013 -10.437730 -8.839678 -7.364039
-0.180215 9.806763 0.000087 0.001602 0.072016 -0.369811 -14.056163 9.678095 9.963238 -10.576103 -9.652201 -7.962458
-0.170933 9.847019 0.000087 0.000616 0.072016 -0.390630 -12.658489 9.915355 9.884812 -11.784397 -10.195591 -8.900311
-0.158824 9.849180 -0.000006 0.000189 0.072016 -0.421985 -11.400276 9.681358 9.766368 -14.546980 -11.013969 -10.859152
-0.155389 9.810160 0.000028 -0.000232 0.065163 -0.491543 -10.240659 9.657742 9.515287 -15.769933 -12.829476 -12.335770
-0.155960 9.767701 -0.000040 -0.001337 0.058962 -0.542473 -9.147917 9.643054 9.327914 -15.060922 -14.158756 -12.501842
-0.161889 9.679898 -0.000092 -0.001865 0.053351 -0.544847 -8.137093 9.644141 9.297880 -14.105103 -14.220734 -12.091666
-0.190913 9.555355 -0.000101 -0.001364 0.048274 -0.535411 -7.221660 9.492687 9.331988 -8.838408 -13.974448 -10.035363
-0.231720 9.447836 -0.000047 -0.000614 0.043680 -0.488581 -6.430147 9.783325 9.714943 1.739019 -12.752153 -6.678721
-0.245466 9.382699 -0.000020 0.001760 0.039523 -0.372598 -5.823301 10.110004 10.729525 -4.135043 -9.724960 -5.887702
-0.239596 9.401897 0.000184 0.007035 0.049473 -0.333490 -5.376216 9.239599 11.000950 -8.932691 -8.704218 -6.393098
-0.221516 9.545791 0.000524 0.007711 0.140773 -0.348132 -5.048204 9.774225 10.838914 -10.665973 -9.086396 -7.253336
-0.196251 9.682046 0.000319 0.006130 0.140773 -0.377507 -5.069411 9.494089 10.609014 -15.986048 -9.853093 -9.715742
-0.184508 9.703616 0.000335 0.004797 0.140773 -0.473666 -4.815963 9.427785 10.075021 -16.747787 -12.362870 -11.524854
-0.183247 9.710715 0.000198 0.001930 0.140773 -0.535613 -4.180181 9.620000 9.721532 -13.532534 -13.979712 -11.198067
-0.179339 9.696972 0.000036 0.000130 0.140773 -0.515330 -3.335207 9.790884 9.751410 -12.943601 -13.450306 -10.775450
-0.189115 9.624271 -0.000006 0.000674 0.140773 -0.495757 -2.418038 9.527619 9.775334 -2.486128 -12.939446 -6.551778
-0.205433 9.557666 0.000079 0.001153 0.140773 -0.355973 -1.356965 10.337548 10.509411 9.759023 -9.291026 -0.432237
-0.208842 9.552084 0.000056 0.005073 0.140773 -0.118185 -0.444586 10.301157 11.791122 10.600296 -3.084665 3.682553
-0.203750 9.651273 0.000447 0.011339 0.140773 0.057043 1.189043 10.120878 12.566650 11.481170 1.488840 6.731144
-0.179692 9.887829 0.000732 0.014194 0.196797 0.220421 0.623482 10.423902 13.021279 11.551689 5.753086 8.979897
-0.142391 10.177692 0.000780 0.015068 0.209660 0.363157 -0.915114 10.400002 13.156198 10.888169 9.478529 9.861185
-0.108483 10.437311 0.000830 0.014407 0.223083 0.406802 1.721362 10.569085 12.986235 12.484508 10.617690 11.245016
-0.071198 10.691485 0.000732 0.012159 0.223083 0.469189 -0.760101 10.924388 12.891743 14.174318 12.246008 12.876594
-0.040996 10.943879 0.000600 0.010321 0.223083 0.537461 6.095450 11.098901 12.836386 17.100258 14.027957 15.211747
-0.031459 11.203324 0.000533 0.008653 0.223083 0.622700 4.490956 11.509010 12.895228 16.618747 16.252728 16.045650
0.001157 11.524703 0.000430 0.007262 0.223083 0.643967 2.961627 11.563723 12.784641 8.308999 16.807789 12.490051
0.071002 11.919249 0.000381 0.004586 0.223083 0.503980 1.741440 11.589151 12.083583 -0.053925 13.154083 6.766359
0.121697 12.301768 0.000166 -0.001156 0.223083 0.288724 -0.598885 11.916837 11.150376 -2.349591 7.535815 3.097686
0.137373 12.421576 -0.000209 -0.006736 0.223083 0.143432 9.995544 12.110588 10.562716 -5.669567 3.743644 -0.247352
0.147484 12.238979 -0.000444 -0.008882 0.223083 0.010070 8.305682 11.661056 10.049705 -13.332533 0.262820 -5.682800
0.148252 11.971279 -0.000467 -0.010182 0.223083 -0.204881 6.425923 11.236425 9.258829 -13.269515 -5.347468 -8.032858
0.120573 11.720002 -0.000579 -0.013041 0.223083 -0.306758 3.982708 11.534048 8.932130 -12.053795 -8.006506 -8.552489
0.075269 11.464809 -0.000767 -0.013420 0.206319 -0.354374 0.893458 11.116772 8.892753 -11.597484 -9.249299 -8.911757
0.023682 11.177847 -0.000659 -0.012108 0.206319 -0.396487 -5.988152 11.056917 8.951473 -11.548423 -10.348475 -9.464028
-0.029728 10.884044 -0.000627 -0.010240 0.206319 -0.444124 -5.024483 10.658980 9.057966 -10.276783 -11.591810 -9.475215
-0.070772 10.621897 -0.000480 -0.008287 0.206319 -0.459317 -4.776156 10.687315 9.309444 -9.303462 -11.988361 -9.229939
-0.096869 10.404825 -0.000416 -0.005804 0.206319 -0.450618 -5.204078 10.372969 9.613118 -10.867932 -11.761303 -10.154345
-0.115364 10.230670 -0.000234 -0.003272 0.206319 -0.480511 -5.838366 10.181427 9.739470 -13.236476 -12.541520 -11.950117
-0.124149 10.103606 -0.000140 -0.001929 0.206319 -0.541036 -6.247044 9.991100 9.725634 -15.144674 -14.121259 -13.756620
-0.140579 9.986816 -0.000087 -0.001384 0.206319 -0.599808 -6.277792 9.909390 9.677752 -15.226171 -15.655238 -14.402465
-0.168554 9.876705 -0.000077 -0.001054 0.206319 -0.616655 -5.924870 9.881581 9.728672 -15.303693 -16.094932 -14.725943
-0.196826 9.809187 -0.000053 -0.000427 0.206319 -0.627481 -5.564471 9.808483 9.793935 -4.831891 -16.377498 -11.348643
-0.219820 9.760465 -0.000012 0.000177 0.206319 -0.523365 -5.358290 10.556874 10.625411 11.430516 -13.660039 -5.198656
-0.229807 9.699883 0.000014 0.004904 0.186685 -0.295903 -5.391066 10.828502 12.347071 11.060947 -7.723175 -1.218638
-0.231392 9.722120 0.000445 0.013909 0.168920 -0.131646 -5.442183 10.195230 13.442791 11.325019 -3.436017 1.785266
-0.221180 9.952021 0.000960 0.018497 0.258174 0.005892 -5.325232 10.824774 14.161034 12.136376 0.153780 4.398025
-0.199531 10.288468 0.000991 0.020520 0.266572 0.139762 -5.173081 10.725843 14.640198 10.616443 3.647847 6.084178
-0.180534 10.596307 0.001167 0.021428 0.313910 0.226970 -4.834396 10.996553 14.739684 11.499762 5.924012 7.702701
-0.153652 10.891591 0.001122 0.020390 0.313910 0.322265 -4.203357 11.210785 14.758038 11.794191 8.411254 8.922412
-0.110455 11.161440 0.001068 0.019058 0.313910 0.386093 -3.237923 11.366573 14.642987 11.370062 10.077169 9.437627
-0.072319 11.416812 0.000991 0.017095 0.313910 0.425478 -1.492772 11.550489 14.413854 13.589965 11.105143 11.098222
-0.045267 11.683985 0.000871 0.014465 0.313910 0.497649 3.365699 11.970451 14.320536 15.280351 12.988826 12.889517
-0.009543 11.971640 0.000721 0.012446 0.313910 0.569343 0.775043 12.138283 14.251339 13.184571 14.860083 12.975365
0.033716 12.282986 0.000652 0.010430 0.313910 0.580084 -9.290877 12.277597 13.933353 12.199567 15.140422 12.775014
0.073180 12.624756 0.000517 0.006934 0.313910 0.574330 -7.429386 12.689840 13.589850 12.509834 14.990234 12.948025
0.125869 12.954590 0.000293 0.003366 0.313910 0.587254 -5.497809 12.987041 13.346975 7.170117 15.327559 10.700150
0.172956 13.174358 0.000131 0.000915 0.313910 0.534173 -3.190432 12.734374 12.739877 -0.351096 13.942117 7.424810
0.187584 13.206614 0.000024 -0.002473 0.313910 0.424899 1.272818 12.550913 11.753057 1.349836 11.090025 6.187535
0.175495 13.053721 -0.000216 -0.006892 0.284037 0.354754 -11.307935 12.751689 11.178844 4.482598 9.259209 6.258430
0.151812 12.823830 -0.000449 -0.008716 0.257008 0.325240 -8.967647 12.536163 10.997962 6.019071 8.488896 6.715957
0.137072 12.632974 -0.000443 -0.008664 0.232550 0.315655 -6.990923 12.531838 10.982879 6.540920 8.238724 6.929140
0.131775 12.518880 -0.000449 -0.008139 0.210420 0.306356 -5.451766 12.385751 11.013716 6.895388 7.996011 7.042769
