0.000000 0.001094 0.000000 0.000000 0.000000 0.000000 0.000000 0.000000 0.000000 10.411497 0.000000 10.411497
0.000000 0.001933 0.000000 0.000000 0.000000 0.000000 0.000000 0.000000 0.000000 10.412000 0.000000 10.412000
0.000000 0.009257 0.000000 0.000000 0.000000 0.000000 0.000000 0.000000 0.000000 10.412063 0.000000 10.412063
0.000000 0.151049 0.000000 0.000000 0.000000 0.000000 0.000000 0.000000 0.000000 10.412013 0.000000 10.412013
0.000000 0.510545 0.000000 0.000000 0.000000 0.000000 0.000000 0.000000 0.000000 10.412220 0.000000 10.412220
0.000000 0.932546 0.000000 0.000000 0.000000 0.000000 0.000000 0.000000 0.000000 10.412408 0.000000 10.412408
1.005798 1.087617 0.000000 0.000000 0.000000 0.000000 0.000000 0.000000 0.000000 10.415705 0.000000 10.415705
0.000000 0.986127 0.000000 0.000000 0.000000 0.000000 0.000000 0.000000 0.000000 10.413053 0.000000 10.413053
0.000000 0.926876 0.000000 0.000000 0.000000 0.000000 0.000000 0.000000 0.000000 10.412173 0.000000 10.412173
0.000000 0.933742 0.000000 0.000000 0.000000 0.000000 0.000000 0.000000 0.000000 10.420675 0.000000 10.420675
0.000000 0.970124 0.000000 0.000000 0.000000 0.000000 0.000000 0.000000 0.000000 10.419936 0.000000 10.419936
0.799986 1.019636 0.000000 0.000000 0.000000 0.000000 0.000000 0.000000 0.000000 10.425248 0.000000 10.425248
0.680785 1.068914 0.000000 0.000000 0.000000 0.000000 0.000000 0.000000 0.000000 10.426035 0.000000 10.426035
0.570764 1.123373 0.000000 0.000000 0.000000 0.000000 0.000000 0.000000 0.000000 10.401740 0.000000 10.401740
0.474556 1.177406 0.000000 0.000000 0.000000 0.000000 0.000000 0.000000 0.000000 10.383395 0.000000 10.383395
0.367307 1.232340 0.000000 0.000000 0.000000 0.000000 0.000000 0.000000 0.000000 10.382775 0.000000 10.382775
0.251700 1.284991 0.000000 0.000000 0.000000 0.000000 0.000000 0.000000 0.000000 10.387423 0.000000 10.387423
0.154941 1.355424 0.000000 0.000000 0.000000 0.000000 0.000000 0.000000 0.000000 10.395518 0.000000 10.395518
0.090412 1.434438 0.000000 0.000000 0.000000 0.000000 0.000000 0.000000 0.000000 10.390106 0.000000 10.390106
0.065594 1.523199 0.000000 0.000000 0.000000 0.000000 0.000000 0.000000 0.000000 10.374277 0.000000 10.374277
0.068179 1.632054 0.000000 0.000000 0.000000 0.000000 0.000000 0.000000 0.000000 10.380496 0.000000 10.380496
0.080103 1.745810 0.000000 0.000000 0.000000 0.000000 0.000000 0.000000 0.000000 10.392655 0.000000 10.392655
0.088348 1.860775 0.000000 0.000000 0.000000 0.000000 0.000000 0.000000 0.000000 10.408133 0.000000 10.408133
0.089760 1.976507 0.000000 0.000000 0.000000 0.000000 0.000000 0.000000 0.000000 10.412430 0.000000 10.412430
0.090741 2.093108 0.000000 0.000000 0.000000 0.000000 0.000000 0.000000 0.000000 10.394488 0.000000 10.394488
0.094736 2.214570 0.000000 0.000000 0.000000 0.000000 0.000000 0.000000 0.000000 10.391838 0.000000 10.391838
0.105021 2.330177 0.000000 0.000000 0.000000 0.000000 0.000000 0.000000 0.000000 10.392838 0.000000 10.392838
0.108579 2.434461 0.000000 0.000000 0.000000 0.000000 0.000000 0.000000 0.000000 10.395787 0.000000 10.395787
0.100196 2.538471 0.000000 0.000000 0.000000 0.000000 0.000000 0.000000 0.000000 10.411631 0.000000 10.411631
0.093335 2.640791 0.000000 0.000000 0.000000 0.000000 0.000000 0.000000 0.000000 10.410871 0.000000 10.410871
0.087631 2.735038 0.000000 0.000000 0.000000 0.000000 0.000000 0.000000 0.000000 10.400687 0.000000 10.400687
0.078116 2.832445 0.000000 0.000000 0.000000 0.000000 0.000000 0.000000 0.000000 10.401220 0.000000 10.401220
0.122606 3.107993 0.000000 0.000000 0.000000 0.000000 0.000000 0.000000 0.000000 10.404992 0.000000 10.404992
0.110837 3.180096 0.000000 0.000000 0.000000 0.000000 0.000000 0.000000 0.000000 10.403183 0.000000 10.403183
0.054506 3.105431 0.000000 0.000000 0.000000 0.000000 0.000000 0.000000 0.000000 10.402948 0.000000 10.402948
0.055634 3.221847 0.000000 0.000000 0.000000 0.000000 0.000000 0.000000 0.000000 10.400724 0.000000 10.400724
0.059644 3.334685 0.000000 0.000000 0.000000 0.000000 0.000000 0.000000 0.000000 10.398360 0.000000 10.398360
0.059921 3.445015 0.000000 0.000000 0.000000 0.000000 0.000000 0.000000 0.000000 10.403093 0.000000 10.403093
0.061839 3.567615 0.000000 0.000000 0.000000 0.000000 0.000000 0.000000 0.000000 10.405255 0.000000 10.405255
0.061591 3.694938 0.000000 0.000000 0.000000 0.000000 0.000000 0.000000 0.000000 10.404842 0.000000 10.404842
0.055698 3.809513 0.000000 0.000000 0.000000 0.000000 0.000000 0.000000 0.000000 10.402391 0.000000 10.402391
0.051833 3.916459 0.000000 0.000000 0.000000 0.000000 0.000000 0.000000 0.000000 10.403777 0.000000 10.403777
0.053756 4.030442 0.000000 0.000000 0.000000 0.000000 0.000000 4.030442 4.030442 10.407794 0.000000 10.407794
0.055203 4.150250 0.000000 -0.000430 0.000000 0.479459 0.000000 5.145647 4.941973 10.409288 15.446506 10.409288
0.051650 4.268865 -0.000041 0.002417 0.011010 0.148489 0.000815 3.132070 -92.741156 10.413902 4.783814 10.413902
0.047754 4.377559 0.000263 -0.348784 0.070611 0.359032 0.035413 5.860562 -82.542674 10.412027 11.566781 10.412027
0.045013 4.483712 -0.000188 -0.312540 0.070611 0.235285 -7.158800 3.282426 -73.939841 10.407441 7.580090 10.407441
0.041055 4.596525 0.000300 -0.282049 0.080774 0.302928 -6.406815 5.892173 -65.841835 10.416105 9.759299 10.416105
0.042339 4.718647 -0.000177 -0.253405 0.080774 0.267846 -5.692666 3.836594 -58.729019 10.416389 8.629063 10.416389
0.044088 4.830771 0.000241 -0.228264 0.080774 0.285781 -5.080197 5.780593 -52.218561 10.412822 9.206878 10.412822
0.076193 5.112559 -0.000122 -0.205894 0.080774 0.277080 -4.494104 4.682363 -46.381219 16.503495 8.926567 16.503495
0.068734 5.188001 0.000118 -0.185202 0.080774 0.545136 -3.968828 6.247388 -40.569419 16.258464 17.562393 16.258464
0.036555 5.126198 -0.000066 -0.164108 0.080774 0.435000 -3.460769 4.116547 -36.112557 15.997485 14.014193 15.997485
0.049307 5.313154 0.000323 -0.148773 0.086940 0.462544 -3.016334 6.441856 -31.798569 15.743390 14.901592 15.743390
0.058472 5.486390 -0.000116 -0.133902 0.086940 0.442334 -2.553791 4.794774 -27.997316 15.476109 14.250479 15.476109
0.063966 5.625300 0.000221 -0.120750 0.086940 0.437408 -2.117628 6.395653 -24.529123 15.179275 14.091787 15.179275
0.071167 5.781832 -0.000084 -0.108856 0.086940 0.427555 -1.621315 5.384768 -21.404035 14.996533 13.774354 14.996533
0.072741 5.920834 0.000134 -0.098132 0.086940 0.422566 -1.051858 6.455320 -18.565915 14.850772 13.613628 14.850772
0.070857 6.066317 -0.000062 -0.088462 0.086940 0.416238 -0.410959 5.862040 -15.995765 14.634756 13.409746 14.634756
0.064906 6.216849 0.000077 -0.079773 0.086940 0.404823 0.670529 6.606574 -13.668625 14.445677 13.042017 14.445677
0.058220 6.348770 -0.000052 -0.071889 0.086940 0.394675 0.224683 6.263846 -11.545567 13.995263 12.715073 13.995263
0.054416 6.485236 0.000041 -0.064754 0.086940 0.377257 -0.342270 6.772995 -9.631839 13.403905 12.153920 13.403905
0.051369 6.616278 -0.000038 -0.058352 0.086940 0.357194 0.525041 6.598941 -7.898991 13.014512 11.507580 13.014512
0.049111 6.739423 0.000019 -0.052571 0.086940 0.346319 -0.250113 6.982053 -6.304905 12.633877 11.157215 12.633877
0.044610 6.861893 -0.000031 -0.047286 0.078666 0.335223 1.369255 6.893393 -4.860596 12.213650 10.799749 12.213650
0.037317 6.990121 0.000013 -0.042560 0.071180 0.322209 0.979720 7.189708 -3.553321 11.865359 10.380478 11.865359
0.030530 7.113698 -0.000021 -0.038309 0.064407 0.310234 0.586149 7.181228 -2.358280 11.433132 9.994689 11.433132
0.026349 7.239000 0.000007 -0.034467 0.058278 0.296676 0.145290 7.409543 -1.274227 10.787829 9.557871 10.787829
0.031020 7.431540 -0.000014 -0.031265 0.052732 0.277436 -1.597874 7.555444 -0.297344 10.268922 8.938046 10.268922
0.026885 7.542001 -0.000020 -0.028154 0.047714 0.262141 -1.261301 7.646275 0.601619 9.931311 8.445289 9.931311
0.018175 7.600868 -0.000013 -0.025137 0.043173 0.253618 -0.948659 7.692980 1.429981 9.747136 8.170688 9.747136
0.019249 7.728879 0.000003 -0.022621 0.039065 0.249995 -0.675987 7.893851 2.196124 9.627341 8.053975 9.627341
0.020237 7.847272 -0.000009 -0.020295 0.035347 0.248961 -0.488683 7.945996 2.897225 9.319270 8.020681 9.319270
0.019678 7.956665 0.000008 -0.018170 0.031983 0.243194 -0.362280 8.077437 3.515407 9.020179 7.834877 9.020179
0.017253 8.049901 0.000003 -0.016285 0.028940 0.236426 -0.210572 8.130318 4.071303 8.777230 7.616834 8.777230
0.047410 8.414094 0.000012 -0.015596 0.026186 0.229569 -0.020140 8.741408 4.605875 8.716427 7.395913 8.628821
0.038725 8.434043 -0.000086 -0.013748 0.023694 0.228625 1.109501 8.302284 5.102825 8.557579 7.365515 8.438381
0.002605 8.217068 0.000027 -0.011184 0.021439 0.227654 0.999275 8.251925 5.517280 8.255150 7.334235 8.144409
0.004270 8.323914 0.000054 -0.010080 0.019399 0.221330 0.903511 8.461100 5.877538 7.254670 7.130479 7.287268
0.005584 8.412007 0.000024 -0.009102 0.017553 0.196597 0.822174 8.383466 6.141719 6.294027 6.333691 6.357731
0.006418 8.485251 0.000039 -0.008416 0.015882 0.169980 0.753109 8.563250 6.372644 5.423426 5.476164 5.489141
0.006276 8.552705 0.000000 -0.007829 0.014371 0.145177 0.685439 8.539711 6.586092 4.429479 4.677104 4.542804
0.005121 8.612740 0.000004 -0.007278 0.013003 0.117337 0.623527 8.649761 6.767354 3.264807 3.780188 3.452423
0.002377 8.664024 -0.000022 -0.006812 0.011766 0.084247 0.553696 8.630890 6.912477 1.801882 2.714138 2.108306
-0.004052 8.691082 -0.000024 -0.006388 0.010646 0.041936 0.469534 8.660389 7.011491 0.301934 1.351041 0.672938
-0.011802 8.705230 -0.000043 -0.006083 0.011455 -0.004178 0.351707 8.650428 7.090190 -0.819073 -0.134591 -0.509309
-0.019595 8.704395 -0.000054 -0.005797 0.014485 -0.041751 0.190659 8.688408 7.192450 -1.927196 -1.345085 -1.625235
-0.027317 8.691857 -0.000067 -0.005385 0.018066 -0.076312 -0.125355 8.644304 7.292079 -2.712820 -2.458512 -2.477336
-0.035541 8.662368 -0.000062 -0.004921 0.018066 -0.101796 0.370937 8.654839 7.407128 -3.404122 -3.279532 -3.198152
-0.043120 8.620495 -0.000062 -0.004358 0.018066 -0.122005 0.241384 8.582251 7.517696 -4.324028 -3.930597 -4.061543
-0.030768 8.747735 -0.000045 -0.004417 0.018066 -0.145649 0.150931 8.846118 7.606696 -4.919533 -4.692316 -4.691643
-0.042587 8.634790 -0.000097 -0.003692 0.026053 -0.162158 0.078704 8.446089 7.689867 -5.650623 -5.224169 -5.377669
-0.071394 8.353307 -0.000015 -0.002383 0.026053 -0.180331 -0.015314 8.242223 7.719352 -6.428605 -5.809648 -6.114564
-0.077527 8.272999 0.000018 -0.001988 0.026053 -0.200255 2.247679 8.244123 7.721220 -6.812466 -6.451515 -6.525683
-0.080594 8.203618 0.000006 -0.001732 0.026053 -0.208962 2.002272 8.140017 7.738263 -7.112843 -6.732035 -6.819510
-0.084714 8.124093 0.000019 -0.001386 0.026053 -0.214105 1.782148 8.078440 7.743932 -7.189900 -6.897725 -6.904798
-0.092197 8.020462 0.000022 -0.000993 0.026053 -0.213752 1.593628 7.948827 7.746333 -7.357575 -6.886364 -7.050371
-0.102328 7.894989 0.000040 -0.000534 0.026053 -0.216580 1.444405 7.811191 7.720471 -7.783157 -6.977466 -7.435519
-0.113354 7.767129 0.000055 -0.000168 0.026053 -0.228622 1.324937 7.662243 7.655501 -8.391178 -7.365414 -8.006042
-0.113034 7.738230 0.000065 -0.000297 0.026053 -0.246983 1.217996 7.710362 7.575116 -9.010776 -7.956946 -8.593222
-0.100471 7.813739 0.000032 -0.000857 0.026053 -0.265448 1.109078 7.805357 7.507896 -9.398709 -8.551837 -8.969489
-0.089436 7.877644 -0.000006 -0.001328 0.026053 -0.277427 0.997686 7.862279 7.471675 -9.690369 -8.937749 -9.251474
-0.085172 7.898349 -0.000030 -0.001532 0.023574 -0.287215 0.896131 7.862155 7.449293 -9.744476 -9.253077 -9.320640
-0.082191 7.896664 -0.000040 -0.001607 0.021330 -0.290704 0.826988 7.881800 7.451559 -10.351932 -9.365493 -9.866699
-0.077823 7.889040 -0.000048 -0.001571 0.019301 -0.308244 0.801659 7.809574 7.410048 -11.672640 -9.930578 -11.072218
-0.076370 7.871857 -0.000046 -0.001659 0.017464 -0.347107 0.724092 7.771115 7.305662 -12.371453 -11.182599 -11.783231
-0.074607 7.841824 -0.000062 -0.001926 0.016799 -0.370010 0.584889 7.795637 7.256525 -12.462178 -11.920455 -11.922128
-0.070765 7.791108 -0.000081 -0.001920 0.021698 -0.372195 0.434051 7.740664 7.263162 -12.376536 -11.990843 -11.854594
-0.064976 7.743764 -0.000071 -0.001726 0.021698 -0.365892 0.231941 7.712909 7.277887 -12.148765 -11.787797 -11.636196
-0.057155 7.711429 -0.000066 -0.001557 0.021698 -0.354527 -0.078756 7.679047 7.290042 -11.863210 -11.421633 -11.348160
-0.044993 7.688278 -0.000059 -0.001430 0.021698 -0.341258 0.747787 7.657497 7.291700 -11.464569 -10.994151 -10.949300
-0.032136 7.638496 -0.000056 -0.001245 0.021698 -0.323037 0.584229 7.582637 7.285721 -10.783189 -10.407140 -10.282785
-0.020588 7.570120 -0.000045 -0.001021 0.021698 -0.295915 0.389779 7.527604 7.281659 -9.735004 -9.533356 -9.264477
-0.010947 7.500370 -0.000036 -0.000785 0.021698 -0.258757 0.137437 7.461155 7.286102 -8.589194 -8.336277 -8.124405
-0.007157 7.404585 -0.000023 -0.000426 0.021698 -0.220199 -0.311917 7.337470 7.276090 -7.622923 -7.094070 -7.132350
-0.005165 7.310500 -0.000002 -0.000124 0.021698 -0.189130 -0.207868 7.243215 7.233822 -6.813087 -6.093135 -6.297650
-0.002046 7.224312 0.000008 0.000034 0.021698 -0.164815 -0.229275 7.146963 7.170645 -6.052135 -5.309775 -5.524430
0.046752 7.454946 0.000013 -0.001021 0.021698 -0.139701 -0.331150 7.637170 7.134913 -4.843778 -4.500701 -4.345775
0.043340 7.288846 -0.000093 -0.000553 0.025060 -0.102277 -0.418258 6.980535 7.120654 -3.440224 -3.295024 -2.965976
0.001883 6.855676 0.000035 0.000952 0.025060 -0.060131 -0.572220 6.743238 7.081606 -2.272348 -1.937206 -1.801362
0.077300 7.315348 0.000074 -0.000839 0.025060 -0.020220 -0.717933 7.744070 7.076014 -1.542084 -0.651418 -1.048431
0.060581 7.136645 -0.000128 -0.000218 0.034550 -0.003026 -0.798707 6.573724 7.005097 -1.151173 -0.097483 -0.631115
-0.018577 6.520631 0.000091 0.001740 0.034550 -0.000040 -0.857130 6.387086 6.865579 -0.867409 -0.001281 -0.322046
-0.009200 6.501409 0.000101 0.001308 0.034550 0.005220 -0.826500 6.518008 6.754302 -0.497929 0.168157 0.061288
0.001952 6.490186 0.000052 0.000949 0.034550 0.015112 -0.666467 6.410358 6.670321 -0.158733 0.486842 0.405315
0.008857 6.469342 0.000057 0.000722 0.034550 0.024373 -0.339877 6.460732 6.594425 0.169081 0.785200 0.736936
0.011829 6.439181 0.000031 0.000558 0.034550 0.032064 0.445204 6.368689 6.525650 0.517624 1.032998 1.088297
0.012392 6.409358 0.000036 0.000418 0.034550 0.040044 -0.126304 6.397349 6.469476 0.482049 1.290081 1.047041
0.008845 6.382716 0.000018 0.000312 0.034550 0.033124 1.773095 6.301171 6.390962 0.566461 1.067143 1.146408
0.004809 6.354545 0.000021 0.000131 0.034550 0.030664 1.464018 6.353970 6.344046 0.774478 0.987897 1.353915
0.039135 6.564701 0.000001 -0.000792 0.034550 0.033856 1.202021 6.714840 6.347666 1.124130 1.090709 1.689583
0.028955 6.476206 -0.000071 -0.000462 0.034550 0.042513 0.996191 6.288186 6.363408 1.594846 1.369632 2.135049
-0.010437 6.198105 0.000017 0.000594 0.031262 0.056404 0.876262 6.145505 6.366343 1.970851 1.817147 2.471546
-0.000884 6.223156 0.000047 0.000514 0.028287 0.067932 0.841375 6.298561 6.365309 2.248111 2.188520 2.714948
0.012498 6.271848 0.000016 0.000336 0.025596 0.077555 0.832912 6.255628 6.361114 2.498143 2.498546 2.937950
0.025265 6.316890 0.000023 0.000159 0.023160 0.086575 0.795861 6.365866 6.356656 2.766424 2.789139 3.184443
0.036237 6.355124 0.000000 0.000006 0.020956 0.096291 0.727521 6.344567 6.354540 3.196477 3.102158 3.600851
0.047745 6.396732 0.000004 -0.000152 0.018962 0.110941 0.629378 6.446617 6.366911 3.617620 3.574152 3.995704
0.057597 6.429882 -0.000014 -0.000226 0.017157 0.124831 0.536201 6.420251 6.376965 3.936794 4.021641 4.287683
0.065502 6.464700 -0.000007 -0.000315 0.015524 0.134243 0.418440 6.492926 6.378405 4.243350 4.324837 4.581767
0.075882 6.530016 -0.000022 -0.000544 0.014047 0.142552 0.286952 6.552645 6.386523 4.514622 4.592552 4.841017
0.087769 6.617522 -0.000032 -0.000830 0.012710 0.148631 0.133167 6.662688 6.402888 4.757919 4.788385 5.075306
0.100192 6.704707 -0.000052 -0.001084 0.013857 0.153840 -0.057082 6.735688 6.430436 4.890118 4.956192 5.191701
0.115734 6.809876 -0.000061 -0.001363 0.016399 0.156229 0.308934 6.863516 6.462670 5.151630 5.033169 5.453462
0.124845 6.866824 -0.000081 -0.001451 0.021655 0.164398 0.177730 6.879710 6.513324 5.604665 5.296330 5.898690
0.118952 6.810165 -0.000074 -0.001066 0.021655 0.178959 -0.037985 6.781178 6.569657 6.018539 5.765428 6.280237
0.108516 6.718813 -0.000043 -0.000536 0.021655 0.191431 -0.227259 6.690797 6.606449 6.222514 6.167260 6.446282
0.098767 6.662102 -0.000018 -0.000200 0.021655 0.196293 -0.359122 6.643922 6.616790 6.197875 6.323899 6.396528
0.091754 6.634460 -0.000006 -0.000063 0.021655 0.191992 -0.375976 6.615999 6.607665 5.697921 6.185336 5.870917
0.092206 6.678555 -0.000002 -0.000255 0.021655 0.172329 -0.254314 6.686473 6.572626 5.666874 5.551835 5.887942
0.083520 6.656555 -0.000024 -0.000301 0.021655 0.168921 0.253919 6.642563 6.590962 7.747327 5.442060 8.058391
0.065429 6.582037 -0.000011 0.000032 0.021655 0.236841 -0.046673 6.732862 6.789315 8.380616 7.630191 8.505299
0.054363 6.596938 0.000011 0.000691 0.021655 0.246476 0.863684 6.553059 6.834937 8.768664 7.940620 8.853636
0.049819 6.645412 0.000056 0.000681 0.021655 0.253235 0.834982 6.790863 6.887552 8.512630 8.158363 8.548010
0.042462 6.684838 0.000019 0.000728 0.021655 0.240320 0.843816 6.630637 6.897900 8.299035 7.742294 8.315698
0.036416 6.726380 0.000054 0.000616 0.019595 0.230347 0.799928 6.851093 6.928868 8.120157 7.421002 8.107634
0.031892 6.774882 0.000016 0.000553 0.017730 0.223232 0.744420 6.774341 6.973897 8.152032 7.191769 8.100325
0.024796 6.811470 0.000040 0.000583 0.016043 0.222963 0.652965 6.924169 7.040651 8.234649 7.183106 8.136287
0.021851 6.863603 0.000024 0.000636 0.014516 0.225051 0.587008 6.906036 7.113831 8.076524 7.250364 7.943440
0.047147 7.116587 0.000042 -0.000010 0.013135 0.219778 0.498711 7.356434 7.185512 8.027566 7.080490 7.854610
0.040434 7.129550 -0.000034 0.000201 0.011885 0.219507 0.389728 7.029899 7.261772 7.944493 7.071765 7.739515
0.014755 6.994678 0.000047 0.000959 0.012635 0.219508 0.247077 7.041931 7.310493 7.876001 7.071799 7.644153
0.050116 7.312398 0.000055 -0.000007 0.014669 0.218589 0.002183 7.598280 7.380191 7.566034 7.042194 7.329135
0.043020 7.317620 -0.000043 0.000225 0.014669 0.214843 -15.817896 7.138369 7.419210 7.134272 6.921496 6.910670
0.010219 7.131847 0.000057 0.001032 0.015312 0.203396 -14.231503 7.145020 7.408864 7.080761 6.552721 6.828059
0.030278 7.335790 0.000054 0.000262 0.015312 0.201180 -12.799823 7.534044 7.447195 7.464316 6.481326 7.152594
0.030471 7.387730 -0.000017 0.000214 0.015312 0.212707 -11.510973 7.355639 7.526209 7.681887 6.852689 7.354664
0.015316 7.341000 0.000035 0.000665 0.015312 0.220116 -10.356094 7.400957 7.579356 7.899477 7.091376 7.550780
0.016226 7.429529 0.000037 0.000538 0.015312 0.225520 -9.318252 7.522231 7.634218 8.152985 7.265479 7.772492
0.016797 7.514526 0.000023 0.000430 0.015312 0.231295 -8.388279 7.585069 7.698956 8.107138 7.451518 7.733650
0.049305 7.856282 0.000024 -0.000565 0.015312 0.227989 -7.555265 8.129919 7.771354 7.796701 7.345008 7.439077
0.041248 7.873116 -0.000071 -0.000365 0.019125 0.217740 -6.805067 7.706713 7.820570 7.371365 7.014844 7.023793
0.004198 7.665132 0.000023 0.000558 0.019125 0.204706 -6.132153 7.662681 7.835841 7.128873 6.594921 6.752118
0.004636 7.753888 0.000035 0.000294 0.019125 0.195380 -5.521105 7.873003 7.873795 6.930335 6.294480 6.528637
0.003866 7.825732 0.000001 0.000173 0.019125 0.188220 -4.967782 7.842873 7.923946 6.883250 6.063802 6.437439
0.002600 7.887993 0.000017 0.000129 0.019125 0.185949 -4.468855 7.994915 7.991176 7.034770 5.990648 6.529142
0.004095 7.963413 -0.000000 0.000100 0.019125 0.190131 -4.020861 8.028455 8.078644 6.946313 6.125365 6.458235
0.005176 8.038751 0.000011 0.000143 0.019125 0.189377 -3.621192 8.117944 8.145609 6.779921 6.101092 6.304449
0.006268 8.111442 0.000006 0.000123 0.019125 0.185639 -3.260341 8.164913 8.200864 6.651057 5.980635 6.167638
0.009160 8.182535 0.000008 0.000066 0.019125 0.182865 -2.935043 8.254577 8.256976 6.548259 5.891270 6.058771
0.044616 8.527317 0.000001 -0.000971 0.019125 0.180895 -2.637464 8.802292 8.340794 6.689650 5.827826 6.148161
0.038925 8.515903 -0.000092 -0.000629 0.024817 0.186275 -2.362879 8.361280 8.432792 7.027524 6.001142 6.434819
0.006277 8.269537 0.000014 0.000586 0.024817 0.198174 -2.114152 8.284853 8.505178 7.311948 6.384497 6.720524
0.011410 8.350245 0.000044 0.000556 0.024817 0.208991 -1.895878 8.482719 8.569844 7.595338 6.732983 7.002573
0.016187 8.421891 0.000018 0.000531 0.024817 0.219102 -1.705194 8.447762 8.629583 7.728603 7.058701 7.166894
0.020842 8.488063 0.000037 0.000508 0.024817 0.225583 -1.544193 8.578204 8.673331 7.948587 7.267509 7.379150
0.024835 8.554720 0.000020 0.000426 0.024817 0.233132 -1.395899 8.594799 8.720335 8.107276 7.510717 7.552243
0.027371 8.614755 0.000026 0.000379 0.024817 0.238927 -1.269225 8.682280 8.761338 7.963054 7.697418 7.484366
0.027503 8.671329 0.000016 0.000323 0.024817 0.235968 -1.144389 8.685526 8.775296 7.993990 7.602070 7.494943
0.026998 8.723430 0.000019 0.000186 0.024817 0.234728 -1.020785 8.787626 8.803983 7.803214 7.562139 7.346447
0.027699 8.774083 0.000004 0.000107 0.024817 0.228749 -0.898638 8.784084 8.821830 7.499984 7.369523 7.081173
0.028442 8.834277 0.000008 -0.000045 0.024817 0.219442 -0.749924 8.885707 8.834350 7.536498 7.069665 7.045703
0.028125 8.889868 -0.000010 -0.000199 0.022456 0.217283 -0.568712 8.933546 8.880251 7.369752 7.000124 6.905344
0.027298 8.940116 -0.000010 -0.000215 0.020319 0.211976 -0.395410 8.977319 8.918184 7.221938 6.829126 6.755911
0.026483 8.993657 -0.000012 -0.000271 0.018385 0.206376 -0.199632 9.040678 8.959682 7.056634 6.648716 6.590023
0.026536 9.053160 -0.000016 -0.000336 0.016636 0.200460 0.057259 9.098402 9.004287 6.900512 6.458117 6.427240
0.027788 9.111461 -0.000019 -0.000385 0.015053 0.195347 -0.694728 9.160144 9.053240 6.999123 6.293407 6.454123
0.029941 9.169768 -0.000021 -0.000418 0.013620 0.197065 -0.579750 9.238462 9.125889 7.047539 6.348757 6.496834
0.030979 9.231455 -0.000023 -0.000379 0.012324 0.199264 -0.480876 9.286245 9.196841 7.154928 6.419614 6.586760
0.030869 9.290657 -0.000018 -0.000337 0.011151 0.202231 -0.400016 9.357740 9.269776 7.532888 6.515192 6.874967
0.032041 9.344700 -0.000018 -0.000269 0.010090 0.211618 -0.354747 9.422228 9.365229 7.567901 6.817609 6.971173
0.031529 9.379692 -0.000012 -0.000052 0.009130 0.215515 -0.349942 9.410511 9.431523 7.704763 6.943159 7.097374
0.031737 9.418457 0.000004 0.000047 0.008261 0.220259 -0.343509 9.490640 9.496042 7.847841 7.095977 7.236018
0.033843 9.462607 0.000001 0.000120 0.007475 0.225934 -0.346280 9.505164 9.557683 7.774845 7.278821 7.233212
0.036181 9.504890 0.000010 0.000190 0.006764 0.227201 -0.329458 9.547543 9.595275 8.080137 7.319627 7.460844
0.061034 9.760267 0.000009 -0.000593 0.006120 0.236076 -0.300100 9.996177 9.677505 8.269123 7.605550 7.672390
0.059323 9.753671 -0.000064 -0.000274 0.017252 0.244821 -0.262304 9.617018 9.742475 8.538079 7.887301 7.942040
0.037917 9.574514 0.000025 0.000603 0.017252 0.254051 -0.148009 9.596757 9.781926 8.809324 8.184662 8.218661
0.040007 9.646513 0.000037 0.000486 0.017252 0.261789 -0.001329 9.740307 9.822374 8.735672 8.433927 8.243283
0.041163 9.713317 0.000016 0.000392 0.017252 0.259997 2.558758 9.717805 9.837548 8.605893 8.376204 8.145156
0.041644 9.768571 0.000024 0.000248 0.017252 0.255005 2.297082 9.829036 9.850503 8.348858 8.215382 7.929604
0.041478 9.823141 0.000004 0.000098 0.017252 0.246638 2.057986 9.829962 9.859303 8.618061 7.945833 8.039625
0.074228 10.259297 0.000006 -0.001437 0.017252 0.247875 1.838831 10.660867 9.957403 8.974856 7.985680 8.288440
0.061105 10.212064 -0.000141 -0.000915 0.037979 0.253352 1.659537 9.938516 10.068364 8.913561 8.162147 8.291887
0.017414 9.843331 0.000026 0.000808 0.037979 0.252006 1.518585 9.832128 10.110806 8.398684 8.118765 7.930536
0.016607 9.921354 0.000056 0.000680 0.037979 0.238800 1.414231 10.016928 10.116054 7.744263 7.693308 7.363947
0.015726 10.001716 0.000020 0.000411 0.037979 0.219554 1.285900 9.993950 10.109025 8.088930 7.073269 7.386355
0.012988 10.041071 0.000023 0.000244 0.037979 0.220126 1.137411 10.166552 10.190013 8.093574 7.091719 7.380986
0.010391 10.070182 0.000005 0.000430 0.037979 0.221290 1.019694 10.079678 10.264621 7.689960 7.129202 7.121600
0.010124 10.132540 0.000037 0.000474 0.037979 0.214223 0.889665 10.223297 10.299879 7.575137 6.901522 6.966247
0.011066 10.189410 0.000016 0.000397 0.037979 0.210628 0.750499 10.220520 10.347053 7.144226 6.785725 6.647360
0.011967 10.241809 0.000026 0.000378 0.037979 0.202247 0.586211 10.289825 10.367514 7.308876 6.515704 6.658660
0.012434 10.291048 0.000016 0.000275 0.037979 0.204253 0.355426 10.360580 10.428422 7.016117 6.580336 6.491571
0.013096 10.346330 0.000014 0.000295 0.037979 0.200225 0.037945 10.372594 10.457877 6.780482 6.450572 6.299718
0.013087 10.401316 0.000018 0.000203 0.034365 0.195448 -3.609689 10.452808 10.480735 7.370333 6.296674 6.616406
0.015706 10.456666 0.000006 0.000086 0.031095 0.206241 -3.221278 10.552549 10.571125 7.179864 6.644379 6.614457
0.018218 10.507400 0.000004 0.000229 0.028136 0.207525 -2.881796 10.517563 10.611035 7.115513 6.685751 6.591706
0.023213 10.599906 0.000019 0.000040 0.025458 0.207510 -2.575410 10.702926 10.647067 7.282105 6.685268 6.698908
0.022938 10.644269 -0.000011 0.000010 0.023035 0.211124 -2.301158 10.648928 10.698372 7.247543 6.801705 6.721834
0.017906 10.640554 0.000010 0.000208 0.020843 0.211322 -2.057153 10.672389 10.731124 6.991643 6.808057 6.571481
0.055906 11.124860 0.000012 -0.001414 0.018860 0.205323 -1.837320 11.502704 10.786365 7.042170 6.614790 6.537940
0.045651 11.058255 -0.000144 -0.000976 0.038602 0.203455 -1.631065 10.739635 10.850493 7.683979 6.554636 6.906866
0.002706 10.615787 0.000022 0.000843 0.038602 0.215684 -1.423457 10.614319 10.924632 7.847913 6.948601 7.145092
0.006451 10.686753 0.000062 0.000854 0.038602 0.223787 -1.253755 10.822429 10.978572 7.668321 7.209656 7.131357
0.008669 10.750314 0.000032 0.000820 0.038602 0.223662 -1.104162 10.732265 10.995389 7.437551 7.205617 6.994975
0.010595 10.803217 0.000053 0.000690 0.038602 0.219372 -0.958746 10.880025 10.996218 7.092147 7.067423 6.742823
0.011511 10.857149 0.000024 0.000499 0.038602 0.211399 -0.788110 10.840984 10.984448 7.390649 6.810545 6.832382
0.011295 10.915054 0.000029 0.000249 0.038602 0.213533 -0.580456 11.024448 11.027647 8.028301 6.879286 7.237254
0.011069 10.962600 0.000001 0.000234 0.038602 0.225791 -0.413982 11.012432 11.120452 7.915939 7.274200 7.315852
0.009736 11.004501 0.000022 0.000416 0.038602 0.227675 -0.337283 11.053622 11.164323 7.879913 7.334899 7.317798
0.010219 11.058970 0.000023 0.000378 0.038602 0.227042 -0.296491 11.110355 11.200893 7.800563 7.314506 7.263770
0.011711 11.112544 0.000019 0.000317 0.038602 0.225400 -0.288961 11.156306 11.234069 7.685328 7.261604 7.176983
0.011456 11.161549 0.000016 0.000260 0.034928 0.222762 -0.220347 11.202365 11.263439 7.923132 7.176638 7.283145
0.011082 11.215755 0.000013 0.000171 0.031604 0.225889 -0.177413 11.290987 11.323191 7.387242 7.277361 7.011696
0.009575 11.265296 0.000007 0.000208 0.028597 0.216553 -0.169112 11.254240 11.326898 7.368551 6.976592 6.885275
0.009882 11.311149 0.000015 0.000057 0.025875 0.211923 -0.044555 11.390553 11.359200 7.699486 6.827439 7.014645
0.013323 11.365328 -0.000006 -0.000022 0.023413 0.217130 0.252640 11.420519 11.435185 8.509894 6.995185 7.540018
0.015313 11.400578 0.000004 0.000124 0.021185 0.235937 0.186643 11.515543 11.562641 8.943341 7.601085 8.021720
0.016122 11.439925 0.000010 0.000441 0.019169 0.253078 0.246872 11.495442 11.666381 8.859120 8.153294 8.192253
0.017970 11.492392 0.000035 0.000625 0.017345 0.258958 0.300718 11.550957 11.709987 8.839281 8.342752 8.261244
0.022218 11.555649 0.000033 0.000554 0.015694 0.261770 0.354480 11.602318 11.737469 5.533867 8.433336 6.433373
0.025860 11.619806 0.000028 0.000423 0.014201 0.202803 0.353721 11.383193 11.475100 6.702063 6.533615 6.362379
0.027209 11.666338 0.000019 -0.000687 0.012849 0.200658 0.319060 11.907413 11.508783 6.463527 6.464515 6.205945
0.025828 11.690536 -0.000079 -0.000653 0.021329 0.195139 0.291303 11.516949 11.526873 6.428575 6.286706 6.120677
0.024982 11.719739 0.000002 -0.000693 0.021329 0.191565 0.233803 11.894234 11.558421 5.992665 6.171570 5.833906
0.058170 12.180568 -0.000067 -0.002234 0.021329 0.181246 0.187817 12.394172 11.605173 5.886252 5.839137 5.643562
0.049691 12.127095 -0.000159 -0.001874 0.042657 0.174056 0.082750 11.917505 11.661437 5.779678 5.607489 5.490640
0.013190 11.720135 -0.000052 -0.000211 0.042657 0.168731 -0.373526 11.577121 11.682190 4.733073 5.435949 4.840746
0.013072 11.759115 0.000020 -0.000276 0.042657 0.147351 -0.204093 11.843961 11.629132 3.649410 4.747131 3.962668
0.011404 11.789796 -0.000044 -0.000577 0.042657 0.118541 0.358814 11.651588 11.550322 3.412627 3.818998 3.451268
0.010051 11.797770 -0.000021 -0.000889 0.042657 0.102180 -0.150586 11.879593 11.539944 3.206279 3.291886 3.117326
0.007794 11.777431 -0.000069 -0.000853 0.042657 0.092501 0.962622 11.688302 11.556294 3.519233 2.980063 3.155771
0.006157 11.760828 -0.000028 -0.000735 0.042657 0.095548 0.703744 11.865449 11.623348 2.955274 3.078231 2.883259
0.007753 11.772010 -0.000050 -0.000534 0.042657 0.088734 0.482166 11.686632 11.627587 2.107865 2.858716 2.329222
0.012173 11.797469 -0.000013 -0.000610 0.042657 0.072835 0.139043 11.821242 11.579679 2.678489 2.346501 2.436502
0.016404 11.802915 -0.000050 -0.000802 0.042657 0.079388 -0.983606 11.816947 11.630696 2.870683 2.557608 2.632904
0.017206 11.789013 -0.000039 -0.000569 0.042657 0.087953 -0.741253 11.793726 11.673587 3.396775 2.833538 3.043345
0.017270 11.793255 -0.000026 -0.000430 0.038598 0.101785 -0.524088 11.841559 11.734235 3.431616 3.279168 3.252285
0.018537 11.817276 -0.000023 -0.000298 0.034925 0.107713 -0.420501 11.811026 11.755715 2.695445 3.470128 2.933258
0.017988 11.830084 -0.000012 -0.000267 0.031601 0.095900 -0.390973 11.778374 11.696196 3.004324 3.089568 2.957831
0.018570 11.833429 -0.000018 -0.000493 0.028594 0.095215 -0.377268 11.870105 11.702551 3.060355 3.067514 2.985053
0.019735 11.818762 -0.000035 -0.000417 0.025873 0.096228 -0.438336 11.777068 11.713554 3.207895 3.100125 3.085038
0.017924 11.791213 -0.000014 -0.000279 0.023411 0.099835 -0.472608 11.811843 11.730634 3.209568 3.216327 3.138702
0.015715 11.776612 -0.000018 -0.000165 0.021183 0.101116 -0.515342 11.747843 11.734648 2.698558 3.257596 2.878937
0.014296 11.764025 -0.000004 -0.000106 0.019167 0.091785 -0.524570 11.728652 11.689267 2.894833 2.956990 2.870423
0.012589 11.739885 -0.000009 -0.000182 0.017343 0.091075 -0.505412 11.743498 11.688957 16.684796 2.934125 10.472811
0.010648 11.715346 -0.000012 -0.000095 0.015693 0.338654 -0.476314 12.881300 12.880072 11.851813 10.910283 11.021728
0.011107 11.715751 -0.000001 0.004181 0.014199 0.355865 -0.430839 10.864688 12.845017 11.688668 11.464743 11.174726
0.021137 11.826466 0.000397 0.003658 0.106812 0.360401 -0.439953 12.615242 12.762516 11.064092 11.610897 10.908873
0.030120 11.931106 0.000031 0.002986 0.106812 0.351189 0.147714 11.336536 12.632114 11.014246 11.314095 10.781996
0.031991 11.949452 0.000262 0.002452 0.106812 0.347201 -2.606672 12.413869 12.537932 11.537256 11.185612 11.039082
0.037213 12.000159 0.000027 0.001931 0.106812 0.355100 -2.154781 11.699583 12.514547 11.738492 11.440090 11.271064
0.044321 12.072816 0.000166 0.001586 0.106812 0.362462 -1.706604 12.397193 12.496165 10.341440 11.677271 10.610369
0.049069 12.133095 0.000023 0.001304 0.106812 0.340451 -1.146347 11.806360 12.344402 9.878609 10.968161 10.088587
0.050162 12.167545 0.000111 0.000635 0.106812 0.321966 -0.077124 12.362323 12.232545 12.455822 10.372625 11.290761
0.052477 12.191114 -0.000023 0.000149 0.106812 0.355370 17.850473 12.234199 12.408454 14.291241 11.448805 12.743602
0.052099 12.214300 0.000038 0.000697 0.106812 0.402434 15.993421 12.444053 12.634712 15.052398 12.965027 13.781056
0.055078 12.343321 0.000041 0.001046 0.106812 0.433250 14.325878 12.443147 12.785985 15.451427 13.957811 14.409387
0.048208 12.336903 0.000071 0.001613 0.106812 0.449913 12.839101 12.381001 12.870170 14.720149 14.494663 14.233996
0.035097 12.227576 0.000101 0.002308 0.096648 0.441571 11.505516 12.124325 12.825400 14.295141 14.225888 13.892941
0.035459 12.258658 0.000144 0.002035 0.087451 0.429651 10.307627 12.372110 12.774711 14.821531 13.841887 14.017245
0.035584 12.286267 0.000084 0.001754 0.079129 0.434480 9.230768 12.302264 12.810538 15.669592 13.997445 14.538250
0.033079 12.305948 0.000105 0.001812 0.071598 0.452001 8.267223 12.453420 12.904603 14.660172 14.561935 14.230984
0.032451 12.340996 0.000094 0.002024 0.064785 0.442106 7.406834 12.259548 12.856733 13.392632 14.243133 13.419757
0.036073 12.378494 0.000124 0.001718 0.058620 0.416805 6.623485 12.400141 12.735400 12.631276 13.428034 12.672674
0.041108 12.405438 0.000071 0.001185 0.053041 0.395480 5.902742 12.340812 12.633540 12.154010 12.741006 12.134398
0.044597 12.414569 0.000063 0.000786 0.047994 0.381397 5.229935 12.422841 12.560908 12.491286 12.287293 12.136102
0.055925 12.520916 0.000031 0.000144 0.043427 0.384614 4.610952 12.617008 12.574540 12.496023 12.390932 12.193428
0.057769 12.488839 -0.000005 0.000308 0.039294 0.389302 4.052272 12.395387 12.575053 12.042476 12.541978 12.025267
0.050941 12.351955 0.000039 0.000801 0.035555 0.386002 3.544476 12.274037 12.509571 12.671593 12.435643 12.344796
0.052971 12.332449 0.000050 0.000636 0.032171 0.397502 3.084184 12.399573 12.512252 13.428533 12.806157 12.931254
0.054612 12.297919 0.000026 0.000770 0.029110 0.417432 2.683668 12.270388 12.544611 13.983370 13.448233 13.519380
0.057184 12.262018 0.000058 0.001015 0.026340 0.437219 2.339163 12.301575 12.562604 14.350885 14.085695 14.004111
0.062381 12.239603 0.000055 0.001160 0.023833 0.454172 2.050558 12.212947 12.553225 14.404010 14.631850 14.279375
0.067467 12.208868 0.000071 0.001237 0.021565 0.464461 1.798750 12.185913 12.499097 15.379210 14.963336 14.989265
0.072992 12.185981 0.000066 0.001124 0.019513 0.488837 1.578023 12.221979 12.503729 16.190732 15.748645 15.788181
0.078806 12.190601 0.000059 0.001125 0.017656 0.515097 1.391803 12.203708 12.510626 16.462216 16.594661 16.305097
0.084173 12.197286 0.000065 0.001125 0.017352 0.530677 1.233941 12.180701 12.467845 16.300334 17.096590 16.440743
0.091187 12.210665 0.000061 0.000924 0.017352 0.533694 1.094041 12.165815 12.373306 16.337100 17.193798 16.534346
0.098321 12.210179 0.000045 0.000586 0.017352 0.535921 0.949370 12.171626 12.282949 16.866690 17.265527 16.903462
0.109652 12.281592 0.000025 0.000005 0.017352 0.547653 0.791028 12.335093 12.248341 17.406626 17.643501 17.393410
0.109683 12.221956 -0.000015 0.000095 0.017352 0.562037 0.619615 12.110974 12.225230 17.525055 18.106895 17.665950
0.102240 12.074506 0.000025 0.000541 0.017352 0.568341 0.440972 11.995043 12.159869 17.509181 18.309979 17.760841
0.104490 12.046367 0.000035 0.000408 0.017352 0.568775 0.228268 12.018214 12.079305 17.622935 18.323982 17.860135
0.108599 12.028611 0.000014 0.000182 0.017352 0.570548 -0.097231 11.976336 12.013644 18.018455 18.381111 18.141202
0.113051 12.027185 0.000009 -0.000049 0.017352 0.578366 0.561608 12.036520 11.983654 18.613909 18.632970 18.610492
0.119780 12.065500 -0.000009 -0.000294 0.017352 0.592431 0.443679 12.087037 11.990191 18.638409 19.086080 18.806551
0.128163 12.142801 -0.000018 -0.000548 0.017352 0.597171 0.391336 12.148719 11.966759 18.152936 19.238793 18.587015
0.135395 12.241989 -0.000035 -0.000988 0.015701 0.587356 0.373990 12.222754 11.900431 18.261223 18.922593 18.558355
0.142105 12.357801 -0.000064 -0.001643 0.017138 0.582456 0.338346 12.408677 11.889006 18.639680 18.764739 18.741394
0.149722 12.457759 -0.000104 -0.002043 0.027917 0.584922 0.335435 12.486216 11.935072 18.127524 18.844177 18.464736
0.154315 12.509314 -0.000111 -0.002062 0.029769 0.574269 0.348758 12.465852 11.930556 18.501183 18.500968 18.573003
0.156045 12.520028 -0.000108 -0.002117 0.029769 0.576723 0.238580 12.563388 11.989522 19.009967 18.580036 18.908749
0.158243 12.508746 -0.000116 -0.001865 0.031270 0.588001 0.137048 12.502193 12.078603 18.721976 18.943361 18.860791
0.158748 12.493478 -0.000087 -0.001490 0.031270 0.587417 -0.129800 12.467372 12.100956 19.167704 18.924549 19.128601
0.209278 13.274804 -0.000075 -0.004216 0.031270 0.593247 0.298249 13.941766 12.239357 20.024101 19.112378 19.578097
0.203096 13.150263 -0.000344 -0.003271 0.092527 0.609273 0.149411 12.595861 12.409248 20.940548 19.628668 20.247673
0.156282 12.403302 -0.000041 0.000021 0.092527 0.639536 -1.244180 12.362641 12.522040 21.208321 20.603657 20.760955
0.165330 12.529550 0.000029 -0.000027 0.092527 0.655549 -1.011020 12.715338 12.575052 21.683151 21.119545 21.244243
0.178014 12.729970 -0.000031 -0.000556 0.092527 0.669671 -0.854607 12.790388 12.639257 21.995348 21.574501 21.606440
0.186784 12.884855 -0.000033 -0.000882 0.092527 0.678519 -0.861164 12.996802 12.700191 21.786503 21.859545 21.623297
0.190363 13.002580 -0.000062 -0.001086 0.092527 0.676575 -0.898573 13.000889 12.724117 22.320992 21.796921 21.878151
0.218606 13.559457 -0.000058 -0.003000 0.092527 0.679765 -0.946632 14.051606 12.852946 22.088707 21.899694 21.856465
0.214600 13.585768 -0.000244 -0.002632 0.092527 0.676289 -1.091953 13.229433 12.942565 21.858717 21.787716 21.702331
0.189405 13.253396 -0.000061 -0.001116 0.092527 0.666365 -1.147167 13.278703 12.979785 22.062302 21.467985 21.652952
0.193208 13.371778 -0.000064 -0.001408 0.092527 0.663247 -1.112010 13.497605 13.070351 21.845448 21.367553 21.487550
0.200642 13.547950 -0.000089 -0.001715 0.092527 0.658401 -1.034401 13.629531 13.159416 21.855036 21.211417 21.398193
0.203564 13.669295 -0.000098 -0.001831 0.083722 0.655881 -0.890712 13.756735 13.266032 21.446420 21.130238 21.170708
0.203775 13.738071 -0.000102 -0.001695 0.075754 0.648785 -0.721852 13.750468 13.340564 20.142830 20.901623 20.492351
0.216089 14.004491 -0.000086 -0.002384 0.068545 0.630247 -0.448535 14.142127 13.341373 18.695746 20.304394 19.610546
0.215577 14.029945 -0.000165 -0.002473 0.062022 0.602267 0.204852 13.801163 13.271194 18.073369 19.402990 18.842371
0.206688 13.887088 -0.000111 -0.002212 0.056120 0.576779 -1.744295 13.840908 13.217864 18.782582 18.581850 18.658704
0.208818 13.929852 -0.000130 -0.002557 0.050780 0.572953 -1.317020 14.018356 13.306412 19.305176 18.458576 18.782860
0.207648 13.944200 -0.000148 -0.002290 0.045947 0.578650 -0.918283 13.958047 13.443363 19.569916 18.642116 18.982896
0.204452 13.941751 -0.000108 -0.001790 0.041575 0.585723 -0.587545 14.008904 13.573392 19.103868 18.869987 18.911814
0.201213 13.938609 -0.000092 -0.001312 0.037619 0.583110 -0.375611 13.902587 13.630128 18.012225 18.785815 18.400030
0.196757 13.921840 -0.000060 -0.001048 0.034039 0.564941 -0.205121 13.870381 13.592437 17.717790 18.200454 17.962448
0.192060 13.877630 -0.000060 -0.001024 0.030799 0.549506 0.036320 13.841712 13.579240 17.444120 17.703189 17.581845
0.186540 13.794468 -0.000057 -0.000773 0.027868 0.537519 -1.232924 13.734281 13.578371 16.959563 17.317028 17.151694
0.180950 13.706757 -0.000036 -0.000461 0.025216 0.524248 -1.062292 13.653841 13.560314 16.266465 16.889473 16.587373
0.175797 13.638939 -0.000023 -0.000282 0.022817 0.506886 -0.881649 13.573170 13.514329 15.538819 16.330120 15.946653
0.171011 13.587008 -0.000016 -0.000261 0.020645 0.487109 -0.686238 13.529686 13.453205 15.176076 15.692976 15.483585
0.167210 13.546654 -0.000019 -0.000336 0.018681 0.472701 -0.469894 13.515553 13.417874 15.004325 15.228811 15.195170
0.165633 13.526857 -0.000023 -0.000391 0.016903 0.464111 -0.228715 13.516498 13.409370 14.260703 14.952050 14.655447
0.164073 13.504232 -0.000024 -0.000341 0.015295 0.447740 0.140502 13.434665 13.359103 13.997600 14.424642 14.291912
0.194919 14.017164 -0.000018 -0.002363 0.013839 0.439323 -0.415061 14.446253 13.387999 14.521958 14.153485 14.386005
0.182769 13.791310 -0.000215 -0.001448 0.057898 0.444436 -0.237432 13.299203 13.460178 14.383834 14.318191 14.379305
0.135737 13.048102 0.000029 0.001480 0.057898 0.445092 0.845771 12.852895 13.424644 14.176773 14.339347 14.268115
0.127715 12.956299 0.000112 0.001682 0.057898 0.441245 0.511382 13.024971 13.363758 14.172998 14.215411 14.215573
0.121320 12.880297 0.000066 0.001736 0.057898 0.438795 0.180957 12.760892 13.311746 13.990106 14.136465 14.077877
0.115453 12.792709 0.000109 0.001864 0.057898 0.434189 -0.261053 12.805514 13.247192 14.121518 13.988076 14.090426
0.111059 12.701595 0.000088 0.001959 0.057898 0.435444 -0.092677 12.629993 13.204166 14.377213 14.028500 14.247919
0.108676 12.624616 0.000115 0.002081 0.057898 0.442612 -0.183692 12.650454 13.176351 14.564854 14.259427 14.443794
0.108122 12.581724 0.000106 0.002135 0.057898 0.451131 -0.330878 12.553139 13.143286 14.840346 14.533897 14.710067
0.109085 12.564014 0.000119 0.002080 0.057898 0.461256 -0.453717 12.599201 13.111845 15.204390 14.860068 15.049490
0.111575 12.551755 0.000104 0.002011 0.057898 0.473555 -0.558138 12.543558 13.085596 15.112151 15.256330 15.156551
0.113156 12.541774 0.000111 0.001953 0.057898 0.478057 -0.599419 12.527885 13.018753 15.586077 15.401366 15.495460
0.122485 12.661335 0.000101 0.001284 0.052388 0.488764 -0.521589 12.784060 12.998975 16.710038 15.746312 16.284371
0.120337 12.601154 0.000045 0.001429 0.047403 0.513784 -0.528074 12.538125 13.042489 16.657369 16.552356 16.569320
0.108102 12.406323 0.000104 0.002285 0.042892 0.522433 -0.611618 12.309957 12.987948 16.646045 16.830991 16.679547
0.107383 12.363835 0.000139 0.002241 0.038810 0.525266 -0.633343 12.390952 12.909552 16.645929 16.922255 16.725064
0.107722 12.326902 0.000107 0.002092 0.035117 0.526820 -0.615501 12.251779 12.827404 17.126601 16.972315 17.034912
0.107979 12.299798 0.000119 0.001895 0.031966 0.536787 -0.544274 12.351548 12.787978 17.557620 17.293439 17.417118
0.109755 12.301073 0.000091 0.001749 0.031966 0.548845 -0.505338 12.283527 12.762121 17.514911 17.681896 17.547865
0.114502 12.328877 0.000100 0.001556 0.031966 0.552513 -0.478552 12.350725 12.704364 17.168403 17.800084 17.400193
0.121062 12.372704 0.000075 0.001191 0.031966 0.547957 -0.448536 12.335690 12.616601 16.837656 17.653307 17.164260
0.126950 12.416374 0.000060 0.000719 0.031966 0.540358 -0.306579 12.410424 12.526082 17.382151 17.408494 17.408440
0.141985 12.602193 0.000027 -0.000273 0.031966 0.548249 -0.035650 12.753332 12.531416 17.872149 17.662686 17.802114
0.142108 12.585714 -0.000041 -0.000195 0.031966 0.559714 1.972566 12.469723 12.554950 18.017556 18.032070 18.032183
0.132566 12.441541 0.000020 0.000407 0.031966 0.565753 1.740833 12.417740 12.542354 17.646944 18.226610 17.891789
0.132497 12.462931 0.000028 0.000285 0.031966 0.558955 1.527475 12.448983 12.484311 17.829715 18.007618 17.926412
0.131415 12.472935 0.000010 0.000041 0.031966 0.557154 1.323155 12.476720 12.467797 17.945206 17.949585 17.974688
0.128056 12.445662 0.000000 0.000079 0.031966 0.556431 1.149533 12.420438 12.465205 18.013124 17.926286 18.003955
0.123715 12.397360 0.000011 0.000244 0.028924 0.555733 0.992424 12.386404 12.465926 18.035820 17.903800 18.004371
0.120872 12.369489 0.000018 0.000346 0.026171 0.555126 0.870478 12.367368 12.467693 17.665144 17.884261 17.773519
0.143322 12.714227 0.000022 -0.000885 0.023681 0.547004 0.755773 12.972776 12.473408 17.940907 17.622590 17.832705
0.139259 12.639412 -0.000099 -0.000596 0.026530 0.549240 0.654420 12.400233 12.517521 17.985567 17.694639 17.878647
0.117440 12.282243 0.000025 0.000845 0.026530 0.552972 0.561323 12.212995 12.519138 17.960044 17.814873 17.904117
0.124804 12.346200 0.000063 0.000621 0.026530 0.556552 0.443087 12.465310 12.514391 18.275043 17.930191 18.133380
0.133378 12.424263 0.000011 0.000324 0.026530 0.566452 0.292159 12.421231 12.535184 18.459345 18.249130 18.362667
0.141307 12.490604 0.000024 0.000160 0.026530 0.576185 0.084336 12.564272 12.548895 18.682630 18.562704 18.616993
0.146025 12.531088 -0.000002 0.000064 0.026530 0.585874 -0.626397 12.514905 12.557480 19.094389 18.874832 18.986083
0.148686 12.561885 0.000010 -0.000016 0.026530 0.597522 -0.469741 12.618446 12.576897 19.553258 19.250099 19.406052
0.151172 12.605609 -0.000007 -0.000103 0.026530 0.609577 -0.334191 12.621542 12.605970 19.912998 19.638482 19.769888
0.152867 12.648694 -0.000002 -0.000153 0.026530 0.618984 -0.260832 12.694141 12.633969 20.244274 19.941545 20.083534
0.154006 12.684659 -0.000011 -0.000182 0.026530 0.626642 -0.302259 12.703239 12.665203 20.422849 20.188262 20.282877
0.155312 12.715225 -0.000007 -0.000180 0.026530 0.631135 -0.427705 12.745090 12.690481 20.216867 20.332988 20.214252
0.153889 12.728181 -0.000010 -0.000135 0.024005 0.627300 -0.515619 12.704618 12.684214 19.908089 20.209465 19.986362
0.150386 12.733971 -0.000004 -0.000179 0.021721 0.617436 -0.538745 12.731405 12.663142 19.453867 19.891678 19.598543
0.155546 12.861631 -0.000013 -0.000713 0.019654 0.602485 -0.529146 12.927971 12.645151 18.882782 19.410010 19.078178
0.151088 12.823256 -0.000057 -0.000640 0.017783 0.584358 -0.481329 12.693915 12.617393 18.772312 18.825991 18.788189
0.142406 12.697749 -0.000015 -0.000289 0.016091 0.575431 -0.400484 12.696177 12.620789 18.638936 18.538422 18.592984
0.146961 12.770846 -0.000015 -0.000539 0.014560 0.570573 -0.300453 12.839268 12.644482 18.559950 18.381910 18.479389
0.152295 12.865633 -0.000039 -0.000794 0.013174 0.568185 -0.171382 12.902112 12.681985 18.234925 18.304978 18.252324
0.156138 12.944777 -0.000045 -0.000944 0.011988 0.561706 0.001273 12.972855 4092.389179 17.888825 18.096252 17.965672
0.158224 13.001375 -0.000055 14.650388 0.014767 0.560478 -1.463863 13.006263 3684.432471 17.605118 18.056671 17.789641
0.156682 13.006264 -0.000059 13.185267 0.015982 0.553762 -1.290284 12.967237 3317.250822 17.542460 17.840322 17.675627
0.149977 12.941107 -0.000054 11.866834 0.015982 0.548785 -1.127477 12.894460 2986.794106 18.047329 17.679971 17.909897
0.141429 12.838192 -0.000040 10.680428 0.015982 0.555229 -0.988988 12.824929 2689.430266 18.111837 17.887567 18.023517
0.133517 12.737838 -0.000017 9.612860 0.015982 0.558493 -0.889463 12.687549 2421.780407 18.097737 17.992736 18.053097
0.127276 12.653391 0.000015 8.651947 0.015982 0.559475 -0.817978 12.635140 2180.876780 18.042921 18.024349 18.031777
0.124673 12.604651 0.000025 7.786960 0.015982 0.559608 -0.772803 12.581864 1964.051173 17.973784 18.028638 17.993149
0.125601 12.593799 0.000033 7.008308 0.015982 0.559778 -0.736416 12.598605 1768.900694 17.725826 18.034115 17.853118
0.130606 12.643154 0.000026 6.307283 0.015982 0.556900 -0.704138 12.652147 1593.248295 17.344084 17.941392 17.600842
0.137914 12.727085 0.000008 5.676158 0.015982 0.549891 -0.653078 12.735410 1435.144548 17.044123 17.715584 17.348025
0.144645 12.807569 -0.000018 5.108068 0.015982 0.542588 -0.579739 12.807262 1292.852816 17.230642 17.480335 17.376519
0.150976 12.890963 -0.000041 4.596753 0.015982 0.543688 -0.475973 12.936342 1164.835049 17.443498 17.515760 17.520574
0.154308 12.951458 -0.000066 4.136783 0.017721 0.547810 -0.365993 12.957305 1049.640444 17.664288 17.648572 17.704531
0.152874 12.969552 -0.000065 3.723017 0.017721 0.551635 -0.222682 12.980708 945.974714 17.938322 17.771790 17.912879
0.148600 12.939753 -0.000063 3.350827 0.017721 0.555640 -0.093301 12.921382 852.685611 17.223241 17.900821 17.545144
0.141847 12.873510 -0.000043 3.016034 0.017721 0.541433 0.079666 12.776649 768.645837 16.732011 17.443096 17.084958
0.133828 12.800532 -0.000022 2.714483 0.017721 0.524572 -0.256099 12.758179 692.999847 16.717636 16.899896 16.863868
0.127350 12.739193 -0.000028 2.443034 0.017721 0.515912 -0.131644 12.708252 624.958029 16.398315 16.620900 16.563387
0.123058 12.689958 -0.000019 2.198851 0.017721 0.505918 -0.003207 12.656085 562.863381 16.012532 16.298927 16.207479
0.119104 12.643185 -0.000011 1.976017 0.017721 0.495165 -0.002910 12.608111 506.686791 15.775894 15.952506 15.928458
0.116248 12.618507 -0.000006 1.774357 0.017721 0.487031 -0.002510 12.611559 456.224271 15.787480 15.690455 15.824492
0.114606 12.613833 -0.000009 1.593147 0.017721 0.484401 -0.002133 12.624039 412.309766 16.142075 15.605724 15.984973
0.115519 12.612866 -0.000009 1.435440 0.017721 0.490698 -0.002291 12.650285 373.752253 15.161437 15.808600 15.491259
0.117350 12.629234 -0.000004 1.296908 0.016035 0.476668 -0.002786 12.556460 336.133777 15.210391 15.356600 15.341799
0.118367 12.644785 0.000004 1.161753 0.014509 0.472870 -0.002273 12.702808 303.682939 16.017691 15.234262 15.753517
0.118757 12.636346 -0.000027 1.045242 0.013128 0.487522 -0.002210 12.650889 275.249570 15.764949 15.706299 15.784547
0.114720 12.586918 -0.000002 0.943306 0.011879 0.489196 -0.002452 12.540810 250.064413 15.960806 15.760217 15.916209
0.109578 12.529820 0.000020 0.853063 0.010749 0.493124 -0.002861 12.538365 227.940601 15.738837 15.886754 15.835531
0.105610 12.476864 0.000022 0.773799 0.009726 0.490111 -0.003441 12.414879 207.383320 15.660851 15.789682 15.751837
0.102019 12.424250 0.000041 0.700160 0.011045 0.487389 -0.003820 12.420612 189.540681 16.230110 15.702010 16.042567
0.099329 12.372571 0.000034 0.636267 0.011045 0.497274 -0.004411 12.379782 175.018812 16.143278 16.020461 16.112190
0.096743 12.325256 0.000047 0.584285 0.012678 0.500351 -0.005555 12.292250 158.760072 16.212496 16.119585 16.189765
0.095453 12.287676 0.000061 0.526029 0.016481 0.504118 -2.608648 12.292047 144.120862 16.243707 16.240963 16.255916
0.096295 12.267974 0.000057 0.473526 0.016481 0.507324 -2.355222 12.248952 130.935811 16.667689 16.344233 16.543492
0.098100 12.264750 0.000060 0.426186 0.016481 0.517608 -2.124577 12.305345 119.096661 17.165909 16.675566 16.961831
0.100513 12.267819 0.000049 0.383657 0.016481 0.532018 -1.919934 12.280178 108.456157 17.416797 17.139796 17.288774
0.105042 12.294919 0.000057 0.345346 0.016481 0.543234 -1.735390 12.330653 98.863975 17.864980 17.501139 17.693499
0.111048 12.336109 0.000046 0.310749 0.016481 0.557096 -1.569714 12.371920 90.242635 18.368480 17.947726 18.164120
0.117071 12.377596 0.000040 0.279638 0.016481 0.573019 -1.418293 12.418503 82.492497 18.804890 18.460712 18.621986
0.120509 12.409004 0.000034 0.251692 0.016481 0.587850 -1.282734 12.431153 75.513895 18.994275 18.938500 18.923078
0.122816 12.446857 0.000034 0.226494 0.016481 0.595979 -1.159797 12.464242 69.212012 18.664836 19.200402 18.839307
0.123374 12.464544 0.000026 0.203798 0.016481 0.590950 -1.050378 12.418496 63.490976 18.263186 19.038393 18.554222
0.121378 12.442186 0.000023 0.183333 0.016481 0.579313 -0.938576 12.394135 58.319096 18.260312 18.663480 18.420030
0.120850 12.420930 0.000013 0.164835 0.014913 0.573578 -0.827433 12.407519 53.694433 18.086205 18.478705 18.253096
0.120235 12.402453 0.000002 0.148293 0.013494 0.567727 -0.720721 12.364477 49.531311 18.014004 18.290216 18.143515
0.118819 12.389167 0.000004 0.133389 0.012210 0.563566 -0.619369 12.385045 45.793223 17.466467 18.156172 17.774209
0.119208 12.402861 -0.000005 0.119915 0.011048 0.550708 -0.527982 12.357502 42.394576 16.852475 17.741907 17.261199
0.122405 12.438290 -0.000010 0.107583 0.009997 0.533551 -0.433402 12.426046 39.322073 16.424747 17.189181 16.804604
0.126739 12.495593 -0.000037 0.096342 0.009968 0.518990 -0.329469 12.485161 36.573355 16.835320 16.720078 16.869422
0.130916 12.549965 -0.000057 0.086276 0.015410 0.521175 -0.201815 12.611769 34.180976 17.027852 16.790452 17.004318
0.131598 12.560189 -0.000074 0.077647 0.019898 0.525942 -0.013459 12.539443 32.039416 17.278560 16.944053 17.204677
0.128831 12.529031 -0.000049 0.070068 0.019898 0.531392 2.990060 12.549613 30.117289 17.588356 17.119640 17.446496
0.126445 12.498323 -0.000041 0.063275 0.019898 0.539218 2.685898 12.497803 28.395904 17.847796 17.371749 17.687335
0.123929 12.470528 -0.000020 0.057193 0.019898 0.546840 2.415525 12.489854 26.844511 18.334321 17.617303 18.058933
0.123015 12.461481 -0.000008 0.051654 0.019898 0.558853 2.182563 12.500756 25.468180 18.183011 18.004320 18.109867
0.117379 12.385627 0.000002 0.046984 0.019898 0.560533 1.979372 12.308968 24.175369 18.424975 18.058456 18.268869
0.112502 12.300099 0.000041 0.042648 0.019898 0.566150 1.800519 12.324683 23.019521 18.577163 18.239413 18.422951
0.116505 12.318859 0.000040 0.038430 0.019898 0.572716 1.646184 12.343392 21.978647 18.787398 18.450932 18.624976
0.123936 12.381881 0.000038 0.034465 0.019898 0.581261 1.506427 12.441752 21.048051 19.005299 18.726230 18.858143
0.132387 12.480368 0.000022 0.030769 0.019898 0.590470 1.381123 12.535380 20.215403 19.052225 19.022917 19.001022
0.140493 12.601829 0.000006 0.027343 0.019898 0.595076 1.262678 12.657522 19.456578 18.861807 19.171319 18.950396
0.149402 12.746325 -0.000017 0.024099 0.018005 0.592241 1.150981 12.790617 18.758802 18.947583 19.079972 18.974056
0.158279 12.884342 -0.000046 0.021097 0.016291 0.591481 1.038648 12.947879 18.159913 18.881347 19.055496 18.929996
0.164076 12.972938 -0.000073 0.018628 0.019722 0.589129 0.932965 12.977933 17.626164 18.728406 18.979716 18.814684
0.167248 13.029776 -0.000075 0.016507 0.020148 0.584526 0.810598 13.049529 17.144804 18.973788 18.831415 18.906297
0.168280 13.052279 -0.000086 0.014698 0.022994 0.586815 0.686460 13.066785 16.747857 18.796005 18.905175 18.828292
0.164999 13.033508 -0.000078 0.013339 0.022994 0.583357 0.558310 12.997451 16.366987 18.732868 18.793762 18.748911
0.159901 13.003589 -0.000059 0.012079 0.022994 0.578817 0.429803 13.003236 16.025384 18.455165 18.647481 18.527822
0.156630 12.991402 -0.000056 0.010896 0.022994 0.569865 0.326894 12.965313 15.705364 17.998914 18.359082 18.147138
0.155235 12.994221 -0.000047 0.009737 0.022994 0.556547 0.226067 12.986217 15.403120 17.958402 17.930028 17.954564
0.154805 12.998128 -0.000052 0.008637 0.022994 0.550517 0.123755 13.010109 15.165073 17.449293 17.735762 17.575832
0.153133 12.994218 -0.000051 0.007796 0.022994 0.538954 0.018019 12.956746 14.923228 17.187734 17.363246 17.275421
0.152610 13.008952 -0.000041 0.006875 0.022994 0.529829 -0.978932 13.035547 14.716631 16.844043 17.069258 16.956778
0.154187 13.046962 -0.000055 0.005996 0.022994 0.520126 -0.871534 13.036628 14.530198 16.396612 16.756674 16.571396
0.153073 13.062978 -0.000053 0.005269 0.022994 0.508062 -0.760448 13.052937 14.352356 16.796504 16.368001 16.647422
0.149881 13.049955 -0.000057 0.004677 0.022994 0.510293 -0.656728 13.084605 14.259152 16.697826 16.439902 16.607676
0.144289 12.994925 -0.000051 0.004540 0.020806 0.508963 -0.590426 12.945472 14.155022 16.627475 16.397048 16.541017
0.140451 12.954788 -0.000015 0.004310 0.018826 0.506983 -0.541791 12.982157 14.054914 16.403230 16.333256 16.378209
0.135138 12.886956 -0.000017 0.004195 0.017034 0.502629 -0.508965 12.816843 13.944166 16.262647 16.192965 16.235610
0.128030 12.797369 0.000017 0.004119 0.015413 0.498850 -0.462502 12.787812 13.835509 16.012713 16.071234 16.038367
0.122331 12.746914 0.000022 0.003909 0.013946 0.492992 -0.419698 12.709137 13.721591 15.765821 15.882498 15.817949
0.117202 12.710503 0.000034 0.003631 0.012619 0.485444 -0.366332 12.701512 13.610398 15.085624 15.639351 15.328758
0.111901 12.663767 0.000030 0.003400 0.011418 0.469401 -0.319770 12.585711 13.467876 14.500532 15.122486 14.787883
0.106407 12.602714 0.000040 0.003107 0.010829 0.451938 -0.233669 12.562560 13.327604 14.705033 14.559894 14.676879
0.101104 12.542642 0.000031 0.002819 0.010829 0.449196 -0.124327 12.539252 13.261652 15.207600 14.471552 14.918179
0.095730 12.484417 0.000035 0.002791 0.010829 0.457725 0.009043 12.504166 13.247546 15.043808 14.746330 14.923221
0.090448 12.435438 0.000050 0.002917 0.013438 0.458561 0.052384 12.406166 13.192046 14.798426 14.773247 14.787738
0.086557 12.398442 0.000069 0.002850 0.018474 0.454343 0.123648 12.394438 13.114862 14.775156 14.637386 14.714771
0.084424 12.369537 0.000065 0.002677 0.018474 0.452862 0.226213 12.361523 13.052237 14.945929 14.589663 14.786757
0.083297 12.346490 0.000067 0.002535 0.018474 0.456357 0.258822 12.365256 13.012454 15.633031 14.702251 15.214619
0.083420 12.328686 0.000066 0.002456 0.018474 0.471949 0.333204 12.379878 13.024525 15.810322 15.204582 15.508581
0.082932 12.312574 0.000072 0.002557 0.019391 0.482942 0.410602 12.311085 13.005684 16.017943 15.558735 15.765257
0.081829 12.293599 0.000088 0.002557 0.023730 0.492000 0.476376 12.319300 12.974165 15.884218 15.850566 15.806123
0.079898 12.264172 0.000086 0.002550 0.023730 0.493578 0.533631 12.222977 12.906075 16.045369 15.901384 15.921593
0.078171 12.233615 0.000096 0.002415 0.025947 0.497348 0.547237 12.254570 12.851273 16.322609 16.022843 16.130440
0.077271 12.208901 0.000084 0.002307 0.025947 0.504306 0.556310 12.198274 12.812945 15.955176 16.247002 16.013607
0.076297 12.189470 0.000091 0.002239 0.025947 0.500555 0.538316 12.157203 12.725375 15.878807 16.126177 15.929149
0.077675 12.193075 0.000086 0.001912 0.025947 0.497761 0.475457 12.200393 12.650765 15.669770 16.036142 15.780816
0.081244 12.215096 0.000065 0.001565 0.025947 0.493380 0.369871 12.195193 12.575532 15.698497 15.895011 15.748646
0.083344 12.226728 0.000054 0.001253 0.025947 0.492811 0.157164 12.234971 12.523667 16.228518 15.876688 16.050214
0.084840 12.236791 0.000038 0.001030 0.025947 0.502726 -0.343585 12.268656 12.525388 16.388872 16.196091 16.270517
0.085719 12.241405 0.000034 0.001020 0.025947 0.509473 -0.113078 12.236267 12.513652 16.327367 16.413454 16.324973
0.085884 12.233279 0.000040 0.001007 0.025947 0.510580 0.399541 12.223448 12.478174 16.370376 16.449119 16.369052
0.086780 12.225045 0.000037 0.000909 0.025947 0.511859 0.234171 12.219516 12.446055 16.411265 16.490343 16.413897
0.088678 12.216554 0.000033 0.000824 0.025947 0.513690 0.015814 12.207349 12.416270 17.121668 16.549339 16.850756
0.091151 12.193797 0.000031 0.000799 0.023478 0.529707 -2.296679 12.232421 12.443490 17.136318 17.065327 17.063057
0.093038 12.174699 0.000033 0.000965 0.021244 0.538057 -2.063064 12.134656 12.422746 17.136507 17.334363 17.176477
0.094874 12.162497 0.000049 0.000935 0.019222 0.542197 -1.851224 12.167669 12.379621 16.893880 17.467723 17.098912
0.096864 12.153445 0.000035 0.000812 0.017393 0.539829 -1.663120 12.092468 12.307406 16.378992 17.391424 16.784609
0.101566 12.191363 0.000037 0.000417 0.015738 0.529007 -1.482651 12.182973 12.208296 16.713284 17.042789 16.863650
0.108670 12.263692 -0.000001 -0.000199 0.014240 0.530790 -1.314350 12.299787 12.185357 16.680661 17.100222 16.876921
0.113806 12.330309 -0.000028 -0.000521 0.012885 0.529928 -1.163166 12.318464 12.163589 16.870439 17.072453 16.987121
0.116493 12.384842 -0.000036 -0.000795 0.011659 0.531267 -1.028135 12.420483 12.168254 16.805095 17.115599 16.970916
0.116965 12.427349 -0.000055 -0.000930 0.014854 0.527837 -0.913094 12.406004 12.167326 16.782308 17.005111 16.918432
0.115276 12.436895 -0.000052 -0.000968 0.014854 0.523050 -0.807811 12.442351 12.175026 16.547034 16.850869 16.721216
0.110873 12.401448 -0.000058 -0.000813 0.015570 0.514561 -0.721592 12.342465 12.171408 16.673862 16.577375 16.686101
0.108662 12.371700 -0.000038 -0.000719 0.015570 0.512444 -0.640572 12.403426 12.199777 16.596109 16.509198 16.607193
0.108884 12.350314 -0.000045 -0.000541 0.015570 0.510931 -0.579870 12.315337 12.222342 16.631075 16.460428 16.602419
0.111822 12.343872 -0.000022 -0.000436 0.015570 0.512991 -0.505717 12.381449 12.249244 16.712714 16.526822 16.670945
0.116867 12.358916 -0.000030 -0.000394 0.015570 0.518542 -0.424076 12.356956 12.276278 17.172343 16.705653 17.007458
0.147610 12.781216 -0.000019 -0.001813 0.015570 0.531924 -0.298721 13.160960 12.367108 18.187749 17.136753 17.767214
0.142813 12.703060 -0.000163 -0.001207 0.043709 0.557110 -0.178392 12.427578 12.491541 18.445744 17.948183 18.223549
0.114184 12.288807 0.000009 0.000728 0.043709 0.571104 0.223878 12.220795 12.514272 18.495386 18.399005 18.425545
0.119714 12.366302 0.000056 0.000531 0.043709 0.576656 0.028950 12.491038 12.507805 18.522841 18.577888 18.514194
0.125400 12.454871 0.000001 0.000190 0.043709 0.578534 -1.339116 12.421180 12.497754 18.824599 18.638391 18.719383
0.129115 12.524046 0.000013 -0.000094 0.043709 0.583536 -1.173825 12.622433 12.516478 19.443628 18.799540 19.145176
0.129326 12.547431 -0.000023 -0.000111 0.043709 0.595690 -1.041574 12.543097 12.575242 19.649207 19.191099 19.411395
0.125809 12.534365 0.000005 0.000147 0.043709 0.602562 -0.974748 12.566974 12.610748 19.248105 19.412490 19.258946
0.121602 12.525804 0.000007 0.000305 0.043709 0.595397 -0.942989 12.478661 12.588046 18.556692 19.181659 18.767689
0.120769 12.549148 0.000021 0.000140 0.043709 0.577593 -0.903838 12.551521 12.530140 17.734396 18.608056 18.069639
0.122795 12.591963 -0.000006 -0.000222 0.043709 0.554415 -0.799910 12.548806 12.460812 17.621647 17.861336 17.715649
0.129427 12.689347 -0.000019 -0.000821 0.043709 0.543608 -0.604715 12.781063 12.462949 17.643441 17.513171 17.588615
0.129819 12.690574 -0.000065 -0.000817 0.039550 0.541025 -0.325306 12.629442 12.496971 17.303695 17.429951 17.353230
0.125225 12.625713 -0.000028 -0.000462 0.035786 0.534880 0.156586 12.611818 12.498933 16.888657 17.231986 17.033214
0.135840 12.791213 -0.000024 -0.001050 0.032381 0.525731 -0.862018 12.905055 12.498486 16.770214 16.937260 16.849953
0.130631 12.737521 -0.000083 -0.000858 0.029299 0.520049 -0.588118 12.589056 12.507952 16.584836 16.754190 16.669708
0.114437 12.532175 -0.000018 -0.000087 0.026511 0.513771 -0.294452 12.472033 12.495737 16.329768 16.551930 16.441037
0.110009 12.491507 0.000003 0.000015 0.023988 0.505816 0.131332 12.487884 12.476112 16.265457 16.295651 16.300479
0.106825 12.463352 -0.000004 0.000046 0.021705 0.501298 -0.550986 12.441117 12.472227 16.176839 16.150085 16.187403
0.104719 12.446302 0.000005 0.000093 0.019640 0.497792 -0.389218 12.452762 12.471946 16.689040 16.037146 16.431506
0.156936 13.240995 0.000003 -0.002762 0.017771 0.505697 -0.283672 13.927925 12.605195 16.748071 16.291819 16.555307
0.140061 13.012294 -0.000267 -0.001462 0.071755 0.509600 -0.294276 12.319223 12.685339 16.177850 16.417549 16.270699
0.072263 12.097225 0.000071 0.002112 0.071755 0.500261 -0.232849 11.898909 12.605810 16.126410 16.116691 16.118973
0.072397 12.126340 0.000141 0.001722 0.071755 0.494785 -0.197689 12.309124 12.558703 15.864751 15.940279 15.893981
0.086581 12.315872 0.000049 0.000872 0.071755 0.487843 -0.233045 12.314742 12.527892 15.778378 15.716639 15.750588
0.087511 12.308709 0.000042 0.000787 0.071755 0.484755 -0.075971 12.309218 12.511310 15.791725 15.617126 15.713727
0.077028 12.154632 0.000040 0.001281 0.071755 0.485580 0.781559 12.046054 12.490733 15.916526 15.643706 15.791704
0.077969 12.172321 0.000089 0.001144 0.071755 0.489489 0.557403 12.296914 12.482472 15.990895 15.769652 15.881211
0.078394 12.189845 0.000038 0.001051 0.071755 0.492817 0.319010 12.123311 12.472331 15.580482 15.876883 15.688426
0.079832 12.211115 0.000071 0.000938 0.071755 0.486581 -0.062193 12.255740 12.420591 15.163659 15.675956 15.373581
0.081693 12.232497 0.000034 0.000676 0.071755 0.475955 2.400458 12.169625 12.357504 15.409475 15.333637 15.380528
0.083986 12.251625 0.000039 0.000380 0.071755 0.476684 2.077125 12.323780 12.353471 15.255212 15.357125 15.300482
0.083159 12.233694 0.000007 0.000430 0.064927 0.474847 1.783371 12.152817 12.332685 15.706704 15.297950 15.535200
0.081067 12.187922 0.000037 0.000520 0.058748 0.482969 1.517685 12.251335 12.353537 15.865435 15.559616 15.726785
0.080539 12.154554 0.000022 0.000715 0.053158 0.490340 1.334326 12.103561 12.360071 15.255099 15.797079 15.471090
0.079365 12.122109 0.000053 0.000855 0.048099 0.482656 1.164528 12.090104 12.289431 15.410247 15.549531 15.469852
0.081523 12.097639 0.000041 0.000689 0.043522 0.483630 1.007241 12.091629 12.258214 15.183516 15.580901 15.356450
0.084437 12.072127 0.000035 0.000668 0.039380 0.482090 0.855893 12.022179 12.205259 15.325628 15.531281 15.428467
0.086178 12.044531 0.000038 0.000577 0.035633 0.486136 0.671243 12.044639 12.171411 15.711887 15.661619 15.712415
0.089588 12.041178 0.000027 0.000468 0.032242 0.496507 0.478195 12.042755 12.162733 15.770351 15.995764 15.883300
0.093180 12.052170 0.000025 0.000397 0.029173 0.502315 0.260448 12.040219 12.132194 16.412034 16.182868 16.341783
0.096394 12.075043 0.000020 0.000205 0.026397 0.516509 -0.012329 12.122708 12.146286 16.588392 16.640158 16.626829
0.132668 12.578751 0.000006 -0.001553 0.023885 0.523666 2.238649 12.939110 12.185058 16.771701 16.870706 16.830318
0.125538 12.483495 -0.000150 -0.001072 0.040437 0.527621 2.013530 12.110446 12.206345 17.475601 16.998121 17.297417
0.090727 11.985349 0.000020 0.000794 0.040437 0.540628 1.816246 11.926540 12.225514 17.492586 17.417191 17.466257
0.095892 12.021962 0.000061 0.000731 0.040437 0.545763 1.662947 12.104817 12.211675 18.151935 17.582595 17.919983
0.098853 12.031933 0.000022 0.000646 0.040437 0.560593 1.527290 12.022835 12.242909 18.649856 18.060369 18.393575
0.098900 12.020190 0.000045 0.000800 0.040437 0.576087 1.420744 12.069025 12.271587 19.035390 18.559557 18.809784
0.099630 12.022470 0.000042 0.000895 0.040437 0.588776 1.329626 12.026352 12.287802 18.835320 18.968344 18.846907
0.103351 12.059208 0.000054 0.000821 0.040437 0.589413 1.262897 12.073996 12.253445 18.398296 18.988861 18.602569
0.109250 12.135191 0.000037 0.000425 0.040437 0.580656 1.158573 12.133105 12.190577 18.682231 18.706732 18.673771
0.115738 12.223490 0.000013 -0.000118 0.040437 0.582194 1.025805 12.293680 12.191751 18.936484 18.756299 18.846026
0.120021 12.288145 -0.000019 -0.000346 0.040437 0.586860 0.876734 12.299291 12.216964 19.367891 18.906598 19.158322
0.122322 12.336384 -0.000016 -0.000429 0.040437 0.595958 0.727886 12.405929 12.268775 19.085309 19.199735 19.099388
0.123213 12.386342 -0.000027 -0.000422 0.036589 0.592408 0.566994 12.360783 12.270642 18.711152 19.085349 18.836795
0.122351 12.440010 -0.000018 -0.000608 0.033107 0.581428 0.341564 12.471051 12.255237 19.290451 18.731606 19.041473
0.120279 12.470262 -0.000043 -0.000772 0.029957 0.585227 0.043548 12.517932 12.325041 19.225638 18.854011 19.039972
0.116680 12.464368 -0.000039 -0.000500 0.027106 0.583736 -0.829799 12.453637 12.371093 18.900424 18.805975 18.822065
0.113522 12.446450 -0.000017 -0.000271 0.024527 0.576067 -0.722761 12.448863 12.386792 18.331477 18.558894 18.387640
0.111075 12.418689 -0.000013 -0.000115 0.022193 0.563030 -0.634164 12.374895 12.370326 17.664127 18.138908 17.832493
0.109098 12.408344 -0.000001 -0.000137 0.020081 0.546523 -0.511216 12.394067 12.333092 18.052889 17.607090 17.847885
0.109014 12.418682 -0.000012 -0.000307 0.018170 0.548389 -0.372467 12.476905 12.380182 17.554875 17.667213 17.573920
0.156145 13.107770 -0.000020 -0.002613 0.016441 0.540882 -0.246221 13.602753 12.443231 16.511847 17.425353 16.873243
0.147058 12.960522 -0.000233 -0.001858 0.062751 0.520050 0.003451 12.367782 30745.318133 15.948718 16.754229 16.290892
0.098008 12.258579 0.000008 110.372258 0.062751 0.560751 -11.033960 12.101595 27671.942557 15.347394 18.065474 16.517902
0.104063 12.339037 0.000045 99.334493 0.062751 0.560343 -9.884333 12.294066 24905.747280 16.170707 18.052319 17.062378
0.108784 12.406200 -0.000041 89.399959 0.062751 0.571227 -8.852698 12.333280 22416.250544 16.389952 18.402977 17.384158
0.107725 12.416867 -0.000075 80.459341 0.062751 0.574786 -7.934287 12.309750 20175.693189 16.706316 18.517631 17.663771
0.103700 12.389712 -0.000096 72.412879 0.062751 0.576986 -7.120592 12.297129 18159.206289 16.249665 18.588493 17.471473
0.100789 12.384770 -0.000115 65.171047 0.062751 0.564360 -6.397029 12.252736 16344.321991 16.602862 18.181747 17.554364
0.097720 12.372466 -0.000134 58.653260 0.062751 0.561257 -5.747731 12.331786 14710.990575 16.880638 18.081758 17.700682
0.093988 12.346314 -0.000162 52.787538 0.062751 0.561469 -5.178085 12.254122 13241.022335 16.496903 18.088601 17.502348
0.089845 12.320916 -0.000151 47.508503 0.062751 0.551130 -4.673006 12.236779 11918.014622 16.276598 17.755526 17.261508
0.086719 12.296183 -0.000160 42.757247 0.062751 0.540197 -4.220313 12.215882 10727.314954 15.615311 17.403288 16.756779
0.084882 12.274762 -0.000165 38.481140 0.056780 0.521837 -3.804038 12.167330 9655.656399 15.474407 16.811786 16.452629
0.083645 12.261292 -0.000169 34.632520 0.051377 0.510810 -3.409009 12.220871 8691.201298 15.935202 16.456558 16.579019
0.083253 12.254397 -0.000185 31.168877 0.049828 0.514124 -3.045008 12.236156 7823.261547 15.916678 16.563320 16.608621
0.083122 12.244133 -0.000179 28.051865 0.049828 0.514678 -2.716683 12.194625 7042.103916 15.891746 16.581161 16.599937
0.085896 12.258543 -0.000165 25.246426 0.049828 0.514306 -2.412045 12.250091 6339.059792 15.863716 16.569183 16.577903
0.091235 12.289922 -0.000171 22.721457 0.049828 0.514245 -2.127854 12.260812 5706.321832 15.881092 16.567219 16.586599
0.095688 12.321980 -0.000168 20.448977 0.049828 0.515303 -1.850928 12.311612 5136.862544 16.740492 16.601289 17.093472
0.099502 12.353554 -0.000173 18.403753 0.049828 0.531789 -1.592979 12.399138 4624.423676 16.778505 17.132419 17.317651
0.100561 12.361193 -0.000171 16.563393 0.049828 0.538445 -1.384016 12.300249 4163.186839 17.096913 17.346855 17.583078
0.100847 12.346674 -0.000142 14.906996 0.049828 0.545772 -1.197909 12.362211 3748.081220 17.252203 17.582895 17.761348
0.099473 12.302683 -0.000144 13.416377 0.049828 0.551072 -1.065594 12.226479 3374.474785 17.149426 17.753644 17.765692
0.096432 12.255904 -0.000110 12.074805 0.049828 0.550212 -0.926870 12.227221 3038.200674 17.574557 17.725928 17.998946
0.094024 12.216245 -0.000110 10.867279 0.049828 0.556627 -0.812275 12.194382 2735.589148 17.267371 17.932624 17.895674
0.092100 12.176693 -0.000095 9.780646 0.045086 0.552265 -0.717224 12.105043 2463.190404 16.930007 17.792071 17.643018
0.093781 12.173020 -0.000080 8.802388 0.040796 0.543646 -0.607682 12.152893 2218.014157 16.573482 17.514394 17.326724
0.097779 12.193259 -0.000096 7.921809 0.036914 0.533623 -0.453181 12.144228 1997.350744 16.395308 17.191487 17.096900
0.103620 12.238834 -0.000101 7.129173 0.033401 0.526717 -0.210976 12.245706 1798.770739 16.321157 16.968998 16.965396
0.110083 12.300668 -0.000123 6.415786 0.033164 0.522854 0.281881 12.288644 1620.067739 15.921707 16.844576 16.680452
0.115985 12.363373 -0.000130 5.773781 0.035057 0.513770 -0.174049 12.343392 1459.217538 15.525866 16.551904 16.335221
0.119796 12.423297 -0.000144 5.195901 0.038587 0.501627 0.793674 12.398541 1314.449433 15.802096 16.160696 16.344713
0.122061 12.470368 -0.000157 4.675824 0.042257 0.500275 0.459277 12.496836 1184.220533 15.815389 16.117139 16.325605
0.121445 12.483593 -0.000167 4.208083 0.044834 0.498057 0.006380 12.446917 1067.020758 15.787293 16.045679 16.269506
0.116697 12.444727 -0.000146 3.787320 0.044834 0.500888 -26.580116 12.420642 961.540823 15.279600 16.136884 16.001590
0.110161 12.377442 -0.000132 3.408750 0.044834 0.489856 -23.917734 12.268787 866.550389 14.554763 15.781465 15.438090
0.102914 12.304395 -0.000104 3.067871 0.044834 0.469717 -21.521143 12.226857 781.019766 14.699874 15.132673 15.265664
0.097586 12.242686 -0.000107 2.760925 0.044834 0.463151 -19.363048 12.217942 704.104651 14.943517 14.921130 15.311303
0.093163 12.191303 -0.000102 2.484882 0.044834 0.464680 -17.422425 12.171926 634.915251 15.087945 14.970393 15.397041
0.090517 12.159461 -0.000083 2.236515 0.044834 0.467800 -15.678470 12.159648 572.649832 14.586254 15.070893 15.128948
0.090756 12.160063 -0.000071 2.012898 0.044834 0.459910 -14.110958 12.118507 516.558967 14.452776 14.816723 14.941831
0.090914 12.140102 -0.000064 1.811530 0.044834 0.454988 -12.698422 12.125923 466.085625 15.055483 14.658135 15.218474
0.091593 12.106952 -0.000066 1.630383 0.044834 0.466279 -11.427164 12.126118 420.722100 15.560581 15.021901 15.637748
0.093342 12.094537 -0.000053 1.467512 0.044834 0.482253 -10.283258 12.115831 379.905903 16.116505 15.536530 16.147136
0.094206 12.089597 -0.000037 1.320946 0.040568 0.500268 -9.254507 12.118736 343.174399 16.388059 16.116915 16.518069
0.093604 12.083666 -0.000025 1.189053 0.036707 0.512245 -8.330007 12.079044 310.088761 16.802658 16.502762 16.901603
0.092348 12.061553 -0.000010 1.070311 0.033214 0.523897 -7.499233 12.073481 280.311961 17.091086 16.878146 17.207194
0.089692 12.026513 -0.000003 0.963499 0.030053 0.533055 -6.753431 12.007344 253.501820 17.807573 17.173192 17.732781
0.086461 11.986868 0.000013 0.867358 0.027193 0.549040 -6.083628 12.025318 229.405155 18.523893 17.688185 18.338717
0.084143 11.959340 0.000019 0.780918 0.024606 0.567938 -5.486340 11.978789 207.732804 19.021396 18.297008 18.851558
0.083214 11.948465 0.000040 0.703124 0.022264 0.583799 -4.953300 11.986815 188.216979 19.212101 18.807985 19.149130
0.084035 11.963429 0.000046 0.632983 0.020145 0.593016 -4.477076 11.979648 170.626552 19.220718 19.104932 19.261544
0.086883 12.015471 0.000050 0.569623 0.018228 0.595883 -4.046991 12.054136 154.775452 19.029336 19.197312 19.181047
0.090339 12.084217 0.000033 0.512450 0.016494 0.592336 -3.657461 12.093764 140.491810 18.713398 19.083045 18.950215
0.093576 12.149376 0.000019 0.460919 0.014924 0.583713 -3.301216 12.161918 127.625618 18.233523 18.805226 18.561371
0.104454 12.307206 -0.000001 0.414145 0.013504 0.570566 -2.974555 12.374024 116.044364 17.456235 18.381666 17.944156
0.106018 12.345128 -0.000051 0.372417 0.013702 0.550432 -2.669196 12.242026 105.594455 17.619234 17.733041 17.786723
0.100095 12.275426 -0.000036 0.335139 0.013702 0.545380 -2.384143 12.292310 96.252716 17.941809 17.570278 17.902405
0.101005 12.298895 -0.000044 0.301505 0.013702 0.549588 -2.124421 12.336274 87.889445 17.547900 17.705846 17.715875
0.099558 12.319429 -0.000042 0.271396 0.013702 0.543373 -1.890016 12.292301 80.318792 17.488821 17.505620 17.596553
0.097151 12.322093 -0.000032 0.244198 0.013702 0.538558 -1.678672 12.344474 73.517670 16.646210 17.350492 17.041855
0.094082 12.307809 -0.000040 0.219824 0.013702 0.520233 -1.491180 12.217606 67.335813 16.029633 16.760135 16.451155
0.090926 12.271939 -0.000023 0.197752 0.013702 0.501158 -1.310635 12.252268 61.766288 16.489768 16.145581 16.467439
0.089266 12.231147 -0.000040 0.177897 0.013702 0.503461 -1.144345 12.243999 56.842522 16.752886 16.219775 16.634781
0.086288 12.189522 -0.000029 0.160363 0.013702 0.510855 -0.998260 12.192017 52.423299 17.221124 16.457994 16.985326
0.084102 12.149715 -0.000007 0.144635 0.013702 0.523723 -0.880270 12.181831 48.461898 16.690753 16.872556 16.831669
0.084604 12.130137 0.000008 0.130479 0.013702 0.520487 -0.790523 12.073068 44.813009 15.675642 16.768316 16.204713
0.089865 12.156060 0.000025 0.117282 0.012398 0.501989 -0.690455 12.128013 41.452874 15.774252 16.172359 16.037120
0.097650 12.212096 -0.000006 0.105013 0.011218 0.498998 -0.564829 12.244954 38.494387 16.948256 16.076016 16.684537
0.103999 12.258863 -0.000034 0.094220 0.010150 0.521949 -0.439269 12.345378 35.946223 17.546064 16.815404 17.312507
0.109324 12.295522 -0.000036 0.084937 0.009576 0.543556 -0.350511 12.318789 33.644304 17.865267 17.511505 17.764818
0.115143 12.336262 -0.000015 0.076524 0.009576 0.558737 -0.292863 12.380815 31.544076 18.091868 18.000572 18.088038
0.118865 12.366616 -0.000020 0.068872 0.009576 0.569225 -0.264980 12.363148 29.634220 18.836626 18.338461 18.660576
0.118124 12.359727 -0.000013 0.062038 0.009576 0.586268 -0.243467 12.400047 27.949828 19.537873 18.887539 19.283606
0.113589 12.308733 -0.000011 0.056172 0.009576 0.604201 -0.280216 12.291891 26.441927 19.929129 19.465295 19.733174
0.110392 12.274172 0.000022 0.050881 0.009576 0.616293 -0.337944 12.300087 25.065241 19.781074 19.854833 19.795064
0.107232 12.233168 0.000026 0.046084 0.009576 0.616518 -0.401910 12.173258 23.775659 19.289261 19.862102 19.512904
0.103840 12.190375 0.000046 0.041606 0.012386 0.606063 -0.424459 12.154558 22.567619 19.546858 19.525272 19.540714
0.104304 12.191303 0.000036 0.037265 0.012386 0.606359 -0.433243 12.222565 21.531853 19.185623 19.534813 19.332350
0.104987 12.212456 0.000020 0.033469 0.012386 0.599273 -0.426659 12.174188 20.569733 19.050269 19.306520 19.168082
0.110189 12.298016 0.000021 0.029706 0.012386 0.593040 -0.394298 12.374931 19.720413 18.791693 19.105710 18.940101
0.119620 12.426219 -0.000023 0.026196 0.012386 0.585424 -0.364059 12.440109 18.963853 18.330743 18.860362 18.576589
0.127663 12.527602 -0.000038 0.023115 0.012386 0.574016 -0.311352 12.551822 18.274453 18.100402 18.492830 18.302862
0.132526 12.601769 -0.000065 0.020372 0.017353 0.565848 -0.227007 12.607809 17.673267 17.852943 18.229679 18.057938
0.134157 12.660976 -0.000075 0.018001 0.020291 0.557288 -0.016117 12.670949 17.139476 17.848000 17.953909 17.948356
0.133120 12.691525 -0.000086 0.015974 0.023245 0.551402 3.293890 12.698832 16.685527 17.992910 17.764283 17.953471
0.131072 12.688825 -0.000085 0.014353 0.023245 0.550224 2.950692 12.700579 16.305617 17.909037 17.726324 17.879869
0.127103 12.649616 -0.000074 0.013130 0.023245 0.547667 2.647922 12.624638 15.955809 17.828887 17.643943 17.791469
0.123055 12.614866 -0.000049 0.011998 0.023245 0.544870 2.377777 12.623034 15.637700 17.694623 17.553836 17.668807
0.120686 12.606130 -0.000041 0.010887 0.023245 0.541188 2.139740 12.604776 15.346711 17.295226 17.435231 17.382712
0.119529 12.608197 -0.000032 0.009835 0.023245 0.532193 1.927252 12.598834 15.060759 16.909919 17.145442 17.040392
0.119838 12.618639 -0.000030 0.008770 0.023245 0.521984 1.734800 12.614128 14.796191 16.354650 16.816526 16.586129
0.117797 12.614156 -0.000034 0.007836 0.023245 0.508134 1.551853 12.574258 14.538067 16.230523 16.370329 16.336010
0.153401 13.175718 -0.000030 0.004893 0.023245 0.499932 1.372254 13.644801 14.389749 16.113766 16.106077 16.157963
0.142492 13.027186 -0.000233 0.004893 0.062682 0.494528 1.210705 12.533758 14.254157 15.743798 15.931989 15.869254
0.098856 12.422319 0.000000 0.006579 0.062682 0.485800 0.916627 12.316902 14.054708 15.981978 15.650813 15.887799
0.100718 12.467863 0.000038 0.005699 0.062682 0.486675 0.582265 12.617255 13.924646 16.116662 15.678995 15.965449
0.101003 12.480546 -0.000017 0.005186 0.062682 0.490001 0.204720 12.409006 13.818064 16.108320 15.786137 15.993120
0.099175 12.460781 0.000031 0.004874 0.062682 0.492056 -0.671242 12.530048 13.710182 16.126192 15.852348 16.021932
0.095433 12.425684 0.000011 0.004613 0.062682 0.493753 -0.363147 12.365862 13.605400 16.398373 15.907017 16.192296
0.090899 12.395270 0.000045 0.004346 0.062682 0.499178 0.070341 12.461265 13.526856 16.542862 16.081813 16.336306
0.086128 12.364410 0.000031 0.004175 0.062682 0.503621 -0.990488 12.326775 13.450460 16.466270 16.224926 16.342941
0.083749 12.337804 0.000061 0.003996 0.062682 0.503586 -0.878041 12.367486 13.360053 16.238549 16.223806 16.207995
0.082974 12.319641 0.000052 0.003736 0.062682 0.500269 -0.825900 12.282639 13.257286 16.325850 16.116963 16.211816
0.082458 12.301604 0.000063 0.003432 0.062682 0.501655 -0.774031 12.334830 13.179772 16.042485 16.161616 16.066083
0.080854 12.273980 0.000050 0.003253 0.056717 0.498392 -0.751730 12.215003 13.078897 15.472325 16.056480 15.701861
0.078926 12.260231 0.000066 0.002940 0.051319 0.487011 -0.663422 12.245925 12.946541 15.236893 15.689829 15.426416
0.078550 12.252872 0.000045 0.002491 0.046436 0.478154 -0.523015 12.219282 12.838027 14.850966 15.404472 15.096630
0.079628 12.244645 0.000038 0.002131 0.042017 0.468073 -0.295349 12.217097 12.730849 15.350477 15.079707 15.254326
0.081202 12.235761 0.000026 0.001778 0.038018 0.474460 0.139193 12.274095 12.704743 15.916193 15.285456 15.656550
0.082278 12.218548 0.000017 0.001746 0.034400 0.489171 -0.562855 12.228625 12.710638 16.200834 15.759408 16.004851
0.083773 12.205493 0.000034 0.001814 0.031127 0.501700 -0.387409 12.225140 12.698276 16.447480 16.163059 16.307019
