0.000000 -0.001094 0.000000 0.000000 0.000000 0.000000 0.000000 0.000000 0.000000 10.411742 0.000000 10.411742
0.000000 -0.001933 0.000000 0.000000 0.000000 0.000000 0.000000 0.000000 0.000000 10.411862 0.000000 10.411862
0.000000 0.001135 0.000000 0.000000 0.000000 0.000000 0.000000 0.000000 0.000000 10.412114 0.000000 10.412114
0.000000 0.115089 0.000000 0.000000 0.000000 0.000000 0.000000 0.000000 0.000000 10.412142 0.000000 10.412142
0.000000 0.406798 0.000000 0.000000 0.000000 0.000000 0.000000 0.000000 0.000000 10.411703 0.000000 10.411703
0.000000 0.623323 0.000000 0.000000 0.000000 0.000000 0.000000 0.000000 0.000000 10.411278 0.000000 10.411278
0.000000 0.616458 0.000000 0.000000 0.000000 0.000000 0.000000 0.000000 0.000000 10.409802 0.000000 10.409802
0.000000 0.560884 0.000000 0.000000 0.000000 0.000000 0.000000 0.000000 0.000000 10.410696 0.000000 10.410696
0.000000 0.548418 0.000000 0.000000 0.000000 0.000000 0.000000 0.000000 0.000000 10.400355 0.000000 10.400355
0.000000 0.566420 0.000000 0.000000 0.000000 0.000000 0.000000 0.000000 0.000000 10.372582 0.000000 10.372582
0.000000 0.615774 0.000000 0.000000 0.000000 0.000000 0.000000 0.000000 0.000000 10.370543 0.000000 10.370543
0.000000 0.670876 0.000000 0.000000 0.000000 0.000000 0.000000 0.000000 0.000000 10.383596 0.000000 10.383596
0.000000 0.732486 0.000000 0.000000 0.000000 0.000000 0.000000 0.000000 0.000000 10.397547 0.000000 10.397547
0.000000 0.810827 0.000000 0.000000 0.000000 0.000000 0.000000 0.000000 0.000000 10.422550 0.000000 10.422550
0.000000 0.888170 0.000000 0.000000 0.000000 0.000000 0.000000 0.000000 0.000000 10.440485 0.000000 10.440485
0.000000 0.962421 0.000000 0.000000 0.000000 0.000000 0.000000 0.000000 0.000000 10.444335 0.000000 10.444335
0.301006 1.039828 0.000000 0.000000 0.000000 0.000000 0.000000 0.000000 0.000000 10.427333 0.000000 10.427333
0.224714 1.121421 0.000000 0.000000 0.000000 0.000000 0.000000 0.000000 0.000000 10.417905 0.000000 10.417905
0.160079 1.218479 0.000000 0.000000 0.000000 0.000000 0.000000 0.000000 0.000000 10.428690 0.000000 10.428690
0.123691 1.331468 0.000000 0.000000 0.000000 0.000000 0.000000 0.000000 0.000000 10.438527 0.000000 10.438527
0.095168 1.444437 0.000000 0.000000 0.000000 0.000000 0.000000 0.000000 0.000000 10.448279 0.000000 10.448279
0.080368 1.557210 0.000000 0.000000 0.000000 0.000000 0.000000 0.000000 0.000000 10.441951 0.000000 10.441951
0.087452 1.681520 0.000000 0.000000 0.000000 0.000000 0.000000 0.000000 0.000000 10.425151 0.000000 10.425151
0.103639 1.811697 0.000000 0.000000 0.000000 0.000000 0.000000 0.000000 0.000000 10.413649 0.000000 10.413649
0.113970 1.928190 0.000000 0.000000 0.000000 0.000000 0.000000 0.000000 0.000000 10.405842 0.000000 10.405842
0.119180 2.031733 0.000000 0.000000 0.000000 0.000000 0.000000 0.000000 0.000000 10.401934 0.000000 10.401934
0.139237 2.171161 0.000000 0.000000 0.000000 0.000000 0.000000 0.000000 0.000000 10.397630 0.000000 10.397630
0.132967 2.254174 0.000000 0.000000 0.000000 0.000000 0.000000 0.000000 0.000000 10.391112 0.000000 10.391112
0.108276 2.300763 0.000000 0.000000 0.000000 0.000000 0.000000 0.000000 0.000000 10.398580 0.000000 10.398580
0.107569 2.401381 0.000000 0.000000 0.000000 0.000000 0.000000 0.000000 0.000000 10.411372 0.000000 10.411372
0.102392 2.493037 0.000000 0.000000 0.000000 0.000000 0.000000 0.000000 0.000000 10.418766 0.000000 10.418766
0.089186 2.580216 0.000000 0.000000 0.000000 0.000000 0.000000 0.000000 0.000000 10.429740 0.000000 10.429740
0.082863 2.674868 0.000000 0.000000 0.000000 0.000000 0.000000 0.000000 0.000000 10.424690 0.000000 10.424690
0.075899 2.758837 0.000000 0.000000 0.000000 0.000000 0.000000 0.000000 0.000000 10.412100 0.000000 10.412100
0.070840 2.847524 0.000000 0.000000 0.000000 0.000000 0.000000 0.000000 0.000000 10.407641 0.000000 10.407641
0.070535 2.941069 0.000000 0.000000 0.000000 0.000000 0.000000 0.000000 0.000000 10.404010 0.000000 10.404010
0.067611 3.040284 0.000000 0.000000 0.000000 0.000000 0.000000 0.000000 0.000000 10.411762 0.000000 10.411762
0.063547 3.140871 0.000000 0.000000 0.000000 0.000000 0.000000 0.000000 0.000000 10.418700 0.000000 10.418700
0.061633 3.235656 0.000000 0.000000 0.000000 0.000000 0.000000 0.000000 0.000000 10.414800 0.000000 10.414800
0.059398 3.329794 0.000000 0.000000 0.000000 0.000000 0.000000 0.000000 0.000000 10.414085 0.000000 10.414085
0.057983 3.417300 0.000000 0.000000 0.000000 0.000000 0.000000 0.000000 0.000000 10.411003 0.000000 10.411003
0.058922 3.506906 0.000000 0.000000 0.000000 0.000000 0.000000 0.000000 0.000000 10.407883 0.000000 10.407883
0.058882 3.603321 0.000000 0.000000 0.000000 0.000000 0.000000 0.000000 0.000000 10.408365 0.000000 10.408365
0.056695 3.698874 0.000000 0.000000 0.000000 0.000000 0.000000 0.000000 0.000000 10.411994 0.000000 10.411994
0.055657 3.792955 0.000000 0.000000 0.000000 0.000000 0.000000 0.000000 0.000000 10.414358 0.000000 10.414358
0.050600 3.876251 0.000000 0.000000 0.000000 0.000000 0.000000 0.000000 0.000000 10.414162 0.000000 10.414162
0.044299 3.958017 0.000000 0.000000 0.000000 0.000000 0.000000 0.000000 0.000000 10.412870 0.000000 10.412870
0.042024 4.051503 0.000000 0.000000 0.000000 0.000000 0.000000 4.051503 4.051503 10.414023 0.000000 10.414023
0.040061 4.145213 0.000000 -0.000337 0.000000 0.483760 0.000000 5.120269 4.960963 10.411638 15.585082 10.411638
0.037657 4.234419 -0.000032 0.002609 0.008611 0.158689 0.000638 3.078595 -1314.501016 10.406875 5.112430 10.406875
0.032356 4.314493 0.000274 -4.736289 0.073614 0.361749 0.474006 5.760812 -1182.161864 18.196947 11.654308 18.196947
0.030789 4.401497 -0.000175 -4.261329 0.073614 0.621993 -0.718638 3.879527 -1062.940045 17.973395 20.038467 17.973395
0.034047 4.505135 0.000307 -3.833537 0.082419 0.465785 0.037439 4.827136 -956.374012 17.733069 15.005989 17.733069
0.045206 4.660137 0.000064 -3.451381 0.082419 0.542019 -16.843992 4.762241 -860.034894 17.531953 17.462001 17.531953
0.053661 4.798652 0.000115 -3.105894 0.082419 0.494112 -15.120836 4.833826 -773.545494 17.390432 15.918592 17.390432
0.061540 4.903917 0.000091 -2.795661 0.082419 0.511552 -13.572695 5.087202 -695.573341 17.168802 16.480433 17.168802
0.071222 5.046038 0.000059 -2.516149 0.082419 0.496377 -12.181252 5.072603 -625.451907 16.899509 15.991574 16.899509
0.074711 5.203140 0.000067 -2.264884 0.082419 0.489318 -10.910743 5.386043 -562.307929 16.733048 15.764149 16.733048
0.074810 5.333348 0.000016 -2.038582 0.082419 0.480903 -9.767760 5.374935 -505.460059 16.494140 15.493057 16.494140
0.070864 5.457318 0.000033 -1.834868 0.082419 0.470107 -8.753870 5.609748 -454.281797 16.163086 15.145238 16.163086
0.060314 5.591502 0.000001 -1.651552 0.082419 0.454072 -7.836796 5.664879 -408.206494 15.824674 14.628635 15.824674
0.048305 5.708363 0.000007 -1.486501 0.082419 0.437554 -7.009076 5.846525 -366.711635 15.379000 14.096489 15.379000
0.039343 5.813172 -0.000008 -1.337856 0.082419 0.419789 -6.265895 5.897337 -329.348306 14.869835 13.524162 14.869835
0.035185 5.929648 0.000004 -1.204090 0.074576 0.402687 -5.571442 6.071804 -295.704203 14.437768 12.973180 14.437768
0.028549 6.051401 -0.000007 -1.083701 0.067479 0.390230 -4.927859 6.161662 -265.402058 14.053781 12.571855 14.053781
0.016603 6.161866 0.000000 -0.975273 0.061057 0.377331 -4.343185 6.290112 -238.117582 13.662576 12.156303 13.662576
0.009358 6.282411 0.000000 -0.877719 0.055247 0.364056 -3.832585 6.406438 -213.547395 13.210638 11.728638 13.210638
0.006597 6.413101 0.000003 -0.789949 0.049989 0.350023 -3.388471 6.546521 -191.423256 12.804843 11.276527 12.804843
0.006529 6.531625 0.000000 -0.710919 0.045232 0.339374 -2.994652 6.651801 -171.495674 12.516572 10.933454 12.516572
0.020013 6.714453 0.000005 -0.640010 0.040928 0.334090 -2.651007 6.901404 -153.537832 12.207052 10.763239 12.207052
0.024938 6.830060 -0.000017 -0.575932 0.037033 0.329948 -2.350607 6.897775 -137.376254 11.878769 10.629803 11.878769
0.021062 6.880774 0.000009 -0.518073 0.033509 0.325812 -2.081916 6.975122 -122.842602 11.669929 10.496548 11.669929
0.026842 6.992791 0.000014 -0.466280 0.030320 0.324279 -1.842104 7.108342 -109.757647 11.374653 10.447146 11.374653
0.048205 7.229764 0.000007 -0.420139 0.027435 0.318815 -1.634571 7.407067 -97.978741 11.071941 10.271118 11.071941
0.043537 7.284873 -0.000035 -0.378035 0.024824 0.312094 -1.440916 7.256334 -87.383164 10.956427 10.054602 10.956427
0.025215 7.226961 0.000010 -0.339775 0.022462 0.310288 -1.280790 7.281408 -77.844207 10.718255 9.996429 10.718255
0.026440 7.318852 0.000019 -0.305848 0.020324 0.304163 -1.157009 7.411194 -69.265513 10.358241 9.799077 10.358241
0.024434 7.396426 0.000004 -0.275318 0.018390 0.293457 -1.047894 7.432940 -61.550990 10.065489 9.454176 10.065489
0.023032 7.467786 0.000009 -0.247869 0.016640 0.284050 -0.949599 7.548499 -54.596277 9.680129 9.151125 9.680129
0.021766 7.540612 -0.000004 -0.223153 0.015057 0.272538 -0.860357 7.580025 -48.336866 9.269010 8.780224 9.269010
0.017744 7.601044 -0.000001 -0.200891 0.013624 0.259757 -0.761478 7.660105 -42.700829 9.181049 8.368493 9.111359
0.014183 7.650342 -0.000008 -0.180827 0.012327 0.255849 -0.670114 7.712762 -37.595482 8.932494 8.242590 8.846067
0.009078 7.695774 -0.000004 -0.162655 0.011154 0.248996 -0.596801 7.741813 -33.006728 8.818804 8.021802 8.686364
0.002162 7.738305 0.000002 -0.146328 0.010093 0.244603 -0.526018 7.804384 -28.863339 8.880372 7.880276 8.681418
0.000138 7.795638 0.000003 -0.131654 0.009132 0.245397 -0.480090 7.875079 -25.111003 8.644052 7.905837 8.453941
-0.000755 7.852969 0.000006 -0.118384 0.008263 0.240104 -0.446092 7.899085 -21.750802 8.503098 7.735310 8.281418
-0.001088 7.911220 0.000013 -0.106526 0.007477 0.236816 -0.403740 7.987289 -18.718239 8.506438 7.629409 8.237925
0.000643 7.975910 0.000008 -0.095867 0.006765 0.238044 -0.363843 8.042608 -15.973022 8.531634 7.668949 8.236978
0.000194 8.023409 0.000011 -0.086179 0.006122 0.240677 -0.332592 8.082612 -13.498817 8.531979 7.753784 8.227399
0.000647 8.074069 0.000016 -0.077475 0.005539 0.242668 -0.313227 8.134494 -11.274269 8.363569 7.817925 8.084653
0.002447 8.126424 0.000018 -0.069674 0.005012 0.240301 -0.297424 8.167128 -9.287039 7.971735 7.741665 7.746712
0.003548 8.180523 0.000019 -0.062732 0.005047 0.231365 -0.268731 8.211123 -7.520398 8.020178 7.453777 7.722477
0.005303 8.233056 0.000012 -0.056576 0.005047 0.231907 -0.223286 8.299556 -5.896098 8.146127 7.471242 7.811872
0.007012 8.270993 0.000004 -0.050879 0.005047 0.236636 -0.200414 8.306474 -4.421059 7.842079 7.623592 7.592582
0.007595 8.317613 0.000013 -0.045749 0.005047 0.230980 -0.184758 8.345408 -3.128307 7.742423 7.441372 7.475813
0.007076 8.358652 0.000008 -0.041253 0.005047 0.227478 -0.164040 8.395267 -1.953592 7.415490 7.328560 7.196353
0.006030 8.390524 0.000003 -0.037149 0.005047 0.218634 -0.147074 8.394242 -0.911667 7.007647 7.043621 6.823455
0.004454 8.419722 0.000004 -0.033512 0.005047 0.206561 -0.097827 8.436996 0.018363 6.732279 6.654689 6.531659
0.001995 8.441971 -0.000005 -0.030252 0.005047 0.197165 -0.003314 8.452657 47.664538 6.609151 6.351978 6.371135
-0.000276 8.467912 -0.000006 0.140768 0.005047 0.192000 -0.020120 8.502345 43.767103 6.363017 6.185569 6.143581
-0.001200 8.495617 -0.000011 0.126671 0.005047 0.184667 0.291714 8.505572 40.255291 5.359975 5.949321 5.331364
0.001662 8.552396 -0.000007 0.113855 0.005047 0.159009 0.250515 8.538918 37.034064 4.594472 5.122726 4.579959
0.001428 8.572235 -0.000023 0.102216 0.006124 0.135564 0.205917 8.553231 34.142224 3.915958 4.367391 3.907869
-0.002643 8.548437 -0.000032 0.091915 0.008603 0.115398 0.155576 8.505585 31.543828 3.306465 3.717741 3.310226
-0.004953 8.553031 -0.000027 0.082567 0.008603 0.097524 0.059424 8.555441 29.209201 3.076772 3.141904 3.013925
-0.009508 8.547414 -0.000041 0.074203 0.011004 0.088507 -0.092052 8.535364 27.137393 2.675526 2.851381 2.645849
-0.015873 8.529745 -0.000034 0.066826 0.011004 0.076449 -0.120918 8.510051 25.261429 2.267471 2.462909 2.252243
-0.021050 8.514785 -0.000029 0.060143 0.011004 0.063359 -0.235662 8.501680 23.569873 1.609079 2.041209 1.658962
-0.024485 8.499453 -0.000028 0.054123 0.011004 0.044508 -0.320124 8.460322 22.025482 0.881435 1.433903 0.977031
-0.026684 8.480064 -0.000025 0.048646 0.011004 0.023673 -0.343485 8.448108 20.623190 0.486677 0.762659 0.541792
-0.029287 8.441575 -0.000029 0.043748 0.011004 0.011900 -0.338132 8.412496 19.381175 -0.042766 0.383387 0.055825
-0.035153 8.386515 -0.000024 0.039485 0.011004 -0.001491 -0.304601 8.328898 18.244877 -0.422163 -0.048020 -0.318873
-0.041850 8.319659 -0.000013 0.035645 0.011004 -0.012218 -0.231368 8.279930 17.220018 -1.026436 -0.393615 -0.859119
-0.047509 8.253563 -0.000008 0.032201 0.011004 -0.028146 -0.143427 8.177774 16.268677 -1.810848 -0.906758 -1.570792
-0.052603 8.203738 0.000001 0.028964 0.011004 -0.050438 0.099036 8.146368 15.384042 -2.313500 -1.624952 -2.079993
-0.055556 8.170977 -0.000008 0.025904 0.011004 -0.066424 -0.340112 8.131153 14.603224 -2.842308 -2.139950 -2.584768
-0.057537 8.147420 -0.000015 0.023185 0.009957 -0.082643 -0.170471 8.099728 13.896939 -3.037488 -2.662479 -2.813453
-0.061883 8.102245 -0.000019 0.020811 0.009010 -0.090102 0.055053 8.071846 13.285057 -3.356837 -2.902783 -3.113082
-0.069646 8.028643 -0.000018 0.018877 0.008152 -0.099811 -0.261185 7.954837 12.720172 -3.719731 -3.215556 -3.458757
-0.077500 7.954810 -0.000002 0.017114 0.007376 -0.111328 -0.213505 7.911212 12.200059 -3.942459 -3.586604 -3.688953
-0.084127 7.871878 -0.000002 0.015544 0.006674 -0.118410 -0.225029 7.809654 11.736485 -4.309892 -3.814774 -4.035793
-0.090404 7.781523 0.000012 0.014204 0.006039 -0.128063 -0.265061 7.716224 11.298195 -4.484549 -4.125746 -4.213063
-0.092562 7.716159 0.000020 0.012864 0.005480 -0.131556 -0.290665 7.685095 10.908980 -4.775441 -4.238279 -4.484359
-0.084929 7.723704 0.000018 0.011439 0.005480 -0.137203 -0.308880 7.708164 10.544025 -5.057726 -4.420210 -4.745385
-0.072476 7.778261 0.000004 0.009933 0.005480 -0.142831 -0.306011 7.779238 10.212348 -5.144377 -4.601532 -4.827295
-0.062607 7.810263 -0.000021 0.008627 0.005588 -0.143726 -0.292013 7.788164 9.925221 -5.447456 -4.630345 -5.084955
-0.055984 7.813521 -0.000029 0.007584 0.007907 -0.150935 -0.271211 7.763184 9.643428 -5.632405 -4.862606 -5.254544
-0.049851 7.806461 -0.000035 0.006597 0.009484 -0.155727 -0.224186 7.774548 9.393197 -5.839101 -5.016992 -5.435372
-0.044439 7.786395 -0.000047 0.005771 0.012558 -0.160750 -0.147903 7.724817 9.161462 -5.874169 -5.178821 -5.468313
-0.039548 7.755884 -0.000046 0.005048 0.012558 -0.160983 0.066413 7.720638 8.960805 -5.601963 -5.186306 -5.221870
-0.034265 7.718080 -0.000053 0.004463 0.014121 -0.151631 -0.327305 7.680108 8.800607 -5.513488 -4.885038 -5.101503
-0.030521 7.674393 -0.000047 0.004045 0.014121 -0.146647 -0.206338 7.615504 8.633668 -5.033193 -4.724454 -4.655775
-0.024576 7.633373 -0.000040 0.003592 0.014121 -0.131485 -0.061582 7.620984 8.506954 -4.611488 -4.235994 -4.227927
-0.017977 7.586523 -0.000043 0.003306 0.014121 -0.116032 0.067243 7.526500 8.382457 -4.422603 -3.738164 -3.995707
-0.014242 7.537368 -0.000027 0.003035 0.014121 -0.107788 -0.119965 7.486906 8.238792 -3.745427 -3.472558 -3.363553
-0.010722 7.488027 -0.000028 0.002696 0.014121 -0.087766 -0.035194 7.465339 8.140131 -2.988708 -2.827519 -2.627280
-0.006761 7.427925 -0.000026 0.002558 0.014121 -0.064158 -0.622259 7.384062 8.054979 -2.650908 -2.066947 -2.242751
-0.004232 7.368548 -0.000010 0.002465 0.014121 -0.052124 -0.621892 7.305664 7.935864 -2.163978 -1.679254 -1.760183
-0.000825 7.319262 -0.000004 0.002214 0.014121 -0.037841 -0.618413 7.288245 7.832309 -1.703944 -1.219100 -1.296280
0.001760 7.259453 -0.000008 0.002057 0.014121 -0.023829 -0.627027 7.194514 7.733118 -1.451803 -0.767675 -1.017066
0.000554 7.196209 0.000002 0.001928 0.014121 -0.016681 -0.615223 7.138437 7.620297 -1.006338 -0.537417 -0.583554
0.000964 7.143176 0.000001 0.001713 0.012777 -0.005362 -0.590950 7.106438 7.532056 -0.828950 -0.172761 -0.384539
0.001437 7.086861 -0.000000 0.001599 0.011561 -0.001008 -0.566602 7.014485 7.430822 -0.783137 -0.032460 -0.319551
0.001229 7.035375 0.000006 0.001420 0.010461 -0.001114 -0.505543 6.987206 7.326396 -0.624853 -0.035889 -0.162115
0.003174 6.993582 -0.000001 0.001195 0.009465 0.002206 -0.419176 6.947779 7.242210 -0.475270 0.071056 -0.010042
0.003657 6.941683 -0.000003 0.001079 0.008565 0.005951 -0.309445 6.889587 7.164938 -0.264686 0.191709 0.197638
0.002510 6.884821 -0.000001 0.001006 0.007750 0.011572 -0.176315 6.841561 7.097480 0.021633 0.372811 0.476447
0.003881 6.841065 0.000001 0.000921 0.007012 0.019693 0.002431 6.810316 -3701.434064 0.281119 0.634428 0.731129
0.007045 6.806251 0.000001 -13.317478 0.006345 0.020694 1.334263 6.772463 -3330.640569 0.447820 0.666684 0.886015
0.008817 6.768268 0.000002 -11.985704 0.005741 0.026514 1.185624 6.745995 -2996.918602 0.893949 0.854202 1.309644
0.012608 6.730695 0.000003 -10.787066 0.005195 0.041254 1.052145 6.721891 -2696.550237 3.238025 1.329062 3.561721
0.016467 6.697918 0.000008 -9.708230 0.004700 0.116780 0.938861 6.843733 -2426.060429 3.992253 3.762251 4.258508
0.017164 6.659433 0.000016 -8.736676 0.004253 0.139605 0.837873 6.531872 -2182.768563 4.738449 4.497590 4.980825
0.017984 6.623219 0.000077 -7.862807 0.020757 0.162583 0.752205 6.717114 -1963.808567 5.441713 5.237871 5.661694
0.023014 6.609930 0.000039 -7.076404 0.020757 0.184066 0.670818 6.541801 -1766.749099 5.945437 5.929984 6.147043
0.030416 6.626058 0.000072 -6.368758 0.020757 0.199285 0.600532 6.694799 -1589.410248 6.574207 6.420284 6.764859
0.040322 6.665822 0.000036 -5.732020 0.020757 0.217727 0.496344 6.655944 -1429.789338 7.362243 7.014417 7.536451
0.051998 6.708944 0.000042 -5.158925 0.020757 0.241885 0.437332 6.781406 -1286.109447 7.951046 7.792713 8.099330
0.063155 6.768226 0.000020 -4.643138 0.020757 0.259014 0.387237 6.771368 -1156.807995 8.567017 8.344541 8.701257
0.078070 6.862838 0.000023 -4.179115 0.020757 0.276528 0.319843 6.955243 -1040.421683 9.132607 8.908775 9.249876
0.094841 6.973154 -0.000011 -3.761530 0.020757 0.292564 0.261627 7.006829 -935.662853 9.662923 9.425416 9.764131
0.110461 7.087873 -0.000016 -3.385720 0.020757 0.307389 0.170481 7.173236 -841.367253 10.197279 9.903002 10.283176
0.125237 7.215401 -0.000042 -3.047532 0.020757 0.321893 0.029343 7.274568 -756.483553 10.707837 10.370274 10.776207
0.143584 7.386464 -0.000052 -2.743302 0.020757 0.334955 -0.795715 7.505157 -680.067375 11.144135 10.791099 11.193347
0.157340 7.537267 -0.000086 -2.469408 0.023010 0.345117 -0.689486 7.593467 -611.276398 11.620258 11.118468 11.651356
0.154846 7.547152 -0.000088 -2.222394 0.023770 0.356276 -0.574888 7.553470 -549.350673 12.047275 11.477985 12.053181
0.139514 7.442230 -0.000064 -1.999622 0.023770 0.366931 -0.482791 7.402442 -493.622179 12.470083 11.821261 12.448499
0.122940 7.335666 -0.000020 -1.799100 0.023770 0.377908 -0.364769 7.338324 -443.470316 13.056422 12.174889 13.003596
0.114739 7.292564 0.000005 -1.618834 0.023770 0.395012 -0.260306 7.332147 -398.317837 13.415749 12.725930 13.325242
0.109369 7.280075 0.000020 -1.456632 0.023770 0.405289 -0.145931 7.298038 -357.698424 13.513008 13.057005 13.397136
0.101409 7.275640 0.000036 -1.310739 0.023770 0.406469 0.370819 7.297134 -321.161605 14.066602 13.095038 13.923338
0.097626 7.297456 0.000040 -1.179602 0.023770 0.421536 0.050216 7.381686 -288.231727 14.723557 13.580443 14.535921
0.094309 7.329996 0.000036 -1.061457 0.023770 0.440557 -0.988071 7.387443 -258.576755 15.088314 14.193221 14.864252
0.083356 7.363396 0.000050 -0.955076 0.023770 0.447931 -0.868048 7.421521 -231.905376 15.662206 14.430791 15.388563
0.075612 7.416451 0.000054 -0.859481 0.023770 0.459468 -0.824422 7.518827 -207.866762 15.627683 14.802472 15.335677
0.070714 7.478793 0.000050 -0.773375 0.023770 0.454639 -0.886430 7.518089 -186.260883 15.097580 14.646921 14.810045
0.062210 7.540859 0.000059 -0.696004 0.021508 0.435088 -0.877452 7.598026 -166.841758 14.839801 14.017028 14.508933
0.055525 7.618885 0.000046 -0.626544 0.019461 0.422806 -0.811675 7.706685 -149.324581 14.607826 13.621344 14.235333
0.049247 7.693446 0.000034 -0.563902 0.017609 0.412549 -0.729368 7.768117 -133.537516 14.208484 13.290913 13.815409
0.041746 7.771330 0.000036 -0.507485 0.015934 0.398472 -0.645445 7.853207 -119.327326 13.694528 12.837395 13.285007
0.036072 7.866258 0.000031 -0.456793 0.014417 0.380776 -0.542766 7.950782 -106.533885 13.017676 12.267300 12.603548
0.032624 7.956753 0.000024 -0.411173 0.013045 0.359355 -0.429017 8.026385 -95.019966 12.060834 11.577198 11.675790
0.029831 8.047973 0.000019 -0.370150 0.011804 0.331465 -0.253180 8.107045 -84.671371 11.537603 10.678676 11.079994
0.027547 8.139540 0.000010 -0.333314 0.010681 0.314582 0.077486 8.239774 -75.316042 11.346370 10.134767 10.801949
0.024417 8.218487 -0.000002 -0.299999 0.009664 0.308740 -0.813620 8.306178 -66.857870 11.285611 9.946556 10.683636
0.020520 8.295260 0.000006 -0.269899 0.008745 0.307522 -0.672539 8.402261 -59.226822 11.411916 9.907309 10.739609
0.018377 8.371852 0.000009 -0.242768 0.007912 0.311739 -0.574045 8.477569 -52.336911 11.151228 10.043151 10.527209
0.017655 8.450370 0.000018 -0.218307 0.007159 0.307830 -0.516826 8.524382 -46.162411 10.943010 9.917237 10.314831
0.017254 8.526666 0.000026 -0.196406 0.006956 0.303856 -0.472572 8.617151 -40.604845 10.997139 9.789191 10.306901
0.018605 8.605139 0.000023 -0.176729 0.006956 0.306638 -0.442495 8.699933 -35.579444 10.980607 9.878815 10.291475
0.018426 8.675728 0.000025 -0.158934 0.006956 0.309034 -0.420252 8.751592 -31.058698 11.211991 9.956028 10.464827
0.021418 8.776265 0.000031 -0.143060 0.008204 0.316539 -0.406157 8.904557 -26.966648 11.274935 10.197807 10.549196
0.022226 8.849856 0.000019 -0.128629 0.008204 0.320943 -0.411376 8.899191 -23.291901 11.260044 10.339672 10.558465
0.020451 8.889085 0.000036 -0.115572 0.009691 0.322926 -0.411685 8.960547 -19.994255 11.127014 10.403578 10.467295
0.023558 8.971037 0.000036 -0.104024 0.009697 0.321741 -0.403479 9.041956 -17.035199 11.020618 10.365402 10.376274
0.026324 9.057367 0.000029 -0.093707 0.009697 0.319964 -0.362065 9.126327 -14.369311 11.204482 10.308127 10.493366
0.028554 9.133207 0.000021 -0.084405 0.009697 0.324555 -0.314715 9.216183 -11.941587 10.869291 10.456033 10.284201
0.028930 9.201737 0.000017 -0.075932 0.009697 0.318325 -0.263810 9.225897 -9.791537 10.671768 10.255338 10.093958
0.028033 9.260006 0.000020 -0.068420 0.009697 0.311938 -0.176740 9.323286 -7.850390 10.273520 10.049569 9.759096
0.026829 9.314258 0.000006 -0.061644 0.009697 0.300955 -0.046767 9.326393 -6.114569 9.858733 9.695740 9.376086
0.022468 9.350050 0.000009 -0.055538 0.009697 0.287894 0.655484 9.383063 -4.554020 10.120363 9.274943 9.448051
0.018249 9.381126 -0.000000 -0.050046 0.009697 0.289631 0.543913 9.452647 -3.087435 10.141068 9.330926 9.471292
0.014481 9.415215 0.000001 -0.044901 0.009697 0.290167 0.462199 9.455290 -1.767149 10.110748 9.348190 9.449073
0.012536 9.459116 0.000013 -0.040317 0.009697 0.289394 0.412701 9.528084 -0.578615 10.022915 9.323287 9.376275
0.013137 9.506736 0.000011 -0.036220 0.009697 0.287881 0.401482 9.550126 0.490390 9.824736 9.274541 9.223133
0.015684 9.549424 0.000017 -0.032534 0.008775 0.284855 0.401656 9.596417 1.443847 9.513197 9.177044 8.982443
0.019121 9.590625 0.000016 -0.029258 0.007940 0.279983 0.387336 9.615045 2.287578 9.457193 9.020104 8.903394
0.021986 9.633235 0.000016 -0.026381 0.007184 0.280115 0.339718 9.685565 3.059922 9.939906 9.024339 9.238007
0.025511 9.680834 0.000008 -0.023778 0.006500 0.292973 0.286169 9.756183 3.801146 10.254073 9.438581 9.574227
0.027698 9.721878 0.000009 -0.021263 0.005882 0.305182 0.245681 9.764918 4.463702 10.421538 9.831904 9.808270
0.030128 9.771616 0.000020 -0.019062 0.005398 0.313010 0.213458 9.827937 5.045456 10.406421 10.084092 9.881188
0.030748 9.814656 0.000016 -0.017128 0.005398 0.314892 0.180257 9.831890 5.550235 10.655621 10.144733 10.078267
0.030240 9.849344 0.000019 -0.015439 0.005398 0.319972 0.132519 9.907464 6.024302 10.869717 10.308389 10.278863
0.029614 9.880740 0.000011 -0.013850 0.005398 0.325295 0.099001 9.907877 6.458462 11.061525 10.479884 10.465314
0.028805 9.916976 0.000019 -0.012421 0.005398 0.330038 0.073320 9.974527 6.854585 11.325514 10.632683 10.692645
0.027277 9.943236 0.000014 -0.011092 0.005398 0.336234 0.105607 9.978085 7.223332 11.189946 10.832298 10.667756
0.025728 9.967783 0.000024 -0.009856 0.006348 0.334565 0.135396 9.990453 7.528689 11.261359 10.778525 10.704266
0.025407 10.005431 0.000025 -0.008895 0.006690 0.335133 0.141286 10.059146 7.818094 11.492873 10.796837 10.865954
0.023746 10.037277 0.000017 -0.007970 0.006690 0.339800 0.143685 10.079941 8.100171 11.962172 10.947173 11.221188
0.024014 10.081523 0.000023 -0.007116 0.006690 0.350659 0.163682 10.170514 8.386033 12.076264 11.297028 11.404744
0.025513 10.134170 0.000020 -0.006278 0.006690 0.356532 0.216335 10.172445 8.628197 12.011056 11.486236 11.424053
0.045874 10.390970 0.000031 -0.006331 0.008318 0.356852 0.238794 10.611150 8.849834 11.761726 11.496548 11.269827
0.042769 10.397004 -0.000047 -0.005556 0.012556 0.351957 0.242297 10.248607 9.027471 11.595218 11.338857 11.117265
0.024639 10.234199 0.000031 -0.004334 0.012556 0.347342 0.162302 10.244830 9.170301 11.455061 11.190171 10.984597
0.028054 10.299763 0.000033 -0.004056 0.012556 0.343606 -0.013805 10.366604 9.306142 11.389494 11.069801 10.909029
0.029824 10.357286 0.000011 -0.003775 0.012556 0.340559 2.953518 10.377462 9.438887 11.599701 10.971629 11.014797
0.030715 10.404189 0.000013 -0.003467 0.012556 0.344043 2.644162 10.479855 9.589702 11.630136 11.083880 11.073103
0.031998 10.453061 0.000003 -0.003101 0.012556 0.345908 2.365971 10.478839 9.723251 11.529184 11.143951 11.031907
0.033852 10.498733 0.000012 -0.002785 0.012556 0.344757 2.115460 10.547944 9.834095 11.443682 11.106878 10.969633
0.035389 10.545179 0.000004 -0.002554 0.012556 0.343166 1.888293 10.572077 9.934314 11.856828 11.055633 11.216919
0.036192 10.587068 0.000004 -0.002344 0.012556 0.351268 1.684676 10.668308 10.068837 11.962194 11.316652 11.372694
0.053048 10.823696 -0.000001 -0.002711 0.012556 0.355956 1.509885 11.003800 10.200117 11.771627 11.467664 11.307887
0.046887 10.816280 -0.000054 -0.002213 0.014572 0.352669 1.359655 10.692536 10.288005 11.645438 11.361792 11.197018
0.025353 10.642722 0.000015 -0.001274 0.014572 0.347799 1.228873 10.627386 10.347992 11.122546 11.204882 10.822293
0.022813 10.689672 0.000031 -0.001227 0.014572 0.333981 1.112804 10.732385 10.375044 10.841320 10.759730 10.495730
0.019774 10.732253 0.000006 -0.001283 0.014572 0.321851 1.001359 10.739200 10.417817 10.852459 10.368950 10.361875
0.015569 10.764680 0.000006 -0.001246 0.014572 0.316305 0.894814 10.826854 10.494293 11.253392 10.190249 10.533348
0.014340 10.819639 -0.000003 -0.001168 0.014572 0.321063 0.801057 10.905755 10.618715 11.454009 10.343562 10.698693
0.014078 10.880747 -0.000001 -0.000941 0.014572 0.326446 0.729631 10.956718 10.740895 11.400749 10.516957 10.720043
0.012661 10.932668 0.000008 -0.000689 0.014572 0.327353 0.668108 10.989815 10.836459 11.514053 10.546190 10.789420
0.012750 10.993457 0.000015 -0.000564 0.014572 0.330046 0.616479 11.080023 10.935811 11.715594 10.632955 10.932240
0.014574 11.054884 0.000013 -0.000428 0.014572 0.335654 0.575115 11.128346 11.041292 11.759818 10.813633 11.018552
0.017840 11.124043 0.000020 -0.000297 0.014572 0.340140 0.546112 11.202380 11.131346 11.525014 10.958133 10.931249
0.020459 11.194633 0.000020 -0.000227 0.013185 0.338834 0.509448 11.237431 11.186670 11.456011 10.916065 10.874752
0.021867 11.254208 0.000020 -0.000243 0.011930 0.338012 0.455556 11.314297 11.240092 11.262746 10.889576 10.753331
0.021996 11.308300 0.000013 -0.000245 0.010795 0.334567 0.385220 11.335756 11.279166 11.358056 10.778613 10.768145
0.020844 11.356786 0.000014 -0.000279 0.009768 0.334794 0.294857 11.423692 11.337009 11.950270 10.785915 11.112366
0.018492 11.396229 0.000005 -0.000213 0.008838 0.345299 0.214248 11.474895 11.443567 12.234791 11.124346 11.404426
0.017174 11.452066 0.000014 -0.000031 0.007997 0.353791 0.169166 11.529779 11.540393 12.491503 11.397943 11.655091
0.017105 11.511955 0.000020 0.000102 0.007236 0.361113 0.178946 11.592212 11.632066 12.311667 11.633826 11.643743
0.018172 11.570482 0.000025 0.000221 0.006622 0.360683 0.219009 11.611685 11.684494 8.556817 11.619963 9.523217
0.019311 11.619838 0.000030 0.000232 0.007988 0.292453 0.230447 11.361612 11.413279 9.113923 9.421833 8.971346
0.020603 11.668439 0.000024 -0.000916 0.007988 0.275756 0.198493 11.887289 11.412183 8.860235 8.883916 8.613954
0.019862 11.698305 -0.000083 -0.001028 0.022334 0.265292 0.140229 11.545071 11.438748 8.669965 8.546802 8.371606
0.017785 11.730680 -0.000011 -0.001048 0.022334 0.258012 -0.159921 11.889812 11.478586 8.608972 8.312255 8.241741
0.016563 11.783920 -0.000073 -0.001097 0.022334 0.253251 0.083258 11.724851 11.534765 8.468693 8.158886 8.098954
0.015121 11.816772 -0.000030 -0.001013 0.022334 0.248169 -0.126986 11.917086 11.589742 7.901269 7.995165 7.716228
0.013504 11.837291 -0.000058 -0.000889 0.022334 0.235960 -0.071225 11.765340 11.606382 7.667254 7.601826 7.423435
0.012709 11.862481 -0.000026 -0.000920 0.022334 0.227024 0.060714 11.945849 11.637647 7.195479 7.313928 7.043615
0.011262 11.878456 -0.000056 -0.000865 0.022334 0.215647 -0.075701 11.814305 11.651490 6.539713 6.947407 6.532451
0.007321 11.878228 -0.000028 -0.000814 0.022334 0.199595 0.192450 11.894129 11.638927 6.263299 6.430265 6.165645
0.003688 11.877044 -0.000047 -0.000855 0.022334 0.187910 0.055109 11.848946 11.648308 5.589368 6.053799 5.641000
0.002093 11.877673 -0.000037 -0.000824 0.022334 0.171579 -0.298700 11.860513 11.631103 5.362124 5.527701 5.295823
0.002611 11.876485 -0.000043 -0.000881 0.022334 0.161883 -0.182872 11.874952 11.641330 5.594569 5.215330 5.288662
0.005251 11.878950 -0.000044 -0.000853 0.020209 0.164229 -0.041979 11.914927 11.697870 5.465101 5.290896 5.249759
0.007483 11.877889 -0.000042 -0.000647 0.018286 0.165706 0.397755 11.863316 11.730929 5.583567 5.338476 5.337756
0.009544 11.868793 -0.000025 -0.000495 0.016546 0.170948 0.312285 11.894359 11.765898 5.217349 5.507349 5.215535
0.011194 11.865093 -0.000024 -0.000356 0.014971 0.168830 0.228309 11.816615 11.750753 5.050557 5.439127 5.107473
0.010540 11.857967 -0.000012 -0.000385 0.013546 0.165656 0.091064 11.857464 11.727890 5.450159 5.336867 5.294580
0.010113 11.857458 -0.000025 -0.000465 0.012257 0.171063 -0.137911 11.867245 11.750639 5.569294 5.511046 5.440779
0.008050 11.843689 -0.000023 -0.000334 0.011091 0.174544 -0.062309 11.829878 11.764978 5.744049 5.623201 5.590360
0.005135 11.820699 -0.000013 -0.000200 0.010035 0.177949 -0.119348 11.823800 11.780995 5.791228 5.732908 5.667624
0.004257 11.814061 -0.000008 -0.000119 0.009080 0.179347 -0.222176 11.811310 11.789342 5.827988 5.777950 5.711272
0.003649 11.804123 -0.000004 -0.000053 0.008216 0.180188 -0.285922 11.802699 11.795145 5.385447 5.805030 5.486139
0.001497 11.788573 -0.000001 0.000024 0.007434 0.172490 -0.322916 11.741008 11.758223 4.997585 5.557044 5.177335
-0.001328 11.774193 0.000004 -0.000057 0.006727 0.161604 -0.326127 11.752387 11.711466 23.228883 5.206310 14.952042
-0.003158 11.767179 -0.000008 -0.000200 0.006087 0.480223 -0.312878 13.336711 13.274736 15.639818 15.471137 15.017861
-0.003475 11.769310 -0.000012 0.005406 0.005508 0.481136 -0.260601 10.529969 13.138772 16.277529 15.500545 15.400579
0.007934 11.884063 0.000525 0.004506 0.141049 0.493208 -0.248064 13.034494 13.080457 16.496006 15.889455 15.701791
0.033032 12.150692 0.000012 0.003339 0.141049 0.503394 1.951100 11.496075 13.039905 16.907852 16.217612 16.084441
0.050353 12.317975 0.000313 0.002593 0.141049 0.517655 1.445004 13.035152 13.027370 17.300110 16.677062 16.513495
0.056123 12.325825 0.000002 0.002519 0.141049 0.533780 0.873668 11.812213 13.011065 16.662737 17.196558 16.404788
0.062718 12.358685 0.000244 0.002343 0.141049 0.532020 -0.087763 12.749725 12.899689 15.544703 17.139872 15.799784
0.069349 12.423626 0.000034 0.001710 0.141049 0.508990 12.922166 12.024876 12.714212 16.445217 16.397895 16.030207
0.071338 12.435534 0.000142 0.001001 0.141049 0.515506 11.504682 12.768151 12.690434 17.601234 16.607846 16.781626
0.069863 12.419799 -0.000011 0.000972 0.141049 0.538153 10.194208 12.226977 12.749229 17.956249 17.337434 17.295556
0.063978 12.401798 0.000109 0.001248 0.141049 0.551273 8.962043 12.595138 12.767971 19.417468 17.760123 18.292438
0.057730 12.372448 0.000039 0.001420 0.141049 0.578873 7.832504 12.337542 12.871663 19.474865 18.649312 18.699944
0.051894 12.337281 0.000111 0.001919 0.141049 0.588769 6.823522 12.408425 12.889578 19.030666 18.968123 18.599137
0.043304 12.308222 0.000101 0.002088 0.127626 0.582213 5.898780 12.233466 12.836848 19.922434 18.756903 19.004588
0.037254 12.273208 0.000125 0.002024 0.115481 0.592562 5.097670 12.405739 12.881221 19.514571 19.090318 18.924963
0.034442 12.234486 0.000100 0.002323 0.104492 0.590016 4.420027 12.134151 12.853216 19.483895 19.008301 18.878618
0.033103 12.212290 0.000149 0.002302 0.094548 0.589968 3.806476 12.315906 12.830229 19.838077 19.006753 19.075927
0.033077 12.202567 0.000108 0.002254 0.085550 0.598428 3.255541 12.183747 12.839315 19.793510 19.279295 19.173280
0.036603 12.200101 0.000136 0.002296 0.077409 0.603972 2.737452 12.257628 12.819837 20.477909 19.457916 19.632175
0.044888 12.217818 0.000118 0.002162 0.070043 0.622981 2.254282 12.274128 12.847794 20.821608 20.070301 20.088998
0.052476 12.234497 0.000120 0.002203 0.063377 0.642065 1.790867 12.267728 12.851400 20.624423 20.685142 20.254935
0.060365 12.252654 0.000122 0.002150 0.057346 0.650620 1.321050 12.235347 12.786277 20.634953 20.960749 20.403770
0.070330 12.276809 0.000116 0.001830 0.051889 0.658252 0.797676 12.281819 12.707172 20.462783 21.206622 20.441902
0.078048 12.289233 0.000091 0.001501 0.046951 0.661656 0.063803 12.230874 12.601088 20.489108 21.316286 20.540936
0.080910 12.279694 0.000079 0.001154 0.042483 0.666599 -8.491993 12.247257 12.497455 21.439467 21.475544 21.185432
0.080254 12.240861 0.000055 0.000922 0.038440 0.684707 -7.585207 12.232627 12.468677 22.383021 22.058901 21.987228
0.078112 12.195676 0.000052 0.000980 0.034782 0.706917 -6.780418 12.194128 12.469391 22.446052 22.774429 22.334982
0.075604 12.149173 0.000060 0.001150 0.031472 0.713925 -6.069553 12.084827 12.408987 22.420716 23.000206 22.438676
0.075021 12.117608 0.000069 0.001046 0.028477 0.713693 -5.438712 12.093748 12.329764 22.791634 22.992723 22.673858
0.074766 12.088524 0.000052 0.000866 0.025767 0.718714 -4.877271 12.066964 12.288260 23.030490 23.154505 22.894898
0.075605 12.069725 0.000049 0.000785 0.023315 0.724007 -4.379247 12.061214 12.255688 23.118066 23.325012 23.030226
0.079718 12.073232 0.000043 0.000655 0.021096 0.727525 -3.937331 12.064960 12.219556 22.828092 23.438361 22.925442
0.084080 12.078804 0.000035 0.000505 0.019089 0.724220 -3.541784 12.037133 12.152735 22.659714 23.331884 22.807604
0.088325 12.092615 0.000027 0.000216 0.017272 0.720341 -3.180251 12.078904 12.088627 22.959200 23.206905 22.953843
0.090103 12.081154 0.000005 0.000027 0.015629 0.724799 -2.849228 12.061545 12.066470 23.405307 23.350540 23.285516
0.088562 12.054359 0.000004 0.000043 0.014141 0.734322 -2.548154 12.053343 12.069993 24.193646 23.657324 23.875729
0.087016 12.027134 0.000006 0.000154 0.012796 0.751309 -2.279494 12.052522 12.112061 24.559962 24.204604 24.307203
0.087982 12.008267 0.000014 0.000373 0.011578 0.763932 -2.046427 12.003578 12.132396 24.321411 24.611254 24.332168
0.089802 12.001393 0.000028 0.000470 0.010476 0.764115 -1.840126 11.974595 12.094244 24.408348 24.617161 24.398809
0.091768 11.990734 0.000026 0.000372 0.009479 0.765937 -1.653403 11.985598 12.065845 24.171200 24.675865 24.294158
0.094573 11.991589 0.000018 0.000267 0.008577 0.762624 -1.484537 11.952763 12.014801 23.948438 24.569130 24.137251
0.097319 11.996785 0.000014 0.000065 0.007761 0.757324 -1.327739 11.978356 11.959353 23.872265 24.398383 24.042926
0.100348 12.000126 -0.000002 -0.000146 0.007022 0.754168 -1.183216 11.972070 11.917958 23.509287 24.296688 23.803365
0.103033 12.011577 -0.000009 -0.000336 0.006354 0.746103 -1.046220 11.975127 11.859264 23.885330 24.036875 23.944512
0.105964 12.035903 -0.000022 -0.000634 0.005878 0.749831 -0.915196 12.071426 11.863830 24.741124 24.156964 24.506288
0.107913 12.044087 -0.000041 -0.000647 0.010903 0.767121 -0.798027 12.072705 11.932345 25.463654 24.714003 25.145206
0.109172 12.033980 -0.000027 -0.000365 0.010903 0.787190 -0.680529 12.067793 12.007301 25.692859 25.360546 25.522225
0.111513 12.038674 -0.000012 -0.000113 0.010903 0.799133 -0.591413 12.044101 12.039160 25.757300 25.745334 25.707760
0.114519 12.052217 -0.000000 -0.000047 0.010903 0.804809 -0.518383 12.059745 12.041500 25.604154 25.928186 25.691034
0.117758 12.069546 -0.000003 -0.000101 0.010903 0.804058 -0.457060 12.049380 12.016298 25.498768 25.903990 25.629365
0.121278 12.087251 -0.000006 -0.000255 0.010903 0.801777 -0.389119 12.082525 11.988370 25.576373 25.830487 25.659932
0.125555 12.102142 -0.000019 -0.000409 0.010903 0.803040 -0.316196 12.095872 11.977784 25.336525 25.871192 25.539201
0.127893 12.111500 -0.000024 -0.000480 0.010903 0.799316 -0.209654 12.077791 11.944944 25.973266 25.751227 25.893248
0.129509 12.125664 -0.000027 -0.000649 0.010903 0.809888 -0.019906 12.183153 11.982207 27.047848 26.091818 26.671829
0.131898 12.137714 -0.000040 -0.000558 0.010903 0.834007 1.184457 12.183994 12.080388 27.758174 26.868826 27.380742
0.134254 12.144015 -0.000021 -0.000229 0.010903 0.856612 1.060128 12.188899 12.163617 27.860011 27.597093 27.703550
0.137211 12.162472 -0.000005 0.000004 0.009866 0.866781 0.959255 12.164054 12.186227 27.678917 27.924702 27.716036
0.140354 12.187742 0.000004 -0.000005 0.008927 0.866695 0.866662 12.185449 12.165135 27.440805 27.921949 27.579543
0.144381 12.224835 -0.000004 -0.000214 0.008077 0.861736 0.775984 12.214759 12.129520 27.065854 27.762186 27.304504
0.148106 12.267354 -0.000017 -0.000495 0.007309 0.852207 0.678603 12.249246 12.083119 27.095108 27.455196 27.225095
0.151642 12.317320 -0.000034 -0.000841 0.009064 0.848621 0.574793 12.340656 12.075416 27.134896 27.339648 27.215581
0.153069 12.363796 -0.000054 -0.001036 0.014457 0.846744 0.450603 12.364612 12.086558 27.622837 27.279177 27.495987
0.150675 12.370533 -0.000057 -0.001020 0.015207 0.853147 0.257584 12.404972 12.144658 28.244231 27.485471 27.944648
0.147765 12.370981 -0.000053 -0.000813 0.015207 0.865134 0.050446 12.409368 12.232870 28.281185 27.871649 28.097105
0.145743 12.397665 -0.000037 -0.000592 0.015207 0.867585 -0.389215 12.423700 12.284746 28.245726 27.950605 28.096229
0.143903 12.416933 -0.000029 -0.000475 0.015207 0.865409 -0.350155 12.437027 12.323472 27.767277 27.880519 27.773507
0.140196 12.399738 -0.000024 -0.000274 0.015207 0.854022 -0.351678 12.360120 12.321311 27.383389 27.513667 27.401531
0.136311 12.373679 -0.000009 -0.000188 0.015207 0.841870 -0.337122 12.373266 12.315288 27.002014 27.122172 27.021432
0.135746 12.371297 -0.000013 -0.000201 0.015207 0.830541 -0.307171 12.359336 12.310503 26.445571 26.757190 26.546717
0.138023 12.402536 -0.000011 -0.000331 0.015207 0.817143 -0.215646 12.410163 12.292773 26.852798 26.325538 26.626957
0.141204 12.451095 -0.000025 -0.000569 0.015207 0.821756 -0.014751 12.529411 12.354177 27.433110 26.474160 27.019436
0.144123 12.496114 -0.000036 -0.000510 0.015207 0.835724 2.202322 12.552358 12.451253 27.508363 26.924154 27.219364
0.144973 12.527711 -0.000021 -0.000275 0.015207 0.843308 1.972167 12.558486 12.509392 27.185637 27.168498 27.111053
0.145635 12.563699 -0.000011 -0.000195 0.013760 0.839769 1.767518 12.569351 12.516304 26.399163 27.054467 26.599082
0.148259 12.624660 -0.000012 -0.000389 0.012451 0.822865 1.580323 12.612269 12.470502 25.943144 26.509872 26.128857
0.149575 12.658393 -0.000029 -0.000675 0.011266 0.807445 1.401445 12.646310 12.440308 25.690174 26.013110 25.795084
0.147214 12.641661 -0.000042 -0.000723 0.011407 0.796857 1.231850 12.610031 12.432532 26.004962 25.672002 25.853482
0.142395 12.604745 -0.000037 -0.000618 0.011407 0.798527 1.068937 12.629295 12.478531 26.695908 25.725808 26.275621
0.144131 12.673108 -0.000031 -0.000699 0.011407 0.811482 0.931256 12.792005 12.581835 26.873567 26.143158 26.525451
0.135991 12.594686 -0.000043 -0.000046 0.011686 0.818681 0.828220 12.499960 12.646250 26.495329 26.375084 26.380548
0.122985 12.445632 0.000028 0.000720 0.011686 0.813438 0.754256 12.412562 12.636581 26.246232 26.206175 26.164392
0.123968 12.482948 0.000044 0.000552 0.011832 0.806214 0.693675 12.542718 12.624680 26.187701 25.973435 26.035532
0.129459 12.557234 0.000016 0.000242 0.011832 0.803069 0.646114 12.587365 12.636454 25.900834 25.872124 25.822699
0.139437 12.696177 0.000009 -0.000214 0.011832 0.798094 0.598107 12.785707 12.644908 25.750173 25.711839 25.670401
0.140518 12.710922 -0.000029 -0.000237 0.011832 0.794992 0.537572 12.654406 12.654822 25.533999 25.611896 25.504385
0.133305 12.618691 -0.000000 0.000130 0.011832 0.790881 0.451235 12.583385 12.644477 25.916676 25.479459 25.678313
0.149252 12.880200 0.000012 -0.000847 0.011832 0.796596 0.329442 13.155440 12.705838 26.592540 25.663593 26.139991
0.142089 12.794363 -0.000091 -0.000318 0.024411 0.811320 0.195182 12.585790 12.794979 27.323106 26.137930 26.740945
0.118512 12.467566 0.000041 0.001176 0.024411 0.830627 -0.132330 12.475422 12.864673 27.650248 26.759934 27.162633
0.134784 12.717224 0.000078 0.000530 0.024411 0.844057 0.014720 12.987617 12.926879 27.508775 27.192604 27.242392
0.132766 12.684861 -0.000012 0.000869 0.024411 0.846499 0.820895 12.469983 12.930004 26.915772 27.271287 26.928184
0.119153 12.458956 0.000092 0.001692 0.024829 0.837581 0.770493 12.419407 12.852172 25.627724 26.983975 26.073986
0.125230 12.509052 0.000087 0.001232 0.024829 0.811708 0.682666 12.463546 12.700638 24.602449 26.150455 25.171719
0.131516 12.562767 0.000048 0.000495 0.024829 0.784416 0.494649 12.508349 12.553056 23.888513 25.271197 24.435980
0.135892 12.611722 0.000010 -0.000211 0.024829 0.761957 0.112016 12.574914 12.439417 24.546034 24.547647 24.562738
0.131757 12.554472 -0.000026 -0.000413 0.024829 0.766434 -1.851071 12.537980 12.450783 25.831279 24.691869 25.375745
0.115398 12.332970 -0.000017 0.000423 0.024829 0.791737 -1.566289 12.267441 12.537481 26.698401 25.507049 26.188811
0.094939 12.048091 0.000055 0.001758 0.024829 0.816864 -1.337966 11.975579 12.591511 26.277076 26.316558 26.243914
0.068487 11.700414 0.000125 0.003200 0.033480 0.818061 -1.172731 11.476869 12.498989 26.380171 26.355119 26.323804
0.023525 11.173105 0.000207 0.004762 0.055579 0.819508 -1.021754 10.932260 12.368566 27.670273 26.401717 27.100865
-0.042733 10.421659 0.000291 0.006992 0.078203 0.846545 -0.987051 10.122820 12.283517 27.660382 27.272774 27.373850
-0.122322 9.515176 0.000438 0.009942 0.117680 0.858257 -1.198401 9.062562 12.040184 28.022880 27.650080 27.735002
-0.187446 8.753255 0.000604 0.011804 0.162316 0.872219 -1.440464 8.538032 11.743713 29.358381 28.099892 28.879165
-0.217741 8.335430 0.000652 0.012240 0.175288 0.902839 -1.722098 8.282121 11.511656 31.172157 29.086374 30.317297
-0.222350 8.156001 0.000659 0.012051 0.177218 0.952713 -2.240976 8.235381 11.356366 34.611246 30.693144 32.920140
-0.214599 8.043214 0.000639 0.011899 0.177218 1.052408 -2.716559 8.228123 11.363694 38.623402 33.904979 36.532407
-0.200123 7.898027 0.000644 0.012446 0.177218 1.203391 -3.319569 8.041766 11.424943 41.914326 38.769125 40.084049
-0.174136 7.761247 0.000696 0.013158 0.187071 1.375484 -3.937176 7.808674 11.330414 43.342824 44.313374 41.458846
-0.139587 7.633479 0.000725 0.013277 0.195040 1.441340 -4.258873 7.409438 10.876836 44.793409 46.435035 43.062945
-0.103211 7.467060 0.000716 0.012246 0.195040 1.513751 -4.373277 7.371271 10.393972 46.278994 48.767872 44.747128
-0.074087 7.253732 0.000628 0.011278 0.195040 1.583662 -4.303177 6.944585 9.864833 47.728059 51.020134 46.425982
-0.062868 7.001559 0.000609 0.010283 0.195040 1.640109 -4.030930 6.762602 9.293970 49.090310 52.838673 48.018514
-0.063432 6.715089 0.000531 0.009262 0.195040 1.679710 -3.784101 6.353105 8.712109 49.801700 54.114500 48.949857
-0.070844 6.372386 0.000497 0.008403 0.195040 1.690687 -3.813267 6.015053 8.105380 50.432446 54.468113 49.848768
-0.063799 5.995755 0.000443 0.007576 0.195040 1.706985 -3.937975 5.631511 7.545613 51.339579 54.993190 51.029137
-0.038166 5.599047 0.000407 0.006991 0.195040 1.751689 -4.056271 5.257293 7.035173 52.049966 56.433413 51.791344
-0.029253 5.201724 0.000380 0.006585 0.195040 1.783594 -3.777807 4.778406 6.472965 52.883210 57.461277 52.793750
-0.045293 4.823633 0.000363 0.005923 0.195040 1.803795 -2.867533 4.464131 5.912348 53.574479 58.112088 53.723015
-0.065895 4.440386 0.000313 0.005286 0.195040 1.807443 -1.844390 4.029202 5.372964 53.827024 58.229607 54.257745
-0.071027 4.091145 0.000291 0.004603 0.176480 1.801775 -1.453657 3.760181 4.864265 53.908942 58.047011 54.709429
-0.063088 3.785266 0.000242 0.003875 0.159685 1.802968 -1.905091 3.447679 4.398710 54.230390 58.085435 55.417203
-0.057691 3.488030 0.000210 0.003271 0.144489 1.815604 -1.752345 3.187118 3.974449 54.607423 58.492528 55.892860
-0.043767 3.220955 0.000210 0.003271 0.144489 1.815604 -1.752345 3.187118 3.974449 55.942172 58.492528 55.942172
0.002674 2.982333 0.000210 0.003271 0.144489 1.815604 -1.752345 3.187118 3.974449 56.007271 58.492528 56.007271
0.065490 2.742146 0.000210 0.003271 0.144489 1.815604 -1.752345 3.187118 3.974449 56.022685 58.492528 56.022685
0.109120 2.494020 0.000210 0.003271 0.144489 1.815604 -1.752345 3.187118 3.974449 55.861790 58.492528 55.861790
0.122494 2.252962 0.000210 0.003271 0.144489 1.815604 -1.752345 3.187118 3.974449 55.480530 58.492528 55.480530
0.095534 2.026254 0.000210 0.003271 0.144489 1.815604 -1.752345 3.187118 3.974449 54.196299 58.492528 54.196299
0.054475 1.813845 0.000210 0.003271 0.144489 1.815604 -1.752345 3.187118 3.974449 52.971329 58.492528 52.971329
0.040166 1.612359 0.000210 0.003271 0.144489 1.815604 -1.752345 3.187118 3.974449 51.938168 58.492528 51.938168
0.048017 1.420316 0.000210 0.003271 0.144489 1.815604 -1.752345 3.187118 3.974449 50.341167 58.492528 50.341167
0.062481 1.249363 0.000210 0.003271 0.144489 1.815604 -1.752345 3.187118 3.974449 46.449890 58.492528 46.449890
0.070865 1.097076 0.000210 0.003271 0.144489 1.815604 -1.752345 3.187118 3.974449 38.497252 58.492528 38.497252
0.000000 0.961120 0.000210 0.003271 0.144489 1.815604 -1.752345 3.187118 3.974449 32.729906 58.492528 32.729906
0.000000 0.845975 0.000210 0.003271 0.144489 1.815604 -1.752345 3.187118 3.974449 28.407916 58.492528 28.407916
0.000000 0.743581 0.000210 0.003271 0.144489 1.815604 -1.752345 3.187118 3.974449 25.690280 58.492528 25.690280
0.000000 0.646093 0.000210 0.003271 0.144489 1.815604 -1.752345 3.187118 3.974449 21.150228 58.492528 21.150228
