0.000000 -0.003829 0.000000 0.000000 0.000000 0.000000 0.000000 0.000000 0.000000 10.411820 0.000000 10.411820
0.000000 -0.006765 0.000000 0.000000 0.000000 0.000000 0.000000 0.000000 0.000000 10.411628 0.000000 10.411628
0.000000 -0.002318 0.000000 0.000000 0.000000 0.000000 0.000000 0.000000 0.000000 10.411660 0.000000 10.411660
0.000000 0.126966 0.000000 0.000000 0.000000 0.000000 0.000000 0.000000 0.000000 10.411649 0.000000 10.411649
0.000000 0.355595 0.000000 0.000000 0.000000 0.000000 0.000000 0.000000 0.000000 10.411508 0.000000 10.411508
0.000000 0.430684 0.000000 0.000000 0.000000 0.000000 0.000000 0.000000 0.000000 10.411856 0.000000 10.411856
0.000000 0.419234 0.000000 0.000000 0.000000 0.000000 0.000000 0.000000 0.000000 10.413211 0.000000 10.413211
0.000000 0.479553 0.000000 0.000000 0.000000 0.000000 0.000000 0.000000 0.000000 10.416885 0.000000 10.416885
0.000000 0.553190 0.000000 0.000000 0.000000 0.000000 0.000000 0.000000 0.000000 10.424032 0.000000 10.424032
0.000000 0.617315 0.000000 0.000000 0.000000 0.000000 0.000000 0.000000 0.000000 10.418021 0.000000 10.418021
0.000000 0.692223 0.000000 0.000000 0.000000 0.000000 0.000000 0.000000 0.000000 10.401763 0.000000 10.401763
0.000000 0.761121 0.000000 0.000000 0.000000 0.000000 0.000000 0.000000 0.000000 10.396989 0.000000 10.396989
0.000000 0.817362 0.000000 0.000000 0.000000 0.000000 0.000000 0.000000 0.000000 10.398872 0.000000 10.398872
0.000000 0.870795 0.000000 0.000000 0.000000 0.000000 0.000000 0.000000 0.000000 10.402213 0.000000 10.402213
0.000000 0.932877 0.000000 0.000000 0.000000 0.000000 0.000000 0.000000 0.000000 10.397766 0.000000 10.397766
0.237282 1.007433 0.000000 0.000000 0.000000 0.000000 0.000000 0.000000 0.000000 10.408534 0.000000 10.408534
0.152334 1.090462 0.000000 0.000000 0.000000 0.000000 0.000000 0.000000 0.000000 10.420903 0.000000 10.420903
0.119770 1.173742 0.000000 0.000000 0.000000 0.000000 0.000000 0.000000 0.000000 10.412392 0.000000 10.412392
0.088171 1.257281 0.000000 0.000000 0.000000 0.000000 0.000000 0.000000 0.000000 10.416863 0.000000 10.416863
0.083534 1.349221 0.000000 0.000000 0.000000 0.000000 0.000000 0.000000 0.000000 10.416473 0.000000 10.416473
0.074994 1.450335 0.000000 0.000000 0.000000 0.000000 0.000000 0.000000 0.000000 10.423328 0.000000 10.423328
0.063171 1.547938 0.000000 0.000000 0.000000 0.000000 0.000000 0.000000 0.000000 10.435333 0.000000 10.435333
0.075782 1.641280 0.000000 0.000000 0.000000 0.000000 0.000000 0.000000 0.000000 10.429834 0.000000 10.429834
0.091372 1.746257 0.000000 0.000000 0.000000 0.000000 0.000000 0.000000 0.000000 10.425301 0.000000 10.425301
0.117032 1.854581 0.000000 0.000000 0.000000 0.000000 0.000000 0.000000 0.000000 10.409014 0.000000 10.409014
0.119879 1.946620 0.000000 0.000000 0.000000 0.000000 0.000000 0.000000 0.000000 10.401718 0.000000 10.401718
0.088390 2.028479 0.000000 0.000000 0.000000 0.000000 0.000000 0.000000 0.000000 10.418177 0.000000 10.418177
0.076545 2.121963 0.000000 0.000000 0.000000 0.000000 0.000000 0.000000 0.000000 10.421065 0.000000 10.421065
0.074572 2.211955 0.000000 0.000000 0.000000 0.000000 0.000000 0.000000 0.000000 10.419823 0.000000 10.419823
0.066734 2.290513 0.000000 0.000000 0.000000 0.000000 0.000000 0.000000 0.000000 10.419491 0.000000 10.419491
0.071549 2.378048 0.000000 0.000000 0.000000 0.000000 0.000000 0.000000 0.000000 10.401664 0.000000 10.401664
0.070129 2.472549 0.000000 0.000000 0.000000 0.000000 0.000000 0.000000 0.000000 10.398399 0.000000 10.398399
0.061552 2.568905 0.000000 0.000000 0.000000 0.000000 0.000000 0.000000 0.000000 10.410586 0.000000 10.410586
0.057093 2.661676 0.000000 0.000000 0.000000 0.000000 0.000000 0.000000 0.000000 10.411461 0.000000 10.411461
0.050430 2.745963 0.000000 0.000000 0.000000 0.000000 0.000000 0.000000 0.000000 10.411616 0.000000 10.411616
0.051814 2.845518 0.000000 0.000000 0.000000 0.000000 0.000000 0.000000 0.000000 10.416128 0.000000 10.416128
0.053337 2.937334 0.000000 0.000000 0.000000 0.000000 0.000000 0.000000 0.000000 10.415846 0.000000 10.415846
0.049925 3.022958 0.000000 0.000000 0.000000 0.000000 0.000000 0.000000 0.000000 10.415666 0.000000 10.415666
0.051053 3.121972 0.000000 0.000000 0.000000 0.000000 0.000000 0.000000 0.000000 10.419147 0.000000 10.419147
0.051401 3.214475 0.000000 0.000000 0.000000 0.000000 0.000000 0.000000 0.000000 10.419497 0.000000 10.419497
0.048418 3.305550 0.000000 0.000000 0.000000 0.000000 0.000000 0.000000 0.000000 10.421885 0.000000 10.421885
0.044591 3.390154 0.000000 0.000000 0.000000 0.000000 0.000000 0.000000 0.000000 10.422097 0.000000 10.422097
0.038617 3.473349 0.000000 0.000000 0.000000 0.000000 0.000000 0.000000 0.000000 10.425313 0.000000 10.425313
0.042540 3.564903 0.000000 0.000000 0.000000 0.000000 0.000000 0.000000 0.000000 10.416362 0.000000 10.416362
0.046167 3.654312 0.000000 0.000000 0.000000 0.000000 0.000000 0.000000 0.000000 10.407472 0.000000 10.407472
0.044564 3.736809 0.000000 0.000000 0.000000 0.000000 0.000000 0.000000 0.000000 10.405492 0.000000 10.405492
0.046893 3.819602 0.000000 0.000000 0.000000 0.000000 0.000000 0.000000 0.000000 10.393494 0.000000 10.393494
0.043496 3.903365 0.000000 0.000000 0.000000 0.000000 0.000000 0.000000 0.000000 10.397696 0.000000 10.397696
0.046173 3.986592 0.000000 0.000000 0.000000 0.000000 0.000000 3.986592 3.986592 10.392991 0.000000 10.392991
0.047354 4.073003 0.000000 -0.000343 0.000000 0.454621 0.000000 4.955992 4.809093 10.392170 14.646327 10.392170
0.050205 4.164205 -0.000033 0.002556 0.008764 0.200613 0.000649 3.197638 1067.857560 18.345991 6.463057 18.345991
0.051254 4.252708 0.000269 4.215916 0.072378 0.710747 -0.421181 6.027299 962.427610 18.121062 22.897824 18.121062
0.047434 4.345495 -0.000154 3.797645 0.072378 0.445492 -0.136956 2.625991 866.245337 17.921269 14.352234 17.921269
0.064997 4.503315 0.000495 3.415773 0.133008 0.556138 1.801702 6.284660 780.350621 17.713639 17.916850 17.713639
0.079774 4.660616 -0.000261 3.074680 0.133008 0.498634 0.945707 3.345468 702.765707 17.538523 16.064267 17.538523
0.081146 4.755193 0.000377 2.766774 0.133008 0.514678 -0.443266 5.998419 633.080102 17.398169 16.581163 17.398169
0.088713 4.865407 -0.000191 2.490117 0.133008 0.502362 2.831923 4.022976 570.322611 17.228062 16.184377 17.228062
0.099081 5.002640 0.000255 2.240815 0.133008 0.500939 1.983792 5.868100 513.872344 17.026483 16.138533 17.026483
0.104613 5.144430 -0.000139 2.016495 0.133008 0.492656 0.994558 4.635027 463.069086 16.759545 15.871668 16.759545
0.102577 5.278338 0.000147 1.814591 0.133008 0.480917 -0.543499 5.862515 417.359540 16.430090 15.493478 16.430090
0.090281 5.403309 -0.000109 1.632912 0.133008 0.463262 1.874907 5.109288 376.237261 16.009343 14.924716 16.009343
0.074330 5.531152 0.000074 1.469405 0.133008 0.440791 1.014466 5.953579 339.251586 15.545731 14.200775 15.545731
0.061150 5.654263 -0.000092 1.322313 0.133008 0.418561 -0.389742 5.520132 305.997175 15.104964 13.484587 15.104964
0.052601 5.774985 0.000030 1.190021 0.133008 0.399229 3.127346 6.105756 276.101846 14.704208 12.861782 14.704208
0.042517 5.893228 -0.000069 1.071053 0.120351 0.385567 2.404304 5.867482 249.225261 14.262438 12.421637 14.262438
0.030874 6.009919 0.000017 0.964057 0.108898 0.370467 1.751288 6.268019 225.047878 13.684094 11.935187 13.684094
0.023122 6.126467 -0.000038 0.867761 0.098535 0.352424 1.172860 6.150179 203.292691 13.061701 11.353890 13.061701
0.012821 6.242202 0.000019 0.781069 0.089158 0.334521 0.733838 6.449556 183.721378 12.669677 10.777127 12.669677
0.001410 6.355290 -0.000017 0.703044 0.080674 0.322466 0.402738 6.428079 166.132972 12.532418 10.388741 12.532418
-0.003179 6.479200 0.000020 0.632836 0.072997 0.318675 -0.442685 6.687965 150.335463 12.363377 10.266613 12.363377
0.010351 6.665018 -0.000001 0.569481 0.066050 0.315684 0.715282 6.810855 136.132613 11.926040 10.170252 11.926040
0.017450 6.779647 0.000007 0.512729 0.059765 0.310283 -0.054822 6.892174 123.334810 11.423397 9.996246 11.423397
0.013394 6.849168 0.000018 0.461726 0.054077 0.301766 5.575447 6.926521 111.798004 11.176427 9.721864 11.176427
0.017257 6.971183 0.000033 0.415512 0.048931 0.298772 4.988645 7.120817 101.429226 10.901559 9.625422 10.901559
0.021406 7.079577 0.000013 0.373983 0.044275 0.295167 4.465102 7.146518 92.094194 10.529674 9.509263 10.529674
0.023885 7.181139 0.000027 0.336578 0.040061 0.288093 4.003686 7.288743 83.682795 10.243412 9.281359 10.243412
0.025632 7.269601 0.000012 0.302887 0.036249 0.282123 3.597544 7.329624 76.116813 9.917990 9.089023 9.917990
0.025000 7.349627 0.000018 0.272579 0.032799 0.274802 3.238265 7.430544 69.305009 9.658133 8.853182 9.658133
0.023969 7.431100 0.000008 0.245256 0.029678 0.267591 2.923163 7.494579 63.180653 9.474743 8.620853 9.474743
0.024040 7.505868 0.000007 0.220684 0.026854 0.262328 2.637325 7.581765 57.680041 9.233148 8.451322 9.233148
0.022379 7.575831 0.000002 0.198603 0.024298 0.255980 2.379251 7.632308 52.730844 9.125191 8.246805 9.066951
0.018963 7.638849 0.000005 0.178736 0.021986 0.252043 2.146618 7.712868 48.290429 8.968975 8.119970 8.878343
0.013157 7.695972 0.000002 0.160908 0.019894 0.246841 1.931797 7.748940 44.297468 8.895859 7.952367 8.746721
0.007125 7.748941 0.000008 0.144871 0.018001 0.242606 1.733520 7.822826 40.716499 8.894822 7.815942 8.674443
0.005693 7.806430 0.000007 0.130449 0.016288 0.241402 1.541172 7.877798 37.509977 8.710048 7.777139 8.485782
0.005616 7.870721 0.000013 0.117484 0.014738 0.237843 1.361571 7.938113 34.619106 8.661906 7.662476 8.386626
0.005836 7.930784 0.000014 0.105787 0.013335 0.237347 1.200675 8.003185 32.028538 8.488498 7.646514 8.220464
0.008349 8.008781 0.000015 0.095210 0.012066 0.234988 1.055639 8.079192 29.692497 8.295743 7.570494 8.031938
0.007130 8.060838 0.000012 0.085744 0.010918 0.231200 0.934196 8.102948 27.586124 8.160477 7.448475 7.878353
0.004886 8.090852 0.000018 0.077275 0.009879 0.228510 0.828937 8.136931 25.692353 7.826760 7.361820 7.593408
0.045797 8.495086 0.000021 0.068167 0.008939 0.220652 0.744405 8.818020 24.009035 7.716287 7.108658 7.431223
0.037298 8.466474 -0.000116 0.061608 0.031322 0.217200 0.682255 8.232820 22.502361 7.514632 6.997443 7.240349
-0.007814 8.134391 0.000027 0.056952 0.031322 0.213654 0.615611 8.096148 21.106065 7.359647 6.883198 7.085285
-0.006109 8.197523 0.000062 0.051167 0.031322 0.209575 0.578106 8.315933 19.852521 7.222340 6.751775 6.940054
-0.002220 8.260669 0.000018 0.045948 0.031322 0.206325 0.519982 8.253308 18.730185 6.791423 6.647078 6.597040
-0.002615 8.302996 0.000037 0.041331 0.031322 0.196608 0.486236 8.354051 17.698769 6.510114 6.334024 6.308583
-0.006018 8.328343 0.000015 0.037142 0.031322 0.187619 0.503363 8.321566 16.775516 6.347280 6.044425 6.108932
-0.011645 8.356369 0.000023 0.033372 0.031322 0.180747 0.520726 8.407927 15.957317 6.471365 5.823045 6.126870
-0.015246 8.386312 0.000008 0.030010 0.031322 0.179994 0.482789 8.419789 15.250986 6.356926 5.798797 6.024868
-0.016218 8.412127 0.000015 0.027108 0.031322 0.177250 0.331804 8.449703 14.610806 6.189918 5.710375 5.870654
-0.017897 8.446076 0.000016 0.024436 0.031322 0.173244 0.125859 8.480727 14.031886 6.423779 5.581320 5.987499
-0.017124 8.489274 0.000016 0.021970 0.031322 0.178102 -0.529210 8.562083 13.543596 5.945098 5.737828 5.683527
-0.014171 8.542335 0.000011 0.019824 0.028341 0.169795 -0.270388 8.542769 13.059701 5.010793 5.470212 4.959736
-0.009115 8.599066 0.000018 0.017681 0.025644 0.148231 0.077715 8.608128 12.577661 4.387129 4.775508 4.337655
-0.006033 8.631294 -0.000005 0.015643 0.023204 0.130959 -0.757174 8.619412 12.152611 3.739362 4.219063 3.740376
-0.006425 8.650087 -0.000013 0.013883 0.020996 0.113447 -0.636280 8.637063 11.764794 3.253282 3.654870 3.251645
-0.008334 8.658748 -0.000024 0.012312 0.018998 0.098397 -0.541275 8.644648 11.422742 2.830228 3.170025 2.827702
-0.010281 8.665557 -0.000030 0.010929 0.017190 0.084985 -0.442049 8.655675 11.120414 2.320575 2.737923 2.359503
-0.012655 8.667791 -0.000035 0.009722 0.015554 0.069878 -0.325836 8.644802 10.842470 1.772193 2.251220 1.849056
-0.015070 8.659536 -0.000036 0.008653 0.014074 0.053537 -0.189447 8.633811 10.586665 1.000362 1.724780 1.175042
-0.018034 8.647612 -0.000038 0.007686 0.012735 0.032216 -0.026202 8.601925 10.336031 0.294383 1.037904 0.501308
-0.022135 8.632193 -0.000040 0.006754 0.011523 0.010448 0.394735 8.598183 10.107423 -0.228019 0.336586 -0.051632
-0.006059 8.793265 -0.000047 0.005209 0.012714 -0.006768 0.348229 8.905117 9.931794 -0.906587 -0.218032 -0.669945
-0.019539 8.691282 -0.000116 0.004917 0.031290 -0.027105 0.313239 8.466294 9.753823 -1.617307 -0.873232 -1.341381
-0.047364 8.445669 -0.000025 0.005185 0.031290 -0.049389 0.233644 8.370903 9.564740 -2.193730 -1.591154 -1.935096
-0.047806 8.437283 -0.000015 0.004469 0.031290 -0.067101 0.174053 8.443200 9.404808 -2.647032 -2.161767 -2.404715
-0.050810 8.412524 -0.000038 0.003933 0.031290 -0.081026 0.127103 8.349983 9.267579 -3.034325 -2.610387 -2.797261
-0.055170 8.358438 -0.000023 0.003604 0.031290 -0.092391 -0.067460 8.332004 9.143467 -3.569073 -2.976514 -3.278219
-0.062277 8.278253 -0.000024 0.003430 0.031290 -0.106344 0.561603 8.188850 9.010543 -3.842494 -3.426030 -3.581914
-0.069814 8.193187 -0.000001 0.003240 0.031290 -0.114706 0.423284 8.164043 8.896195 -4.015511 -3.695439 -3.770607
-0.073628 8.121328 -0.000003 0.003071 0.031290 -0.118709 0.206104 8.062091 8.793644 -4.488203 -3.824406 -4.160747
-0.078232 8.050257 0.000013 0.002947 0.031290 -0.129177 -0.193088 7.988808 8.667324 -4.776420 -4.161633 -4.443685
-0.085531 7.962142 0.000017 0.002795 0.031290 -0.137445 0.144911 7.892666 8.548663 -5.110749 -4.428020 -4.750714
-0.090728 7.871638 0.000025 0.002684 0.031290 -0.146266 -0.304513 7.801353 8.427497 -5.759470 -4.712173 -5.314662
-0.095800 7.781504 0.000031 0.002561 0.028312 -0.163127 -0.102014 7.683613 8.280885 -6.127944 -5.255397 -5.685274
-0.098859 7.722494 0.000035 0.002213 0.025618 -0.174350 0.097432 7.685271 8.156718 -6.483401 -5.616956 -6.021281
-0.097137 7.715120 0.000017 0.001750 0.023180 -0.185243 -0.040979 7.671150 8.044708 -7.173213 -5.967895 -6.634878
-0.091783 7.746950 0.000004 0.001180 0.020974 -0.206146 0.060693 7.713203 7.920546 -7.862974 -6.641330 -7.289998
-0.092241 7.724790 -0.000025 0.000776 0.018978 -0.229003 0.170272 7.638395 7.805305 -8.226528 -7.377689 -7.687387
-0.096276 7.661558 -0.000027 0.000570 0.017172 -0.242892 0.201645 7.613618 7.724459 -8.398816 -7.825151 -7.889801
-0.093917 7.618819 -0.000033 0.000419 0.015538 -0.248496 0.151090 7.578058 7.668972 -8.281121 -8.005697 -7.816916
-0.089111 7.569340 -0.000032 0.000395 0.014060 -0.242306 -0.006243 7.540797 7.637441 -7.756385 -7.806260 -7.353067
-0.065728 7.651682 -0.000025 -0.000056 0.012722 -0.223983 6.175718 7.744295 7.642771 -7.583668 -7.215954 -7.122843
-0.058348 7.580829 -0.000065 0.000246 0.017431 -0.210128 5.551180 7.421260 7.607781 -7.576594 -6.769609 -7.037519
-0.066532 7.413221 0.000003 0.000771 0.017431 -0.202370 4.986670 7.343597 7.525131 -6.772765 -6.519659 -6.310991
-0.056045 7.379555 0.000006 0.000577 0.017431 -0.176116 4.483062 7.388501 7.490753 -6.019883 -5.673860 -5.552425
-0.043944 7.327213 -0.000008 0.000648 0.017431 -0.147898 4.025203 7.251086 7.447303 -5.639203 -4.764777 -5.086228
-0.030271 7.286406 0.000016 0.000638 0.017431 -0.129658 3.616185 7.246187 7.362738 -4.970252 -4.177145 -4.416597
-0.018831 7.251612 0.000001 0.000440 0.017431 -0.106251 3.257147 7.193844 7.289518 -4.335263 -3.423057 -3.748107
-0.011790 7.217840 -0.000001 0.000284 0.017431 -0.086520 2.941628 7.165603 7.210917 -3.767921 -2.787372 -3.152466
0.035566 7.488909 -0.000010 -0.001102 0.017431 -0.069667 2.658734 7.670768 7.161931 -3.254268 -2.244417 -2.615635
0.030488 7.372498 -0.000131 -0.000835 0.035295 -0.057403 2.402342 7.054801 7.103908 -2.710651 -1.849330 -2.082455
-0.010758 6.997767 -0.000006 0.000421 0.035295 -0.046127 2.153468 6.884692 7.025845 -2.159064 -1.486060 -1.550443
-0.005761 6.962797 0.000016 0.000250 0.035295 -0.032727 1.914717 6.972579 6.966838 -1.715569 -1.054361 -1.105804
-0.005840 6.913631 -0.000015 0.000211 0.035295 -0.022226 1.689908 6.814694 6.909739 -1.466130 -0.716044 -0.839970
-0.010836 6.858317 0.000009 0.000204 0.035295 -0.018691 1.478726 6.834477 6.845859 -1.273872 -0.602159 -0.653239
-0.013171 6.809480 -0.000009 0.000144 0.035295 -0.017877 1.272821 6.736882 6.789620 -1.171141 -0.575947 -0.558608
-0.016135 6.763003 0.000002 0.000106 0.035295 -0.018242 1.062105 6.737291 6.740350 -0.898221 -0.587688 -0.323264
-0.021578 6.715631 -0.000008 0.000098 0.035295 -0.014324 0.858533 6.673986 6.713560 -0.534463 -0.461486 -0.000149
-0.022619 6.676584 0.000001 0.000147 0.035295 -0.006088 0.590213 6.672947 6.704148 -0.265294 -0.196150 0.246622
-0.018306 6.649016 -0.000001 0.000219 0.035295 0.002160 0.200954 6.624457 6.693220 1.901616 0.069573 2.179103
-0.013463 6.623327 0.000009 0.000277 0.035295 0.067484 -0.789885 6.765888 6.829696 2.151086 2.174099 2.538015
-0.008512 6.600722 0.000008 0.000908 0.031936 0.081027 -0.535131 6.466786 6.804996 2.633968 2.610413 2.998233
-0.004452 6.581808 0.000070 0.000885 0.028897 0.097576 -0.382112 6.675671 6.784522 3.286957 3.143567 3.618898
0.000871 6.565805 0.000020 0.000867 0.026147 0.118185 -0.314057 6.489141 6.773879 3.845344 3.807528 4.166966
0.008507 6.560595 0.000059 0.000845 0.023659 0.137180 -0.278984 6.620720 6.755512 4.491309 4.419469 4.792102
0.017508 6.561966 0.000027 0.000767 0.021407 0.158195 -0.345314 6.520588 6.741783 5.199856 5.096513 5.479717
0.044689 6.702544 0.000046 0.000156 0.019370 0.181656 -0.387390 6.856201 6.745952 5.918653 5.852344 6.183783
0.049788 6.698855 -0.000027 0.000187 0.017527 0.203277 -0.428116 6.578170 6.746434 6.580573 6.548879 6.833023
0.037198 6.590754 0.000035 0.000617 0.015859 0.222458 -0.425034 6.603304 6.733348 7.235724 7.166822 7.471414
0.046956 6.657963 0.000027 0.000299 0.014350 0.239239 -0.421365 6.707086 6.731206 7.911413 7.707450 8.120881
0.061269 6.745408 0.000004 -0.000056 0.012984 0.256907 -0.363187 6.792037 6.748598 8.459653 8.276661 8.651213
0.077370 6.835878 -0.000011 -0.000346 0.011749 0.271883 -0.290759 6.885280 6.771656 9.067967 8.759151 9.231474
0.092256 6.939170 -0.000026 -0.000664 0.010631 0.289668 -0.233313 7.006465 6.812590 9.772728 9.332097 9.903193
0.104641 7.056279 -0.000044 -0.000966 0.011904 0.308425 -0.204816 7.130636 6.871464 10.424521 9.936392 10.523858
0.119648 7.196772 -0.000059 -0.001289 0.015823 0.324922 -0.117627 7.287906 6.942219 10.974239 10.467881 11.044046
0.136188 7.345549 -0.000078 -0.001599 0.021025 0.338725 0.162587 7.431315 7.022205 11.539058 10.912562 11.571008
0.143238 7.420486 -0.000092 -0.001579 0.024870 0.354229 -0.186162 7.460882 7.111093 12.057646 11.412043 12.056551
0.130892 7.385961 -0.000080 -0.001090 0.024870 0.366915 0.171220 7.376581 7.189136 12.515059 11.820727 12.478534
0.117811 7.335338 -0.000044 -0.000580 0.024870 0.375656 -0.257177 7.356716 7.258128 12.769623 12.102358 12.704602
0.123970 7.388631 -0.000024 -0.000517 0.024870 0.381661 0.164144 7.466415 7.323431 12.950149 12.295794 12.857802
0.122462 7.378166 -0.000034 -0.000217 0.024870 0.388751 -0.222066 7.358808 7.380146 13.341102 12.524221 13.204928
0.113889 7.323744 0.000003 0.000224 0.024870 0.402300 -0.217287 7.359661 7.438474 13.522687 12.960725 13.381391
0.105323 7.368746 0.000016 0.000276 0.024870 0.406906 -0.472601 7.420021 7.475508 13.398147 13.109120 13.269850
0.090495 7.414643 0.000011 0.000241 0.024870 0.395136 -0.665537 7.432974 7.492055 13.092665 12.729923 12.946342
0.075768 7.461989 0.000012 0.000119 0.024870 0.376313 -0.741594 7.513606 7.517454 12.969292 12.123504 12.735494
0.063794 7.518097 -0.000000 -0.000003 0.024870 0.361991 -0.751767 7.587922 7.583751 12.767336 11.662118 12.458556
0.054940 7.564576 -0.000002 0.000076 0.024870 0.350050 -0.661475 7.632448 7.668381 12.011020 11.277400 11.734702
0.046789 7.610129 0.000007 0.000231 0.022503 0.326834 -0.577095 7.649723 7.720005 11.242673 10.529456 10.948682
0.036570 7.667129 0.000015 0.000210 0.020361 0.303171 -0.591891 7.736904 7.770568 10.568687 9.767120 10.235693
0.017944 7.725545 0.000007 0.000178 0.018424 0.279770 -0.675957 7.779227 7.828835 10.358682 9.013233 9.874906
0.004275 7.790377 0.000010 0.000152 0.016671 0.265679 -0.706943 7.904658 7.930350 10.363378 8.559266 9.722546
0.003380 7.870326 0.000005 0.000238 0.015084 0.262210 -0.627293 7.984138 8.065625 9.950945 8.447490 9.333255
0.002869 7.960521 0.000018 0.000417 0.013649 0.254743 -0.515651 8.059360 8.172848 9.840043 8.206932 9.145171
0.004362 8.068742 0.000025 0.000413 0.012350 0.253257 -0.419556 8.204133 8.290324 9.597304 8.159085 8.912065
0.004370 8.168065 0.000019 0.000485 0.011175 0.250482 -0.316290 8.251834 8.390723 9.470970 8.069678 8.760489
0.002242 8.253553 0.000031 0.000544 0.010111 0.248753 -0.222389 8.364661 8.486739 9.687020 8.013980 8.863119
0.004820 8.341670 0.000027 0.000575 0.009149 0.255524 -0.057768 8.454290 8.603245 9.483562 8.232089 8.746519
0.005631 8.425698 0.000033 0.000704 0.008955 0.255521 0.542777 8.500826 8.683491 9.429265 8.232008 8.684442
0.004059 8.509178 0.000041 0.000691 0.011002 0.255817 0.441151 8.609615 8.759816 9.385282 8.241555 8.635842
0.002278 8.596859 0.000034 0.000646 0.011002 0.255301 0.327032 8.676218 8.833083 9.189551 8.224935 8.479438
0.003127 8.681968 0.000035 0.000599 0.011002 0.250858 0.206391 8.762105 8.893510 9.006059 8.081796 8.297161
0.005931 8.753314 0.000030 0.000556 0.011002 0.247279 0.046728 8.818659 8.951868 8.770467 7.966469 8.091487
0.010184 8.819072 0.000030 0.000526 0.011002 0.244035 -0.311425 8.882363 9.001548 8.354980 7.861979 7.774591
0.009252 8.875707 0.000027 0.000499 0.011002 0.237123 -0.288917 8.908990 9.027570 8.252313 7.639273 7.635150
0.002483 8.916394 0.000027 0.000441 0.011002 0.232717 -0.352072 8.970323 9.064459 8.359325 7.497358 7.655613
-0.001946 8.968157 0.000022 0.000382 0.011002 0.232353 -0.374574 9.033923 9.122328 8.386579 7.485629 7.661587
-0.003538 9.028469 0.000021 0.000372 0.011002 0.231586 -0.352018 9.094657 9.183494 8.460312 7.460912 7.691905
-0.001492 9.093163 0.000021 0.000358 0.011002 0.233105 -0.275913 9.170229 9.252723 8.194355 7.509843 7.528866
-0.001169 9.154020 0.000019 0.000391 0.011002 0.229295 -0.170967 9.194656 9.296456 8.272840 7.387099 7.532750
0.000852 9.213003 0.000024 0.000331 0.009955 0.230573 -0.043458 9.297042 9.357471 8.062236 7.428284 7.408493
0.002687 9.265851 0.000014 0.000363 0.009008 0.228647 0.379069 9.290542 9.397953 7.922572 7.366206 7.298705
0.002521 9.315121 0.000025 0.000328 0.008151 0.226272 0.329716 9.378353 9.433238 8.309825 7.289720 7.514650
0.005612 9.374697 0.000013 0.000232 0.007375 0.234385 0.289257 9.451655 9.507267 8.292392 7.551086 7.591996
0.006277 9.425355 0.000013 0.000325 0.006673 0.237957 0.251411 9.462365 9.557126 8.477508 7.666167 7.748460
0.008818 9.475147 0.000022 0.000325 0.006038 0.243456 0.223445 9.548907 9.612463 8.327914 7.843310 7.720079
0.009417 9.526089 0.000015 0.000342 0.005464 0.243522 0.191109 9.545784 9.641775 8.479005 7.845437 7.819552
0.008329 9.560636 0.000022 0.000322 0.005972 0.245998 0.179002 9.622131 9.683274 8.500290 7.925210 7.864811
0.007798 9.592949 0.000014 0.000358 0.005972 0.247721 0.129963 9.614637 9.719276 8.145453 7.980717 7.673368
0.004095 9.625627 0.000024 0.000371 0.006486 0.240492 0.098860 9.647319 9.722811 8.286598 7.747836 7.681220
0.016391 9.802781 0.000018 -0.000317 0.006486 0.239311 0.058734 9.969340 9.772998 8.209946 7.709769 7.623136
0.011244 9.804949 -0.000043 -0.000127 0.011467 0.236655 -0.009792 9.712604 9.815361 8.363195 7.624208 7.684445
-0.002629 9.686531 0.000023 0.000511 0.011467 0.238711 0.919724 9.723541 9.860347 8.392352 7.690463 7.725580
0.002828 9.735178 0.000031 0.000496 0.011467 0.242205 0.815901 9.799451 9.902794 8.410763 7.803006 7.780260
0.008281 9.792104 0.000024 0.000439 0.011467 0.246320 0.733348 9.833818 9.939317 8.364541 7.935579 7.807224
0.012295 9.843962 0.000024 0.000378 0.011467 0.249014 0.668488 9.885669 9.963373 8.336136 8.022367 7.831469
0.014023 9.890573 0.000018 0.000289 0.011467 0.250314 0.626328 9.919067 9.980664 8.772120 8.064262 8.116633
0.013357 9.935668 0.000015 0.000178 0.011467 0.258683 0.588568 10.004379 10.031596 9.358100 8.333871 8.570765
0.014506 9.975898 0.000007 0.000221 0.011467 0.271821 0.532490 10.033320 10.106232 9.323543 8.757130 8.712891
0.015109 10.017619 0.000017 0.000351 0.011467 0.275919 0.450536 10.049414 10.141726 9.410205 8.889174 8.820388
0.013561 10.053049 0.000021 0.000351 0.011467 0.277873 0.378412 10.096759 10.173659 9.445748 8.952115 8.870594
0.014229 10.093451 0.000018 0.000318 0.011467 0.278610 0.292754 10.129461 10.204294 8.990770 8.975847 8.619404
0.013481 10.130471 0.000017 0.000293 0.010376 0.269788 0.229275 10.132447 10.198080 8.975746 8.691638 8.508253
0.011351 10.157274 0.000015 0.000162 0.009388 0.265395 0.210490 10.199383 10.216248 8.823922 8.550112 8.369517
0.006475 10.177006 0.000005 0.000156 0.008495 0.259850 0.223252 10.180547 10.233765 8.864663 8.371486 8.325213
0.002164 10.203040 0.000013 0.000122 0.007687 0.256668 0.244204 10.259655 10.269313 9.043556 8.268959 8.385069
0.002378 10.241126 0.000003 0.000112 0.006955 0.257975 0.231828 10.286960 10.327152 8.985246 8.311055 8.364686
0.004840 10.274194 0.000010 0.000210 0.006293 0.258445 0.206168 10.316776 10.374651 8.963392 8.326211 8.356313
0.008614 10.325087 0.000013 0.000196 0.005694 0.260373 0.188057 10.381633 10.419591 9.022968 8.388336 8.415561
0.013250 10.388207 0.000009 0.000124 0.005152 0.263994 0.190469 10.443164 10.466150 8.834905 8.504984 8.358655
0.014200 10.437243 0.000006 0.000115 0.004662 0.263244 0.203056 10.458342 10.489095 9.126612 8.480818 8.519357
0.014626 10.480156 0.000007 0.000035 0.004218 0.267928 0.221483 10.548179 10.538772 9.446822 8.631735 8.763437
0.015024 10.518148 -0.000002 0.000082 0.003817 0.275730 0.212083 10.557951 10.600538 9.576855 8.883086 8.940658
0.014314 10.559543 0.000010 0.000162 0.003454 0.280575 0.196094 10.615144 10.650766 9.892692 9.039176 9.182945
0.014916 10.606783 0.000008 0.000174 0.003125 0.287626 0.167456 10.666931 10.713206 9.701556 9.266330 9.171267
0.014941 10.651771 0.000011 0.000244 0.002893 0.286543 0.135040 10.673725 10.741144 9.420434 9.231426 9.004910
0.013701 10.690420 0.000015 0.000201 0.004155 0.280413 0.113654 10.718576 10.750873 9.220199 9.033928 8.816694
0.010401 10.713795 0.000008 0.000147 0.004155 0.273381 0.116850 10.724556 10.761751 9.328362 8.807404 8.783440
0.007797 10.740656 0.000009 0.000084 0.004155 0.271423 0.139853 10.794331 10.800437 9.601107 8.744301 8.904101
0.004980 10.777920 0.000002 0.000089 0.004155 0.274611 0.156419 10.831885 10.865281 10.070136 8.847024 9.197148
0.000870 10.816837 0.000008 0.000192 0.004155 0.282790 0.153619 10.900579 10.956217 10.276491 9.110531 9.413337
-0.002615 10.863454 0.000013 0.000368 0.004155 0.288398 0.116850 10.925059 11.038245 10.461642 9.291190 9.581979
-0.003984 10.911355 0.000026 0.000503 0.006878 0.292969 0.041229 10.992049 11.117212 10.609779 9.438448 9.715859
-0.003827 10.958052 0.000028 0.000631 0.007613 0.297938 -0.440935 11.022579 11.193022 10.324595 9.598545 9.626368
-0.001532 11.015484 0.000038 0.000704 0.010336 0.296262 -0.347285 11.066663 11.232124 9.806010 9.544532 9.326261
0.000665 11.081369 0.000037 0.000598 0.010336 0.288245 -0.251477 11.113609 11.237524 9.811677 9.286278 9.216506
0.001047 11.150309 0.000028 0.000346 0.010336 0.285290 -0.202033 11.220813 11.269946 10.366843 9.191053 9.462968
0.001913 11.200281 0.000012 0.000276 0.010336 0.293527 -0.158850 11.275930 11.355054 10.432423 9.456441 9.611832
0.004969 11.251333 0.000018 0.000411 0.010336 0.299533 -0.085487 11.308084 11.421109 10.355715 9.649920 9.658060
0.008697 11.317286 0.000026 0.000412 0.010336 0.302484 -0.021583 11.379918 11.465997 10.412039 9.745007 9.732738
0.012092 11.395335 0.000020 0.000280 0.010336 0.305739 -0.125213 11.459903 11.511165 6.833472 9.849848 7.942125
0.013952 11.471156 0.000012 0.000159 0.010336 0.247484 -0.163775 11.243950 11.270956 8.009499 7.973070 7.720183
0.013980 11.517565 0.000007 -0.000978 0.010336 0.239666 -0.173110 11.739310 11.298470 7.807452 7.721225 7.505790
0.011648 11.538366 -0.000097 -0.000951 0.026080 0.232406 -0.161366 11.384364 11.329212 7.580760 7.487318 7.285809
0.008831 11.560629 -0.000012 -0.000917 0.026080 0.224630 -0.085212 11.708958 11.359671 7.469655 7.236821 7.115401
0.006157 11.600549 -0.000077 -0.000955 0.026080 0.218323 0.121521 11.532055 11.401992 7.296395 7.033611 6.933026
0.001594 11.641366 -0.000029 -0.000949 0.026080 0.210862 -0.082993 11.749393 11.446507 7.191560 6.793251 6.765025
-0.001320 11.669071 -0.000068 -0.000882 0.026080 0.203877 0.474762 11.636004 11.499955 6.663519 6.568231 6.390671
-0.002999 11.692985 -0.000031 -0.000765 0.026080 0.192022 0.290615 11.746033 11.526720 6.606953 6.186299 6.178925
-0.003436 11.716143 -0.000049 -0.000751 0.026080 0.186242 0.048696 11.725173 11.578603 6.218850 6.000087 5.892864
-0.003806 11.734453 -0.000033 -0.000618 0.026080 0.179270 -1.196630 11.759009 11.611319 5.632464 5.775479 5.494022
-0.004154 11.762571 -0.000034 -0.000600 0.026080 0.167804 -1.053721 11.754221 11.615245 5.581320 5.406066 5.295461
-0.005084 11.791229 -0.000032 -0.000698 0.026080 0.162455 -0.947383 11.834559 11.646567 5.578352 5.233731 5.212054
-0.007018 11.822330 -0.000043 -0.000697 0.026080 0.159877 -0.872912 11.839533 11.691130 6.204606 5.150693 5.480172
-0.004576 11.846280 -0.000034 -0.000615 0.023598 0.169066 -0.794990 11.934208 11.789175 6.393135 5.446719 5.707683
-0.002988 11.858122 -0.000033 -0.000273 0.021352 0.178826 -0.696579 11.871366 11.870183 5.715712 5.761153 5.523536
-0.000920 11.877537 -0.000002 -0.000029 0.019320 0.174307 -0.614345 11.878915 11.867360 5.176763 5.615565 5.197173
0.004040 11.896523 -0.000004 -0.000116 0.017482 0.166043 -0.518665 11.876248 11.835914 3.117701 5.349319 4.074022
0.003331 11.913501 -0.000010 -0.000308 0.015818 0.130944 -0.494981 11.768549 11.668918 3.374376 4.218571 3.681113
0.002812 11.910912 -0.000023 -0.000959 0.014313 0.117481 -0.532264 11.958695 11.627010 3.198616 3.784837 3.398834
0.011608 11.981657 -0.000075 -0.001406 0.020056 0.109242 -0.540144 11.954121 11.616568 2.774165 3.519410 3.073974
0.009865 11.921390 -0.000076 -0.001208 0.020475 0.099766 -0.589124 11.836846 11.588691 3.091252 3.214131 3.095445
0.002049 11.773530 -0.000057 -0.000733 0.020475 0.102402 -0.624581 11.713254 11.597553 3.576443 3.299029 3.383420
0.037565 12.175370 -0.000027 -0.002290 0.020475 0.113340 -0.656827 12.566786 11.677058 3.087535 3.651430 3.315755
0.030583 12.065748 -0.000199 -0.001541 0.053509 0.111259 -0.662580 11.620759 11.671769 3.497222 3.584377 3.500874
-0.006480 11.608507 0.000009 0.000251 0.053509 0.116465 -0.632633 11.591879 11.658618 -11.264797 3.752095 -3.828795
-0.003940 11.642817 0.000013 0.000063 0.053509 -0.122526 -0.496680 10.507616 10.481087 -4.726605 -3.947381 -4.052912
-0.003394 11.668084 -0.000008 -0.004705 0.053509 -0.131507 -0.140058 12.535438 10.538767 -4.934603 -4.236712 -4.296687
-0.014752 11.562123 -0.000445 -0.004056 0.119579 -0.141866 1.023553 10.728821 10.586452 -5.031529 -4.570432 -4.507095
-0.036947 11.310417 -0.000035 -0.002870 0.119579 -0.150397 0.237337 11.739587 10.622741 -5.243066 -4.845290 -4.751283
-0.059381 11.042938 -0.000251 -0.001666 0.119579 -0.158025 -3.095791 10.454470 10.633611 -5.499762 -5.091031 -5.007611
-0.079970 10.816617 0.000035 -0.000725 0.119579 -0.166761 -2.534348 11.074327 10.619905 -5.591168 -5.372478 -5.182370
-0.100786 10.616454 -0.000105 0.000014 0.119579 -0.173556 -1.961789 10.233030 10.602434 -5.576583 -5.591369 -5.268591
-0.111059 10.554044 0.000078 0.000192 0.119579 -0.178470 -1.313150 10.812013 10.598753 -6.728968 -5.749680 -6.056271
-0.092232 10.779562 -0.000050 -0.000717 0.119579 -0.204403 -0.361090 10.676915 10.540148 -8.921833 -6.585173 -7.680993
-0.084522 10.835252 -0.000033 -0.001170 0.119579 -0.254991 2.855615 10.778942 10.386678 -10.144179 -8.214921 -9.020559
-0.097936 10.692635 -0.000090 -0.001213 0.119579 -0.296851 2.224777 10.472512 10.266196 -10.829436 -9.563519 -9.932268
-0.077851 10.960206 -0.000049 -0.002751 0.119579 -0.324427 1.607888 11.251228 10.236465 -11.969279 -10.451934 -10.947280
-0.089589 10.828031 -0.000228 -0.002345 0.119579 -0.357326 0.938230 10.370652 10.176800 -12.680289 -11.511819 -11.778498
-0.124753 10.422676 -0.000047 -0.000975 0.108199 -0.385082 -0.036704 10.372795 10.109887 -12.878643 -12.406035 -12.217982
-0.130190 10.381645 -0.000062 -0.001077 0.097903 -0.403769 19.869866 10.351717 10.100053 -13.225403 -13.008048 -12.665148
-0.138738 10.303142 -0.000059 -0.000805 0.088586 -0.417372 17.849415 10.247262 10.103341 -14.057760 -13.446302 -13.377093
-0.149169 10.208276 -0.000035 -0.000416 0.080156 -0.439948 16.030897 10.129205 10.065953 -14.665619 -14.173616 -14.028004
-0.162310 10.114590 -0.000017 -0.000193 0.072528 -0.461565 14.397366 10.064370 10.032288 -14.331129 -14.870041 -14.026293
-0.174086 10.010397 -0.000010 0.000087 0.065626 -0.462164 12.926042 10.009420 10.072301 -14.097384 -14.889346 -13.908414
-0.180095 9.929002 0.000011 0.000568 0.059381 -0.456430 11.592350 9.926685 10.119988 -14.519547 -14.704613 -14.188222
-0.190723 9.817632 0.000040 0.001198 0.053730 -0.462043 10.389115 9.744882 10.104245 -14.692176 -14.885430 -14.388612
-0.203444 9.686227 0.000078 0.001657 0.048617 -0.466445 9.309902 9.654436 10.077576 -15.340670 -15.027242 -14.826316
-0.214028 9.591884 0.000092 0.001925 0.043991 -0.478149 8.341271 9.517298 10.004463 -15.685051 -15.404311 -15.197141
-0.221766 9.511579 0.000107 0.001954 0.039804 -0.488776 7.473137 9.485019 9.933190 -15.728991 -15.746696 -15.415126
-0.209140 9.637756 0.000099 0.001171 0.036016 -0.494101 6.690735 9.761332 9.905033 -15.828461 -15.918249 -15.565899
-0.221218 9.464543 0.000032 0.001746 0.032589 -0.495831 5.990438 9.234142 9.868015 -15.559627 -15.973968 -15.490829
-0.249582 9.108514 0.000141 0.003011 0.037920 -0.492227 5.360643 9.040458 9.824512 -15.323973 -15.857854 -15.354967
-0.257060 9.024746 0.000175 0.003170 0.047052 -0.486973 4.790717 9.053984 9.786343 -13.985888 -15.688596 -14.815897
-0.261061 8.952255 0.000164 0.003306 0.047052 -0.469063 4.260312 9.004208 9.836270 -13.924335 -15.111610 -14.449278
-0.260992 8.895048 0.000187 0.003731 0.050280 -0.455308 3.762609 8.900694 9.835122 -14.831752 -14.668453 -14.483109
-0.261127 8.845271 0.000210 0.003924 0.056565 -0.454516 3.305104 8.788145 9.723349 -14.798268 -14.642952 -14.463790
-0.262850 8.790212 0.000211 0.003699 0.056801 -0.452597 2.895309 8.779702 9.617873 -14.133657 -14.581111 -14.212636
-0.265919 8.738023 0.000190 0.003488 0.056801 -0.444055 2.544391 8.739720 9.564927 -13.381398 -14.305935 -13.801735
-0.269421 8.684910 0.000188 0.003488 0.056801 -0.431194 2.241728 8.713461 9.549325 -12.901601 -13.891579 -13.390881
-0.270041 8.651455 0.000191 0.003559 0.056801 -0.417966 1.967133 8.679374 9.537062 -12.618483 -13.465441 -13.033335
-0.270679 8.624134 0.000196 0.003619 0.056801 -0.406358 1.717434 8.646266 9.512093 -12.742191 -13.091461 -12.835271
-0.271293 8.601592 0.000198 0.003609 0.056801 -0.400113 1.499934 8.593204 9.448394 -12.758911 -12.890280 -12.714115
-0.267234 8.613007 0.000196 0.003311 0.056801 -0.395958 1.315187 8.639138 9.375142 -13.116061 -12.756417 -12.746821
-0.263247 8.623297 0.000170 0.002980 0.056801 -0.396551 1.172592 8.582461 9.271795 -12.378512 -12.775514 -12.514115
-0.228255 9.000626 0.000160 0.001075 0.056801 -0.385709 1.096295 9.366246 9.275766 -12.128330 -12.426232 -12.221384
-0.235325 8.881776 -0.000013 0.001562 0.056801 -0.376522 1.017495 8.517528 9.259696 -12.099261 -12.130259 -12.047374
-0.272652 8.445842 0.000171 0.003226 0.056801 -0.372757 0.952338 8.390921 9.180738 -10.578585 -12.008945 -11.491632
-0.219657 9.070148 0.000182 0.000438 0.051396 -0.345942 0.900658 9.725540 9.281688 -10.652425 -11.145078 -11.104548
-0.228020 8.967345 -0.000092 0.001246 0.046505 -0.335985 0.750501 8.399368 9.288833 -11.196618 -10.824295 -11.172983
-0.279241 8.358677 0.000203 0.003687 0.054546 -0.338387 0.563378 8.296968 9.166661 -12.418576 -10.901682 -11.576037
-0.271024 8.435555 0.000199 0.002898 0.054546 -0.352802 0.343250 8.427639 8.974765 -13.080069 -11.366071 -12.071021
-0.249781 8.696343 0.000128 0.001104 0.054546 -0.372328 0.182389 8.777085 8.812702 -11.976539 -11.995131 -12.018679
-0.251019 8.694754 0.000014 0.000468 0.054546 -0.371727 0.061591 8.630346 8.802363 -11.293575 -11.975781 -11.752879
-0.268219 8.481574 0.000044 0.001272 0.054546 -0.364195 -1.104592 8.415978 8.823707 -11.423541 -11.733117 -11.641676
-0.235277 8.851297 0.000096 -0.000109 0.054546 -0.359493 -0.913929 9.223795 8.850708 -10.893394 -11.581632 -11.334728
-0.243557 8.755047 -0.000078 0.000379 0.054546 -0.350133 -0.711512 8.433943 8.895037 -10.271707 -11.280076 -10.918841
-0.278883 8.336046 0.000107 0.002216 0.054546 -0.339866 -0.510642 8.336693 8.918102 -11.184412 -10.949314 -10.979279
-0.275526 8.371844 0.000133 0.002165 0.054546 -0.341686 -0.282255 8.381555 8.845066 -11.129681 -11.007940 -11.001535
-0.272372 8.403678 0.000107 0.001750 0.054546 -0.342546 -0.040064 8.411843 8.791394 -11.006805 -11.035667 -10.982036
-0.271655 8.407425 0.000089 0.001522 0.054546 -0.342267 2.224706 8.406150 8.755257 -11.233081 -11.026655 -11.050269
-0.273869 8.371085 0.000082 0.001523 0.049356 -0.344382 1.961701 8.326869 8.700675 -11.765994 -11.094819 -11.262654
-0.275979 8.335328 0.000088 0.001448 0.044659 -0.350775 1.720488 8.289537 8.611581 -12.712188 -11.300771 -11.688902
-0.279336 8.332075 0.000076 0.001108 0.040409 -0.364548 1.535184 8.255580 8.473105 -11.571725 -11.744473 -11.639270
-0.282259 8.322152 0.000053 0.000598 0.036563 -0.363858 1.380151 8.388937 8.471537 -11.685823 -11.722256 -11.661966
-0.285488 8.304066 0.000023 0.000664 0.033084 -0.364981 1.216803 8.239022 8.457643 -11.084091 -11.758429 -11.518901
-0.286696 8.286505 0.000052 0.000678 0.029936 -0.360588 1.055010 8.377299 8.493336 -11.772786 -11.616922 -11.623914
-0.285166 8.296570 0.000030 0.000780 0.027087 -0.363400 0.880871 8.219781 8.461454 -12.571599 -11.707496 -11.917074
-0.285548 8.320948 0.000057 0.000557 0.024509 -0.372793 0.754402 8.334216 8.379736 -11.515920 -12.010099 -11.822916
-0.289121 8.300461 0.000014 0.000314 0.022177 -0.369994 0.645409 8.312155 8.410507 -12.145549 -11.919926 -11.941082
-0.295730 8.243020 0.000025 0.000664 0.020066 -0.373759 0.538404 8.170043 8.376090 -11.546309 -12.041227 -11.871026
-0.301413 8.171791 0.000049 0.000810 0.018157 -0.371433 0.431917 8.211946 8.394417 -11.799038 -11.966287 -11.887568
-0.304845 8.111754 0.000043 0.001120 0.016429 -0.371207 0.311473 8.044699 8.379247 -13.155283 -11.959005 -12.224055
-0.308291 8.069246 0.000077 0.001229 0.020726 -0.381270 0.238149 7.995206 8.254569 -13.202590 -12.283220 -12.468111
-0.312582 8.035152 0.000060 0.000870 0.020726 -0.388749 0.246831 7.995115 8.160633 -12.510174 -12.524147 -12.479244
-0.318425 7.987718 0.000040 0.000685 0.020726 -0.389271 0.296250 7.982896 8.144435 -10.928364 -12.540972 -12.134411
-0.323876 7.923433 0.000039 0.000876 0.020726 -0.378474 0.267012 8.002144 8.248616 -11.159270 -12.193136 -11.933249
-0.329048 7.868944 0.000057 0.001505 0.020726 -0.371931 0.129338 7.843344 8.291609 -11.197820 -11.982329 -11.787919
-0.302931 8.199886 0.000102 0.000364 0.027480 -0.366426 -0.200505 8.546552 8.343871 -10.749636 -11.804980 -11.551982
-0.307476 8.164531 -0.000042 0.000711 0.027480 -0.359366 0.256118 7.941556 8.408579 -11.123409 -11.577552 -11.482461
-0.335118 7.840705 0.000106 0.002251 0.028524 -0.357365 -0.208212 7.795588 8.387355 -11.562939 -11.513058 -11.525410
-0.331133 7.884893 0.000134 0.001992 0.036037 -0.358723 0.398089 7.952431 8.333203 -11.390724 -11.556817 -11.523398
-0.327074 7.931364 0.000088 0.001593 0.036037 -0.358282 0.009005 7.927516 8.306025 -11.251388 -11.542615 -11.483951
-0.327282 7.946726 0.000087 0.001424 0.036037 -0.353640 -12.830919 7.984899 8.292901 -11.032536 -11.393081 -11.322396
-0.332592 7.904640 0.000072 0.001539 0.036037 -0.349146 -11.540418 7.868667 8.282309 -11.101159 -11.248274 -11.225007
-0.337183 7.867876 0.000095 0.001643 0.036037 -0.346546 -10.378206 7.878763 8.252386 -11.198831 -11.164512 -11.178708
-0.338790 7.862574 0.000086 0.001545 0.036037 -0.345583 -9.331030 7.846936 8.210717 -11.869542 -11.133487 -11.286041
-0.339017 7.870253 0.000084 0.001350 0.036037 -0.349375 -8.386918 7.831267 8.119031 -12.926249 -11.255646 -11.585604
-0.338773 7.887327 0.000067 0.000918 0.036037 -0.359436 -7.538204 7.801354 7.965039 -12.838491 -11.579805 -11.812684
-0.339688 7.884026 0.000040 0.000321 0.036037 -0.366932 -6.775130 7.851597 7.858371 -12.782899 -11.821299 -11.984776
-0.342304 7.856039 0.000005 0.000009 0.036037 -0.372472 -6.090246 7.784291 7.782837 -12.455228 -11.999772 -12.057673
-0.344762 7.825268 0.000003 -0.000168 0.036037 -0.374719 -5.476303 7.822384 7.751414 -11.966249 -12.072144 -12.020351
-0.348776 7.777270 -0.000013 -0.000102 0.032608 -0.373404 -4.926107 7.749472 7.762292 -11.249396 -12.029779 -11.854902
-0.352715 7.724238 0.000005 0.000151 0.029505 -0.368011 -4.433951 7.765162 7.819597 -11.123247 -11.856038 -11.698157
-0.353478 7.700555 0.000014 0.000472 0.026697 -0.362737 -3.991408 7.706254 7.865077 -11.330715 -11.686131 -11.604340
-0.351719 7.690095 0.000037 0.000694 0.024156 -0.359349 -3.594313 7.705000 7.875411 -12.426384 -11.577006 -11.721127
-0.349035 7.688647 0.000040 0.000740 0.021858 -0.362775 -3.239914 7.609051 7.790221 -12.595844 -11.687350 -11.835718
-0.349100 7.668318 0.000042 0.000483 0.019778 -0.366242 -2.929453 7.644588 7.706888 -12.012717 -11.799056 -11.809493
-0.354746 7.612682 0.000016 0.000373 0.017895 -0.365504 -2.655125 7.570425 7.680736 -10.115272 -11.775272 -11.443954
-0.359803 7.558676 0.000026 0.000484 0.016192 -0.354453 -2.408020 7.679269 7.798522 -10.814820 -11.419259 -11.290466
-0.343995 7.754916 0.000028 0.000173 0.014652 -0.349442 -2.174578 7.862767 7.841494 -11.631651 -11.257834 -11.324282
-0.347457 7.742650 -0.000003 0.000392 0.013257 -0.351224 -1.961046 7.617283 7.802337 -10.914621 -11.315241 -11.232329
-0.363579 7.567476 0.000043 0.000931 0.011996 -0.348984 -1.761875 7.559003 7.810222 -12.576463 -11.243055 -11.462412
-0.328178 8.009809 0.000057 -0.000791 0.015428 -0.358771 -1.576633 8.266037 7.725764 -12.086049 -11.558362 -11.597593
-0.333408 7.945096 -0.000118 -0.000869 0.031764 -0.363144 -1.398391 7.647021 7.706375 -12.319004 -11.699256 -11.755409
-0.366931 7.537721 0.000014 0.000669 0.031764 -0.366984 -1.213976 7.401750 7.640978 -11.877864 -11.822967 -11.781164
-0.364826 7.577773 0.000054 0.000251 0.031764 -0.367669 -1.067519 7.714293 7.630358 -10.111009 -11.845025 -11.500562
-0.364526 7.601877 -0.000017 0.000113 0.031764 -0.358564 -0.939068 7.647732 7.763299 -10.448405 -11.551704 -11.330941
-0.365665 7.600785 0.000027 0.000644 0.031764 -0.353171 -0.811766 7.649625 7.833445 -11.430948 -11.377970 -11.362879
-0.366202 7.603664 0.000042 0.000911 0.031764 -0.354192 -0.680438 7.562746 7.806318 -11.833195 -11.410851 -11.458562
-0.363077 7.631053 0.000055 0.000695 0.031764 -0.357235 -0.550367 7.652626 7.755718 -14.961463 -11.508900 -12.073152
-0.361995 7.639731 0.000024 0.000460 0.031764 -0.376998 -0.431439 7.359050 7.473755 -16.008238 -12.145575 -12.753633
-0.363537 7.630534 0.000027 -0.000621 0.031764 -0.398755 -0.434495 7.545241 7.186953 -14.772280 -12.846516 -13.095050
-0.369544 7.575860 -0.000078 -0.001542 0.031764 -0.409346 -0.483490 7.449552 7.075040 -12.985300 -13.187714 -13.073717
-0.383305 7.436099 -0.000082 -0.001431 0.031764 -0.408781 -0.517057 7.441187 7.126997 -11.124684 -13.169504 -12.779709
-0.391897 7.327350 -0.000069 -0.000794 0.028742 -0.399577 -0.437247 7.396407 7.307159 -14.084781 -12.873007 -12.977638
-0.397148 7.271138 -0.000020 0.000143 0.026006 -0.405619 -0.286808 7.076030 7.208664 -12.721681 -13.067656 -12.945876
-0.396994 7.276074 0.000029 -0.000267 0.023532 -0.404507 -0.126351 7.463202 7.242498 -12.515155 -13.031811 -12.891560
-0.392961 7.299975 -0.000049 -0.000228 0.021292 -0.402401 0.315675 7.209852 7.288704 -15.016146 -12.963988 -13.204494
-0.391352 7.298510 0.000017 -0.000039 0.019266 -0.412177 0.163391 7.208735 7.128984 -13.829261 -13.278941 -13.286861
-0.389218 7.298651 -0.000018 -0.000673 0.017433 -0.414376 0.053755 7.327489 7.102856 -14.249732 -13.349779 -13.409550
-0.392963 7.254617 -0.000050 -0.000602 0.015774 -0.417985 0.122884 7.125846 7.047558 -12.503962 -13.466052 -13.250129
-0.400862 7.174803 -0.000018 -0.000504 0.014273 -0.413135 0.245728 7.289309 7.135622 -11.029777 -13.309778 -12.918935
-0.407416 7.097435 -0.000035 0.000151 0.012914 -0.402792 0.231726 7.122478 7.310347 -12.096052 -12.976578 -12.794704
-0.409784 7.066754 0.000041 0.000966 0.011685 -0.398810 0.172532 7.091127 7.354940 -12.363025 -12.848274 -12.728224
-0.409036 7.068310 0.000058 0.001136 0.015648 -0.396554 0.077020 7.088055 7.364276 -13.714569 -12.775596 -12.853719
-0.408075 7.069865 0.000061 0.001167 0.016473 -0.400482 -0.189884 6.981783 7.261306 -14.483602 -12.902159 -13.063912
-0.407944 7.061586 0.000062 0.000792 0.016750 -0.407211 -0.108241 7.001589 7.117493 -13.769859 -13.118925 -13.146206
-0.410199 7.038065 0.000026 0.000315 0.016750 -0.409755 -0.112135 7.016272 7.058577 -12.234030 -13.200900 -13.009001
-0.412516 7.019375 0.000010 0.000155 0.016750 -0.405369 -0.189177 7.097571 7.130371 -12.740161 -13.059589 -12.962936
-0.413965 7.009105 0.000008 0.000481 0.016750 -0.403946 -0.194312 6.963347 7.143258 -12.856220 -13.013745 -12.943056
-0.414102 7.011477 0.000040 0.000522 0.016750 -0.403352 -0.198140 7.062317 7.142416 -12.727142 -12.994615 -12.912804
-0.413731 7.024326 0.000018 0.000468 0.016750 -0.402365 -0.192299 7.014879 7.151552 -11.437479 -12.962831 -12.719060
-0.414781 7.001497 0.000031 0.000595 0.016750 -0.396040 -0.179580 7.110240 7.255995 -11.695718 -12.759060 -12.587595
-0.416231 6.961763 0.000033 0.001166 0.016750 -0.391491 -0.103091 6.926250 7.309840 -12.134987 -12.612492 -12.525869
-0.414079 6.970253 0.000086 0.001346 0.023124 -0.389184 -0.057149 7.042848 7.313274 -11.610325 -12.538171 -12.395970
-0.410324 7.001700 0.000061 0.001235 0.023124 -0.384623 -0.014979 7.041440 7.354775 -10.888650 -12.391237 -12.178064
-0.409923 7.003352 0.000071 0.001393 0.023124 -0.377364 -0.333735 7.090547 7.437298 -8.551760 -12.157382 -11.669208
-0.408510 7.000518 0.000079 0.001731 0.023124 -0.360628 -0.268458 7.210846 7.675971 -9.336438 -11.618188 -11.334516
-0.399363 7.066702 0.000105 0.002415 0.028236 -0.349002 -0.116862 7.130068 7.793725 -10.694317 -11.243636 -11.223132
-0.385362 7.192026 0.000149 0.002385 0.040167 -0.344861 0.229445 7.284609 7.776571 -10.951727 -11.110252 -11.151539
-0.374241 7.302773 0.000112 0.001878 0.040167 -0.342235 0.100561 7.329717 7.741605 -11.477507 -11.025641 -11.165948
-0.371222 7.333342 0.000094 0.001618 0.040167 -0.343008 0.230360 7.300856 7.665394 -11.651471 -11.050536 -11.209243
-0.369904 7.349137 0.000084 0.001254 0.040167 -0.344966 0.403582 7.340704 7.586710 -11.028553 -11.113612 -11.148524
-0.365219 7.397104 0.000058 0.000752 0.040167 -0.343464 0.516093 7.448885 7.574410 -10.536182 -11.065245 -11.021249
-0.360392 7.443954 0.000031 0.000517 0.040167 -0.339576 0.594997 7.481440 7.602795 -10.274760 -10.939964 -10.873708
-0.359079 7.462032 0.000030 0.000558 0.040167 -0.335110 0.656301 7.498597 7.640810 -9.966727 -10.796104 -10.703430
-0.358106 7.478699 0.000034 0.000643 0.040167 -0.329982 0.687021 7.527728 7.689546 -10.783934 -10.630886 -10.720431
-0.356601 7.501186 0.000039 0.000747 0.040167 -0.330922 0.687250 7.467968 7.658725 -11.522311 -10.661185 -10.875617
-0.357834 7.511024 0.000045 0.000585 0.040167 -0.336363 0.692960 7.478035 7.576521 -10.572763 -10.836453 -10.837580
-0.358591 7.521435 0.000024 0.000218 0.040167 -0.335657 0.680897 7.576804 7.591662 -10.979111 -10.813721 -10.891744
-0.361088 7.509022 0.000006 0.000328 0.036345 -0.337670 0.609735 7.441844 7.570446 -10.928027 -10.878565 -10.932414
-0.365811 7.469117 0.000031 0.000402 0.032886 -0.339186 0.516425 7.487062 7.556440 -10.406577 -10.927417 -10.880850
-0.367725 7.456643 0.000018 0.000396 0.029757 -0.337531 0.374600 7.473094 7.587247 -10.077365 -10.874105 -10.782971
-0.366758 7.479800 0.000027 0.000426 0.026925 -0.334305 0.187994 7.547557 7.638894 -9.089829 -10.770160 -10.532981
-0.356700 7.597871 0.000022 0.000163 0.024363 -0.325511 -0.194202 7.769707 7.766376 -9.324127 -10.486835 -10.354096
-0.350934 7.654116 0.000001 0.000445 0.022044 -0.319339 0.185436 7.652693 7.846200 -9.564287 -10.287993 -10.243315
-0.349199 7.665576 0.000045 0.000716 0.019947 -0.315293 -0.120207 7.732554 7.884809 -8.180591 -10.157662 -9.879136
-0.312142 8.091301 0.000035 -0.000818 0.018048 -0.300267 0.169439 8.533121 8.060280 -8.456786 -9.673556 -9.587681
-0.311840 8.077226 -0.000103 -0.000067 0.027750 -0.290532 -0.014125 7.807793 8.157258 -9.134966 -9.359952 -9.513137
-0.336663 7.779327 0.000079 0.001498 0.027750 -0.289036 2.227026 7.774173 8.137083 -8.084970 -9.311732 -9.253822
-0.325645 7.892569 0.000082 0.000969 0.027750 -0.280068 1.997760 8.083352 8.208698 -9.467664 -9.022822 -9.331876
-0.313627 8.017807 0.000029 0.000757 0.027750 -0.282815 1.796449 7.930536 8.154774 -10.499200 -9.111327 -9.627606
-0.305452 8.112014 0.000051 0.000169 0.027750 -0.293262 1.636796 8.148513 8.041816 -10.057180 -9.447888 -9.746375
-0.301173 8.171588 -0.000022 -0.000514 0.027750 -0.297725 1.511883 8.142335 8.007080 -10.048704 -9.591685 -9.837135
-0.297314 8.228995 -0.000029 -0.000880 0.027750 -0.301515 1.406895 8.262535 7.993483 -10.167726 -9.713792 -9.946748
-0.295120 8.257019 -0.000059 -0.001045 0.027750 -0.305718 1.309395 8.217059 7.984290 -9.929222 -9.849185 -9.971947
-0.293896 8.276783 -0.000051 -0.001159 0.027750 -0.306933 1.217517 8.318295 8.007272 -9.489146 -9.888313 -9.877240
-0.292135 8.307304 -0.000069 -0.001189 0.027750 -0.304171 1.124834 8.329769 8.068533 -9.735959 -9.799336 -9.879453
-0.289897 8.343696 -0.000058 -0.001091 0.027750 -0.304590 1.023769 8.359800 8.101012 -10.159842 -9.812829 -10.001514
-0.289009 8.368077 -0.000058 -0.001059 0.025109 -0.308893 0.922165 8.347524 8.100545 -9.826149 -9.951483 -10.001253
-0.288931 8.376220 -0.000055 -0.001093 0.022719 -0.309139 0.824470 8.408992 8.137927 -9.605172 -9.959408 -9.943864
-0.286514 8.411150 -0.000061 -0.001083 0.020557 -0.307260 0.723171 8.440616 8.192989 -9.349853 -9.898868 -9.829637
-0.283344 8.441285 -0.000056 -0.000984 0.018601 -0.303388 0.621189 8.484812 8.260811 -9.877473 -9.774123 -9.894740
-0.282036 8.450109 -0.000051 -0.000750 0.016831 -0.305100 0.518546 8.414253 8.271648 -9.937401 -9.829274 -9.945527
-0.282842 8.448862 -0.000033 -0.000702 0.015229 -0.306671 0.444145 8.468082 8.280902 -9.821463 -9.879871 -9.942805
-0.284418 8.435583 -0.000043 -0.000613 0.013780 -0.306650 0.378224 8.414158 8.300944 -10.436856 -9.879204 -10.113838
-0.285129 8.434324 -0.000026 -0.000529 0.012469 -0.312349 0.328615 8.406787 8.270613 -10.530824 -10.062804 -10.260996
-0.284994 8.449236 -0.000032 -0.000708 0.011282 -0.317363 0.296463 8.446545 8.251825 -10.327113 -10.224351 -10.310196
-0.286477 8.444591 -0.000045 -0.000764 0.011984 -0.319266 0.275966 8.434980 8.263055 -10.144048 -10.285659 -10.299382
-0.261340 8.755773 -0.000040 -0.001953 0.011984 -0.319147 0.246724 9.023498 8.323416 -10.393669 -10.281825 -10.379553
-0.267538 8.700516 -0.000157 -0.001495 0.042169 -0.321935 0.206406 8.433372 8.352368 -10.390428 -10.371627 -10.435109
-0.294729 8.377802 -0.000020 -0.000101 0.042169 -0.323404 -0.118594 8.331875 8.353439 -11.230260 -10.418957 -10.687104
-0.292112 8.410685 0.000003 -0.000227 0.042169 -0.331688 0.438323 8.410202 8.295631 -11.316998 -10.685836 -10.893166
-0.289754 8.446603 -0.000027 -0.000598 0.042169 -0.338387 0.321639 8.426299 8.261303 -11.241389 -10.901660 -11.020187
-0.281485 8.560056 -0.000038 -0.001184 0.042169 -0.342694 0.241756 8.640458 8.264575 -11.119459 -11.040421 -11.078624
-0.288835 8.484194 -0.000085 -0.000871 0.042169 -0.344641 0.222018 8.352994 8.280348 -11.283349 -11.103160 -11.167026
-0.301632 8.336488 -0.000018 -0.000223 0.042169 -0.347178 0.162483 8.309172 8.271851 -11.815664 -11.184896 -11.357911
-0.301126 8.353366 -0.000010 -0.000323 0.042169 -0.353398 0.174856 8.339326 8.230608 -11.819760 -11.385284 -11.501084
-0.300641 8.365730 -0.000026 -0.000536 0.042169 -0.358018 0.180429 8.352830 8.210097 -12.309125 -11.534125 -11.729580
-0.302072 8.356888 -0.000033 -0.000582 0.042169 -0.365297 0.206157 8.299445 8.164087 -12.131598 -11.768629 -11.852798
-0.303311 8.333714 -0.000032 -0.000672 0.042169 -0.369093 0.220084 8.332705 8.152626 -12.193350 -11.890916 -11.956201
-0.303083 8.312276 -0.000042 -0.000633 0.038156 -0.371864 0.197308 8.272249 8.144908 -12.067765 -11.980175 -11.989325
-0.303888 8.293089 -0.000030 -0.000587 0.034525 -0.372343 0.250621 8.302901 8.152867 -11.129197 -11.995613 -11.769841
-0.304897 8.273277 -0.000035 -0.000477 0.031239 -0.364961 0.287326 8.317425 8.232756 -11.253498 -11.757783 -11.631266
-0.304891 8.260492 -0.000020 -0.000110 0.028267 -0.360202 0.248798 8.254435 8.275019 -11.583220 -11.604455 -11.602207
-0.305281 8.250468 0.000003 0.000097 0.025577 -0.359174 0.212230 8.248958 8.274227 -10.895778 -11.571366 -11.409352
-0.305171 8.245920 0.000004 0.000112 0.023143 -0.352940 0.164254 8.296394 8.324301 -10.173979 -11.370500 -11.088742
-0.303625 8.250239 0.000005 0.000294 0.020940 -0.342377 0.037060 8.307013 8.410592 -10.047490 -11.030195 -10.814793
-0.304142 8.229334 0.000022 0.000718 0.018948 -0.333272 -0.599310 8.244146 8.469421 -10.261957 -10.736866 -10.657246
-0.304177 8.228166 0.000049 0.000956 0.017145 -0.328277 -0.514342 8.252571 8.482485 -9.947259 -10.575947 -10.462110
-0.303465 8.244073 0.000050 0.000945 0.015513 -0.322319 -0.449345 8.286506 8.507875 -9.990226 -10.384010 -10.333872
-0.303448 8.250685 0.000049 0.001019 0.014037 -0.318650 -0.384539 8.252864 8.512993 -11.073080 -10.265806 -10.515834
-0.299493 8.294358 0.000058 0.000867 0.015518 -0.325151 -0.323159 8.264337 8.427913 -12.287154 -10.475263 -10.969179
-0.294314 8.350108 0.000037 0.000308 0.015518 -0.340567 -0.289300 8.276838 8.278246 -12.360590 -10.971905 -11.330644
-0.292977 8.370436 0.000001 -0.000365 0.015518 -0.352502 -0.329498 8.336570 8.178719 -11.043508 -11.356415 -11.245273
-0.296482 8.335924 -0.000035 -0.000623 0.015518 -0.349907 -0.386823 8.359910 8.218943 -10.079533 -11.272790 -10.938374
-0.300759 8.292434 -0.000031 -0.000291 0.015518 -0.340333 -0.404722 8.331895 8.319734 -9.051249 -10.964350 -10.464400
-0.301608 8.275123 -0.000003 0.000177 0.015518 -0.324994 -0.372844 8.379517 8.465085 -8.689650 -10.470191 -10.027305
-0.299786 8.281377 0.000019 0.000728 0.015518 -0.310270 -0.285446 8.342297 8.586146 -9.270019 -9.995817 -9.842361
-0.295685 8.322134 0.000054 0.001046 0.015518 -0.303835 -0.167742 8.362839 8.616581 -9.214916 -9.788514 -9.682205
-0.291183 8.356891 0.000057 0.001029 0.015518 -0.298256 0.006001 8.397051 8.635530 -10.003626 -9.608798 -9.769525
-0.272497 8.549148 0.000053 0.000342 0.015518 -0.300008 -3.987304 8.639908 8.595973 -10.796815 -9.665224 -10.046619
-0.270030 8.542011 -0.000009 0.000214 0.015518 -0.308798 -3.585488 8.375081 8.501964 -11.314793 -9.948399 -10.386047
-0.282936 8.373296 0.000029 0.000510 0.014041 -0.318470 -3.232200 8.264867 8.382097 -10.921784 -10.260000 -10.472978
-0.248838 8.786125 0.000027 -0.001601 0.012705 -0.322866 -2.921297 9.151308 8.370676 -10.550172 -10.401648 -10.412851
-0.255697 8.724329 -0.000172 -0.001402 0.046364 -0.322210 -2.638189 8.371116 8.394411 -10.756124 -10.380489 -10.471297
-0.289587 8.336786 0.000005 0.000228 0.046364 -0.324509 -2.408335 8.279906 8.359233 -10.413452 -10.454565 -10.426533
-0.283556 8.403726 0.000018 -0.000176 0.046364 -0.323580 -2.190227 8.506001 8.366902 -9.883525 -10.424632 -10.254574
-0.275919 8.476688 -0.000031 -0.000435 0.046364 -0.317730 -1.977868 8.495611 8.420254 -10.365811 -10.236168 -10.277722
-0.270336 8.534298 -0.000017 -0.000452 0.046364 -0.318320 -1.772854 8.555095 8.421506 -10.550781 -10.255184 -10.347260
-0.269062 8.567953 -0.000030 -0.000580 0.046364 -0.320817 -1.589284 8.555092 8.413003 -9.142306 -10.335620 -9.948850
-0.268810 8.594886 -0.000032 -0.000721 0.046364 -0.308580 -1.406658 8.720168 8.524638 -8.151210 -9.941377 -9.383004
-0.267446 8.611611 -0.000044 -0.000345 0.046364 -0.290524 -1.179073 8.664951 8.673520 -8.818800 -9.359681 -9.229668
-0.264604 8.631360 0.000001 0.000167 0.046364 -0.285357 -0.905867 8.646843 8.711660 -9.587452 -9.193219 -9.377109
-0.257330 8.695074 0.000014 0.000066 0.046364 -0.289998 -0.631465 8.702787 8.679130 -10.459818 -9.342752 -9.770008
-0.250759 8.757680 -0.000006 -0.000311 0.046364 -0.302778 -0.402550 8.714118 8.599509 -10.437415 -9.754452 -10.001648
-0.246173 8.787420 -0.000026 -0.000745 0.041952 -0.310059 -0.315268 8.792580 8.564818 -10.121662 -9.989040 -10.013799
-0.243604 8.783050 -0.000051 -0.000865 0.037960 -0.309429 -0.350178 8.765041 8.576256 -10.710771 -9.968745 -10.231477
-0.246171 8.760417 -0.000043 -0.000730 0.034347 -0.316007 -0.502030 8.698611 8.536565 -10.195164 -10.180667 -10.151532
-0.249170 8.753214 -0.000037 -0.000859 0.031079 -0.314438 -0.621299 8.795761 8.557095 -9.467105 -10.130117 -9.849247
-0.253039 8.735531 -0.000054 -0.000707 0.028121 -0.306218 -0.627614 8.739267 8.626858 -9.376690 -9.865293 -9.660783
-0.255420 8.725110 -0.000026 -0.000389 0.025445 -0.301387 -0.551908 8.752046 8.674945 -9.294640 -9.709655 -9.540913
-0.251685 8.744337 -0.000018 -0.000275 0.023024 -0.297567 -0.407457 8.770670 8.714383 -10.108625 -9.586577 -9.768201
-0.249896 8.765636 -0.000014 -0.000203 0.020833 -0.304396 -0.226398 8.720729 8.678628 -10.068789 -9.806605 -9.883286
-0.249431 8.795021 -0.000010 -0.000461 0.018850 -0.308482 -0.050635 8.833924 8.669736 -10.494799 -9.938232 -10.120456
-0.250275 8.814002 -0.000037 -0.000572 0.017056 -0.316718 0.589944 8.754481 8.640579 -10.542102 -10.203579 -10.297056
-0.254435 8.814541 -0.000026 -0.000690 0.015433 -0.323250 0.501080 8.836079 8.631466 -9.289872 -10.414000 -9.986245
-0.255756 8.813659 -0.000046 -0.000722 0.013965 -0.313951 0.398507 8.883751 8.737714 -9.776863 -10.114414 -9.981615
-0.256298 8.807759 -0.000034 -0.000278 0.012636 -0.313415 0.269645 8.773399 8.771151 -10.019631 -10.097160 -10.061067
-0.220742 9.230092 -0.000002 -0.001819 0.011433 -0.316221 0.157091 9.601518 8.823117 -10.169215 -10.187559 -10.180915
-0.226756 9.148841 -0.000174 -0.001291 0.046744 -0.318652 0.063659 8.788136 8.857126 -10.682703 -10.265857 -10.452969
-0.262254 8.722155 0.000013 0.000535 0.046744 -0.324172 -0.487843 8.636727 8.810986 -10.493953 -10.443721 -10.500001
-0.257295 8.765984 0.000037 0.000178 0.046744 -0.325039 -0.492440 8.865455 8.802552 -10.323552 -10.471639 -10.456603
-0.254085 8.774337 -0.000015 0.000112 0.046744 -0.322634 -0.524267 8.713038 8.811327 -10.871590 -10.394168 -10.602581
-0.254751 8.767672 0.000021 0.000173 0.046744 -0.326673 -0.597400 8.773992 8.769575 -10.273094 -10.524288 -10.464718
-0.258103 8.747679 -0.000002 0.000087 0.046744 -0.322781 -0.691583 8.746299 8.787056 -9.731761 -10.398881 -10.198958
-0.264571 8.698306 0.000008 0.000352 0.046744 -0.315355 -0.677946 8.712152 8.830422 -9.477571 -10.159662 -9.964369
-0.269525 8.679780 0.000025 0.000597 0.046744 -0.309251 -0.568741 8.707296 8.868772 -8.506479 -9.963018 -9.534407
-0.269433 8.684521 0.000035 0.000730 0.046744 -0.296131 -0.263897 8.780361 8.964406 -9.511902 -9.540318 -9.579637
-0.231363 9.113361 0.000040 -0.000590 0.046744 -0.298066 0.644668 9.381987 8.981527 -10.855687 -9.602650 -10.186095
-0.235251 9.047622 -0.000089 -0.000262 0.046744 -0.315990 0.263466 8.682007 8.890013 -11.592182 -10.180099 -10.801447
-0.271602 8.633957 0.000046 0.001015 0.042296 -0.330411 -0.086333 8.484939 8.753829 -11.036399 -10.644704 -10.920897
-0.271115 8.666473 0.000059 0.000346 0.038271 -0.334919 -0.420333 8.781027 8.714420 -10.418552 -10.789948 -10.816877
-0.271701 8.662119 -0.000015 0.000207 0.034629 -0.332052 -0.440889 8.596076 8.738274 -11.128463 -10.697577 -10.970318
-0.273344 8.641980 0.000032 0.000382 0.031333 -0.337155 -0.437384 8.644961 8.694902 -11.821533 -10.861976 -11.282615
-0.275544 8.617205 0.000011 0.000308 0.028352 -0.347195 -0.451891 8.519858 8.611991 -12.097294 -11.185418 -11.571749
-0.276835 8.611317 0.000021 0.000003 0.025654 -0.356597 -0.493809 8.613077 8.540516 -11.631783 -11.488338 -11.628572
-0.279483 8.593142 -0.000016 -0.000209 0.023212 -0.358671 -0.527230 8.565961 8.534546 -11.265639 -11.555135 -11.563018
-0.281382 8.545640 -0.000007 -0.000044 0.021003 -0.356531 -0.522864 8.552054 8.558325 -11.104232 -11.486196 -11.467147
-0.280808 8.518452 0.000001 0.000158 0.019005 -0.352535 -0.495267 8.521482 8.584249 -9.872453 -11.357482 -11.019967
-0.279577 8.525741 0.000014 0.000232 0.017196 -0.337330 -0.471340 8.645439 8.694688 -9.342114 -10.867618 -10.534342
-0.276680 8.564105 0.000011 0.000518 0.015560 -0.321286 -0.417776 8.618499 8.801090 -9.611137 -10.350745 -10.267812
-0.272203 8.623305 0.000041 0.000705 0.014079 -0.312918 -0.341007 8.685067 8.841229 -9.490492 -10.081159 -10.048052
-0.266720 8.683062 0.000035 0.000627 0.012739 -0.306052 -0.237153 8.727712 8.871667 -9.621426 -9.859944 -9.941457
-0.259546 8.736938 0.000032 0.000534 0.011527 -0.302512 -0.100602 8.762996 8.876872 -10.837576 -9.745912 -10.276079
-0.255945 8.752246 0.000026 0.000494 0.010430 -0.313314 0.088869 8.658160 8.778923 -11.313387 -10.093900 -10.643679
-0.256934 8.740734 0.000027 0.000151 0.009437 -0.325241 0.128247 8.711297 8.679607 -10.982188 -10.478164 -10.752614
-0.259689 8.729643 -0.000006 -0.000198 0.008539 -0.329479 0.232808 8.704850 8.645142 -10.488613 -10.614671 -10.661793
-0.263058 8.704586 -0.000013 -0.000236 0.007727 -0.327799 0.276829 8.714247 8.660957 -10.101376 -10.560544 -10.495217
-0.261019 8.711113 -0.000011 -0.000199 0.006991 -0.322796 0.271575 8.744563 8.701930 -10.822970 -10.399362 -10.634380
-0.258529 8.733558 -0.000009 -0.000125 0.006326 -0.327339 0.252517 8.691581 8.671920 -10.822965 -10.545746 -10.719289
-0.255710 8.759088 -0.000004 -0.000346 0.005724 -0.330273 0.242813 8.791386 8.658929 -11.061713 -10.640264 -10.856228
-0.255638 8.760871 -0.000029 -0.000404 0.007831 -0.334649 0.231962 8.703456 8.636120 -10.419408 -10.781249 -10.711543
-0.260026 8.725368 -0.000015 -0.000354 0.007831 -0.330619 0.231486 8.771232 8.673380 -8.974940 -10.651400 -10.139121
-0.258817 8.713481 -0.000022 -0.000159 0.007831 -0.311889 0.178813 8.798562 8.808671 -9.711510 -10.047996 -10.020238
-0.257882 8.710778 0.000002 0.000388 0.007831 -0.307400 0.062055 8.666901 8.825232 -9.515643 -9.903378 -9.859188
-0.255367 8.734816 0.000035 0.000358 0.009428 -0.302080 -0.171806 8.819510 8.846553 -9.764965 -9.731966 -9.838611
-0.251380 8.772269 0.000006 0.000294 0.009428 -0.301307 -0.044897 8.731891 8.836540 -9.973519 -9.707080 -9.893897
-0.247159 8.788891 0.000023 0.000189 0.009428 -0.303219 0.190100 8.813627 8.810911 -10.232360 -9.768689 -10.021397
-0.240602 8.817420 -0.000000 -0.000026 0.009428 -0.306443 0.139601 8.784145 8.775253 -10.630861 -9.872534 -10.231751
-0.236813 8.850527 -0.000002 -0.000298 0.009428 -0.313017 0.219719 8.844250 8.723397 -10.094475 -10.084342 -10.115356
-0.238535 8.853040 -0.000027 -0.000514 0.009428 -0.310037 0.311268 8.859278 8.735567 -9.631561 -9.988320 -9.867880
-0.241521 8.844355 -0.000027 -0.000431 0.009428 -0.304019 0.358250 8.860353 8.774383 -9.722006 -9.794434 -9.792767
-0.242434 8.841554 -0.000019 -0.000266 0.009428 -0.302970 0.355359 8.832186 8.786772 -9.940302 -9.760650 -9.858438
-0.240321 8.859707 -0.000010 -0.000289 0.009428 -0.305843 0.331448 8.867655 8.779997 -10.184787 -9.853204 -10.007332
-0.236535 8.896785 -0.000020 -0.000463 0.009428 -0.310769 0.292829 8.894123 8.765710 -10.392966 -10.011916 -10.179222
-0.234648 8.924230 -0.000029 -0.000628 0.009428 -0.316460 0.263098 8.918476 8.751723 -10.277579 -10.195246 -10.228765
-0.234944 8.937817 -0.000037 -0.000738 0.010057 -0.318329 0.236449 8.946843 8.763885 -9.935782 -10.255474 -10.118811
-0.236089 8.933056 -0.000041 -0.000671 0.011061 -0.315286 0.204977 8.947061 8.805837 -9.616084 -10.157435 -9.935318
-0.236264 8.929169 -0.000032 -0.000489 0.011061 -0.309255 0.137710 8.957247 8.860562 -9.147095 -9.963131 -9.637774
-0.236500 8.935229 -0.000022 -0.000296 0.011061 -0.299505 0.035468 8.981517 8.931931 -8.542286 -9.649031 -9.219070
-0.234035 8.975218 -0.000012 -0.000172 0.011061 -0.285578 -0.528030 9.056846 9.022928 -8.387076 -9.200338 -8.914509
-0.233866 8.977229 -0.000008 0.000181 0.011061 -0.275740 -0.420710 8.977220 9.082043 -8.771642 -8.883396 -8.907180
-0.235386 8.947212 0.000023 0.000534 0.011061 -0.275143 -0.302261 8.931957 9.077311 -9.367570 -8.864151 -9.143382
-0.232334 8.969342 0.000032 0.000428 0.011061 -0.282410 -0.192100 8.959829 9.027092 -9.601827 -9.098269 -9.364263
-0.226414 9.021947 0.000015 0.000020 0.011061 -0.289280 -0.106613 9.032208 8.987145 -9.670365 -9.319613 -9.503825
-0.224356 9.038884 -0.000010 -0.000205 0.011061 -0.293292 -0.080831 9.016757 8.964852 -9.482262 -9.448857 -9.477999
-0.223930 9.033495 -0.000012 -0.000272 0.011061 -0.292298 -0.148211 9.044270 8.969100 -9.723940 -9.416823 -9.571386
-0.221975 9.048684 -0.000017 -0.000315 0.011061 -0.295166 -0.191223 9.028167 8.953009 -9.457676 -9.509236 -9.487185
-0.219620 9.058390 -0.000017 -0.000418 0.010008 -0.292397 -0.237711 9.086606 8.967585 -9.361146 -9.420012 -9.395483
-0.216185 9.061255 -0.000027 -0.000371 0.009056 -0.288517 -0.238992 9.045583 8.981561 -10.213490 -9.295040 -9.760828
-0.214817 9.070770 -0.000015 -0.000354 0.008194 -0.300057 -0.261299 9.018998 8.918560 -10.319573 -9.666817 -9.975652
-0.215163 9.085291 -0.000023 -0.000661 0.007414 -0.307903 -0.309680 9.087209 8.884117 -9.990714 -9.919593 -9.920235
-0.218221 9.067808 -0.000046 -0.000728 0.012269 -0.307643 -0.332538 9.046717 8.896916 -9.883788 -9.911215 -9.863580
-0.225331 9.008612 -0.000034 -0.000443 0.012269 -0.307331 -0.345876 8.980275 8.910234 -10.155973 -9.901142 -9.985044
-0.233135 8.960677 -0.000016 -0.000200 0.012269 -0.312502 -0.323288 8.925044 8.895323 -10.464608 -10.067730 -10.208119
-0.240002 8.922117 -0.000007 -0.000106 0.012269 -0.320881 -0.275080 8.888697 8.866923 -10.952450 -10.337685 -10.558521
-0.246800 8.873082 -0.000006 -0.000024 0.012269 -0.332513 -0.191463 8.812448 8.819398 -11.518855 -10.712423 -10.994974
-0.251423 8.837033 0.000001 -0.000070 0.012269 -0.346451 -0.084797 8.793550 8.758011 -11.603301 -11.161448 -11.298433
-0.249390 8.871847 -0.000009 -0.000451 0.012269 -0.356092 0.100861 8.899884 8.734793 -11.227208 -11.472051 -11.349909
-0.254228 8.836414 -0.000037 -0.000403 0.012269 -0.357105 -0.013516 8.804812 8.764129 -10.242154 -11.504702 -11.029008
-0.261595 8.764552 -0.000010 -0.000002 0.012269 -0.347057 0.952583 8.831212 8.863039 -9.814332 -11.180984 -10.693284
-0.261615 8.783998 0.000006 0.000313 0.012269 -0.335598 0.832217 8.853248 8.962156 -9.332347 -10.811800 -10.309860
-0.260152 8.815090 0.000024 0.000583 0.012269 -0.322672 0.710720 8.900418 9.063303 -9.402695 -10.395367 -10.080570
-0.258495 8.835805 0.000036 0.000902 0.011102 -0.314453 0.577586 8.861849 9.118288 -9.827355 -10.130586 -10.064928
-0.255389 8.849525 0.000057 0.001065 0.015241 -0.313004 0.450336 8.863410 9.115157 -10.931148 -10.083913 -10.422720
-0.250489 8.860168 0.000056 0.001011 0.015241 -0.323347 0.302747 8.791228 9.023313 -12.407659 -10.417129 -11.156622
-0.247785 8.869178 0.000052 0.000611 0.015241 -0.346105 0.253745 8.775663 8.852024 -12.536916 -11.150311 -11.628998
-0.250895 8.842525 0.000017 0.000038 0.015241 -0.360615 0.379893 8.787432 8.742491 -12.274061 -11.617780 -11.807887
-0.261119 8.754360 -0.000009 -0.000047 0.015241 -0.366700 0.497645 8.676510 8.692285 -11.682613 -11.813800 -11.731257
-0.271562 8.653196 0.000004 0.000155 0.015241 -0.365515 0.553607 8.644818 8.698649 -11.607455 -11.775652 -11.685615
-0.275153 8.615332 0.000012 0.000330 0.015241 -0.364635 0.551699 8.604914 8.703489 -11.938029 -11.747292 -11.769406
-0.276499 8.605317 0.000022 0.000389 0.015241 -0.367507 0.522638 8.590703 8.678735 -11.967932 -11.839828 -11.842263
-0.278064 8.582980 0.000020 0.000380 0.015241 -0.369765 0.477054 8.566770 8.659128 -12.654320 -11.912552 -12.095394
-0.280531 8.557592 0.000021 0.000402 0.015241 -0.377547 0.425849 8.492163 8.590888 -12.197216 -12.163273 -12.132925
-0.284481 8.528011 0.000023 0.000249 0.015241 -0.378743 0.383720 8.554032 8.581942 -11.031422 -12.201807 -11.835272
-0.285462 8.521955 0.000007 0.000238 0.013790 -0.369150 0.313405 8.587944 8.667595 -10.693725 -11.892749 -11.535699
-0.273241 8.669125 0.000018 -0.000006 0.012478 -0.358318 0.193434 8.827963 8.761641 -10.462495 -11.543771 -11.239477
-0.275390 8.644191 -0.000014 0.000466 0.011291 -0.348627 -0.014102 8.581846 8.834569 -10.633663 -11.231573 -11.086244
-0.287230 8.508006 0.000057 0.001294 0.015218 -0.344593 2.762954 8.495756 8.848735 -10.722848 -11.101588 -11.023363
-0.283899 8.545696 0.000079 0.001201 0.021258 -0.342317 2.466460 8.615307 8.848089 -11.148842 -11.028291 -11.094165
-0.280642 8.563894 0.000053 0.001126 0.021258 -0.344178 2.188589 8.513324 8.810230 -11.692641 -11.088238 -11.290519
-0.278541 8.556047 0.000067 0.001008 0.021258 -0.349877 1.941094 8.542896 8.737482 -11.987345 -11.271830 -11.497134
-0.278806 8.535130 0.000045 0.000802 0.021258 -0.355771 1.730508 8.472887 8.661215 -11.255942 -11.461734 -11.405494
-0.282904 8.487159 0.000043 0.000690 0.021258 -0.352740 1.557541 8.514692 8.659925 -10.866283 -11.364056 -11.227140
-0.284458 8.478946 0.000034 0.000717 0.021258 -0.347289 1.407115 8.489330 8.680807 -10.869336 -11.188455 -11.108444
-0.281502 8.508793 0.000044 0.000682 0.021258 -0.343831 1.274338 8.549353 8.688595 -11.120541 -11.077040 -11.105330
-0.276587 8.545867 0.000032 0.000566 0.021258 -0.343649 1.153592 8.539671 8.670916 -11.262128 -11.071180 -11.142243
-0.272071 8.589163 0.000031 0.000324 0.021258 -0.344746 1.056706 8.613803 8.647788 -10.410341 -11.106534 -10.899552
-0.269948 8.594607 0.000009 0.000211 0.021258 -0.336552 0.971781 8.633767 8.696988 -10.670569 -10.842548 -10.810660
-0.269434 8.589809 0.000015 0.000425 0.021258 -0.333436 0.889744 8.568110 8.699737 -10.259894 -10.742176 -10.613498
-0.269066 8.595262 0.000031 0.000414 0.019235 -0.327251 0.823897 8.654751 8.727056 -9.411165 -10.542917 -10.214070
-0.267647 8.608862 0.000017 0.000469 0.017405 -0.314446 0.751681 8.660776 8.803863 -9.318923 -10.130372 -9.920043
-0.268792 8.597373 0.000033 0.000818 0.015748 -0.305365 0.671694 8.610193 8.846757 -9.331850 -9.837826 -9.734753
-0.269643 8.584048 0.000054 0.001041 0.014482 -0.299769 0.587692 8.602754 8.860108 -9.553703 -9.657517 -9.686615
-0.265597 8.612205 0.000059 0.000983 0.015755 -0.298188 0.502455 8.627895 8.843448 -9.731525 -9.606600 -9.709086
-0.256257 8.690637 0.000049 0.000606 0.015755 -0.298512 0.419239 8.731047 8.818384 -10.132085 -9.617016 -9.852114
-0.253168 8.695941 0.000021 0.000485 0.015755 -0.302600 0.363092 8.627521 8.765805 -10.586003 -9.748743 -10.089389
-0.257485 8.647467 0.000032 0.000469 0.015755 -0.309880 0.370668 8.597859 8.688407 -9.864060 -9.983266 -9.972715
-0.259263 8.646854 0.000022 0.000165 0.015755 -0.307019 0.422357 8.695384 8.693586 -9.006553 -9.891103 -9.617292
-0.259679 8.647473 0.000001 0.000183 0.015755 -0.296455 0.429878 8.678412 8.758243 -9.005551 -9.550752 -9.406483
-0.259914 8.642963 0.000019 0.000457 0.015755 -0.290194 0.390490 8.657298 8.789409 -8.619846 -9.349040 -9.148576
-0.229274 8.983127 0.000031 -0.000768 0.015755 -0.279521 0.313999 9.300892 8.865883 -9.111736 -9.005202 -9.183144
-0.230621 8.962758 -0.000095 -0.000384 0.025584 -0.280432 0.200085 8.683908 8.867228 -9.570398 -9.034570 -9.391405
-0.256812 8.669873 0.000041 0.000782 0.025584 -0.286311 0.006685 8.616685 8.805532 -9.804634 -9.223968 -9.579569
-0.254524 8.716074 0.000043 0.000355 0.025584 -0.292388 -3.677938 8.750115 8.751115 -9.748224 -9.419748 -9.668380
-0.254689 8.741147 0.000001 0.000040 0.025584 -0.296484 -3.305204 8.708250 8.724396 -9.322484 -9.551700 -9.590260
-0.254428 8.753483 0.000005 -0.000115 0.025584 -0.294862 -2.966782 8.807620 8.745254 -9.957516 -9.499429 -9.780697
-0.255303 8.757333 -0.000013 -0.000048 0.025584 -0.301428 -2.658724 8.681230 8.710590 -10.233816 -9.710978 -10.001697
-0.256005 8.764001 0.000007 -0.000212 0.025584 -0.309026 -2.384887 8.789275 8.674988 -10.647917 -9.955764 -10.291945
-0.252583 8.803580 -0.000025 -0.000510 0.025584 -0.318784 -2.137189 8.760822 8.633646 -11.262647 -10.270119 -10.698383
-0.248722 8.831359 -0.000028 -0.000784 0.025584 -0.331975 -1.921031 8.810065 8.575694 -11.463051 -10.695094 -11.019455
-0.246236 8.837660 -0.000052 -0.001038 0.025584 -0.341577 -1.737639 8.799598 8.541753 -10.896460 -11.004426 -10.980150
-0.245717 8.826793 -0.000057 -0.001130 0.025584 -0.339322 -1.588457 8.857004 8.578712 -10.161181 -10.931784 -10.655052
-0.249245 8.781212 -0.000062 -0.000803 0.023150 -0.328473 -1.456873 8.780924 8.659306 -9.351652 -10.582265 -10.147515
-0.252153 8.747943 -0.000028 -0.000351 0.020947 -0.312437 -1.328028 8.817926 8.764538 -8.991543 -10.065639 -9.708500
-0.254985 8.715159 -0.000012 0.000196 0.018953 -0.298721 -1.185796 8.717057 8.843711 -9.356301 -9.623752 -9.570416
-0.253979 8.726350 0.000027 0.000465 0.017150 -0.294622 -1.039951 8.754728 8.852918 -9.904238 -9.491695 -9.684602
-0.248784 8.779248 0.000021 0.000292 0.015518 -0.298754 -0.895384 8.766558 8.813246 -11.260626 -9.624830 -10.265864
-0.247056 8.791300 0.000010 0.000087 0.014041 -0.318063 -0.770569 8.682996 8.682954 -12.586768 -10.246891 -11.124560
-0.250333 8.771535 -0.000000 -0.000351 0.012705 -0.345497 -0.688648 8.659133 8.508580 -12.318758 -11.130711 -11.541793
-0.258330 8.721728 -0.000034 -0.000845 0.011496 -0.359271 -0.650361 8.678770 8.436861 -11.143284 -11.574474 -11.408022
-0.264317 8.679365 -0.000054 -0.000961 0.014519 -0.356280 -0.613408 8.713608 8.494877 -11.152145 -11.478115 -11.354110
-0.271475 8.624813 -0.000049 -0.000515 0.014519 -0.355253 -0.563317 8.579303 8.533397 -10.849695 -11.445018 -11.243436
-0.279161 8.557577 -0.000011 -0.000096 0.014519 -0.352316 -0.499064 8.586815 8.582434 -11.070527 -11.350407 -11.250625
-0.279353 8.557222 -0.000002 0.000100 0.014519 -0.352391 -0.404349 8.555465 8.601829 -12.179087 -11.352825 -11.580589
-0.278497 8.564371 0.000010 0.000148 0.014519 -0.362622 -0.305873 8.506792 8.533380 -12.074095 -11.682430 -11.771698
-0.278195 8.561698 0.000005 -0.000112 0.014519 -0.368059 -0.223515 8.574952 8.505541 -11.480022 -11.857581 -11.716005
-0.279603 8.551207 -0.000016 -0.000181 0.014519 -0.365579 -0.156531 8.561777 8.539674 -10.606280 -11.777715 -11.411544
-0.285703 8.494898 -0.000005 0.000177 0.014519 -0.355907 -0.052615 8.533127 8.626930 -9.982158 -11.466091 -11.030306
-0.289218 8.447498 0.000020 0.000711 0.014519 -0.343762 0.538215 8.495200 8.725191 -10.962812 -11.074841 -11.032984
-0.290377 8.431607 0.000051 0.001164 0.014519 -0.343382 0.406231 8.389505 8.704606 -11.054042 -11.062588 -11.050656
-0.289381 8.448301 0.000070 0.001016 0.018788 -0.343794 0.280039 8.496007 8.679644 -11.333352 -11.075851 -11.136751
-0.287945 8.450126 0.000041 0.000910 0.018788 -0.346290 0.086753 8.393257 8.636528 -12.741067 -11.156275 -11.579054
-0.289096 8.429807 0.000054 0.000819 0.018788 -0.360083 -0.278133 8.334944 8.491753 -12.774989 -11.600638 -11.891292
-0.290735 8.420423 0.000035 0.000283 0.018788 -0.370085 -0.231946 8.396845 8.392659 -12.206625 -11.922882 -11.959703
-0.295121 8.376276 -0.000000 0.000065 0.018788 -0.372413 -0.243995 8.337601 8.368801 -12.412216 -11.997860 -12.067053
-0.303163 8.304506 0.000008 0.000255 0.018788 -0.375977 -0.265223 8.245582 8.329924 -12.133183 -12.112692 -12.081350
-0.311152 8.231174 0.000019 0.000391 0.018788 -0.376906 -0.272523 8.218042 8.318444 -12.607232 -12.142610 -12.216576
-0.314248 8.187993 0.000023 0.000517 0.018788 -0.381312 -0.216097 8.127569 8.269015 -13.796749 -12.284557 -12.595247
-0.314861 8.164320 0.000032 0.000415 0.018788 -0.393243 -0.157501 8.075303 8.140128 -14.241557 -12.668929 -12.978658
-0.315856 8.136193 0.000015 0.000016 0.018788 -0.405075 -0.169484 8.061754 8.016584 -14.932378 -13.050136 -13.415684
-0.319877 8.089736 -0.000009 -0.000290 0.018788 -0.418467 -0.301735 7.964726 7.876504 -13.868432 -13.481554 -13.497443
-0.326646 8.005842 -0.000019 -0.000513 0.017000 -0.420858 -0.393876 8.008439 7.859142 -12.775846 -13.558605 -13.324412
-0.306945 8.218805 -0.000033 -0.001426 0.015382 -0.414084 -0.414295 8.448394 7.956405 -12.566047 -13.340369 -13.119370
-0.316505 8.087324 -0.000109 -0.000519 0.029269 -0.407429 -0.408515 7.859105 8.030133 -12.107737 -13.125975 -12.859852
-0.346821 7.731236 0.000038 0.001185 0.029269 -0.400276 -0.411776 7.708678 8.079980 -11.111294 -12.895523 -12.496584
-0.345267 7.757342 0.000082 0.001279 0.029269 -0.388515 -0.376820 7.935994 8.187436 -11.395896 -12.516618 -12.263710
-0.340927 7.806554 0.000056 0.001510 0.029269 -0.380916 -0.239993 7.790763 8.237110 -11.909722 -12.271813 -12.179958
-0.336970 7.832109 0.000100 0.001605 0.029269 -0.378176 0.024117 7.893541 8.224965 -12.675761 -12.183541 -12.268294
-0.331968 7.874303 0.000075 0.001390 0.029269 -0.380201 -2.523216 7.820367 8.151354 -12.049229 -12.248763 -12.185476
-0.329562 7.902819 0.000075 0.000985 0.029269 -0.377532 -2.257985 7.984406 8.142125 -10.957306 -12.162769 -11.890024
-0.330618 7.905208 0.000036 0.000939 0.029269 -0.368263 -2.019483 7.936248 8.212832 -10.713982 -11.864177 -11.615997
-0.332821 7.904677 0.000063 0.001221 0.029269 -0.360113 -1.806002 7.969490 8.272086 -9.976135 -11.601616 -11.267322
-0.333614 7.903565 0.000069 0.001461 0.029269 -0.349352 -1.602420 7.978113 8.362523 -10.018995 -11.254933 -11.016358
-0.330955 7.931859 0.000087 0.001707 0.029269 -0.341252 -1.405228 7.991640 8.416241 -10.211260 -10.993963 -10.861133
-0.325639 7.976192 0.000096 0.001744 0.026483 -0.335923 -1.215885 8.025126 8.433529 -11.579199 -10.822292 -11.027732
-0.273079 8.585747 0.000093 -0.000603 0.024993 -0.343294 -1.048037 8.974972 8.389478 -11.721473 -11.059759 -11.226190
-0.280652 8.504380 -0.000127 -0.000455 0.034249 -0.349199 -0.912542 8.076088 8.349151 -11.187815 -11.249985 -11.198277
-0.328967 7.930963 0.000062 0.001658 0.034249 -0.348510 -0.794836 7.819732 8.312200 -11.093932 -11.227784 -11.163383
-0.324529 7.976611 0.000111 0.001330 0.034249 -0.347247 -0.693362 8.112597 8.289123 -11.289323 -11.187100 -11.177095
-0.310944 8.133071 0.000041 0.000619 0.034249 -0.347660 -0.611863 8.141445 8.265513 -11.550322 -11.200403 -11.249568
-0.310384 8.145391 0.000030 0.000476 0.034249 -0.350018 -0.556344 8.121146 8.226099 -11.477027 -11.276383 -11.287732
-0.320793 8.024641 0.000025 0.000799 0.034249 -0.351310 -0.514889 7.931724 8.190241 -11.441289 -11.317991 -11.311597
-0.297432 8.285967 0.000059 -0.000379 0.034249 -0.352126 -0.446082 8.559706 8.190158 -11.676476 -11.344295 -11.392343
-0.298613 8.241201 -0.000080 -0.000202 0.034249 -0.354309 -0.349469 7.960385 8.169250 -11.984336 -11.414605 -11.521676
-0.318267 7.986176 0.000048 0.000726 0.034249 -0.357452 -0.280279 7.962193 8.106328 -11.461585 -11.515869 -11.475635
-0.316366 8.022542 0.000034 0.000332 0.034249 -0.355829 -0.310467 8.075072 8.102200 -9.322330 -11.463584 -10.944779
-0.315590 8.037886 0.000008 0.000255 0.034249 -0.338914 -0.295125 8.175815 8.263447 -9.493190 -10.918658 -10.590037
-0.314942 8.030216 0.000021 0.000924 0.030989 -0.327489 -0.094684 8.025363 8.351750 -9.985012 -10.550578 -10.437601
-0.313367 8.040550 0.000074 0.001234 0.028040 -0.322651 0.506723 8.096989 8.364919 -10.265612 -10.394716 -10.389758
-0.300273 8.188467 0.000061 0.000699 0.025372 -0.320963 0.345521 8.271759 8.357384 -12.472042 -10.340311 -10.915012
-0.296651 8.220884 0.000021 0.000541 0.022957 -0.338565 0.206379 8.013252 8.176801 -14.085825 -10.907414 -11.729921
-0.301366 8.174935 0.000038 0.000007 0.020773 -0.364359 0.220050 8.055385 7.927718 -13.118870 -11.738388 -12.064237
-0.272159 8.533159 -0.000027 -0.002400 0.018796 -0.378306 0.403308 8.807274 7.880158 -12.242493 -12.187735 -12.085243
-0.284768 8.401212 -0.000204 -0.002065 0.054940 -0.379285 0.469423 8.072075 7.927976 -11.831635 -12.219276 -11.996071
-0.324561 7.944194 -0.000032 -0.000064 0.054940 -0.377321 0.567431 7.872246 7.959953 -11.610549 -12.155990 -11.908971
-0.329935 7.901432 0.000020 0.000232 0.054940 -0.374543 0.548950 7.967494 7.996814 -11.262207 -12.066493 -11.776708
-0.331657 7.922323 0.000007 0.000295 0.054940 -0.370544 0.456938 7.949169 8.052347 -10.026924 -11.937651 -11.432194
