0.000000 0.000000 0.000000 0.000000 0.000000 0.000000 0.000000 0.000000 0.000000 10.411910 0.000000 10.411910
0.000000 0.000000 0.000000 0.000000 0.000000 0.000000 0.000000 0.000000 0.000000 10.412376 0.000000 10.412376
0.000000 0.000547 0.000000 0.000000 0.000000 0.000000 0.000000 0.000000 0.000000 10.412539 0.000000 10.412539
0.000000 0.096686 0.000000 0.000000 0.000000 0.000000 0.000000 0.000000 0.000000 10.412565 0.000000 10.412565
0.000000 0.413863 0.000000 0.000000 0.000000 0.000000 0.000000 0.000000 0.000000 10.412108 0.000000 10.412108
0.000000 0.859911 0.000000 0.000000 0.000000 0.000000 0.000000 0.000000 0.000000 10.411813 0.000000 10.411813
1.008863 1.284971 0.000000 0.000000 0.000000 0.000000 0.000000 0.000000 0.000000 10.411434 0.000000 10.411434
1.003873 1.494850 0.000000 0.000000 0.000000 0.000000 0.000000 0.000000 0.000000 10.412704 0.000000 10.412704
0.995075 1.398566 0.000000 0.000000 0.000000 0.000000 0.000000 0.000000 0.000000 10.412900 0.000000 10.412900
0.993253 1.256973 0.000000 0.000000 0.000000 0.000000 0.000000 0.000000 0.000000 10.411637 0.000000 10.411637
0.994780 1.223940 0.000000 0.000000 0.000000 0.000000 0.000000 0.000000 0.000000 10.410492 0.000000 10.410492
0.974368 1.232334 0.000000 0.000000 0.000000 0.000000 0.000000 0.000000 0.000000 10.399452 0.000000 10.399452
0.929320 1.232418 0.000000 0.000000 0.000000 0.000000 0.000000 0.000000 0.000000 10.385098 0.000000 10.385098
0.844865 1.261631 0.000000 0.000000 0.000000 0.000000 0.000000 0.000000 0.000000 10.399239 0.000000 10.399239
0.742787 1.306349 0.000000 0.000000 0.000000 0.000000 0.000000 0.000000 0.000000 10.410931 0.000000 10.410931
0.622072 1.340573 0.000000 0.000000 0.000000 0.000000 0.000000 0.000000 0.000000 10.413401 0.000000 10.413401
0.474957 1.381230 0.000000 0.000000 0.000000 0.000000 0.000000 0.000000 0.000000 10.432117 0.000000 10.432117
0.349610 1.420356 0.000000 0.000000 0.000000 0.000000 0.000000 0.000000 0.000000 10.421900 0.000000 10.421900
0.241999 1.473195 0.000000 0.000000 0.000000 0.000000 0.000000 0.000000 0.000000 10.411005 0.000000 10.411005
0.156907 1.552100 0.000000 0.000000 0.000000 0.000000 0.000000 0.000000 0.000000 10.413660 0.000000 10.413660
0.114092 1.647327 0.000000 0.000000 0.000000 0.000000 0.000000 0.000000 0.000000 10.402065 0.000000 10.402065
0.093835 1.749042 0.000000 0.000000 0.000000 0.000000 0.000000 0.000000 0.000000 10.407736 0.000000 10.407736
0.095479 1.864164 0.000000 0.000000 0.000000 0.000000 0.000000 0.000000 0.000000 10.417491 0.000000 10.417491
0.116268 1.992239 0.000000 0.000000 0.000000 0.000000 0.000000 0.000000 0.000000 10.406521 0.000000 10.406521
0.124306 2.119751 0.000000 0.000000 0.000000 0.000000 0.000000 0.000000 0.000000 10.401854 0.000000 10.401854
0.120469 2.244016 0.000000 0.000000 0.000000 0.000000 0.000000 0.000000 0.000000 10.404946 0.000000 10.404946
0.120012 2.368026 0.000000 0.000000 0.000000 0.000000 0.000000 0.000000 0.000000 10.400491 0.000000 10.400491
0.110340 2.477739 0.000000 0.000000 0.000000 0.000000 0.000000 0.000000 0.000000 10.398843 0.000000 10.398843
0.098613 2.582367 0.000000 0.000000 0.000000 0.000000 0.000000 0.000000 0.000000 10.400013 0.000000 10.400013
0.090151 2.682778 0.000000 0.000000 0.000000 0.000000 0.000000 0.000000 0.000000 10.404596 0.000000 10.404596
0.083372 2.777452 0.000000 0.000000 0.000000 0.000000 0.000000 0.000000 0.000000 10.407498 0.000000 10.407498
0.076897 2.881310 0.000000 0.000000 0.000000 0.000000 0.000000 0.000000 0.000000 10.409260 0.000000 10.409260
0.065338 2.984498 0.000000 0.000000 0.000000 0.000000 0.000000 0.000000 0.000000 10.415943 0.000000 10.415943
0.055878 3.085513 0.000000 0.000000 0.000000 0.000000 0.000000 0.000000 0.000000 10.409243 0.000000 10.409243
0.045161 3.177731 0.000000 0.000000 0.000000 0.000000 0.000000 0.000000 0.000000 10.396678 0.000000 10.396678
0.034872 3.274440 0.000000 0.000000 0.000000 0.000000 0.000000 0.000000 0.000000 10.399034 0.000000 10.399034
0.034031 3.381570 0.000000 0.000000 0.000000 0.000000 0.000000 0.000000 0.000000 10.401571 0.000000 10.401571
0.039140 3.498327 0.000000 0.000000 0.000000 0.000000 0.000000 0.000000 0.000000 10.403177 0.000000 10.403177
0.038040 3.605643 0.000000 0.000000 0.000000 0.000000 0.000000 0.000000 0.000000 10.407317 0.000000 10.407317
0.034692 3.707147 0.000000 0.000000 0.000000 0.000000 0.000000 0.000000 0.000000 10.409849 0.000000 10.409849
0.036372 3.813324 0.000000 0.000000 0.000000 0.000000 0.000000 0.000000 0.000000 10.402537 0.000000 10.402537
0.036556 3.917012 0.000000 0.000000 0.000000 0.000000 0.000000 0.000000 0.000000 10.394218 0.000000 10.394218
0.035591 4.027651 0.000000 0.000000 0.000000 0.000000 0.000000 4.027651 4.027651 10.396850 0.000000 10.396850
0.035861 4.136621 0.000000 -0.000391 0.000000 0.477752 0.000000 5.122401 4.937152 10.403476 15.391523 10.403476
0.033877 4.236784 -0.000037 0.002515 0.010014 0.160030 0.000742 3.097172 -219.468073 10.417312 5.155620 10.417312
0.032582 4.331533 0.000269 -0.803736 0.072324 0.359360 0.080847 5.773792 -196.633342 10.414334 11.577329 10.414334
0.032915 4.435139 -0.000178 -0.722101 0.072324 0.243341 -1.628893 3.263699 -176.627012 10.405040 7.839603 10.405040
0.035464 4.553782 0.000296 -0.650678 0.079591 0.306956 -1.310425 5.807580 -158.287201 10.401221 9.889071 10.401221
0.036153 4.650413 -0.000173 -0.585161 0.079591 0.274377 -0.826569 3.768944 -141.949174 10.390286 8.839476 10.390286
0.031992 4.733112 0.000239 -0.526783 0.079591 0.290855 0.018326 5.638484 -127.146909 10.388698 9.370333 10.388698
0.028279 4.827205 -0.000113 -0.473961 0.079591 0.293718 -42.510818 4.266199 -113.861480 15.737554 9.462587 15.737554
0.027024 4.925959 0.000175 -0.426604 0.079591 0.523728 -38.248971 5.996115 -101.440388 15.592320 16.872731 15.592320
0.028202 5.032581 -0.000067 -0.382379 0.079591 0.426124 -34.404697 4.151087 -90.903757 15.350960 13.728246 15.350960
0.033951 5.173164 0.000268 -0.345043 0.079591 0.450619 -30.959635 6.131077 -81.155813 15.202767 14.517401 15.202767
0.043978 5.315478 -0.000107 -0.310546 0.079591 0.435082 -27.846303 4.722234 -72.449448 14.971316 14.016859 14.971316
0.053020 5.440069 0.000182 -0.279726 0.079591 0.432330 -25.059665 6.096832 -64.578002 14.669403 13.928187 14.669403
0.059183 5.578172 -0.000080 -0.251953 0.079591 0.422250 -22.532260 5.227307 -57.498321 14.572420 13.603429 14.572420
0.064115 5.718226 0.000105 -0.227031 0.079591 0.420426 -20.261132 6.194711 -51.092916 14.417718 13.544688 14.417718
0.067512 5.865867 -0.000073 -0.204557 0.072017 0.413048 -18.210007 5.678247 -45.321581 14.236689 13.306972 14.236689
0.066658 6.013483 0.000046 -0.184361 0.065164 0.404024 -16.373247 6.362028 -40.107719 14.080876 13.016252 14.080876
0.061176 6.140370 -0.000073 -0.166092 0.058963 0.395074 -14.721920 6.055059 -35.390894 13.766246 12.727932 13.766246
0.054832 6.265577 0.000010 -0.149602 0.053352 0.380395 -13.245607 6.523734 -31.135505 13.375263 12.255019 13.375263
0.049339 6.399780 -0.000063 -0.134801 0.048275 0.364332 -11.913827 6.397440 -27.285154 12.982760 11.737531 12.982760
0.040326 6.510652 -0.000015 -0.121372 0.043681 0.349303 -10.717773 6.708847 -23.797947 12.558191 11.253341 12.558191
0.030164 6.615200 -0.000052 -0.109223 0.039524 0.333976 -9.639203 6.653060 -20.643854 12.144149 10.759545 12.144149
0.023993 6.739111 -0.000015 -0.098341 0.035763 0.319540 -8.670736 6.927623 -17.785886 11.653742 10.294493 11.653742
0.017030 6.855551 -0.000043 -0.088495 0.032359 0.303876 -7.797588 6.915374 -15.204261 11.183023 9.789842 11.183023
0.010498 6.969990 -0.000014 -0.079635 0.029280 0.289231 -7.010677 7.134096 -12.866423 10.829077 9.318042 10.829077
0.009811 7.095893 -0.000032 -0.071691 0.026494 0.279108 -6.301829 7.195929 -10.739592 10.415546 8.991908 10.415546
0.009959 7.213468 -0.000015 -0.064475 0.023972 0.269227 -5.665457 7.350545 -8.821240 10.089473 8.673556 10.089473
0.010277 7.326113 -0.000020 -0.057990 0.021691 0.262454 -5.090773 7.428945 -7.084127 9.858820 8.455381 9.858820
0.012868 7.432646 -0.000010 -0.052134 0.019627 0.259174 -4.576082 7.556907 -5.511150 9.427550 8.349686 9.427550
0.016066 7.547156 -0.000010 -0.046897 0.017759 0.250964 -4.112844 7.632515 -4.112159 9.141472 8.085187 9.141472
0.016618 7.648482 -0.000006 -0.042236 0.016069 0.245241 -3.693405 7.752552 -2.844800 8.993084 7.900812 8.993084
0.016319 7.729153 -0.000011 -0.037974 0.014540 0.243083 -3.318751 7.804840 -1.692999 8.660078 7.831287 8.660078
0.015999 7.814175 -0.000002 -0.034143 0.013156 0.235988 -2.983523 7.893276 -0.670649 8.529425 7.602728 8.473491
0.029642 8.015015 -0.000005 -0.031193 0.011904 0.232404 -2.680827 8.192501 0.278012 8.420719 7.487243 8.322116
0.027310 8.069089 -0.000046 -0.027980 0.012336 0.230316 -2.411237 8.051040 1.137801 7.975738 7.420005 7.907303
0.010119 8.010885 0.000001 -0.024683 0.012336 0.220109 -2.168765 8.026793 1.873141 7.869894 7.091163 7.735117
0.008628 8.082658 0.000014 -0.022300 0.012336 0.216158 -1.945254 8.194656 2.561399 7.627557 6.963873 7.485333
0.007855 8.156586 -0.000006 -0.020094 0.012336 0.209716 -1.745044 8.183493 3.178280 7.382206 6.756316 7.223074
0.018272 8.330873 0.000007 -0.018505 0.012336 0.202011 -1.559862 8.502873 3.747636 7.674771 6.508112 7.375535
0.015217 8.367730 -0.000044 -0.016592 0.012336 0.208378 -1.397183 8.360450 4.310480 6.885270 6.713225 6.767364
0.000963 8.313796 0.000007 -0.014377 0.012336 0.191268 -1.262427 8.291343 4.725681 6.222599 6.162013 6.127745
0.000217 8.379225 0.000022 -0.013121 0.012336 0.172039 -1.138383 8.454768 5.096272 5.789653 5.542506 5.652303
-0.000419 8.426657 -0.000010 -0.011960 0.012336 0.158440 -1.042526 8.425530 5.450672 4.920911 5.104401 4.881978
-0.002242 8.460472 0.000000 -0.010809 0.012336 0.135627 -0.966786 8.472567 5.735793 3.946040 4.369444 3.975837
-0.003541 8.495374 -0.000012 -0.009911 0.012336 0.108381 -0.896850 8.477026 5.975156 2.853134 3.491660 2.954264
-0.006632 8.517469 -0.000018 -0.009130 0.011162 0.077149 -0.819186 8.494636 6.174199 1.957002 2.485476 2.056861
-0.013245 8.511780 -0.000030 -0.008395 0.010100 0.049242 -0.733618 8.479819 6.362281 0.991646 1.586418 1.127728
-0.020069 8.494811 -0.000033 -0.007659 0.009138 0.020143 -0.649983 8.455398 6.524128 -0.043793 0.648945 0.136826
-0.025320 8.483432 -0.000035 -0.007036 0.009474 -0.010635 -0.565441 8.445985 6.660184 -0.914236 -0.342619 -0.736664
-0.029155 8.471724 -0.000041 -0.006506 0.011149 -0.037164 -0.475704 8.442911 6.791933 -1.878869 -1.197303 -1.658084
-0.032298 8.451874 -0.000046 -0.005961 0.012453 -0.064595 -0.372491 8.400137 6.899019 -2.584823 -2.081016 -2.380848
-0.035618 8.421075 -0.000045 -0.005466 0.012453 -0.085134 -0.237593 8.394280 7.007681 -3.114820 -2.742732 -2.924551
-0.042293 8.350681 -0.000048 -0.004823 0.012864 -0.099705 -0.082766 8.283642 7.109821 -3.791461 -3.212151 -3.551033
-0.052390 8.248733 -0.000028 -0.004090 0.012864 -0.117287 0.274660 8.170736 7.173642 -4.290435 -3.778572 -4.046129
-0.061963 8.146825 -0.000014 -0.003495 0.012864 -0.130892 0.145076 8.083455 7.226720 -4.924010 -4.216901 -4.635124
-0.073657 8.029668 -0.000004 -0.002884 0.012864 -0.148104 -0.057421 7.925522 7.245899 -5.400933 -4.771417 -5.103006
-0.085629 7.911728 0.000015 -0.002391 0.012864 -0.162461 0.563503 7.846283 7.258072 -5.646307 -5.233937 -5.357756
-0.097404 7.794853 0.000018 -0.001928 0.012864 -0.169813 0.450272 7.718068 7.276109 -5.865773 -5.470807 -5.572908
-0.111241 7.668195 0.000034 -0.001408 0.012864 -0.176647 0.346367 7.594160 7.281181 -5.928972 -5.690946 -5.640902
-0.125098 7.542650 0.000048 -0.000939 0.012864 -0.179123 0.273995 7.480869 7.286755 -5.994136 -5.770744 -5.708899
-0.133120 7.456348 0.000061 -0.000609 0.016305 -0.181446 0.280811 7.417422 7.284406 -6.317587 -5.845573 -6.032683
-0.128001 7.486034 0.000063 -0.000724 0.017006 -0.191324 0.387859 7.500128 7.263773 -6.765419 -6.163797 -6.468985
-0.116909 7.570579 0.000034 -0.001102 0.017006 -0.205107 0.467944 7.574941 7.242455 -7.295597 -6.607850 -6.980899
-0.109970 7.611115 0.000006 -0.001324 0.017006 -0.221193 0.533596 7.580613 7.219879 -7.565078 -7.126067 -7.246505
-0.104283 7.634387 -0.000006 -0.001489 0.017006 -0.228994 0.573070 7.639462 7.223386 -7.246949 -7.377405 -6.959482
-0.095283 7.661902 -0.000024 -0.001575 0.017006 -0.218037 0.643969 7.691129 7.278513 -7.424765 -7.024404 -7.116154
-0.087999 7.674800 -0.000030 -0.001423 0.017006 -0.220306 0.732137 7.627133 7.283538 -7.732505 -7.097494 -7.399291
-0.078338 7.692128 -0.000021 -0.001467 0.017006 -0.226981 0.768339 7.689239 7.269513 -8.024922 -7.312543 -7.669766
-0.063618 7.719145 -0.000041 -0.001615 0.017006 -0.231590 0.772700 7.681498 7.252905 -8.171498 -7.461039 -7.799553
-0.050828 7.735112 -0.000048 -0.001732 0.017006 -0.231547 0.714963 7.716599 7.239720 -7.832058 -7.459660 -7.487556
-0.039906 7.732155 -0.000061 -0.001768 0.017006 -0.218415 0.629592 7.712414 7.256777 -7.763008 -7.036569 -7.368164
-0.032880 7.705314 -0.000061 -0.001611 0.017006 -0.212468 0.532866 7.636848 7.238844 -7.802776 -6.844981 -7.359353
-0.029048 7.663625 -0.000053 -0.001526 0.015388 -0.212075 0.407246 7.602264 7.198540 -8.435506 -6.832331 -7.876939
-0.027934 7.612626 -0.000057 -0.001487 0.015284 -0.230132 0.229957 7.482353 7.101385 -8.588543 -7.414047 -8.038402
-0.025896 7.547457 -0.000055 -0.001602 0.015284 -0.237081 -0.219517 7.498028 7.044480 -8.402105 -7.637925 -7.875596
-0.026831 7.445151 -0.000072 -0.001439 0.019357 -0.231742 0.255011 7.336800 7.018499 -8.150437 -7.465916 -7.621950
-0.031142 7.337984 -0.000047 -0.001147 0.019357 -0.223669 -0.358300 7.279767 6.991284 -7.521123 -7.205832 -7.022267
-0.033331 7.245355 -0.000043 -0.000912 0.019357 -0.204887 0.030123 7.190575 6.989440 -7.164938 -6.600756 -6.653217
-0.033215 7.159119 -0.000027 -0.000609 0.019357 -0.192629 -3.110771 7.085192 6.957646 -6.827934 -6.205829 -6.309317
-0.032730 7.083157 -0.000014 -0.000451 0.019357 -0.181741 -2.776027 7.027760 6.916428 -6.041318 -5.855066 -5.546749
-0.030689 7.016914 -0.000012 -0.000361 0.019357 -0.157685 -2.477995 6.992139 6.910379 -5.164478 -5.080054 -4.690665
-0.026199 6.953640 -0.000007 -0.000155 0.019357 -0.129754 -2.227293 6.915543 6.907408 -4.500258 -4.180218 -4.031917
-0.021105 6.910747 0.000007 -0.000012 0.019357 -0.108428 -2.012662 6.879249 6.880081 -3.671194 -3.493190 -3.217664
-0.012061 6.883818 0.000008 -0.000013 0.019357 -0.082791 -1.828144 6.872088 6.865070 -3.252464 -2.667252 -2.787807
-0.001915 6.857271 0.000006 0.000028 0.019357 -0.068586 -1.668159 6.794837 6.813710 -2.749059 -2.209618 -2.281660
0.005190 6.825083 0.000010 -0.000041 0.019357 -0.052599 -1.499955 6.802655 6.768223 -1.960024 -1.694560 -1.505085
0.008783 6.783543 -0.000001 -0.000055 0.017515 -0.028765 -1.338971 6.745309 6.746811 -1.335600 -0.926714 -0.882686
0.010335 6.738764 0.000005 0.000029 0.015848 -0.011505 -1.191740 6.698187 6.710666 -0.990019 -0.370663 -0.530577
0.010937 6.691391 0.000007 0.000069 0.014340 -0.003403 -1.062487 6.632422 6.655207 -0.957866 -0.109620 -0.483119
0.011518 6.652755 0.000009 0.000009 0.012975 -0.005521 -0.928997 6.595708 6.581648 -0.837608 -0.177858 -0.350243
0.012812 6.617971 0.000001 -0.000130 0.011741 -0.004501 -0.787606 6.578760 6.528257 -0.658220 -0.145002 -0.165726
0.017343 6.616212 -0.000007 -0.000316 0.010623 -0.001275 -0.645767 6.601817 6.492695 -0.341681 -0.041088 0.148345
0.012012 6.557643 -0.000019 -0.000233 0.009612 0.005679 -0.515097 6.496324 6.473210 -0.068772 0.182959 0.411608
0.000517 6.458062 -0.000002 0.000054 0.008698 0.011403 -0.418900 6.405696 6.449938 0.120249 0.367380 0.589699
-0.003572 6.401722 0.000011 0.000173 0.007870 0.015325 -0.347163 6.377184 6.423757 0.376479 0.493723 0.835689
-0.006875 6.347526 0.000012 0.000274 0.007121 0.022676 -0.294764 6.313667 6.406000 0.785326 0.730534 1.230761
-0.009096 6.296467 0.000021 0.000393 0.006443 0.035564 -0.256353 6.287442 6.399782 1.351434 1.145743 1.776838
-0.009360 6.252592 0.000025 0.000529 0.006595 0.054217 -0.253535 6.242490 6.402841 1.986757 1.746700 2.383228
-0.004767 6.230013 0.000034 0.000621 0.009170 0.075221 -0.289035 6.240780 6.406307 2.482444 2.423363 2.842897
0.003706 6.233394 0.000035 0.000621 0.009443 0.092016 -0.361204 6.232592 6.394122 2.890241 2.964427 3.226735
0.011618 6.243897 0.000034 0.000540 0.009443 0.105446 -0.382233 6.246529 6.372688 3.361003 3.397124 3.686390
0.019825 6.258608 0.000027 0.000410 0.009443 0.120611 -0.377422 6.265149 6.358158 3.707828 3.885675 4.013403
0.027077 6.282998 0.000020 0.000270 0.009443 0.130404 -0.348126 6.281907 6.335270 4.108718 4.201178 4.412164
0.033586 6.310446 0.000012 0.000089 0.009443 0.141233 -0.297608 6.325286 6.324797 4.473347 4.550031 4.767514
0.041717 6.348416 0.000001 -0.000085 0.009443 0.150580 -0.260974 6.360291 6.320531 4.772189 4.851159 5.055883
0.053356 6.411797 -0.000007 -0.000328 0.009443 0.157936 -0.223338 6.446176 6.322832 5.051364 5.088154 5.327576
0.066398 6.488290 -0.000024 -0.000594 0.009443 0.165200 -0.194588 6.518801 6.336198 5.389369 5.322171 5.659989
0.077995 6.562697 -0.000036 -0.000813 0.009599 0.174504 -0.152098 6.603621 6.364656 7.358892 5.621929 7.708633
0.087981 6.631101 -0.000047 -0.000957 0.012719 0.239761 -0.121435 6.803211 6.541427 8.050758 7.724262 8.219933
0.098639 6.711659 -0.000052 -0.000611 0.014034 0.254729 -0.081778 6.666636 6.586669 8.559917 8.206483 8.707030
0.115046 6.845928 -0.000016 -0.000931 0.014034 0.268713 -0.107411 7.019908 6.643143 9.009575 8.657005 9.132804
0.138548 7.031875 -0.000076 -0.001396 0.020352 0.280970 -0.164274 7.071921 6.712489 9.560287 9.051888 9.669560
0.152919 7.144551 -0.000073 -0.001552 0.020352 0.298234 -0.219932 7.246596 6.799636 10.107403 9.608061 10.186749
0.146873 7.091680 -0.000090 -0.001049 0.024331 0.315071 -0.187679 7.010905 6.871999 10.654326 10.150521 10.706370
0.133950 6.993200 -0.000029 -0.000435 0.024331 0.331869 -0.148225 7.022580 6.927663 11.427159 10.691666 11.465718
0.129456 6.965107 -0.000020 -0.000134 0.024331 0.355761 -0.241713 6.982698 6.994976 12.003619 11.461389 11.994722
0.129043 6.970412 0.000001 0.000088 0.024331 0.372480 -0.485685 7.007450 7.039385 12.043053 12.000026 11.982042
0.123983 6.979927 0.000005 0.000214 0.024331 0.370097 -0.465057 6.961628 7.037158 12.107877 11.923246 12.054237
0.132898 7.105995 0.000014 -0.000247 0.024331 0.368053 -0.233804 7.237447 7.060000 12.197366 11.857411 12.143393
0.129845 7.133053 -0.000036 -0.000262 0.024331 0.367573 0.436407 7.078921 7.096687 12.363861 11.841942 12.301811
0.111232 7.080079 0.000003 0.000060 0.024331 0.368833 -0.093103 7.126114 7.140136 12.745741 11.882541 12.667395
0.103182 7.141487 0.000002 -0.000005 0.024331 0.373898 2.115186 7.228391 7.214878 12.843232 12.045709 12.727601
0.095926 7.211010 -0.000003 0.000014 0.024331 0.369726 1.836883 7.266035 7.283421 12.462586 11.911290 12.319147
0.085417 7.268361 0.000003 0.000054 0.024331 0.351778 1.591398 7.317870 7.329564 12.000334 11.333066 11.833082
0.073637 7.337368 0.000002 -0.000028 0.022016 0.331748 1.352022 7.410638 7.388017 11.591483 10.687785 11.386465
0.064049 7.417604 -0.000005 -0.000106 0.019921 0.313814 1.135818 7.501283 7.469082 11.275012 10.110022 11.016149
0.053810 7.485117 -0.000007 -0.000058 0.018025 0.300476 0.955069 7.572874 7.571376 11.101975 9.680309 10.775084
0.043513 7.562269 -0.000001 0.000033 0.016310 0.292478 0.824102 7.676660 7.693341 11.209441 9.422631 10.788146
0.038020 7.654437 0.000003 0.000140 0.014758 0.293418 0.761851 7.791094 7.843885 11.081825 9.452934 10.616256
0.037682 7.754233 0.000010 0.000322 0.013353 0.290928 0.774511 7.865531 7.975706 10.559119 9.372713 10.101377
0.037016 7.858369 0.000022 0.000421 0.012083 0.278789 0.778422 7.955181 8.066514 10.290730 8.981632 9.779294
0.036639 7.954498 0.000022 0.000402 0.010933 0.272558 0.752447 8.067097 8.168458 9.983048 8.780896 9.451313
0.036776 8.042657 0.000020 0.000452 0.009892 0.266701 0.718092 8.127009 8.259781 9.688938 8.592191 9.143660
0.035971 8.130584 0.000027 0.000464 0.008951 0.260850 0.669322 8.228237 8.341653 9.481868 8.403678 8.913745
0.036747 8.213742 0.000023 0.000459 0.008099 0.256941 0.623641 8.295334 8.422050 8.733555 8.277744 8.260402
0.037151 8.292325 0.000026 0.000466 0.007328 0.239574 0.569854 8.329314 8.448474 7.985504 7.718240 7.550686
0.035792 8.360158 0.000024 0.000317 0.006631 0.219438 0.484073 8.407932 8.462742 7.683737 7.069547 7.185236
0.036175 8.422626 0.000012 0.000144 0.006000 0.210280 0.383934 8.487466 8.511815 7.202917 6.774513 6.738319
0.043995 8.563373 0.000005 -0.000185 0.005429 0.198289 0.277133 8.661126 8.553998 6.554761 6.388198 6.149163
0.036966 8.585374 -0.000021 -0.000113 0.005665 0.180531 0.144307 8.539169 8.571532 6.048542 5.816087 5.639406
0.022406 8.530728 0.000007 0.000147 0.005665 0.165098 -0.103684 8.544066 8.587543 5.845877 5.318878 5.376504
0.018001 8.563424 0.000009 0.000087 0.005665 0.157302 0.215582 8.624459 8.630680 5.942963 5.067731 5.387469
0.014253 8.592811 0.000002 0.000136 0.005665 0.158607 0.085356 8.643139 8.702539 6.045738 5.109766 5.460142
0.019305 8.703839 0.000012 -0.000005 0.005665 0.161972 -0.068675 8.833295 8.783566 6.225540 5.218192 5.605366
0.011642 8.725618 -0.000010 0.000208 0.005665 0.166891 -0.000137 8.726542 8.864837 6.827665 5.376648 6.074423
-0.001983 8.692492 0.000028 0.000619 0.007544 0.181937 -1.482523 8.790665 8.973014 6.887682 5.861395 6.212809
-0.003520 8.744511 0.000037 0.000821 0.009955 0.186256 -1.354252 8.796290 9.038866 6.484507 6.000539 5.937159
-0.005532 8.791020 0.000049 0.000890 0.013249 0.177967 -1.248636 8.828634 9.055911 6.722375 5.733486 6.042520
-0.005498 8.841187 0.000046 0.000771 0.013249 0.182378 -1.159870 8.936700 9.119909 6.707264 5.875587 6.055547
-0.005411 8.888912 0.000038 0.000830 0.013249 0.184608 -1.086391 8.922563 9.168691 6.742224 5.947442 6.092141
-0.004269 8.945341 0.000050 0.000802 0.013558 0.187156 -1.014246 9.032256 9.215050 6.789863 6.029508 6.142596
0.000747 9.015118 0.000038 0.000718 0.013558 0.190582 -0.951906 9.067125 9.260774 6.449103 6.139892 5.927287
0.005714 9.081164 0.000040 0.000645 0.013558 0.185756 -0.878928 9.119120 9.269539 6.638449 5.984404 6.026185
0.020290 9.223832 0.000031 0.000164 0.013558 0.191039 -0.791655 9.364131 9.321497 6.458732 6.154624 5.946742
0.024194 9.267707 -0.000007 0.000193 0.013558 0.190829 -0.700232 9.216853 9.342402 6.188462 6.147843 5.763512
0.019229 9.235323 0.000026 0.000385 0.013558 0.186318 -0.588124 9.253611 9.335205 6.322101 6.002519 5.833471
0.025003 9.296214 0.000018 0.000140 0.013558 0.189521 -0.470746 9.357919 9.358928 6.087400 6.105700 5.706276
0.027981 9.342436 0.000001 0.000059 0.013558 0.185844 -0.345323 9.328469 9.355697 6.140974 5.987244 5.728002
0.027660 9.363751 0.000006 -0.000029 0.013558 0.185993 -0.190686 9.405263 9.369789 6.289824 5.992040 5.846337
0.025558 9.378660 -0.000006 -0.000032 0.013558 0.188802 0.003763 9.383115 9.396414 6.516678 6.082559 6.039207
0.021309 9.386793 0.000003 0.000035 0.013558 0.194287 -4.612061 9.427256 9.432973 6.927736 6.259272 6.381137
0.016682 9.391438 0.000002 0.000149 0.012268 0.203120 -4.151070 9.420559 9.486595 7.409590 6.543827 6.796535
0.012962 9.393675 0.000014 0.000334 0.011100 0.214774 -3.739926 9.446997 9.552131 7.494587 6.919295 6.959599
0.011464 9.412003 0.000022 0.000503 0.010044 0.219240 -3.372453 9.433731 9.587841 7.634915 7.063153 7.099112
0.011237 9.447439 0.000032 0.000504 0.009088 0.223191 -3.040358 9.507822 9.623219 8.025788 7.190434 7.405158
0.012884 9.491307 0.000024 0.000474 0.008223 0.232884 -2.740983 9.550294 9.682227 7.986459 7.502714 7.467184
0.014535 9.548285 0.000027 0.000481 0.007441 0.234859 -2.470459 9.588488 9.710643 8.245184 7.566362 7.665122
0.017667 9.615055 0.000025 0.000343 0.006838 0.240692 -2.224059 9.694980 9.759755 8.106466 7.754266 7.627150
0.020435 9.673009 0.000014 0.000312 0.006838 0.239536 -2.000892 9.685873 9.781522 8.269576 7.717041 7.731204
0.022889 9.723571 0.000020 0.000208 0.006838 0.242902 -1.794707 9.801486 9.823482 8.822651 7.825470 8.138283
0.027685 9.787865 0.000005 0.000128 0.006838 0.256848 -1.608636 9.863155 9.906107 8.953290 8.274748 8.358523
0.028981 9.844596 0.000009 0.000221 0.006838 0.264156 -1.439833 9.888395 9.958603 9.563573 8.510207 8.840777
0.028695 9.892158 0.000015 0.000239 0.006838 0.278775 -1.290031 9.986212 10.043001 9.530524 8.981168 8.960498
0.027794 9.935305 0.000012 0.000387 0.006838 0.281482 -1.161312 9.942061 10.079713 9.446506 9.068397 8.935319
0.027165 9.982296 0.000028 0.000350 0.007646 0.279267 -1.046410 10.047163 10.102651 9.285236 8.997010 8.811072
0.026316 10.021834 0.000012 0.000290 0.007646 0.274337 -0.943582 10.026482 10.119481 9.158671 8.838188 8.682246
0.025544 10.056012 0.000019 0.000228 0.007646 0.269657 -0.844941 10.107335 10.140833 9.325377 8.687438 8.746124
0.025347 10.099779 0.000008 0.000147 0.007646 0.271737 -0.753722 10.148871 10.191865 9.505029 8.754442 8.883525
0.028187 10.185169 0.000009 0.000024 0.007646 0.275791 -0.670072 10.279082 10.256069 9.771226 8.885031 9.095593
0.025815 10.217366 -0.000004 0.000139 0.007646 0.282188 -0.600812 10.244587 10.328793 10.020640 9.091119 9.319494
0.020773 10.220682 0.000018 0.000388 0.007646 0.288952 -0.547539 10.281897 10.398321 9.996295 9.309035 9.371718
0.025132 10.331091 0.000024 0.000241 0.007646 0.290070 -0.509328 10.429846 10.450998 9.995721 9.345072 9.381520
0.022473 10.378060 0.000005 0.000262 0.007646 0.289451 -0.475018 10.392867 10.499940 10.192083 9.325102 9.496202
0.017567 10.381827 0.000022 0.000424 0.007646 0.292535 -0.453519 10.447927 10.563062 9.872552 9.424479 9.324743
0.018531 10.444988 0.000024 0.000424 0.007646 0.287203 -0.436726 10.481364 10.589982 9.970442 9.252685 9.325954
0.020682 10.509386 0.000023 0.000289 0.006919 0.287660 -0.409961 10.593840 10.643959 9.816307 9.267417 9.232257
0.021635 10.560754 0.000011 0.000299 0.006260 0.285832 -0.382179 10.581726 10.683079 9.991612 9.208515 9.320007
0.021930 10.612428 0.000021 0.000254 0.005682 0.289282 -0.339446 10.704674 10.743697 9.946443 9.319670 9.329528
0.022387 10.676695 0.000009 0.000241 0.005682 0.289954 -0.302355 10.708485 10.791169 9.907353 9.341307 9.313484
0.022635 10.740401 0.000017 0.000182 0.005682 0.288897 -0.254135 10.814857 10.835016 9.730894 9.307271 9.193997
0.022087 10.793450 0.000005 0.000149 0.005682 0.284793 -0.211469 10.812938 10.867473 9.507911 9.175052 9.012173
0.021842 10.845221 0.000012 0.000080 0.005682 0.278472 -0.143788 10.899818 10.894017 9.351500 8.971401 8.844760
0.023086 10.906007 -0.000000 -0.000043 0.005682 0.273306 -0.055186 10.943811 10.928068 9.096748 8.804965 8.631337
0.022374 10.950389 -0.000003 -0.000080 0.005682 0.266528 0.246362 10.980870 10.955519 9.375179 8.586603 8.718049
0.021251 10.985195 -0.000005 -0.000107 0.005682 0.269725 0.159835 11.056811 11.026644 9.378558 8.689601 8.755527
0.020034 11.022671 -0.000006 0.000014 0.005682 0.271261 0.069221 11.054905 11.085793 9.545911 8.739113 8.871674
0.024159 11.124319 0.000007 -0.000138 0.005682 0.275057 -0.031196 11.249582 11.159378 9.512262 8.861394 8.895772
0.022263 11.154317 -0.000018 0.000018 0.005682 0.275800 -0.010551 11.134360 11.215126 9.386482 8.885318 8.830265
0.016111 11.128581 0.000016 0.000311 0.005142 0.273992 -0.321978 11.167273 11.249788 9.197308 8.827090 8.698169
0.017217 11.178886 0.000017 0.000255 0.004652 0.270146 -0.303203 11.220174 11.274696 8.988889 8.703162 8.531192
0.018766 11.235110 0.000011 0.000142 0.004210 0.265329 -0.281500 11.271753 11.295433 8.988751 8.547994 8.474156
0.020826 11.288562 0.000005 0.000025 0.003809 0.264065 -0.256044 11.340103 11.332840 8.709058 8.507282 8.298679
0.022861 11.336952 -0.000001 -0.000015 0.003446 0.259288 -0.227706 11.351870 11.350691 8.603736 8.353365 8.182752
0.024973 11.387368 0.000000 -0.000132 0.003118 0.256269 -0.188442 11.437406 11.375998 8.517214 8.256102 8.099801
0.025453 11.427954 -0.000012 -0.000187 0.003240 0.254089 -0.142135 11.442961 11.403762 8.523841 8.185863 8.081148
0.024394 11.461092 -0.000008 -0.000206 0.003240 0.253207 -0.073569 11.504809 11.438707 8.639864 8.157450 8.140339
0.021124 11.487409 -0.000013 -0.000175 0.003533 0.254239 0.039246 11.515185 11.485272 8.934388 8.190692 8.323009
0.016612 11.503232 -0.000006 -0.000064 0.003533 0.258531 -0.158185 11.557947 11.551346 5.848366 8.328970 6.631977
0.017791 11.587782 -0.000001 -0.000131 0.003533 0.202286 -0.119086 11.397251 11.340590 6.913416 6.516967 6.517529
0.012936 11.606015 -0.000011 -0.000953 0.003533 0.197198 -0.091207 11.807291 11.401398 6.889065 6.353049 6.431505
0.002094 11.546138 -0.000082 -0.000520 0.021949 0.193739 -0.128801 11.383544 11.462200 6.508623 6.241591 6.166997
-0.001694 11.562327 0.000015 -0.000360 0.021949 0.184972 -0.403034 11.728434 11.495292 6.318024 5.959177 5.939011
-0.000144 11.623433 -0.000047 -0.000460 0.021949 0.178130 -0.497812 11.570449 11.539122 5.696746 5.738724 5.498930
0.002768 11.685082 -0.000007 -0.000524 0.021949 0.165205 -0.567644 11.773161 11.550090 4.942352 5.322330 4.908437
0.005046 11.725957 -0.000045 -0.000632 0.021949 0.148017 -0.578355 11.655351 11.534835 4.717325 4.768601 4.554615
0.008204 11.767850 -0.000025 -0.000837 0.021949 0.138882 -0.535142 11.853418 11.553704 4.609505 4.474313 4.372700
0.024966 11.969035 -0.000061 -0.001492 0.021949 0.135239 -0.459880 12.073213 11.606922 4.167625 4.356947 4.082324
0.023561 11.959951 -0.000095 -0.001268 0.025455 0.127747 -0.351223 11.852978 11.625862 4.277555 4.115557 4.046420
0.009436 11.811115 -0.000047 -0.000665 0.025455 0.127471 -0.179640 11.791626 11.658389 4.836178 4.106667 4.351065
0.009432 11.833021 -0.000028 -0.000627 0.025455 0.137441 -0.049110 11.929189 11.738904 5.157259 4.427890 4.660573
0.020734 11.975551 -0.000040 -0.000850 0.025455 0.147625 -0.585470 12.075680 11.825608 4.473742 4.755980 4.425868
0.017780 11.940780 -0.000052 -0.000414 0.025455 0.140451 -0.622585 11.808466 11.812731 3.539274 4.524856 3.826912
0.006021 11.797926 -0.000001 0.000053 0.025455 0.121372 -0.610019 11.704310 11.726067 3.096862 3.910189 3.339428
0.005493 11.793515 0.000003 -0.000242 0.025455 0.106018 -0.527973 11.794582 11.662515 3.484596 3.415526 3.353128
0.002624 11.777937 -0.000028 -0.000415 0.025455 0.106341 -0.393168 11.770591 11.680027 4.144465 3.425953 3.720126
0.000600 11.767376 -0.000019 -0.000314 0.025455 0.117750 -0.290192 11.826906 11.750863 3.866378 3.793491 3.722532
0.000599 11.768166 -0.000017 -0.000062 0.025455 0.117605 -0.260467 11.727474 11.758893 3.136142 3.788841 3.326678
0.003327 11.784428 0.000005 -0.000092 0.025455 0.105059 -0.224553 11.773579 11.705034 2.734619 3.384632 2.945939
0.018681 11.933885 -0.000015 -0.000822 0.023033 0.093830 -0.040588 12.005949 11.671738 3.058593 3.022881 2.979581
0.019468 11.906189 -0.000068 -0.000842 0.020841 0.096291 1.476724 11.829467 11.698270 3.608723 3.102163 3.318881
0.008291 11.754076 -0.000028 -0.000200 0.018858 0.108588 1.287693 11.737546 11.747633 4.089925 3.498324 3.751383
0.009334 11.753675 0.000001 -0.000022 0.017063 0.122867 1.125009 11.817710 11.799369 3.857978 3.958346 3.819266
0.011694 11.764081 -0.000005 0.000127 0.015440 0.124964 0.992350 11.712503 11.787166 23.545248 4.025924 14.686440
0.012925 11.768946 0.000014 0.000065 0.013970 0.479015 0.866732 13.501164 13.472407 16.225331 15.432224 15.275052
0.012973 11.760514 -0.000007 0.006148 0.012641 0.496661 0.727496 10.436543 13.369766 17.422705 16.000725 16.197539
0.022362 11.853216 0.000589 0.005446 0.158344 0.525457 0.629197 13.109457 13.341014 17.834452 16.928428 16.831099
0.034078 11.989383 0.000049 0.004854 0.158344 0.545208 -0.360545 11.171631 13.284159 18.399605 17.564735 17.432743
0.039540 12.050701 0.000427 0.004430 0.158344 0.562804 0.984640 12.826115 13.232971 18.140043 18.131615 17.549221
0.045297 12.112374 0.000086 0.004024 0.158344 0.565444 0.481488 11.542110 13.121640 17.798942 18.216664 17.426301
0.054862 12.222472 0.000322 0.003229 0.158344 0.560505 -0.965049 12.730658 12.995619 16.832452 18.057533 16.857803
0.060856 12.316498 0.000058 0.002439 0.158344 0.540393 0.223761 11.879285 12.821823 17.217064 17.409607 16.837939
0.061939 12.387316 0.000194 0.001560 0.158344 0.538714 -7.703036 12.777099 12.761730 20.351260 17.355513 18.565949
0.064676 12.445285 0.000002 0.001136 0.158344 0.591503 -6.665728 12.438757 12.989009 20.974775 19.056185 19.617133
0.064001 12.481860 0.000115 0.001821 0.158344 0.623314 -5.709394 12.682166 13.104119 21.167735 20.081031 20.159852
0.061858 12.535802 0.000090 0.002041 0.158344 0.637221 -4.777424 12.512635 13.141212 21.238137 20.529083 20.398766
0.062341 12.590327 0.000131 0.001978 0.158344 0.641900 -3.892823 12.713764 13.147407 20.282189 20.679820 19.956139
0.062673 12.620548 0.000092 0.001892 0.143276 0.626112 -2.976907 12.511608 13.060354 20.086889 20.171179 19.651371
0.063656 12.645006 0.000115 0.001492 0.129641 0.616188 -2.033950 12.744438 13.011534 19.214853 19.851461 19.058051
0.062990 12.662049 0.000059 0.001255 0.117304 0.597431 -0.934491 12.541115 12.921563 19.411155 19.247179 18.923127
0.062839 12.665305 0.000081 0.000920 0.106141 0.593108 1.012902 12.778830 12.910110 19.193174 19.107887 18.756864
0.064807 12.677913 0.000031 0.000834 0.096041 0.589808 -0.504319 12.604551 12.894261 18.667573 19.001579 18.441084
0.067709 12.697528 0.000063 0.000707 0.086901 0.580458 2.120791 12.743041 12.845720 18.506106 18.700352 18.242059
0.073807 12.724224 0.000025 0.000436 0.078631 0.576597 1.387084 12.692382 12.816782 17.688697 18.575972 17.763391
0.080931 12.752733 0.000029 0.000230 0.071149 0.564214 0.507431 12.724326 12.733689 17.416708 18.177042 17.472426
0.087617 12.784804 0.000006 -0.000184 0.064378 0.557900 -1.459926 12.767471 12.673085 16.826503 17.973606 17.090473
0.094390 12.824259 -0.000016 -0.000543 0.058252 0.546784 -0.698828 12.770546 12.589057 16.455363 17.615499 16.767243
0.102597 12.856853 -0.000034 -0.000962 0.052708 0.537161 0.532355 12.825629 12.515566 15.806062 17.305472 16.309536
0.108489 12.868586 -0.000060 -0.001268 0.047692 0.523968 -0.912397 12.773358 12.421273 15.659744 16.880460 16.087320
0.108097 12.835956 -0.000069 -0.001489 0.043154 0.515861 -0.030922 12.780528 12.357235 16.582029 16.619281 16.525071
0.104582 12.764222 -0.000084 -0.001462 0.039047 0.522908 19.723186 12.747957 12.394714 18.011324 16.846299 17.429370
0.100780 12.674731 -0.000070 -0.001006 0.035331 0.550868 17.728936 12.716843 12.523409 18.423157 17.747075 18.028001
0.098197 12.590545 -0.000038 -0.000241 0.031969 0.569521 15.941549 12.547941 12.588557 17.598939 18.348020 17.812769
0.096834 12.535457 0.000008 0.000191 0.028927 0.561856 14.336564 12.460727 12.518503 18.324418 18.101070 18.140657
0.097643 12.490762 0.000012 0.000100 0.026174 0.572017 12.894897 12.534095 12.535033 18.745074 18.428432 18.519074
0.101159 12.450022 0.000000 0.000305 0.023683 0.585502 11.602709 12.410132 12.553900 17.977273 18.862858 18.262065
0.103811 12.411555 0.000029 0.000511 0.021430 0.578592 10.439953 12.336152 12.463124 17.714064 18.640231 18.044713
0.107861 12.391832 0.000026 0.000256 0.019390 0.572446 9.392321 12.356327 12.375945 17.245473 18.442251 17.718533
0.115726 12.416287 0.000004 -0.000145 0.017545 0.562864 8.446576 12.360817 12.276542 17.124563 18.133534 17.553682
0.121851 12.441312 -0.000017 -0.000592 0.015875 0.557933 7.590487 12.418503 12.205813 18.591847 17.974673 18.374403
0.124634 12.430078 -0.000042 -0.000805 0.014365 0.583883 6.818198 12.492681 12.281582 19.916036 18.810693 19.478337
0.126289 12.387454 -0.000042 -0.000380 0.012998 0.618997 6.126622 12.398808 12.387704 20.367401 19.941947 20.176020
0.127260 12.327978 -0.000002 0.000214 0.011761 0.641209 5.507265 12.308085 12.418504 20.444410 20.657566 20.500866
0.128674 12.279310 0.000022 0.000500 0.010642 0.651322 4.952393 12.237867 12.386161 20.441734 20.983365 20.637770
0.137096 12.353319 0.000030 0.000118 0.009629 0.654795 4.453503 12.398868 12.336064 21.426823 21.095247 21.290034
0.138095 12.324456 -0.000013 0.000042 0.008713 0.674115 4.007524 12.293585 12.363561 22.120130 21.717659 21.945857
0.134245 12.218033 0.000014 0.000523 0.007883 0.693886 3.611075 12.192377 12.383794 21.808925 22.354621 21.998646
0.138576 12.239539 0.000039 0.000518 0.010378 0.694162 3.257844 12.230103 12.322204 21.274156 22.363502 21.694689
0.144287 12.286190 0.000019 0.000129 0.010378 0.682666 2.942970 12.236906 12.224450 21.282302 21.993148 21.586444
0.150687 12.330223 -0.000002 -0.000380 0.010378 0.677969 2.653956 12.343438 12.173588 21.935317 21.841819 21.945730
0.155336 12.361985 -0.000034 -0.000677 0.010378 0.689087 2.390066 12.384903 12.200509 22.727890 22.200019 22.565047
0.158331 12.389438 -0.000037 -0.000679 0.010378 0.707862 2.151063 12.438690 12.265026 22.862592 22.804872 22.864153
0.162480 12.418047 -0.000035 -0.000550 0.010378 0.716281 1.938976 12.406521 12.285317 21.782363 23.076110 22.301464
0.166284 12.450247 -0.000025 -0.000592 0.010378 0.697114 1.742517 12.373408 12.189991 21.512044 22.458623 21.934781
0.170597 12.494105 -0.000037 -0.001092 0.010378 0.684025 1.548134 12.508849 12.138589 22.019382 22.036944 22.111438
0.174834 12.532925 -0.000075 -0.001416 0.020143 0.689179 1.365151 12.550667 12.176505 22.550424 22.202976 22.499663
0.176803 12.548124 -0.000076 -0.001335 0.020438 0.701082 1.167989 12.576119 12.243697 22.785942 22.586461 22.777402
0.183879 12.639970 -0.000068 -0.001423 0.020438 0.708687 1.009984 12.708292 12.300565 22.293623 22.831445 22.593070
0.184498 12.622085 -0.000083 -0.001155 0.022388 0.702348 0.875700 12.506634 12.286233 22.792765 22.627227 22.798658
0.181523 12.545246 -0.000046 -0.000930 0.022388 0.709478 0.727377 12.590443 12.326442 24.383696 22.856933 23.824625
0.185652 12.579835 -0.000055 -0.000910 0.022388 0.741395 0.618426 12.703308 12.483740 24.873357 23.885187 24.504882
0.188092 12.624230 -0.000046 -0.000505 0.022388 0.762523 0.615963 12.646376 12.583197 24.597135 24.565877 24.636877
0.191569 12.684726 -0.000014 -0.000365 0.022388 0.765090 0.668706 12.718108 12.596052 23.878555 24.648583 24.300877
0.198849 12.763160 -0.000026 -0.000600 0.022388 0.754769 0.720344 12.732648 12.546208 23.208515 24.316050 23.824990
0.206313 12.859224 -0.000039 -0.001124 0.022388 0.741065 0.673777 12.864760 12.481785 25.153671 23.874554 24.439781
0.213163 12.949944 -0.000079 -0.001681 0.022388 0.759675 0.567150 13.128646 12.639156 26.086135 24.474124 25.145294
0.218192 13.015844 -0.000100 -0.001353 0.026961 0.781621 0.505566 13.064930 12.816152 25.932800 25.181147 25.496374
0.220849 13.073052 -0.000052 -0.000923 0.026961 0.792310 0.461405 13.144515 12.906807 26.049759 25.525509 25.742789
0.224560 13.131293 -0.000050 -0.000806 0.026961 0.799307 0.459056 13.166027 12.974567 24.114247 25.750920 25.202578
0.227088 13.189251 -0.000041 -0.000771 0.026961 0.781803 0.392478 13.066372 12.854577 25.774667 25.186991 25.419182
0.228491 13.236181 -0.000045 -0.001370 0.026961 0.787740 0.181046 13.422821 12.943530 27.195132 25.378274 26.008994
0.230307 13.275016 -0.000099 -0.001190 0.026961 0.806066 0.116538 13.313804 13.133711 25.152098 25.968681 25.710190
0.231186 13.327996 -0.000039 -0.000698 0.026961 0.795782 0.272833 13.268771 13.082562 24.782343 25.637378 25.378810
0.233456 13.400587 -0.000040 -0.001142 0.026961 0.784465 0.316034 13.432139 13.040463 24.382278 25.272767 25.015406
0.237207 13.488119 -0.000081 -0.001608 0.026961 0.772798 0.313488 13.455939 13.008264 24.346731 24.896886 24.753873
0.240399 13.594850 -0.000092 -0.002107 0.026961 0.764325 0.212944 13.658430 13.019372 25.107711 24.623924 24.786077
0.242115 13.691099 -0.000131 -0.002412 0.035267 0.764690 0.055304 13.759048 13.128359 25.496756 24.635677 24.896447
0.243410 13.788017 -0.000130 -0.002369 0.035267 0.767525 -0.115547 13.885615 13.268748 25.077770 24.727009 24.834298
0.244392 13.877896 -0.000127 -0.002188 0.035267 0.764860 -0.380510 13.902037 13.359979 23.026104 24.641146 24.208481
0.242153 13.896548 -0.000113 -0.001927 0.035267 0.743807 -0.440019 13.752569 13.274047 22.440711 23.962905 23.576616
0.237834 13.874396 -0.000100 -0.002156 0.035267 0.722429 -0.330343 13.840295 13.202518 23.286306 23.274172 23.351009
0.234393 13.859988 -0.000132 -0.002361 0.035528 0.715307 -0.072927 13.876791 13.269314 22.903144 23.044725 23.071775
0.232880 13.867965 -0.000126 -0.002150 0.035528 0.706649 1.156316 13.848666 13.316942 21.729997 22.765789 22.519333
0.232955 13.909766 -0.000111 -0.002129 0.035528 0.689828 0.944731 13.869122 13.286701 21.270748 22.223885 22.014233
0.233272 13.968229 -0.000122 -0.002448 0.035528 0.674286 0.691544 13.965134 13.272474 21.989227 21.723185 21.890574
0.232051 13.998887 -0.000144 -0.002609 0.038675 0.670806 0.404107 14.048884 13.368109 22.282304 21.611070 21.893692
0.228236 13.990015 -0.000142 -0.002233 0.038675 0.671348 0.077501 14.000935 13.488315 22.318307 21.628514 21.903544
0.224669 13.970958 -0.000108 -0.001733 0.038675 0.672078 -0.463711 14.006596 13.596198 21.116795 21.652039 21.511983
0.221794 13.953442 -0.000088 -0.001283 0.038675 0.659638 -0.470508 13.864657 13.585661 20.505025 21.251256 21.046476
0.217885 13.919999 -0.000061 -0.001201 0.038675 0.644615 -0.467309 13.899774 13.554598 20.897044 20.767269 20.881677
0.213640 13.864839 -0.000074 -0.001114 0.038675 0.640061 -0.471159 13.848108 13.596838 20.525913 20.620565 20.646290
0.208966 13.802443 -0.000055 -0.000738 0.038675 0.633319 -0.475345 13.757731 13.609218 20.605441 20.403366 20.544100
0.205223 13.752186 -0.000034 -0.000513 0.038675 0.631048 -0.455107 13.765216 13.640980 20.407535 20.330211 20.413151
0.203381 13.718968 -0.000029 -0.000280 0.038675 0.628117 -0.440014 13.688652 13.655462 19.832754 20.235757 20.113497
0.202358 13.700054 -0.000011 -0.000160 0.038675 0.619699 -0.372285 13.674344 13.625090 20.129598 19.964575 20.089186
0.202069 13.692782 -0.000013 -0.000243 0.038675 0.620114 -0.224559 13.721795 13.646122 19.951931 19.977956 20.015255
0.199758 13.661434 -0.000018 -0.000055 0.034995 0.618504 -0.002188 13.610896 13.645404 19.794348 19.926079 19.915288
0.195207 13.603822 0.000004 0.000149 0.031665 0.612584 10.599669 13.586777 13.629860 20.056581 19.735367 19.934969
0.191280 13.549901 0.000006 0.000287 0.028651 0.613717 9.536467 13.548162 13.649627 19.871230 19.771849 19.853942
0.187233 13.499315 0.000018 0.000540 0.025925 0.611339 8.580275 13.468826 13.643185 20.466149 19.695234 20.117649
0.184713 13.468679 0.000033 0.000627 0.023458 0.620385 7.720702 13.535192 13.692365 20.733545 19.986664 20.376237
0.181656 13.430865 0.000030 0.000939 0.021226 0.629617 6.950766 13.411957 13.730768 20.918281 20.284102 20.593015
0.178060 13.390292 0.000063 0.001223 0.019206 0.637087 6.258969 13.427773 13.751533 20.935295 20.524739 20.689724
0.176949 13.362815 0.000064 0.001396 0.017378 0.640714 5.639683 13.346333 13.748146 20.118601 20.641597 20.255835
0.176679 13.340637 0.000080 0.001463 0.021573 0.627985 5.080524 13.290877 13.662192 19.843727 20.231508 19.942852
0.176670 13.328821 0.000075 0.001197 0.021573 0.619112 4.570847 13.325660 13.595339 20.104468 19.945667 19.989314
0.177412 13.313703 0.000054 0.001011 0.021573 0.622000 4.107195 13.317863 13.580901 19.855852 20.038697 19.880743
0.177312 13.289903 0.000053 0.001045 0.021573 0.619942 3.685847 13.251732 13.535997 20.014211 19.972417 19.953394
0.176585 13.264138 0.000058 0.000976 0.021573 0.622979 3.300526 13.277676 13.512424 20.369155 20.070248 20.202696
0.177163 13.253103 0.000048 0.000931 0.021573 0.631520 2.954580 13.259278 13.512326 20.555431 20.345418 20.419422
0.178963 13.264218 0.000052 0.000891 0.021573 0.638614 2.644996 13.286321 13.505667 20.920940 20.573962 20.723447
0.180288 13.271044 0.000045 0.000843 0.021573 0.648212 2.374014 13.288812 13.512194 20.812610 20.883168 20.788721
0.180597 13.269324 0.000046 0.000872 0.021573 0.649851 2.139480 13.247636 13.481809 20.608780 20.935970 20.701000
0.180561 13.259910 0.000048 0.000797 0.021573 0.646238 1.935863 13.241449 13.431340 20.318623 20.819562 20.497484
0.179939 13.232132 0.000040 0.000715 0.021573 0.639153 1.757159 13.181382 13.368123 20.016648 20.591319 20.242456
0.178716 13.192650 0.000039 0.000630 0.019520 0.630662 1.591033 13.151994 13.300906 19.928214 20.317770 20.093207
0.175736 13.141389 0.000031 0.000573 0.017663 0.625621 1.431654 13.099236 13.251285 20.543719 20.155363 20.400819
0.174102 13.102292 0.000032 0.000535 0.015982 0.635114 1.284529 13.138302 13.269951 20.851898 20.461189 20.696348
0.174138 13.081739 0.000028 0.000676 0.014461 0.644959 1.165730 13.070258 13.284899 20.984312 20.778373 20.892948
0.176024 13.080588 0.000045 0.000734 0.013085 0.651666 1.062715 13.106651 13.282268 20.495981 20.994453 20.685567
0.180656 13.117502 0.000037 0.000592 0.011840 0.646162 0.972222 13.083099 13.222708 20.029550 20.817124 20.357807
0.185626 13.170724 0.000030 0.000187 0.010713 0.636665 0.868566 13.172753 13.149439 20.301610 20.511174 20.383300
0.197536 13.325202 -0.000003 -0.000631 0.009693 0.637811 0.765595 13.429048 13.148903 19.582426 20.548070 20.078015
0.199545 13.337010 -0.000055 -0.000676 0.014762 0.628378 0.663035 13.179918 13.084252 19.474103 20.244195 19.884497
0.193054 13.234879 -0.000018 -0.000541 0.014762 0.620633 0.515780 13.212289 13.032756 19.673655 19.994662 19.871367
0.190645 13.214640 -0.000035 -0.000653 0.014762 0.618565 0.355479 13.188777 13.023199 20.297286 19.928054 20.157786
0.185183 13.150094 -0.000033 -0.000456 0.014762 0.626321 0.192296 13.151062 13.067802 20.733310 20.177919 20.497104
0.177293 13.052834 -0.000016 0.000054 0.014762 0.636263 0.105725 13.022254 13.114308 20.588024 20.498201 20.524899
0.170640 12.977352 0.000019 0.000492 0.014762 0.634982 0.215744 12.949193 13.108375 20.026190 20.456942 20.173017
0.172026 13.033218 0.000032 0.000270 0.014762 0.621968 0.326976 13.063209 13.063630 19.969569 20.037657 19.982201
0.172020 13.053900 0.000001 0.000035 0.014762 0.614605 0.379848 13.040568 13.056772 19.915309 19.800452 19.855894
0.170008 13.019570 0.000004 0.000134 0.014762 0.610935 0.444286 13.012699 13.062979 19.606929 19.682211 19.622475
0.170374 13.035781 0.000010 0.000098 0.014762 0.604354 0.470171 13.047739 13.053752 19.962511 19.470223 19.748991
0.169284 13.037734 0.000002 0.000058 0.014762 0.609067 0.477235 13.072278 13.094699 19.926448 19.622038 19.776583
0.167939 13.040064 0.000005 0.000196 0.013358 0.610245 0.481111 13.040604 13.115546 20.237841 19.659986 19.968360
0.166933 13.044528 0.000015 0.000255 0.012086 0.616475 0.471504 13.097612 13.158388 20.627186 19.860706 20.265412
0.164356 13.027472 0.000013 0.000470 0.010936 0.626245 0.470940 13.037607 13.211544 20.763194 20.175468 20.455883
0.159632 12.976300 0.000035 0.000845 0.009896 0.632299 0.473828 12.978052 13.238817 20.315551 20.370506 20.260627
0.155544 12.923555 0.000053 0.001132 0.014239 0.626227 0.480288 12.875208 13.202541 19.569188 20.174868 19.747465
0.155333 12.904653 0.000067 0.001070 0.017892 0.610458 0.476678 12.875859 13.120403 18.923627 19.666874 19.179104
0.157235 12.904827 0.000050 0.000774 0.017892 0.594095 0.422065 12.863761 13.034606 18.698428 19.139716 18.852750
0.158461 12.894131 0.000035 0.000504 0.017892 0.585671 0.276375 12.880287 12.982418 18.796506 18.868293 18.812787
0.158938 12.884751 0.000022 0.000351 0.017892 0.586294 0.020840 12.882118 12.966447 19.147523 18.888375 19.030828
0.157094 12.865546 0.000018 0.000362 0.017892 0.594515 -3.315743 12.874687 12.978755 19.551303 19.153239 19.370839
0.155898 12.845894 0.000022 0.000477 0.017892 0.604896 -2.969373 12.857264 12.999874 19.331252 19.487656 19.367843
0.156589 12.838603 0.000030 0.000579 0.017892 0.604542 -2.661385 12.810157 12.970228 19.761011 19.476255 19.622725
0.156765 12.819161 0.000033 0.000543 0.017892 0.613050 -2.384377 12.850976 12.979733 20.455461 19.750362 20.138567
0.156372 12.798711 0.000027 0.000650 0.017892 0.630100 -2.141562 12.817842 13.022573 20.815099 20.299648 20.557029
0.155671 12.789174 0.000042 0.000838 0.017892 0.643290 -1.934033 12.810790 13.043784 21.127833 20.724597 20.903256
0.155906 12.788736 0.000048 0.000916 0.017892 0.653686 -1.761782 12.805944 13.053131 20.757236 21.059532 20.811664
0.156956 12.790294 0.000051 0.000944 0.016189 0.650241 -1.615990 12.751646 13.000720 20.558284 20.948520 20.660294
0.157188 12.782419 0.000052 0.000784 0.014648 0.645099 -1.474843 12.773309 12.945161 21.073464 20.782858 20.912561
0.157130 12.773599 0.000036 0.000616 0.013254 0.653067 -1.338900 12.798948 12.953122 21.472829 21.039561 21.247836
0.157007 12.767672 0.000033 0.000666 0.011993 0.663589 -1.216668 12.780098 12.972025 21.579539 21.378544 21.438875
0.157170 12.766761 0.000040 0.000737 0.010852 0.669266 -1.110239 12.773463 12.968870 21.096767 21.561436 21.223224
0.158719 12.785297 0.000041 0.000659 0.011004 0.661769 -1.012682 12.754603 12.910352 20.628995 21.319913 20.863273
0.162330 12.829377 0.000033 0.000291 0.011004 0.649750 -0.910911 12.829480 12.842538 20.873077 20.932720 20.873522
0.166762 12.877992 0.000004 -0.000127 0.011004 0.650280 -0.805319 12.911647 12.840928 21.090315 20.949802 21.012725
0.169507 12.910231 -0.000013 -0.000249 0.011004 0.655126 -0.707690 12.921243 12.860003 21.188739 21.105905 21.131425
0.171784 12.943236 -0.000011 -0.000299 0.011004 0.658756 -0.620601 12.967990 12.875486 21.121371 21.222858 21.137190
0.174835 12.993956 -0.000017 -0.000425 0.011004 0.658432 -0.547766 13.005958 12.878561 21.021012 21.212407 21.077187
0.176467 13.023655 -0.000025 -0.000521 0.011004 0.655652 -0.480636 13.021271 12.876528 21.195746 21.122855 21.151675
0.177172 13.033333 -0.000028 -0.000563 0.011004 0.657502 -0.421591 13.049283 12.898509 21.501363 21.182445 21.356622
0.176534 13.026622 -0.000030 -0.000460 0.011004 0.663732 -0.378833 13.036058 12.938884 21.860679 21.383180 21.643615
0.174288 12.998916 -0.000019 -0.000216 0.011004 0.672543 -0.368686 13.010473 12.986158 21.693198 21.667020 21.646118
0.172267 12.973313 -0.000005 0.000046 0.011004 0.672126 -0.386154 12.945847 12.987136 21.314333 21.653607 21.416036
0.171531 12.958235 0.000008 0.000104 0.009957 0.664451 -0.392443 12.938822 12.954922 21.307591 21.406321 21.323371
0.174772 12.997249 0.000003 -0.000152 0.009009 0.661830 -0.372796 13.035457 12.950622 21.433760 21.321905 21.368479
0.180286 13.083178 -0.000017 -0.000476 0.008152 0.663724 -0.340801 13.131023 12.973545 21.603458 21.382891 21.489792
0.185558 13.175455 -0.000032 -0.000725 0.008493 0.667330 -0.311160 13.230065 13.012800 21.393562 21.499074 21.426162
0.190322 13.256164 -0.000044 -0.000874 0.011767 0.665174 -0.293749 13.267924 13.028017 20.655092 21.429628 21.023483
0.194339 13.316712 -0.000049 -0.001037 0.013045 0.652694 -0.260618 13.288798 12.989943 20.129312 21.027574 20.581614
0.198455 13.369121 -0.000061 -0.001362 0.016287 0.639352 -0.152143 13.355742 12.950223 20.350328 20.597739 20.468731
0.201133 13.395863 -0.000082 -0.001600 0.022118 0.636315 0.191877 13.406575 12.973404 20.676084 20.499884 20.563397
0.199073 13.362896 -0.000088 -0.001399 0.023699 0.639926 -0.228263 13.343183 13.027582 20.727474 20.616228 20.647396
0.193965 13.296240 -0.000065 -0.000965 0.023699 0.642184 0.119902 13.268302 13.064063 20.625321 20.688973 20.634546
0.189200 13.230457 -0.000043 -0.000598 0.023699 0.640909 -0.333384 13.194679 13.075201 20.306600 20.647897 20.454196
0.187010 13.203137 -0.000026 -0.000459 0.023699 0.634110 -0.190235 13.180404 13.058496 20.351682 20.428855 20.383174
0.188614 13.228873 -0.000026 -0.000612 0.023699 0.631460 -0.035823 13.260978 13.068863 20.390083 20.343477 20.363665
0.190892 13.267126 -0.000040 -0.000712 0.023699 0.630931 0.102011 13.276072 13.092718 20.404509 20.326439 20.361382
0.191707 13.299338 -0.000038 -0.000742 0.023699 0.630661 0.199702 13.324699 13.120128 20.434589 20.317723 20.370150
0.191046 13.306280 -0.000043 -0.000669 0.023699 0.630412 0.327803 13.301645 13.148844 19.988239 20.309717 20.141728
0.189522 13.303962 -0.000032 -0.000557 0.023699 0.622403 0.392246 13.278031 13.136570 20.287303 20.051695 20.173709
0.187995 13.313957 -0.000030 -0.000637 0.023699 0.622721 0.393166 13.363061 13.174672 21.087256 20.061916 20.584871
0.185413 13.308456 -0.000039 -0.000480 0.023699 0.635657 0.424403 13.353392 13.276671 21.859862 20.478674 21.165825
0.181218 13.267096 -0.000017 0.000034 0.021444 0.654917 0.520246 13.317435 13.395090 22.059628 21.099175 21.517616
0.178024 13.222740 0.000014 0.000619 0.019403 0.666982 0.641285 13.229996 13.460868 21.136931 21.487871 21.118666
0.176451 13.208327 0.000045 0.000907 0.017557 0.654681 0.700273 13.160661 13.405282 20.672410 21.091574 20.699836
0.177131 13.218635 0.000048 0.000670 0.015886 0.641815 0.681092 13.228786 13.350389 20.302529 20.677060 20.330221
0.178257 13.221031 0.000024 0.000465 0.014374 0.631450 0.622343 13.182455 13.305082 19.964757 20.343155 20.010574
0.178805 13.231126 0.000024 0.000266 0.013006 0.622455 0.523584 13.237357 13.264981 19.916271 20.053373 19.876437
0.176310 13.215074 0.000005 0.000179 0.011769 0.618280 0.406937 13.185398 13.248141 19.843261 19.918862 19.786488
0.171545 13.173994 0.000012 0.000266 0.010649 0.614443 0.281687 13.158336 13.234192 20.014641 19.795233 19.842044
0.168480 13.156522 0.000015 0.000279 0.009635 0.615030 0.168148 13.174035 13.245388 19.921339 19.814169 19.793132
0.165659 13.145241 0.000014 0.000360 0.008718 0.612388 0.077565 13.131469 13.244636 19.814844 19.729047 19.696548
0.163690 13.143460 0.000023 0.000363 0.007889 0.608375 0.013158 13.160469 13.241934 19.807502 19.599755 19.639762
0.162317 13.147088 0.000016 0.000341 0.007138 0.606129 0.261614 13.154340 13.250405 19.850601 19.527409 19.632555
0.160738 13.146296 0.000019 0.000374 0.006459 0.605832 0.273842 13.167795 13.267928 19.378884 19.517816 19.350066
0.158922 13.140918 0.000020 0.000456 0.005844 0.596882 0.297265 13.107409 13.243219 18.856675 19.229473 18.934378
0.157468 13.128909 0.000028 0.000411 0.007428 0.583820 0.298962 13.113888 13.199567 18.710872 18.808676 18.686637
0.157514 13.125898 0.000018 0.000265 0.007428 0.577001 0.290544 13.127053 13.183747 18.753104 18.589003 18.624254
0.156309 13.101853 0.000012 0.000294 0.007428 0.576491 0.265147 13.095877 13.189741 18.903322 18.572574 18.702568
0.153708 13.063747 0.000019 0.000452 0.007428 0.580359 0.236604 13.066630 13.205728 18.995823 18.697187 18.802415
0.153088 13.051640 0.000028 0.000553 0.007659 0.584391 0.210769 13.065459 13.216131 18.643200 18.827078 18.648101
0.153891 13.058687 0.000031 0.000565 0.008308 0.580189 0.187747 13.037376 13.184494 18.184197 18.691706 18.333916
0.154590 13.073184 0.000030 0.000400 0.008308 0.570293 0.125210 13.057966 13.129498 18.169476 18.372894 18.208117
0.153891 13.066108 0.000015 0.000228 0.008308 0.566218 0.010370 13.055040 13.105578 18.160985 18.241591 18.155711
0.151502 13.045490 0.000011 0.000216 0.008308 0.564428 -1.099033 13.030883 13.092602 18.104580 18.183932 18.102866
0.147200 13.004769 0.000013 0.000315 0.008308 0.561723 -0.981838 12.977019 13.076961 18.037667 18.096783 18.031247
0.142815 12.949109 0.000021 0.000459 0.008308 0.558514 -0.878857 12.921672 13.059066 18.109500 17.993396 18.031945
0.138969 12.891414 0.000028 0.000602 0.008308 0.558455 -0.788811 12.877243 13.052336 18.290566 17.991499 18.133637
0.134813 12.826439 0.000036 0.000811 0.009685 0.562144 -0.712426 12.811644 13.055595 18.129741 18.110357 18.084533
0.132063 12.770731 0.000050 0.001023 0.013431 0.561318 -0.649957 12.739676 13.028784 17.864558 18.083731 17.921483
0.130553 12.720654 0.000059 0.001107 0.015912 0.557305 -0.593455 12.686493 12.979027 17.804374 17.954466 17.839893
0.130824 12.680661 0.000060 0.001072 0.016146 0.556417 -0.532836 12.663024 12.936218 17.567388 17.925838 17.695812
0.133589 12.664624 0.000056 0.000975 0.016146 0.553977 -0.459574 12.634924 12.878078 17.325774 17.847250 17.533153
0.135867 12.653997 0.000050 0.000805 0.016146 0.550637 -0.347123 12.624184 12.810598 17.983291 17.739623 17.888024
0.137514 12.643445 0.000039 0.000600 0.016146 0.563078 -0.184704 12.679915 12.814943 18.621075 18.140432 18.420756
0.138756 12.632769 0.000029 0.000654 0.016146 0.580540 0.006096 12.636595 12.838268 18.981550 18.703017 18.851180
0.139037 12.619410 0.000042 0.000786 0.016146 0.594515 -2.858684 12.629735 12.840456 19.205180 19.153235 19.160956
0.138504 12.610985 0.000044 0.000824 0.016146 0.602969 -2.572623 12.600475 12.821999 19.400417 19.425583 19.387541
0.137050 12.593552 0.000046 0.000820 0.016146 0.608041 -2.318630 12.585839 12.796979 19.779291 19.588990 19.679567
0.134938 12.553568 0.000044 0.000874 0.016146 0.615742 -2.096212 12.544199 12.789086 19.727299 19.837077 19.746607
0.131214 12.498397 0.000051 0.001044 0.016146 0.616664 -1.900049 12.452268 12.750529 19.815779 19.866801 19.815248
0.127343 12.450493 0.000062 0.001078 0.016623 0.617536 -1.721650 12.444663 12.716115 20.182105 19.894891 20.044900
0.126132 12.430741 0.000057 0.001025 0.016623 0.623979 -1.560919 12.444429 12.712402 20.654194 20.102466 20.401074
0.127871 12.445214 0.000056 0.000960 0.016623 0.635242 -1.419327 12.493529 12.733369 21.026262 20.465302 20.755130
0.132003 12.499918 0.000050 0.000838 0.016623 0.646720 -1.297612 12.553513 12.758508 21.163803 20.835096 20.974213
0.136810 12.557787 0.000043 0.000721 0.016623 0.653813 -1.192427 12.589617 12.766846 20.792746 21.063610 20.842334
0.140754 12.602630 0.000038 0.000590 0.016623 0.649855 -1.095986 12.589630 12.727014 20.299005 20.936103 20.509053
0.143855 12.655079 0.000030 0.000258 0.016623 0.638842 -0.987240 12.652374 12.664756 20.017920 20.581282 20.218095
0.144432 12.678919 0.000005 -0.000051 0.016623 0.628497 -0.863099 12.651463 12.617480 20.026685 20.248018 20.103788
0.143527 12.681112 -0.000005 -0.000229 0.016623 0.623689 -0.730120 12.685700 12.604714 20.408732 20.093105 20.271949
0.141462 12.667178 -0.000015 -0.000224 0.016623 0.628176 -0.608428 12.679639 12.638240 20.433745 20.237667 20.337686
0.137505 12.629663 -0.000007 0.000031 0.016623 0.629449 -0.514021 12.606629 12.654329 20.288018 20.278679 20.264292
0.134447 12.600550 0.000011 0.000193 0.015041 0.626365 -0.443696 12.596493 12.649758 20.202366 20.179341 20.173665
0.135203 12.599569 0.000012 0.000180 0.013609 0.623600 -0.400570 12.604020 12.646730 19.807159 20.090264 19.905163
0.139146 12.627259 0.000010 0.000070 0.012314 0.616376 -0.368174 12.621381 12.620314 19.508992 19.857527 19.642743
0.144219 12.670744 0.000001 -0.000181 0.011142 0.609815 -0.321468 12.680111 12.595233 19.255216 19.646145 19.416583
0.149690 12.723164 -0.000016 -0.000459 0.010082 0.604322 -0.261128 12.723818 12.574238 18.805788 19.469194 19.089479
0.153814 12.769338 -0.000029 -0.000701 0.009123 0.594827 -0.168857 12.748415 12.536409 18.755243 19.163286 18.952807
0.155178 12.791452 -0.000042 -0.000916 0.011312 0.590412 -0.005832 12.790614 12.526646 19.115029 19.021057 19.117719
0.154253 12.793503 -0.000053 -0.000958 0.014190 0.593336 5.774067 12.803936 12.561454 19.696999 19.115237 19.495635
0.153087 12.790612 -0.000049 -0.000823 0.014190 0.604311 5.191062 12.830234 12.634652 20.332578 19.468825 19.997604
0.152656 12.799671 -0.000040 -0.000593 0.014190 0.619510 4.669882 12.849876 12.725808 20.632320 19.958492 20.350090
0.152658 12.813614 -0.000025 -0.000315 0.014190 0.629962 4.205620 12.842844 12.792828 19.995715 20.295197 20.094798
0.151154 12.823749 -0.000011 -0.000111 0.014190 0.620787 3.790610 12.782588 12.770036 20.052275 19.999617 20.015666
0.149794 12.818330 -0.000003 -0.000173 0.014190 0.617068 3.415860 12.851475 12.779416 19.775072 19.879821 19.802728
0.149611 12.810437 -0.000015 -0.000111 0.014190 0.610668 3.081072 12.768553 12.773465 19.430536 19.673641 19.518989
0.149133 12.819611 0.000001 -0.000166 0.014190 0.601937 2.773446 12.839446 12.757068 20.156357 19.392332 19.835582
0.148835 12.821435 -0.000017 -0.000231 0.014190 0.612621 2.496262 12.873062 12.829540 20.169769 19.736550 19.964818
0.147629 12.814828 -0.000009 0.000053 0.014190 0.617404 2.248461 12.805685 12.865512 20.819798 19.890631 20.398426
0.147323 12.810353 0.000012 0.000198 0.014190 0.631854 2.025946 12.894395 12.940304 20.823364 20.356151 20.569276
0.148096 12.813792 0.000009 0.000454 0.012840 0.638478 1.831881 12.789690 12.968034 20.475728 20.569574 20.443820
0.148813 12.824376 0.000036 0.000516 0.011618 0.635074 1.649767 12.844013 12.945557 20.506734 20.459896 20.422560
0.149709 12.834745 0.000020 0.000398 0.010512 0.634986 1.482395 12.831378 12.938524 20.236350 20.457068 20.264705
0.150615 12.843262 0.000022 0.000342 0.009512 0.630246 1.325216 12.833691 12.909921 20.128113 20.304374 20.147237
0.151089 12.848191 0.000015 0.000222 0.008607 0.626803 1.179415 12.844556 12.888514 20.274482 20.193436 20.194666
0.150895 12.850697 0.000009 0.000136 0.007788 0.628279 1.044586 12.862614 12.891737 20.462175 20.240977 20.324299
0.149701 12.849523 0.000006 0.000152 0.007047 0.631994 0.925711 12.858168 12.906634 20.914274 20.360677 20.634612
0.148267 12.844342 0.000010 0.000224 0.006376 0.641103 0.824516 12.881129 12.948252 21.287956 20.654146 20.961932
0.147331 12.833590 0.000014 0.000412 0.005769 0.651245 0.747231 12.850339 12.991566 20.937467 20.980877 20.878185
0.151254 12.892267 0.000029 0.000357 0.007711 0.648469 0.684562 12.922058 12.977885 20.717808 20.891454 20.717527
0.150744 12.868063 0.000012 0.000394 0.007711 0.643733 0.632577 12.809859 12.951894 20.354857 20.738856 20.450101
0.147105 12.794251 0.000029 0.000566 0.007789 0.636163 0.578362 12.748574 12.902941 20.082508 20.494982 20.203287
0.149352 12.815891 0.000032 0.000313 0.008482 0.628981 0.513344 12.834093 12.858585 19.887039 20.263604 20.006867
0.152643 12.851834 0.000006 0.000024 0.008482 0.623223 0.438781 12.833479 12.825363 19.622436 20.078116 19.787140
0.155311 12.893600 -0.000001 -0.000245 0.008482 0.616256 0.349980 12.902312 12.792803 19.404148 19.853660 19.580161
0.156179 12.932350 -0.000022 -0.000501 0.008482 0.608636 0.243994 12.917529 12.767906 19.263267 19.608154 19.409000
0.155552 12.956703 -0.000030 -0.000678 0.008482 0.601304 0.109161 12.958234 12.756977 19.092558 19.371962 19.220570
0.152272 12.954424 -0.000040 -0.000709 0.010831 0.593188 -0.123837 12.927227 12.752572 18.995047 19.110487 19.061797
0.145837 12.904724 -0.000035 -0.000546 0.010831 0.585739 0.106207 12.876745 12.757810 18.675138 18.870509 18.777759
0.138036 12.823569 -0.000024 -0.000236 0.010831 0.575257 -0.064663 12.764143 12.747500 18.341516 18.532819 18.446839
0.130885 12.747011 -0.000004 0.000002 0.010831 0.563987 0.159384 12.716771 12.730917 18.088512 18.169710 18.151390
0.125709 12.688693 0.000003 0.000152 0.010831 0.554848 0.081512 12.659212 12.719676 17.851423 17.875299 17.890899
0.124021 12.670613 0.000012 0.000176 0.010831 0.547552 -0.036532 12.677670 12.712706 17.891823 17.640241 17.813830
0.126561 12.695234 0.000007 0.000063 0.010831 0.546848 0.106620 12.731029 12.732703 17.614813 17.617556 17.636184
0.129804 12.720017 0.000000 0.000046 0.010831 0.543548 0.073154 12.710970 12.731198 17.453051 17.511260 17.496952
0.133589 12.740719 0.000004 -0.000034 0.010831 0.541649 -0.031717 12.759488 12.727119 17.241128 17.450063 17.349105
0.136282 12.752780 -0.000007 -0.000092 0.010831 0.539286 0.406919 12.729355 12.711627 17.377257 17.373956 17.401042
0.138419 12.767561 -0.000004 -0.000201 0.010831 0.542391 0.303857 12.798410 12.717505 17.744992 17.473960 17.655422
0.139712 12.780783 -0.000016 -0.000227 0.009800 0.551261 0.185492 12.790106 12.747258 18.160257 17.759725 18.007876
0.137867 12.756696 -0.000009 -0.000034 0.008867 0.562151 0.054734 12.764586 12.782820 18.470623 18.110564 18.323361
0.133372 12.701245 0.000003 0.000293 0.008024 0.571415 -0.094350 12.681692 12.805783 18.705014 18.409013 18.574456
0.127294 12.626907 0.000025 0.000642 0.007260 0.578036 -0.098596 12.608663 12.813479 18.862554 18.622345 18.747527
0.123898 12.570447 0.000041 0.000873 0.011065 0.582779 -0.204580 12.560636 12.809937 18.319411 18.775123 18.490185
0.122710 12.539698 0.000050 0.000971 0.013523 0.574434 -0.291875 12.483560 12.743526 17.814995 18.506305 18.097960
0.122312 12.536056 0.000053 0.000745 0.014160 0.561752 -0.315440 12.518302 12.663028 17.818954 18.097721 17.948631
0.122902 12.535054 0.000030 0.000460 0.014160 0.556770 -0.297468 12.524362 12.626137 17.331766 17.937216 17.605183
0.123048 12.528729 0.000021 0.000350 0.014160 0.546033 -0.262797 12.479894 12.564067 17.397710 17.591304 17.514833
0.122762 12.525561 0.000018 0.000138 0.014160 0.543023 -0.164260 12.545362 12.543484 17.749950 17.494324 17.682977
0.122232 12.505389 0.000000 0.000137 0.014160 0.548656 -0.045975 12.495504 12.561768 17.996926 17.675817 17.893642
0.121536 12.481634 0.000014 0.000288 0.014160 0.555860 0.334406 12.498291 12.581508 18.796799 17.907914 18.446558
0.122006 12.467852 0.000017 0.000408 0.014160 0.574447 0.279323 12.520328 12.646970 19.028699 18.506697 18.805331
0.123735 12.467150 0.000026 0.000646 0.014160 0.586921 0.274951 12.469724 12.674104 18.924107 18.908586 18.896476
0.126964 12.484732 0.000042 0.000680 0.014160 0.590608 0.281471 12.498079 12.656509 18.599520 19.027373 18.755671
0.128842 12.486004 0.000033 0.000612 0.014160 0.586672 0.260030 12.439365 12.602479 18.478342 18.900541 18.645101
0.129813 12.474852 0.000034 0.000458 0.014160 0.583324 0.175266 12.466751 12.553225 18.590130 18.792703 18.678827
0.131780 12.478661 0.000018 0.000268 0.012813 0.584633 0.017584 12.470680 12.528260 18.906911 18.834855 18.888525
0.132425 12.460828 0.000013 0.000242 0.011593 0.591735 -1.380771 12.459175 12.527745 19.180818 19.063664 19.141459
0.132801 12.439331 0.000015 0.000318 0.010490 0.599958 -1.231427 12.433581 12.529029 19.528793 19.328597 19.451923
0.134511 12.446821 0.000020 0.000295 0.009492 0.609653 -1.100852 12.474717 12.538111 20.030349 19.640930 19.870729
0.138327 12.467703 0.000014 0.000253 0.008589 0.622933 -0.992260 12.495750 12.564728 20.040043 20.068760 20.038680
0.143474 12.509849 0.000015 0.000197 0.007771 0.628604 -0.900838 12.518647 12.556758 20.644092 20.251448 20.474314
0.149916 12.568117 0.000009 -0.000041 0.007032 0.642765 -0.819879 12.641629 12.591830 20.888592 20.707694 20.793187
0.156069 12.625929 -0.000009 -0.000122 0.006363 0.653472 -0.753111 12.629004 12.610875 20.876456 21.052615 20.919716
0.159909 12.663606 -0.000003 -0.000189 0.005757 0.657073 -0.688115 12.676063 12.600923 20.926500 21.168622 21.002395
0.161383 12.682056 -0.000014 -0.000291 0.005209 0.658734 -0.624053 12.665924 12.588110 21.370354 21.222133 21.298563
0.162354 12.697229 -0.000015 -0.000392 0.004713 0.666468 -0.558478 12.735083 12.611832 21.787997 21.471296 21.645402
0.162585 12.702778 -0.000024 -0.000327 0.006563 0.676169 -0.503160 12.704307 12.648299 21.722626 21.783837 21.722431
0.160730 12.702783 -0.000011 -0.000196 0.006563 0.676511 -0.452458 12.696274 12.648457 22.182057 21.794851 22.005386
0.157853 12.680328 -0.000009 -0.000114 0.006563 0.683376 -0.415093 12.701038 12.685111 22.008028 22.016028 21.979835
0.156950 12.665330 -0.000003 0.000071 0.006563 0.681349 -0.397115 12.636071 12.682441 21.458604 21.950737 21.626271
0.160419 12.703340 0.000009 -0.000075 0.006563 0.669905 -0.376755 12.714620 12.641996 20.996020 21.582049 21.216726
0.164275 12.745204 -0.000015 -0.000371 0.006563 0.657458 -0.336656 12.719020 12.601666 20.521591 21.181048 20.789030
0.167883 12.788964 -0.000024 -0.000673 0.006563 0.644491 -0.265368 12.787922 12.563399 20.505286 20.763280 20.631212
0.173431 12.865356 -0.000045 -0.001084 0.012163 0.640056 -0.155359 12.905005 12.571296 20.867464 20.620409 20.798390
0.178544 12.939492 -0.000067 -0.001322 0.018121 0.645820 0.161160 12.988435 12.629469 20.995060 20.806088 20.941070
0.180572 12.975555 -0.000073 -0.001243 0.019565 0.650426 -0.260336 12.981584 12.680410 21.014381 20.954491 21.008428
0.182447 13.013140 -0.000061 -0.001195 0.019565 0.652005 0.016116 13.043561 12.718859 21.055041 21.005362 21.050978
0.183482 13.045419 -0.000066 -0.001173 0.019565 0.653589 -3.592870 13.051199 12.755809 21.069303 21.056401 21.079438
0.180094 13.028142 -0.000061 -0.000978 0.019565 0.653072 -3.218843 13.010813 12.784158 21.037774 21.039750 21.053073
0.173825 12.980751 -0.000047 -0.000706 0.019565 0.649993 -2.884010 12.956530 12.803646 21.162850 20.940527 21.086984
0.169209 12.946630 -0.000032 -0.000513 0.019565 0.649079 -2.587149 12.957925 12.837160 20.725364 20.911102 20.807938
0.165618 12.926134 -0.000026 -0.000320 0.019565 0.639043 -2.326173 12.884649 12.830004 20.188859 20.587755 20.363098
0.163337 12.932609 -0.000012 -0.000368 0.019565 0.623834 -2.086067 12.936500 12.805788 20.488749 20.097792 20.350716
0.165020 12.977668 -0.000028 -0.000617 0.019565 0.623402 -1.868167 13.044394 12.856766 20.388681 20.083871 20.273904
0.167308 13.029616 -0.000039 -0.000621 0.019565 0.621903 -1.677678 13.044139 12.900396 20.350784 20.035571 20.222687
0.167140 13.045551 -0.000030 -0.000521 0.019565 0.621215 -1.507247 13.073923 12.942156 20.143239 20.013410 20.082488
0.165137 13.025090 -0.000028 -0.000298 0.017703 0.617881 -1.357754 12.997245 12.961670 19.616410 19.906009 19.725103
0.163982 13.009514 -0.000009 -0.000172 0.016018 0.607555 -1.215156 12.994300 12.941425 19.325705 19.573341 19.425726
0.162952 12.991911 -0.000012 -0.000181 0.014494 0.599344 -1.071397 12.968597 12.925070 19.915347 19.308807 19.670590
0.160536 12.952779 -0.000010 -0.000100 0.013115 0.608624 -0.931559 12.992549 12.980264 20.561306 19.607777 20.156435
0.155037 12.883580 -0.000004 0.000347 0.011867 0.625267 -0.820063 12.878818 13.053010 20.800406 20.143966 20.491951
0.148959 12.812349 0.000034 0.000864 0.010737 0.635886 -0.737296 12.815911 13.085680 20.684122 20.486077 20.548610
0.146416 12.778112 0.000053 0.001105 0.014363 0.637613 -0.681847 12.764990 13.072041 20.268352 20.541703 20.324838
0.146137 12.771641 0.000061 0.001079 0.016470 0.630600 -0.634223 12.753336 13.018375 20.197433 20.315763 20.200144
0.146469 12.781299 0.000053 0.000851 0.016470 0.626943 -0.577435 12.793443 12.984440 20.392575 20.197938 20.271310
0.147827 12.811086 0.000039 0.000623 0.016470 0.629253 -0.518889 12.842024 12.983927 20.282369 20.272383 20.234084
0.147236 12.817506 0.000029 0.000598 0.016470 0.627861 -0.479400 12.798756 12.968148 20.040077 20.227520 20.075519
0.144492 12.795634 0.000034 0.000620 0.016470 0.622128 -0.441682 12.776936 12.934696 19.919457 20.042833 19.935503
0.143334 12.783511 0.000032 0.000543 0.016470 0.617288 -0.403175 12.778108 12.908914 19.600093 19.886910 19.689236
0.142774 12.782441 0.000027 0.000454 0.016470 0.609456 -0.344387 12.761117 12.871477 19.868207 19.634578 19.750101
0.142635 12.788432 0.000023 0.000298 0.016470 0.611477 -0.258096 12.830476 12.883365 19.928206 19.699679 19.806725
0.143815 12.798113 0.000011 0.000306 0.016470 0.613797 -0.196968 12.791975 12.894592 18.766277 19.774434 19.154538
0.143838 12.801652 0.000021 0.000334 0.016470 0.593246 -0.116620 12.722258 12.798162 18.238550 19.112346 18.600375
0.143247 12.791821 0.000016 0.000023 0.016470 0.575345 0.229595 12.771949 12.722006 18.068444 18.535637 18.285336
0.141653 12.756769 -0.000009 -0.000125 0.014902 0.565899 -0.004964 12.704245 12.685102 18.112963 18.231309 18.196693
0.137885 12.705467 -0.000003 -0.000073 0.013484 0.560944 10.017949 12.696217 12.676910 18.688566 18.071701 18.468027
0.131568 12.626554 -0.000003 0.000181 0.012201 0.569948 9.013203 12.624139 12.725190 18.700779 18.361770 18.577155
0.125402 12.549590 0.000021 0.000631 0.011040 0.573281 8.110697 12.519253 12.736931 18.649448 18.469133 18.581787
0.122072 12.508199 0.000044 0.000821 0.011911 0.573337 7.300292 12.514940 12.729643 18.851231 18.470937 18.694701
0.121020 12.491751 0.000044 0.000854 0.011911 0.577252 6.573249 12.506068 12.738722 18.878490 18.597076 18.752587
0.123003 12.513914 0.000048 0.000807 0.012801 0.579788 5.920983 12.544514 12.740564 11.589952 18.678790 14.531636
0.123903 12.519406 0.000040 0.000794 0.012801 0.442917 5.335697 11.886629 12.105757 1.889794 14.269263 7.234489
0.124397 12.497033 0.000045 -0.001405 0.012801 0.206029 4.807431 11.915393 11.074922 -5.437675 6.637557 0.115599
0.119911 12.408747 -0.000168 -0.004790 0.045114 -0.023796 4.332638 11.759762 10.164637 -9.121500 -0.766611 -4.799152
0.104808 12.178847 -0.000320 -0.007234 0.086156 -0.181871 3.876073 11.791998 9.643941 -12.494951 -5.859274 -8.691220
0.079189 11.816077 -0.000433 -0.007801 0.116466 -0.306346 3.413719 11.261817 9.287631 -15.164918 -9.869410 -11.778705
0.047014 11.404266 -0.000400 -0.007602 0.116466 -0.404941 2.947356 11.060533 9.041601 -8.633221 -13.045818 -9.150998
0.012572 10.988943 -0.000411 -0.006994 0.116466 -0.317238 2.605806 11.313053 9.617718 2.332670 -10.220328 -1.712725
-0.029533 10.524013 -0.000347 -0.003255 0.116466 -0.058130 2.509179 10.977742 10.793308 9.606078 -1.872738 5.557053
-0.070850 10.073672 -0.000044 0.002584 0.116466 0.199844 2.756089 10.342534 11.713464 14.273882 6.438276 11.024784
-0.096270 9.807271 0.000269 0.006846 0.116466 0.385666 3.310732 10.056295 12.200079 18.952616 12.424826 15.849176
-0.093961 9.861098 0.000426 0.008400 0.116466 0.537684 3.851716 10.269140 12.530381 22.529870 17.322330 19.638506
-0.062299 10.209282 0.000452 0.008336 0.121606 0.648973 4.295741 10.611486 12.748361 25.072442 20.907692 22.416890
-0.016044 10.730411 0.000430 0.007247 0.121606 0.728424 4.663388 11.185513 12.906527 26.435205 23.467307 24.179624
0.032332 11.367071 0.000348 0.005529 0.121606 0.779437 4.823201 11.768834 13.009098 29.135856 25.110771 26.403886
0.072367 11.923142 0.000253 0.003900 0.121606 0.845734 4.805876 12.394478 13.248392 30.370367 27.246633 27.956945
0.090190 12.177213 0.000176 0.003847 0.121606 0.893478 4.690220 12.273387 13.411260 31.049085 28.784798 28.965129
0.096647 12.302513 0.000234 0.003982 0.121606 0.924660 4.414393 12.521518 13.496089 30.571827 29.789366 29.108317
0.108794 12.487119 0.000201 0.003624 0.121606 0.928662 3.960523 12.527229 13.462820 28.567095 29.918298 28.043415
0.126581 12.756872 0.000194 0.002535 0.121606 0.894309 3.198148 12.823802 13.275440 27.015671 28.811566 26.770698
0.143897 13.057793 0.000097 0.000782 0.121606 0.852950 1.948424 13.089766 13.098456 25.675428 27.479123 25.530977
0.154564 13.306281 0.000008 -0.000746 0.121606 0.811372 -0.327210 13.323600 12.963344 27.099919 26.139630 25.855687
0.165362 13.579904 -0.000067 -0.002214 0.121606 0.814815 13.169682 13.867946 13.107998 22.587132 26.250526 23.371000
0.165517 13.721219 -0.000148 -0.002202 0.110033 0.731077 11.577618 13.287209 12.852692 12.294231 23.552792 16.567849
0.157015 13.766427 -0.000084 -0.003282 0.099562 0.507242 10.217488 13.176719 11.970983 6.005212 16.341579 10.197505
0.172517 14.171550 -0.000240 -0.007903 0.090088 0.297026 9.058257 14.074038 11.297663 -1.421232 9.569155 3.360948
0.155587 13.982506 -0.000557 -0.009642 0.149733 0.075356 8.060883 12.959378 10.616243 -9.067002 2.427698 -3.758067
0.111260 13.346429 -0.000473 -0.009805 0.149733 -0.152163 7.008489 12.662578 9.895770 -15.058877 -4.902182 -10.071920
0.084373 13.017240 -0.000560 -0.011210 0.150538 -0.352276 5.952026 12.423122 9.330070 -18.936511 -11.349117 -14.893958
0.052577 12.647520 -0.000628 -0.011914 0.168799 -0.504093 4.885376 12.171257 9.006033 -20.384084 -16.240149 -17.778194
0.015947 12.216772 -0.000645 -0.011531 0.173350 -0.593013 3.803361 11.895022 8.968945 -20.410556 -19.104852 -19.059677
-0.036117 11.633825 -0.000599 -0.009570 0.173350 -0.632391 2.912713 11.312014 9.122581 -19.128688 -20.373450 -18.875733
-0.096637 10.925770 -0.000453 -0.006476 0.173350 -0.620260 2.458545 10.724359 9.410485 -18.069406 -19.982641 -18.123065
-0.143542 10.330000 -0.000277 -0.003302 0.173350 -0.586475 2.707386 10.179875 9.667798 -18.110221 -18.894200 -17.939541
-0.153892 10.155889 -0.000116 -0.001753 0.173350 -0.573658 3.299027 10.204459 9.784367 -18.348784 -18.481280 -18.056986
-0.140937 10.224279 -0.000097 -0.001580 0.173350 -0.570561 3.795612 10.251586 9.839810 -18.923577 -18.381523 -18.468630
-0.135744 10.206545 -0.000095 -0.001317 0.173350 -0.576347 4.041315 10.123662 9.829633 -15.851826 -18.567911 -16.288505
-0.142500 10.092506 -0.000070 -0.000944 0.173350 -0.499624 4.029926 10.302333 10.090673 -8.629728 -16.096154 -10.414623
-0.152295 9.921050 -0.000053 0.000609 0.173350 -0.301299 4.141791 10.261351 10.719037 -4.557598 -9.706829 -6.058060
-0.148989 9.937075 0.000082 0.002808 0.173350 -0.160096 4.543050 10.122705 11.085891 -2.769813 -5.157745 -3.771149
-0.141112 9.954074 0.000185 0.004065 0.173350 -0.088479 4.953469 10.025559 11.179099 1.646713 -2.850480 0.048031
-0.123073 9.986997 0.000225 0.004281 0.156854 0.036445 5.235244 10.344842 11.448583 7.816456 1.174131 5.501203
-0.093558 10.192901 0.000217 0.004510 0.141927 0.209754 5.079436 10.645447 11.897114 15.398855 6.757543 12.262354
-0.065986 10.391357 0.000248 0.005408 0.128421 0.421596 4.631692 10.934957 12.493411 22.545685 13.582373 19.037243
-0.034121 10.638571 0.000312 0.006661 0.116200 0.630841 4.121804 11.176164 13.082629 27.025047 20.323522 24.110826
-0.003836 10.963537 0.000383 0.007610 0.105142 0.783846 3.591930 11.372652 13.449936 29.584321 25.252836 27.471846
0.033578 11.429544 0.000419 0.007256 0.112775 0.885105 3.018360 11.849430 13.622269 32.792211 28.515028 30.596928
0.093880 12.125677 0.000360 0.005375 0.112775 0.981409 2.417210 12.716352 13.842288 33.314263 31.617636 32.098225
0.147273 12.785066 0.000231 0.003797 0.112775 1.029050 1.710250 12.986677 13.883206 32.802197 33.152465 32.409341
0.167911 13.091073 0.000186 0.002845 0.112775 1.036718 0.277034 13.144316 13.773719 32.788634 33.399504 32.538753
0.177127 13.207544 0.000132 0.002033 0.112775 1.039352 -10.680060 13.205329 13.664304 32.905841 33.484364 32.683637
0.193966 13.385203 0.000098 0.001002 0.112775 1.042065 -9.311346 13.479101 13.586392 32.912554 33.571760 32.770620
0.213939 13.683950 0.000027 -0.000350 0.112775 1.044166 -8.042421 13.790854 13.539172 31.016936 33.639434 32.141014
0.226752 14.052295 -0.000045 -0.001843 0.112775 1.023345 -6.786210 14.034785 13.363821 29.317850 32.968646 31.213123
0.248339 14.616807 -0.000130 -0.004500 0.112775 0.994499 -5.511797 14.766884 13.173579 28.737862 32.039345 30.454351
0.258659 14.884555 -0.000317 -0.006145 0.112775 0.968232 -4.318500 14.693344 13.059329 27.996167 31.193118 29.706826
0.253500 14.891558 -0.000327 -0.006580 0.112775 0.939237 -3.160812 14.773816 12.966238 27.011572 30.258982 28.831718
0.253340 15.023236 -0.000363 -0.007387 0.102043 0.907732 -1.900311 14.942098 12.891262 26.217218 29.244013 27.935703
0.253283 15.077358 -0.000414 -0.007851 0.111343 0.876564 -0.454767 14.923958 12.848265 25.718726 28.239872 27.110372
0.251856 15.068384 -0.000421 -0.007973 0.113173 0.848063 4.950037 14.966021 12.852373 24.504250 27.321661 26.176734
0.245140 15.017460 -0.000430 -0.007776 0.115671 0.816350 3.906627 14.815101 12.825372 22.527505 26.299978 24.971141
0.240318 14.955935 -0.000407 -0.007652 0.115671 0.775537 2.717750 14.742545 12.712372 18.942471 24.985142 23.123649
0.240643 14.920139 -0.000416 -0.007929 0.115671 0.717573 1.321348 14.539944 12.410878 16.016778 23.117738 21.067287
0.237103 14.876659 -0.000437 -0.008855 0.117580 0.650638 -1.192299 14.532293 12.043717 16.450237 20.961319 19.713614
0.232236 14.807150 -0.000511 -0.009924 0.137329 0.604418 1.562895 14.637141 11.930166 14.458502 19.472283 18.139748
0.231645 14.732787 -0.000556 -0.010065 0.149514 0.555050 -0.717643 14.375961 11.777085 11.325678 17.881792 16.165306
0.232290 14.656269 -0.000536 -0.010340 0.149514 0.492621 4.244315 14.313867 11.498355 8.235015 15.870570 13.923068
0.230417 14.542126 -0.000581 -0.010931 0.156113 0.421152 2.952768 14.064788 11.142788 -10.078471 13.568063 6.950033
0.225936 14.355503 -0.000603 -0.011538 0.162227 0.183912 1.215420 12.544294 9.420280 -25.265831 5.925006 -2.756353
0.218948 14.123382 -0.000645 -0.016890 0.173498 -0.156138 -2.781436 12.690815 7.194753 -29.653090 -5.030246 -11.036775
0.202909 13.804831 -0.001123 -0.023739 0.302092 -0.479318 -0.725619 12.567881 5.727598 -31.921189 -15.441990 -17.753827
0.176975 13.330789 -0.001397 -0.027305 0.375706 -0.779311 11.284741 12.516811 5.063613 -32.593942 -25.106717 -22.066619
0.134054 12.571180 -0.001525 -0.026962 0.410047 -0.909707 9.251912 11.967551 5.167245 -34.065070 -29.307623 -24.808460
0.060774 11.487369 -0.001398 -0.022698 0.410047 -0.987890 7.363561 10.692036 5.388069 -34.760089 -31.826418 -26.460367
-0.021816 10.471141 -0.001101 -0.018255 0.410047 -1.032848 5.793318 10.040868 5.642818 -32.824354 -33.274803 -26.051133
-0.087027 9.694133 -0.000921 -0.014550 0.410047 -1.005346 4.800028 9.455678 6.086882 -29.538744 -32.388794 -23.775023
-0.154713 8.897682 -0.000715 -0.010094 0.410047 -0.906996 5.102486 8.697616 6.614293 -27.454232 -29.220298 -21.938514
-0.237119 8.009953 -0.000456 -0.005012 0.410047 -0.868597 6.528168 7.612464 6.906501 -26.717936 -27.983199 -21.301360
-0.322874 7.156423 -0.000177 -0.000898 0.410047 -0.855605 8.514565 6.900947 7.040850 -18.616330 -27.564651 -19.119710
-0.392791 6.480429 -0.000005 0.002013 0.410047 -0.804254 10.262129 6.917422 7.758215 42.869348 -25.910291 -7.022441
-0.447474 5.913128 0.000139 0.006626 0.410047 -0.495136 11.882926 11.054346 13.518360 89.106472 -15.951578 7.089730
-0.483510 5.531354 0.000469 0.028684 0.410047 -0.090612 13.318623 10.193172 21.799871 90.601829 -2.919218 17.649566
-0.480222 5.596018 0.002312 0.058193 0.621733 0.271716 14.293518 10.001359 28.262550 73.173491 8.753769 24.844785
-0.429318 6.151961 0.003663 0.079406 0.985001 0.582196 15.812662 8.640266 31.619314 48.761755 18.756342 28.911590
-0.349640 7.022798 0.004630 0.088334 1.244971 0.797395 17.522855 8.322204 31.753043 46.364751 25.689330 33.251526
-0.256690 8.057969 0.004742 0.085097 1.275088 1.071033 17.949830 9.633567 31.170521 44.424615 34.505009 37.212824
-0.134166 9.355340 0.004381 0.078345 1.275088 1.314888 16.836690 9.990114 29.846359 42.904831 42.361187 37.536846
-0.024103 10.518160 0.004059 0.069414 1.275088 1.318923 13.713355 10.987583 27.960526 41.813244 42.491170 37.135405
0.029957 11.088953 0.003492 0.060591 1.275088 1.301339 10.211434 11.111456 26.214776 39.777351 41.924665 35.950255
0.077625 11.555550 0.003125 0.052646 1.275088 1.260549 3.909694 11.725233 24.563260 38.786165 40.610562 35.114420
0.112544 11.869596 0.002676 0.045587 1.275088 1.238329 -20.312615 11.827404 23.136210 39.930378 39.894703 35.789676
0.146820 12.184073 0.002372 0.039333 1.275088 1.259414 -12.450971 12.472491 22.044080 40.318265 40.573995 36.485153
0.183688 12.787932 0.002024 0.033242 1.275088 1.274941 -1.286428 13.018182 21.096362 38.565193 41.074223 35.907746
0.210119 13.387099 0.001723 0.027686 1.275088 1.228054 92.264716 13.465376 20.108579 37.137729 39.563691 34.676370
0.255382 14.284016 0.001433 0.020918 1.275088 1.190491 81.945190 14.729251 19.316446 34.441646 38.353545 33.344471
0.274896 14.748060 0.001017 0.016407 1.275088 1.146579 72.667651 14.425000 18.521501 29.701063 36.938833 31.522445
0.275039 14.890790 0.000914 0.013039 1.153747 1.082166 64.133476 14.637859 17.532866 28.493788 34.863684 29.871927
0.285411 15.301282 0.000668 0.008014 1.043954 1.027223 56.315166 15.281467 16.759155 31.813579 33.093587 29.210467
0.292814 15.561571 0.000377 0.004301 0.944608 1.001588 49.395982 15.675022 16.528765 32.648919 32.267710 28.832294
0.289323 15.680994 0.000246 0.003045 0.854717 0.985010 43.452722 15.718720 16.476936 30.097727 31.733651 28.135870
0.277809 15.727179 0.000220 0.002693 0.773380 0.955160 38.366974 15.592552 16.260566 8.221503 30.771972 23.631470
0.275236 15.779339 0.000196 0.001728 0.699783 0.801056 34.096039 13.979721 14.263397 -37.303599 25.807285 11.666939
0.278183 15.854827 0.000114 -0.005715 0.633190 0.421059 30.401171 11.900211 8.967840 -47.684002 13.565070 0.424987
0.276081 15.851759 -0.000538 -0.024722 0.572934 0.047736 27.007286 13.719215 4.362448 -50.468314 1.537877 -9.323631
0.263620 15.606429 -0.001837 -0.040381 0.518412 -0.310299 23.877501 12.621283 0.991929 -50.836421 -9.996763 -18.078239
0.236488 15.067214 -0.002307 -0.050549 0.620371 -0.683866 20.949803 13.494169 -1.130331 -38.838361 -22.031811 -23.229200
0.196366 14.311388 -0.002923 -0.055456 0.786081 -0.935620 17.956593 13.512566 -1.038756 -37.115025 -30.142469 -27.008526
0.135620 13.299269 -0.002924 -0.051492 0.786345 -1.072609 14.513056 12.525990 -0.207595 -37.418588 -34.555785 -29.284522
0.042477 12.001241 -0.002573 -0.043846 0.786345 -1.131259 10.921580 11.334008 0.765855 -34.365686 -36.445287 -28.674222
-0.051022 10.850368 -0.002149 -0.036217 0.786345 -1.092523 7.757522 10.643197 1.954047 -32.147602 -35.197345 -27.193725
-0.118461 10.016742 -0.001779 -0.028956 0.786345 -1.019026 5.520226 9.779168 3.023907 -31.126576 -32.829514 -26.182537
-0.193561 9.141297 -0.001395 -0.021970 0.786345 -0.975664 4.556672 8.778186 3.782832 -30.156890 -31.432541 -25.402374
