0.000000 -0.001094 0.000000 0.000000 0.000000 0.000000 0.000000 0.000000 0.000000 10.412259 0.000000 10.412259
0.000000 -0.001933 0.000000 0.000000 0.000000 0.000000 0.000000 0.000000 0.000000 10.411741 0.000000 10.411741
0.000000 0.000041 0.000000 0.000000 0.000000 0.000000 0.000000 0.000000 0.000000 10.411404 0.000000 10.411404
0.000000 0.135035 0.000000 0.000000 0.000000 0.000000 0.000000 0.000000 0.000000 10.411985 0.000000 10.411985
0.000000 0.412676 0.000000 0.000000 0.000000 0.000000 0.000000 0.000000 0.000000 10.411401 0.000000 10.411401
0.000000 0.741125 0.000000 0.000000 0.000000 0.000000 0.000000 0.000000 0.000000 10.411878 0.000000 10.411878
0.000000 0.927366 0.000000 0.000000 0.000000 0.000000 0.000000 0.000000 0.000000 10.413602 0.000000 10.413602
0.000000 0.868625 0.000000 0.000000 0.000000 0.000000 0.000000 0.000000 0.000000 10.415205 0.000000 10.415205
0.000000 0.803574 0.000000 0.000000 0.000000 0.000000 0.000000 0.000000 0.000000 10.414030 0.000000 10.414030
0.000000 0.809568 0.000000 0.000000 0.000000 0.000000 0.000000 0.000000 0.000000 10.418481 0.000000 10.418481
0.000000 0.821921 0.000000 0.000000 0.000000 0.000000 0.000000 0.000000 0.000000 10.425108 0.000000 10.425108
0.000000 0.843433 0.000000 0.000000 0.000000 0.000000 0.000000 0.000000 0.000000 10.419153 0.000000 10.419153
0.000000 0.888088 0.000000 0.000000 0.000000 0.000000 0.000000 0.000000 0.000000 10.413909 0.000000 10.413909
0.000000 0.949593 0.000000 0.000000 0.000000 0.000000 0.000000 0.000000 0.000000 10.399274 0.000000 10.399274
0.557882 1.011592 0.000000 0.000000 0.000000 0.000000 0.000000 0.000000 0.000000 10.376418 0.000000 10.376418
0.430865 1.073554 0.000000 0.000000 0.000000 0.000000 0.000000 0.000000 0.000000 10.378811 0.000000 10.378811
0.305646 1.148546 0.000000 0.000000 0.000000 0.000000 0.000000 0.000000 0.000000 10.384424 0.000000 10.384424
0.201629 1.237965 0.000000 0.000000 0.000000 0.000000 0.000000 0.000000 0.000000 10.393113 0.000000 10.393113
0.123833 1.326667 0.000000 0.000000 0.000000 0.000000 0.000000 0.000000 0.000000 10.403353 0.000000 10.403353
0.078337 1.409640 0.000000 0.000000 0.000000 0.000000 0.000000 0.000000 0.000000 10.405481 0.000000 10.405481
0.061290 1.496621 0.000000 0.000000 0.000000 0.000000 0.000000 0.000000 0.000000 10.401825 0.000000 10.401825
0.079265 1.607719 0.000000 0.000000 0.000000 0.000000 0.000000 0.000000 0.000000 10.392888 0.000000 10.392888
0.079985 1.723791 0.000000 0.000000 0.000000 0.000000 0.000000 0.000000 0.000000 10.402203 0.000000 10.402203
0.064872 1.819908 0.000000 0.000000 0.000000 0.000000 0.000000 0.000000 0.000000 10.417432 0.000000 10.417432
0.070027 1.915303 0.000000 0.000000 0.000000 0.000000 0.000000 0.000000 0.000000 10.416474 0.000000 10.416474
0.077547 2.027796 0.000000 0.000000 0.000000 0.000000 0.000000 0.000000 0.000000 10.421892 0.000000 10.421892
0.086598 2.134517 0.000000 0.000000 0.000000 0.000000 0.000000 0.000000 0.000000 10.421736 0.000000 10.421736
0.090608 2.224769 0.000000 0.000000 0.000000 0.000000 0.000000 0.000000 0.000000 10.414044 0.000000 10.414044
0.082863 2.320444 0.000000 0.000000 0.000000 0.000000 0.000000 0.000000 0.000000 10.418057 0.000000 10.418057
0.068697 2.414571 0.000000 0.000000 0.000000 0.000000 0.000000 0.000000 0.000000 10.423358 0.000000 10.423358
0.053408 2.497379 0.000000 0.000000 0.000000 0.000000 0.000000 0.000000 0.000000 10.421008 0.000000 10.421008
0.050908 2.586992 0.000000 0.000000 0.000000 0.000000 0.000000 0.000000 0.000000 10.412340 0.000000 10.412340
0.045029 2.684206 0.000000 0.000000 0.000000 0.000000 0.000000 0.000000 0.000000 10.413805 0.000000 10.413805
0.033287 2.780655 0.000000 0.000000 0.000000 0.000000 0.000000 0.000000 0.000000 10.418746 0.000000 10.418746
0.027753 2.872508 0.000000 0.000000 0.000000 0.000000 0.000000 0.000000 0.000000 10.414793 0.000000 10.414793
0.027039 2.969675 0.000000 0.000000 0.000000 0.000000 0.000000 0.000000 0.000000 10.413068 0.000000 10.413068
0.029629 3.073623 0.000000 0.000000 0.000000 0.000000 0.000000 0.000000 0.000000 10.409651 0.000000 10.409651
0.024281 3.168021 0.000000 0.000000 0.000000 0.000000 0.000000 0.000000 0.000000 10.412386 0.000000 10.412386
0.016794 3.267910 0.000000 0.000000 0.000000 0.000000 0.000000 0.000000 0.000000 10.424088 0.000000 10.424088
0.016904 3.366899 0.000000 0.000000 0.000000 0.000000 0.000000 0.000000 0.000000 10.424195 0.000000 10.424195
0.019931 3.462103 0.000000 0.000000 0.000000 0.000000 0.000000 0.000000 0.000000 10.419937 0.000000 10.419937
0.024250 3.562404 0.000000 0.000000 0.000000 0.000000 0.000000 0.000000 0.000000 10.415175 0.000000 10.415175
0.024594 3.653204 0.000000 0.000000 0.000000 0.000000 0.000000 0.000000 0.000000 10.408343 0.000000 10.408343
0.078234 3.977172 0.000000 0.000000 0.000000 0.000000 0.000000 0.000000 0.000000 10.408796 0.000000 10.408796
0.066469 4.043716 0.000000 0.000000 0.000000 0.000000 0.000000 0.000000 0.000000 10.416305 0.000000 10.416305
0.002338 3.881902 0.000000 0.000000 0.000000 0.000000 0.000000 3.881902 3.881902 10.417720 0.000000 10.417720
-0.000460 3.967125 0.000000 -0.000338 0.000000 0.436603 0.000000 4.851099 4.706221 10.417778 14.065834 10.417778
0.006329 4.077899 -0.000032 0.002491 0.008644 0.208248 0.000640 3.173665 -881.757413 10.411652 6.709047 10.411652
0.010034 4.175448 0.000263 -3.511660 0.070602 0.320385 0.351584 5.266820 -792.874181 10.404327 10.321690 10.404327
0.005762 4.270767 -0.000140 -3.159723 0.070602 0.269305 -0.369178 3.480395 -713.153215 10.412549 8.676088 10.412549
0.007847 4.378507 0.000249 -2.844152 0.070602 0.289482 0.228571 5.232976 -641.264063 16.722759 9.326100 16.722759
0.010836 4.482455 -0.000114 -2.559610 0.070602 0.550906 -1.079657 4.461260 -576.110190 16.504517 17.748291 16.504517
0.010991 4.580670 0.000180 -2.301742 0.070602 0.446353 -0.707203 4.578800 -518.138502 16.354808 14.379945 16.354808
0.023385 4.730023 0.000118 -2.072546 0.070602 0.475145 -0.170987 5.005649 -465.697001 16.138068 15.307525 16.138068
0.035572 4.874933 0.000050 -1.865253 0.070602 0.457212 2.031977 4.835398 -418.574769 15.886051 14.729787 15.886051
0.036050 4.975393 0.000094 -1.678868 0.070602 0.453710 1.675459 5.177935 -376.129208 15.745789 14.616981 15.745789
0.038835 5.103419 0.000033 -1.511130 0.070602 0.448253 1.343400 5.132201 -337.917550 15.611064 14.441185 15.611064
0.045578 5.254748 0.000058 -1.360266 0.070602 0.442625 0.855568 5.444397 -303.508708 15.294317 14.259858 15.294317
0.048758 5.405059 0.000006 -1.224472 0.070602 0.429631 0.114431 5.454595 -272.536325 14.963072 13.841227 14.963072
0.052238 5.565779 0.000020 -1.102341 0.063883 0.417402 -4.301429 5.742576 -244.638264 14.565884 13.447274 14.565884
0.069162 5.805207 -0.000024 -0.992708 0.057804 0.400976 -3.777894 5.942909 -219.506320 14.021798 12.918067 14.021798
0.056308 5.903026 -0.000045 -0.893477 0.052303 0.381583 -3.345767 5.957552 -196.878954 13.604969 12.293290 13.604969
0.026791 5.929926 -0.000026 -0.803894 0.047326 0.364650 -2.997463 6.010542 -176.495350 13.372183 11.747782 13.372183
0.040603 6.204415 -0.000013 -0.724185 0.042822 0.350654 -2.669253 6.486718 -158.098169 12.978363 11.296876 12.978363
0.028243 6.293774 -0.000085 -0.651617 0.038747 0.335697 -2.341091 6.271093 -141.527300 12.404101 10.815007 12.404101
-0.004241 6.248205 -0.000004 -0.585752 0.035060 0.318780 -2.055798 6.354334 -126.625310 11.884342 10.269981 11.884342
-0.010109 6.362947 0.000005 -0.527139 0.031724 0.303088 -1.819640 6.496256 -113.200066 11.400210 9.764438 11.400210
-0.012704 6.498579 0.000001 -0.474461 0.028705 0.289232 -1.623524 6.628533 -101.102107 10.992786 9.318059 10.992786
-0.012609 6.632727 0.000000 -0.427039 0.025973 0.278026 -1.456535 6.767227 -90.197478 10.649594 8.957047 10.649594
-0.010756 6.757695 -0.000001 -0.384311 0.023501 0.270499 -1.304581 6.882610 -80.369420 10.403168 8.714553 10.403168
0.010040 7.012086 0.000002 -0.346363 0.021265 0.265651 -1.169459 7.247901 -71.499036 10.241949 8.558362 10.241949
0.008737 7.102412 -0.000047 -0.311560 0.019241 0.264595 -1.039320 7.117860 -63.507052 9.999868 8.524352 9.999868
-0.009062 7.076713 0.000013 -0.279780 0.017410 0.262390 -0.923467 7.159341 -56.333130 9.833000 8.453314 9.833000
-0.006169 7.196898 0.000027 -0.251820 0.015753 0.260197 -0.825959 7.334985 -49.872086 9.802853 8.382654 9.802853
-0.003678 7.305498 0.000010 -0.226640 0.014254 0.261355 -0.726361 7.393122 -44.043114 9.745945 8.419968 9.745945
-0.000657 7.401001 0.000020 -0.203914 0.012898 0.262389 -0.618455 7.511138 -38.794867 9.571998 8.453280 9.571998
0.001543 7.495452 0.000015 -0.183486 0.011670 0.260862 -0.511678 7.570509 -34.078230 9.492540 8.404075 9.492540
0.003409 7.590095 0.000020 -0.165165 0.010560 0.260135 -0.423025 7.691000 -29.826162 9.347658 8.380664 9.347658
0.004026 7.675563 0.000011 -0.148649 0.009555 0.257803 -0.338272 7.738938 -26.000265 9.289096 8.305517 9.239036
0.002594 7.750757 0.000015 -0.133782 0.008646 0.256336 -0.276103 7.837234 -22.548140 9.481990 8.258271 9.327343
0.020726 7.966366 0.000010 -0.120953 0.007823 0.260746 -0.195648 8.165500 -19.400862 9.329969 8.400354 9.200055
0.015574 7.990856 -0.000040 -0.108575 0.010779 0.259169 -0.080164 7.923938 -16.588893 9.062727 8.349536 8.951726
-0.003732 7.894464 0.000030 -0.097047 0.010779 0.254011 0.223581 7.926735 -14.084709 8.744356 8.183358 8.644739
0.039015 8.299452 0.000038 -0.088726 0.010779 0.246025 0.123714 8.641557 -11.802362 8.326198 7.926073 8.248598
0.032163 8.300794 -0.000106 -0.079685 0.028582 0.235884 0.065390 8.059517 -9.760713 8.071438 7.599375 7.958432
-0.007109 8.014983 0.000032 -0.070459 0.028582 0.229374 -0.102339 8.016323 -7.946177 7.674112 7.389627 7.594996
-0.001050 8.093988 0.000046 -0.063580 0.028582 0.220638 -0.108751 8.178398 -6.319883 7.305038 7.108211 7.240976
0.002777 8.165731 0.000012 -0.057418 0.028582 0.211541 -0.381863 8.171011 -4.855908 7.096615 6.815126 7.001817
0.005666 8.220532 0.000016 -0.051832 0.028582 0.205688 -0.437854 8.282191 -3.526221 6.689259 6.626563 6.649253
0.006023 8.262580 -0.000004 -0.046728 0.028582 0.195939 -0.484592 8.251801 -2.342431 6.478653 6.312483 6.407102
0.005768 8.301997 0.000004 -0.042192 0.028582 0.188849 -0.539923 8.355167 -1.264976 6.248948 6.084066 6.173275
0.007688 8.349441 -0.000016 -0.038110 0.028582 0.182090 -0.564636 8.357772 -0.290622 5.932438 5.866321 5.882205
0.008208 8.397580 -0.000012 -0.034438 0.028582 0.173334 -0.604437 8.434603 0.583375 5.714687 5.584220 5.644120
0.007093 8.435655 -0.000026 -0.031125 0.028582 0.165569 -0.628264 8.446712 1.378820 4.918898 5.334057 5.013612
0.001631 8.465219 -0.000024 -0.028089 0.028582 0.144598 -0.597210 8.447513 2.054949 4.425577 4.658460 4.478255
-0.005417 8.484122 -0.000029 -0.025484 0.025862 0.125015 -0.518355 8.495172 2.679630 4.155749 4.027551 4.103895
-0.009403 8.497469 -0.000040 -0.023061 0.023401 0.112069 -0.315642 8.509346 3.271453 3.518105 3.610489 3.531345
-0.012802 8.512080 -0.000037 -0.020773 0.021174 0.093963 0.063969 8.507033 3.788281 3.057941 3.027156 3.036719
-0.013595 8.523661 -0.000034 -0.018770 0.019159 0.080079 -1.699416 8.539374 4.264230 2.304839 2.579855 2.378197
-0.015308 8.536529 -0.000037 -0.016935 0.017336 0.061463 -1.470258 8.512718 4.669924 1.651835 1.980125 1.751344
-0.015463 8.550811 -0.000033 -0.015383 0.015686 0.043086 -1.277449 8.555577 5.032304 0.966423 1.388075 1.105924
-0.013941 8.555488 -0.000044 -0.013965 0.014193 0.025485 -1.109799 8.522399 5.351604 0.393505 0.821040 0.548284
-0.014009 8.548342 -0.000040 -0.012671 0.012843 0.010501 -0.978720 8.535617 5.637798 0.017935 0.338296 0.152212
-0.014152 8.536643 -0.000046 -0.011490 0.012290 0.000634 -0.867912 8.512377 5.902596 -0.717456 0.020422 -0.444288
-0.017432 8.507948 -0.000042 -0.010327 0.012290 -0.016845 -0.777812 8.446623 6.105349 -1.382251 -0.542686 -1.055755
0.028083 8.889439 -0.000036 -0.011036 0.012290 -0.034610 -0.705504 9.177947 6.318013 -2.119418 -1.115013 -1.714210
0.017044 8.754542 -0.000200 -0.009658 0.053695 -0.053903 -0.645780 8.337165 6.483012 -2.830593 -1.736556 -2.367579
-0.034641 8.271155 -0.000021 -0.007088 0.053695 -0.074688 -0.619443 8.132675 6.576154 -3.292704 -2.406203 -2.856558
-0.029254 8.261997 0.000006 -0.006682 0.053695 -0.087853 -0.652787 8.296034 6.675318 -3.843344 -2.830317 -3.350644
-0.025590 8.241656 -0.000043 -0.006209 0.053695 -0.101046 -0.738291 8.118825 6.752623 -4.333840 -3.255358 -3.798139
-0.026641 8.214312 -0.000019 -0.005794 0.053695 -0.114580 -0.880720 8.206247 6.814337 -4.504414 -3.691365 -4.015923
-0.032460 8.163468 -0.000053 -0.005348 0.053695 -0.123034 -0.962036 8.065576 6.885582 -4.690878 -3.963735 -4.209811
-0.039964 8.094986 -0.000032 -0.004794 0.053695 -0.131620 -0.918754 8.061572 6.949581 -4.975129 -4.240329 -4.480397
-0.048074 8.015524 -0.000040 -0.004225 0.053695 -0.142478 -0.761250 7.921144 6.998634 -5.325902 -4.590146 -4.819508
-0.058051 7.925239 -0.000019 -0.003673 0.053695 -0.155146 -0.500538 7.870899 7.033678 -5.825092 -4.998258 -5.287398
-0.068515 7.838835 -0.000018 -0.003191 0.053695 -0.172171 -0.107234 7.748436 7.049446 -6.280108 -5.546772 -5.747940
-0.078650 7.750722 -0.000005 -0.002780 0.053695 -0.188981 1.509050 7.695124 7.062147 -6.769338 -6.088333 -6.237457
-0.088976 7.657117 -0.000005 -0.002358 0.048586 -0.205530 1.244398 7.573383 7.068315 -7.271493 -6.621465 -6.737755
-0.096311 7.590110 0.000010 -0.002068 0.043962 -0.221883 1.007933 7.552589 7.069592 -7.804904 -7.148302 -7.264609
-0.094487 7.592480 0.000003 -0.002073 0.039779 -0.238368 0.805780 7.572975 7.070463 -8.272991 -7.679406 -7.737059
-0.087027 7.627078 -0.000013 -0.002206 0.035993 -0.251975 0.640345 7.623877 7.079642 -8.555689 -8.117757 -8.043131
-0.085548 7.616023 -0.000032 -0.002126 0.032568 -0.259781 0.508850 7.575445 7.098986 -8.618908 -8.369264 -8.141526
-0.086357 7.587742 -0.000026 -0.001937 0.029469 -0.261440 0.363691 7.578031 7.128313 -8.525060 -8.422693 -8.082692
-0.083421 7.568901 -0.000028 -0.001746 0.026664 -0.257490 0.073638 7.553580 7.164355 -8.405162 -8.295446 -7.977774
-0.079921 7.544572 -0.000022 -0.001507 0.024127 -0.250709 -1.776664 7.528774 7.193785 -8.343050 -8.076969 -7.904957
-0.076574 7.512947 -0.000017 -0.001265 0.021831 -0.245456 -1.513586 7.479448 7.204865 -8.430182 -7.907739 -7.958051
-0.072102 7.477076 -0.000009 -0.001079 0.019753 -0.244062 -1.268608 7.434266 7.191174 -8.557235 -7.862841 -8.054376
-0.068514 7.431453 -0.000007 -0.000952 0.017874 -0.244118 -1.059803 7.374826 7.160825 -8.376791 -7.864642 -7.894495
-0.060768 7.388704 -0.000005 -0.000903 0.016173 -0.235691 -0.893061 7.359702 7.143507 -8.129716 -7.593170 -7.641973
-0.051361 7.342804 -0.000010 -0.000790 0.014634 -0.222813 -0.761891 7.287270 7.121421 -7.768171 -7.178260 -7.269134
-0.046110 7.287479 -0.000003 -0.000658 0.013241 -0.207419 -0.685089 7.241452 7.091832 -7.267091 -6.682327 -6.764583
-0.040441 7.249206 -0.000003 -0.000624 0.011981 -0.190109 -0.637709 7.209617 7.061777 -6.875316 -6.124669 -6.341200
-0.033268 7.218830 -0.000005 -0.000623 0.010841 -0.177069 -0.597997 7.167418 7.018700 -6.533893 -5.704568 -5.976119
-0.027323 7.180244 -0.000008 -0.000640 0.009809 -0.166330 -0.560880 7.125561 6.969911 -6.069403 -5.358567 -5.518874
-0.019000 7.138511 -0.000012 -0.000668 0.008876 -0.152561 -0.528478 7.093206 6.931107 -5.667027 -4.915002 -5.101758
-0.008996 7.101810 -0.000016 -0.000677 0.008031 -0.138546 -0.497586 7.049803 6.889287 -5.164111 -4.463463 -4.599024
-0.004372 7.051838 -0.000018 -0.000644 0.007267 -0.122847 -0.490388 6.998599 6.850675 -4.338383 -3.957718 -3.822723
-0.000165 7.000086 -0.000017 -0.000592 0.006575 -0.099331 -0.477282 6.971467 6.835807 -3.683101 -3.200101 -3.156264
0.004216 6.959034 -0.000016 -0.000488 0.005950 -0.079707 -0.445587 6.911264 6.810307 -3.023533 -2.567897 -2.503265
0.007366 6.914925 -0.000010 -0.000415 0.005383 -0.061334 -0.405583 6.882173 6.785089 -2.349930 -1.975987 -1.845465
0.013496 6.905033 -0.000010 -0.000475 0.004871 -0.042841 -0.349680 6.894039 6.767800 -1.889541 -1.380186 -1.371074
0.009921 6.849477 -0.000018 -0.000324 0.004769 -0.031853 -0.287203 6.773942 6.736081 -1.525813 -1.026188 -1.009195
0.000720 6.762282 0.000001 -0.000104 0.004769 -0.025010 -0.213938 6.713830 6.699576 -1.148812 -0.805735 -0.655304
0.048573 7.052995 0.000005 -0.001401 0.004769 -0.016278 -0.114052 7.297461 6.708052 -0.884869 -0.524412 -0.396152
0.044011 6.951155 -0.000123 -0.000964 0.033163 -0.008822 0.071903 6.645884 6.704136 -0.793431 -0.284224 -0.291787
-0.005127 6.568811 0.000019 0.000536 0.033163 -0.006008 -1.637178 6.467278 6.650728 -0.606593 -0.193548 -0.115482
-0.003188 6.548002 0.000046 0.000407 0.033163 -0.001390 -1.443708 6.580237 6.608110 -0.410283 -0.044777 0.071778
0.017342 6.629365 0.000011 -0.000084 0.033163 0.004405 -1.285251 6.640045 6.581614 -0.369075 0.141921 0.123505
0.018249 6.583916 -0.000008 -0.000009 0.033163 0.006594 -1.168295 6.498998 6.541828 -0.329293 0.212429 0.167344
0.002218 6.449550 0.000014 0.000366 0.033163 0.007217 -1.123440 6.367570 6.490179 -0.181694 0.232498 0.304399
-0.000768 6.422597 0.000031 0.000268 0.033163 0.009674 -1.117873 6.434183 6.450986 2.113333 0.311660 2.380953
-0.002083 6.403487 0.000007 0.000188 0.033163 0.074550 -1.091403 6.520017 6.587323 2.686912 2.401756 2.997275
-0.000130 6.393598 0.000018 0.000768 0.033163 0.092629 -0.988392 6.314793 6.590280 3.357104 2.984176 3.630899
0.004227 6.386192 0.000064 0.000809 0.033163 0.112555 -0.841690 6.472515 6.599075 4.050934 3.626124 4.289328
0.008705 6.384717 0.000031 0.000850 0.033163 0.134642 -0.643388 6.347745 6.610905 4.772272 4.337702 4.978262
0.014620 6.397684 0.000061 0.000845 0.030007 0.157025 -0.419809 6.471665 6.623614 5.461482 5.058818 5.639546
0.021118 6.435479 0.000037 0.000746 0.027151 0.178119 -0.126284 6.438062 6.636332 6.253273 5.738397 6.394693
0.035723 6.511296 0.000047 0.000496 0.024568 0.200866 0.624714 6.610203 6.664148 7.013369 6.471197 7.121433
0.047849 6.571061 0.000015 0.000369 0.022230 0.225063 0.373177 6.582205 6.697296 7.762347 7.250756 7.841705
0.055176 6.629615 0.000028 0.000268 0.020114 0.246867 0.105225 6.707605 6.730590 8.603964 7.953206 8.644762
0.070904 6.743506 0.000008 -0.000051 0.018200 0.271256 -0.790069 6.823188 6.782841 9.227233 8.738929 9.247300
0.145001 7.335433 -0.000007 -0.002190 0.016468 0.288816 -0.599839 7.783468 6.876339 9.704012 9.304650 9.706635
0.148920 7.383730 -0.000199 -0.002011 0.053592 0.301438 -0.426203 7.095214 6.958351 10.100756 9.711297 10.085008
0.106469 7.067422 -0.000030 -0.000432 0.053592 0.310823 0.147465 7.075686 6.999756 10.585965 10.013649 10.537360
0.125620 7.274419 -0.000016 -0.001089 0.053592 0.321894 -1.069880 7.478222 7.072040 11.066952 10.370311 10.982350
0.128023 7.381948 -0.000090 -0.001228 0.053592 0.331275 -0.757156 7.359481 7.157584 11.572335 10.672536 11.438323
0.119685 7.339491 -0.000045 -0.000721 0.053592 0.341569 -0.268341 7.393961 7.246236 11.647789 11.004165 11.503728
0.112563 7.301400 -0.000033 -0.000219 0.053592 0.344702 1.291717 7.277752 7.302154 11.833301 11.105103 11.656513
0.148153 7.605192 0.000005 -0.001201 0.053592 0.350091 0.946259 7.924167 7.389482 11.702415 11.278732 11.531503
0.147122 7.565262 -0.000119 -0.000697 0.053592 0.352019 0.646755 7.311316 7.440238 11.125273 11.340854 11.007459
0.102900 7.283491 0.000028 0.000621 0.053592 0.336964 0.980529 7.244348 7.407681 11.143305 10.855823 10.984455
0.096105 7.334844 0.000036 0.000289 0.053592 0.330902 1.448128 7.429753 7.422910 10.816499 10.660535 10.668090
0.089547 7.378441 -0.000002 0.000176 0.053592 0.315869 1.683718 7.349605 7.430676 10.067180 10.176225 9.954818
0.079752 7.409482 0.000018 0.000084 0.048492 0.287942 1.905477 7.448845 7.420018 9.790346 9.276490 9.595007
0.072414 7.465207 -0.000007 -0.000179 0.043878 0.272745 2.039249 7.518537 7.464776 9.583489 8.786904 9.326853
0.069688 7.565312 -0.000012 -0.000399 0.039702 0.260771 2.079488 7.665112 7.537209 9.404953 8.401141 9.085999
0.055647 7.603412 -0.000029 -0.000262 0.035924 0.250787 2.037112 7.632660 7.622436 9.408670 8.079507 8.994326
0.032709 7.610669 -0.000003 0.000047 0.032505 0.244245 1.921698 7.697161 7.725345 9.463253 7.868721 8.948864
0.016746 7.678828 0.000006 0.000184 0.029412 0.238774 1.722404 7.789027 7.845558 9.477840 7.692468 8.867645
0.002502 7.751171 0.000012 0.000374 0.026613 0.233271 1.450900 7.860696 7.975929 9.670340 7.515206 8.911553
-0.006167 7.825278 0.000025 0.000597 0.024081 0.234360 1.116080 7.965709 8.129630 9.864122 7.550284 8.998393
-0.005947 7.914745 0.000036 0.000852 0.021789 0.240588 0.714010 8.055168 8.289335 9.810594 7.750932 8.942873
-0.004463 8.016348 0.000052 0.001082 0.019715 0.245047 0.219949 8.146581 8.423325 9.611826 7.894560 8.781122
-0.001022 8.130797 0.000062 0.001160 0.017839 0.245578 -0.845200 8.252646 8.528549 9.198414 7.911683 8.448871
0.003575 8.238691 0.000062 0.001149 0.016625 0.240563 -0.572422 8.328289 8.600325 8.920821 7.750109 8.179820
0.006739 8.327112 0.000061 0.001083 0.016625 0.236990 -0.359258 8.417847 8.664680 8.833038 7.634988 8.063390
0.011778 8.408925 0.000056 0.001014 0.016625 0.238437 -0.189854 8.495604 8.732922 8.543984 7.681608 7.855530
0.013892 8.482266 0.000054 0.000994 0.016625 0.236358 -0.125314 8.539126 8.775388 8.331109 7.614633 7.679194
0.012804 8.553950 0.000054 0.000878 0.016625 0.232981 -0.296108 8.621915 8.809351 8.141619 7.505863 7.511958
0.015954 8.633921 0.000043 0.000695 0.016625 0.228546 -0.355568 8.693311 8.841593 7.619060 7.362963 7.109820
0.019976 8.714836 0.000034 0.000502 0.016625 0.217383 -0.378553 8.752110 8.848972 7.265908 7.003335 6.766640
0.022146 8.781483 0.000023 0.000268 0.016625 0.207504 -0.430982 8.825543 8.862784 6.981405 6.685061 6.482428
0.025228 8.829330 0.000010 0.000133 0.016625 0.200181 -0.467617 8.855566 8.882645 6.356224 6.449151 5.994069
0.020911 8.868524 0.000007 0.000056 0.016625 0.185738 -0.538392 8.871614 8.873956 6.724270 5.983830 6.106584
0.014463 8.903057 0.000002 -0.000115 0.016625 0.187302 -0.604491 8.986194 8.934849 7.149606 6.034221 6.398755
0.008504 8.931609 -0.000010 0.000013 0.015043 0.195108 -0.563129 8.975286 9.021869 7.201016 6.285720 6.501965
0.003119 8.976063 0.000011 0.000182 0.013612 0.196248 -0.464404 9.048361 9.088964 7.588861 6.322438 6.755777
0.002519 9.034534 0.000010 0.000216 0.012316 0.203370 -0.292049 9.122643 9.182693 7.270903 6.551890 6.612593
0.003100 9.088852 0.000014 0.000372 0.011144 0.199202 -0.025233 9.118123 9.229613 6.809523 6.417589 6.266216
0.003794 9.145583 0.000026 0.000333 0.010084 0.188878 1.953630 9.198242 9.251902 6.545937 6.084988 5.984719
0.003795 9.198641 0.000013 0.000211 0.009124 0.181135 1.746288 9.235056 9.282672 6.215500 5.835549 5.688835
0.002245 9.239347 0.000011 0.000172 0.008256 0.172718 1.571182 9.272533 9.308093 6.332949 5.564387 5.668941
0.001460 9.277006 0.000009 0.000123 0.007470 0.173015 1.423011 9.340769 9.365169 6.562574 5.573959 5.811189
0.001410 9.316018 0.000006 0.000195 0.006759 0.178948 1.292937 9.373633 9.437671 6.642335 5.765100 5.921655
-0.001277 9.354742 0.000015 0.000329 0.006116 0.183166 1.178230 9.408323 9.498073 7.145326 5.900986 6.277781
-0.005631 9.399111 0.000021 0.000392 0.005559 0.193899 1.072438 9.489183 9.585619 7.844180 6.246760 6.824530
-0.006645 9.438620 0.000022 0.000583 0.005964 0.210602 0.963903 9.523262 9.696011 7.725855 6.784885 6.929419
-0.004402 9.475456 0.000039 0.000874 0.010525 0.215176 0.847493 9.510897 9.747641 7.121073 6.932227 6.607874
0.000145 9.520182 0.000053 0.000902 0.014372 0.207077 0.720392 9.542399 9.739684 6.363595 6.671318 6.060111
0.003905 9.574890 0.000045 0.000653 0.014372 0.191967 0.613178 9.576785 9.699107 5.892070 6.184517 5.611696
0.002448 9.620536 0.000028 0.000311 0.014372 0.177945 0.584999 9.632636 9.668349 6.372977 5.732766 5.750377
0.000160 9.647503 0.000009 0.000083 0.014372 0.181509 0.587766 9.709531 9.716398 6.817966 5.847588 6.062710
-0.000925 9.668219 0.000003 0.000191 0.014372 0.191222 0.564559 9.711158 9.787569 7.195220 6.160523 6.403987
0.000673 9.711142 0.000018 0.000303 0.014372 0.202332 0.512656 9.792155 9.860952 7.687428 6.518457 6.830506
0.003915 9.759260 0.000016 0.000403 0.014372 0.216693 0.427539 9.824484 9.942323 7.781914 6.981101 7.058827
0.005887 9.810251 0.000027 0.000524 0.014372 0.224715 0.312100 9.861576 9.991827 7.747884 7.239553 7.139788
0.007937 9.866922 0.000030 0.000495 0.014372 0.226970 0.184988 9.911006 10.019143 7.436510 7.312208 6.989850
0.013850 9.923020 0.000025 0.000381 0.014372 0.222437 0.030664 9.942365 10.019265 6.867523 7.166149 6.608691
0.020031 9.962473 0.000018 0.000225 0.014372 0.211897 0.123560 9.955175 9.990200 6.567409 6.826599 6.319094
0.019545 9.986622 0.000009 0.000014 0.013004 0.203816 0.513521 9.991483 9.969546 7.263325 6.566263 6.648861
0.018487 10.011348 -0.000004 -0.000166 0.011766 0.213412 0.601144 10.081826 10.028312 7.830781 6.875417 7.106410
0.018219 10.047532 -0.000011 -0.000076 0.010647 0.227242 0.622732 10.094910 10.105047 8.149728 7.320954 7.466582
0.016017 10.095841 0.000003 0.000036 0.009634 0.236353 0.614922 10.161485 10.169027 8.982291 7.614491 8.067612
0.020082 10.205976 0.000002 -0.000146 0.008717 0.252948 0.567044 10.348679 10.279832 9.200917 8.149101 8.397556
0.019268 10.243513 -0.000015 0.000144 0.007887 0.261516 0.484394 10.241747 10.358566 8.618533 8.425141 8.166607
0.013608 10.229487 0.000026 0.000512 0.007137 0.253488 0.390179 10.234824 10.360803 8.327541 8.166502 7.901699
0.017352 10.329081 0.000029 0.000126 0.007668 0.244132 0.320376 10.417098 10.370241 8.525685 7.865098 7.898111
0.014767 10.373682 -0.000010 -0.000014 0.007668 0.243233 0.264284 10.390679 10.422315 8.961677 7.836145 8.131201
0.007603 10.375648 0.000008 0.000185 0.007668 0.249564 0.204278 10.451761 10.505787 9.344697 8.040079 8.421871
0.005347 10.424512 0.000013 0.000322 0.007668 0.258044 0.098735 10.504875 10.599822 9.633716 8.313291 8.685736
0.005362 10.484152 0.000022 0.000458 0.007668 0.266134 -0.149295 10.570974 10.691656 9.595541 8.573910 8.762579
0.005150 10.551965 0.000027 0.000554 0.007668 0.268743 0.043596 10.616760 10.757689 9.772451 8.657975 8.888912
0.004684 10.614197 0.000032 0.000569 0.008583 0.272688 -0.475814 10.699419 10.830613 9.790202 8.785060 8.945028
0.003914 10.669608 0.000030 0.000638 0.008583 0.274893 -0.372600 10.724470 10.893223 9.473524 8.856116 8.797055
0.004901 10.736509 0.000038 0.000621 0.010285 0.270271 -0.276144 10.794488 10.925900 8.959364 8.707206 8.452850
0.007382 10.796358 0.000030 0.000513 0.010285 0.260323 -0.166540 10.817600 10.932692 8.438191 8.386728 8.035961
0.007195 10.834535 0.000027 0.000389 0.010285 0.248322 -0.109016 10.852113 10.926906 8.449559 8.000074 7.880435
0.006497 10.872768 0.000018 0.000215 0.010285 0.244437 -0.167882 10.924491 10.956691 8.577368 7.874913 7.896677
0.005808 10.902310 0.000008 0.000216 0.010285 0.245795 -0.234202 10.939573 11.006261 8.580488 7.918671 7.917673
0.007087 10.942646 0.000016 0.000252 0.010285 0.247516 -0.272352 10.996931 11.051726 8.694812 7.974117 8.004569
0.010966 11.000243 0.000013 0.000204 0.010285 0.251553 -0.302570 11.059329 11.103014 8.837539 8.104172 8.139923
0.013820 11.047855 0.000011 0.000219 0.010285 0.257363 -0.323314 11.096104 11.154927 8.970973 8.291349 8.296813
0.014592 11.090069 0.000014 0.000257 0.010285 0.263079 -0.343961 11.138461 11.201661 9.081449 8.475518 8.441645
0.013814 11.136267 0.000015 0.000259 0.010285 0.267252 -0.352423 11.181961 11.242571 9.282901 8.609939 8.613048
0.012825 11.184435 0.000014 0.000230 0.010285 0.271261 -0.339462 11.239112 11.289457 9.494509 8.739112 8.785339
0.012045 11.233439 0.000012 0.000222 0.009307 0.275347 -0.290674 11.288055 11.343009 9.842284 8.870733 9.027622
0.012682 11.275793 0.000013 0.000266 0.008421 0.282137 -0.209172 11.342064 11.412368 9.567764 9.089484 8.982145
0.011491 11.311120 0.000016 0.000401 0.007620 0.280619 -0.093367 11.323819 11.439697 9.636695 9.040580 8.999423
0.010178 11.358147 0.000026 0.000323 0.007119 0.280218 0.048994 11.432291 11.478223 10.023278 9.027668 9.194386
0.010875 11.411010 0.000011 0.000266 0.007119 0.286231 -0.246538 11.471950 11.549466 9.988412 9.221389 9.262808
0.013777 11.481504 0.000018 0.000269 0.007119 0.288400 -0.162668 11.549212 11.602734 6.657952 9.291244 7.590544
0.015988 11.529539 0.000013 0.000290 0.007119 0.234736 -0.056380 11.307591 11.389206 7.374863 7.562390 7.191907
0.015253 11.548433 0.000019 -0.000631 0.007119 0.222857 0.166697 11.726420 11.390443 6.579046 7.179674 6.616334
0.012541 11.553526 -0.000074 -0.000646 0.019833 0.204904 0.140158 11.368176 11.359717 6.274972 6.601293 6.204109
0.010786 11.560138 -0.000002 -0.000794 0.019833 0.191920 0.214658 11.688154 11.354206 6.157103 6.183018 5.956975
0.011617 11.599249 -0.000074 -0.000971 0.019840 0.184466 0.303607 11.526096 11.376681 6.147444 5.942865 5.844092
0.011962 11.641797 -0.000033 -0.001051 0.019840 0.180863 0.359164 11.750378 11.419213 6.047091 5.826794 5.740643
0.011142 11.668914 -0.000074 -0.000990 0.019840 0.177420 0.362806 11.620994 11.461434 5.438234 5.715865 5.383757
0.007291 11.686292 -0.000036 -0.000891 0.019840 0.165319 0.342329 11.716790 11.462179 5.095988 5.325994 5.033490
0.003323 11.700064 -0.000057 -0.000943 0.019840 0.152660 0.313922 11.668672 11.467956 4.674617 4.918196 4.632876
0.001208 11.713752 -0.000045 -0.000974 0.019840 0.139198 0.256583 11.730742 11.473461 4.264072 4.484485 4.224225
0.000469 11.724303 -0.000058 -0.000994 0.019840 0.126363 0.214008 11.701891 11.481285 4.231117 4.070972 4.011288
-0.000087 11.719082 -0.000050 -0.000943 0.019840 0.121084 0.201125 11.745376 11.517606 4.040625 3.900899 3.833959
-0.003982 11.704422 -0.000052 -0.000741 0.019840 0.116842 0.252688 11.682601 11.547229 4.368890 3.764260 3.931601
-0.008718 11.686337 -0.000031 -0.000551 0.019840 0.120310 0.308367 11.736673 11.608488 4.853224 3.875981 4.221743
-0.011089 11.678230 -0.000030 -0.000276 0.019840 0.130186 0.257025 11.708001 11.691988 4.900133 4.194134 4.387329
-0.010650 11.680663 -0.000005 0.000045 0.017952 0.136417 0.085229 11.714078 11.746142 4.549245 4.394895 4.302269
-0.007625 11.689341 0.000006 0.000225 0.016244 0.135706 -0.516903 11.681639 11.752548 3.847908 4.371978 3.944861
-0.004917 11.708605 0.000015 0.000174 0.014698 0.126098 -0.395365 11.689138 11.707115 3.528274 4.062455 3.650648
-0.003197 11.730848 0.000003 -0.000094 0.013299 0.117514 -0.326909 11.722384 11.667657 3.694464 3.785906 3.613115
-0.002395 11.742016 -0.000013 -0.000295 0.012034 0.116554 -0.305176 11.750561 11.667932 4.268708 3.754956 3.889781
-0.000379 11.749094 -0.000019 -0.000322 0.010889 0.125704 -0.289471 11.788151 11.716280 4.636656 4.049743 4.214246
0.002517 11.744707 -0.000017 -0.000113 0.009852 0.137222 -0.249889 11.755912 11.765083 4.642427 4.420810 4.396788
0.021707 11.953754 0.000001 -0.000748 0.008915 0.144244 -0.209664 12.129382 11.801304 4.759421 4.647048 4.570037
0.017540 11.910506 -0.000074 -0.000433 0.019776 0.149591 -0.180914 11.744205 11.821024 4.573774 4.819319 4.568727
0.000462 11.701877 0.000016 0.000472 0.019776 0.148432 -0.104881 11.648786 11.789881 -20.705492 4.781956 -7.962404
0.006361 11.745329 0.000030 0.000177 0.019776 -0.261232 -0.007515 9.826678 9.789541 -9.511267 -8.415997 -8.441991
0.010979 11.773160 -0.000009 -0.007863 0.019776 -0.276714 4.098136 13.244577 9.902134 -9.885556 -8.914759 -8.877568
0.004399 11.690521 -0.000742 -0.007089 0.199580 -0.289838 3.705450 10.371255 10.004951 -10.012259 -9.337593 -9.154737
-0.018388 11.419212 -0.000085 -0.005606 0.199580 -0.298907 3.103917 12.204745 10.093545 -10.096732 -9.629768 -9.348244
-0.048024 11.056931 -0.000473 -0.003819 0.199580 -0.304845 2.501243 10.102112 10.153317 -10.045509 -9.821049 -9.419425
-0.080754 10.721397 0.000005 -0.002252 0.199580 -0.307491 1.818246 11.199247 10.192547 -9.450055 -9.906313 -9.123570
-0.114355 10.459704 -0.000229 -0.001059 0.199580 -0.301335 0.845760 9.903798 10.254992 -8.875561 -9.707972 -8.727200
-0.128552 10.372085 0.000072 -0.000464 0.199580 -0.293498 -2.024240 10.811899 10.331886 -11.012299 -9.455481 -10.053173
-0.125474 10.436084 -0.000111 -0.000413 0.199580 -0.338468 -0.236610 10.013520 10.220394 -13.728686 -10.904279 -12.278348
-0.128099 10.482171 0.000041 -0.001038 0.199580 -0.414515 13.124033 10.635916 10.025396 -14.377452 -13.354237 -13.520831
-0.137725 10.438358 -0.000140 -0.001637 0.199580 -0.455591 11.577852 10.200185 9.986566 -16.457371 -14.677567 -15.323333
-0.152626 10.362296 -0.000052 -0.001489 0.199580 -0.515036 10.144614 10.352612 9.884765 -17.831328 -16.592696 -16.850566
-0.169620 10.271717 -0.000108 -0.001534 0.199580 -0.567348 8.844247 10.110006 9.826465 -18.401514 -18.278011 -17.765992
-0.186445 10.164212 -0.000067 -0.001339 0.180587 -0.594532 7.612177 10.197906 9.850568 -19.407735 -19.153784 -18.747370
-0.199409 10.079763 -0.000081 -0.000908 0.163402 -0.621506 6.505183 9.965361 9.853601 -20.676845 -20.022779 -19.851834
-0.171301 10.468328 -0.000029 -0.002437 0.147852 -0.662537 5.494437 10.819483 9.863855 -21.865463 -21.344676 -21.092843
-0.190455 10.257014 -0.000216 -0.001558 0.133782 -0.692810 4.575709 9.766257 9.862389 -22.587960 -22.319945 -21.931374
-0.243006 9.595717 0.000017 0.001057 0.121051 -0.705927 3.787305 9.438297 9.814734 -24.337021 -22.742536 -22.851662
-0.253563 9.451953 0.000079 0.001438 0.109532 -0.729846 3.145449 9.338015 9.653594 -25.600662 -23.513134 -23.780827
-0.254274 9.442978 0.000067 0.000835 0.099108 -0.756779 2.621471 9.363477 9.469061 -23.382914 -24.380826 -23.616671
-0.270167 9.209346 0.000021 0.001029 0.089677 -0.749500 2.168631 9.164186 9.521234 -21.554803 -24.146322 -22.950664
-0.298448 8.819665 0.000077 0.002781 0.081143 -0.729390 1.703311 8.746986 9.654016 -21.744426 -23.498432 -22.561962
-0.296755 8.826851 0.000200 0.003279 0.073421 -0.714633 1.222645 9.028097 9.708653 -21.547751 -23.023006 -22.199325
-0.318215 8.550366 0.000150 0.004591 0.066434 -0.703211 0.661404 8.283706 9.708349 -21.031156 -22.655028 -21.838923
-0.355323 8.088079 0.000316 0.006422 0.085058 -0.693099 -0.225453 8.058741 9.673485 -21.861203 -22.329266 -21.749342
-0.367923 7.913363 0.000360 0.006977 0.096803 -0.690635 3.418259 7.833713 9.534126 -25.141782 -22.249880 -22.233694
-0.380146 7.733700 0.000381 0.007137 0.102332 -0.704509 2.793756 7.427229 9.127623 -26.114849 -22.696848 -22.760337
-0.396117 7.542899 0.000382 0.006282 0.102734 -0.719527 2.196335 7.367777 8.701492 -22.255573 -23.180679 -22.641903
-0.420390 7.257372 0.000302 0.005724 0.102734 -0.715760 1.623234 7.241492 8.629524 -21.478956 -23.059331 -22.466135
-0.442171 6.985818 0.000315 0.006515 0.102734 -0.710091 0.950365 6.905036 8.588910 -22.692742 -22.876697 -22.465972
-0.469038 6.640683 0.000381 0.007722 0.102734 -0.709391 -0.001848 6.443605 -11830.873495 -19.536801 -22.854152 -22.155034
-0.491085 6.350612 0.000445 -46.920382 0.119606 -0.724173 4.690943 6.535995 -10646.891308 -10.155292 -23.330356 -21.778751
-0.486964 6.389826 0.000438 -42.227469 0.119606 -0.706771 4.055762 7.304610 -9580.531474 -13.439918 -22.769749 -21.644093
-0.504114 6.165225 0.000451 -37.999743 0.121277 -0.700360 3.476254 5.984322 -8621.131199 -13.387617 -22.563198 -21.504346
-0.519946 5.949108 0.000838 -34.196016 0.225295 -0.693760 2.940034 6.639463 -7757.704642 -11.608011 -22.350572 -21.215663
-0.505394 6.101735 0.000771 -30.774171 0.225295 -0.679205 2.237567 6.512786 -6980.482770 -12.179031 -21.881646 -20.890026
-0.485146 6.318715 0.000901 -27.694280 0.242212 -0.663143 1.536362 6.923255 -6281.042824 -13.523387 -21.364183 -20.594076
-0.466030 6.512542 0.000888 -24.922608 0.242212 -0.648688 0.713677 6.797973 -5651.673286 -14.110038 -20.898487 -20.272482
-0.456364 6.594778 0.000959 -22.428240 0.257757 -0.634802 -0.496635 6.963815 -5085.314886 -11.557906 -20.451153 -19.629676
-0.451443 6.637707 0.000944 -20.183479 0.257757 -0.611958 1.030357 7.073238 -4575.423210 -8.959922 -19.715181 -18.728643
-0.445148 6.686931 0.000977 -18.162565 0.262740 -0.579966 0.067414 7.220114 -4116.369967 -12.721790 -18.684503 -18.287618
-0.433927 6.784230 0.001030 -16.343356 0.276909 -0.558834 -17.854936 6.902454 -3703.587616 -16.561250 -18.003724 -18.167407
-0.418638 6.939306 0.001096 -14.707784 0.294757 -0.554374 -16.004622 7.081746 -3332.421966 -17.422629 -17.860027 -18.145839
-0.406519 7.047479 0.000978 -13.236987 0.294757 -0.553563 -14.329874 7.054317 -2998.440769 -20.968618 -17.833903 -18.598335
-0.402517 7.069202 0.000898 -11.913239 0.294757 -0.568769 -12.840191 6.835635 -2698.135247 -19.493629 -18.323778 -18.774634
-0.404670 7.021476 0.000807 -10.722699 0.294757 -0.574798 -11.536147 7.078540 -2427.711184 -17.800642 -18.518008 -18.683166
-0.411014 6.914493 0.000660 -9.650368 0.294757 -0.572181 -10.379341 6.839432 -2184.192441 -18.221966 -18.433701 -18.659939
-0.421008 6.792116 0.000659 -8.684623 0.294757 -0.571854 -9.369342 6.770843 -1965.077404 -17.273713 -18.423161 -18.516673
-0.431016 6.702732 0.000614 -7.815741 0.294757 -0.568102 -8.484088 6.738254 -1767.809379 -14.993446 -18.302301 -18.124534
-0.437579 6.640185 0.000581 -7.033562 0.294757 -0.556482 -7.654434 6.820841 -1590.105311 -15.240079 -17.927929 -17.832910
-0.440134 6.609014 0.000563 -6.329055 0.294757 -0.547568 -6.811463 6.650034 -1430.223397 -17.003888 -17.640746 -17.792786
-0.437070 6.627007 0.000589 -5.695387 0.294757 -0.546508 -5.970575 6.658457 -1286.488485 -18.907674 -17.606626 -17.984450
-0.430820 6.661518 0.000542 -5.125787 0.294757 -0.552905 -5.147592 6.562084 -1157.275368 -20.823026 -17.812691 -18.385304
-0.430901 6.639665 0.000489 -4.613526 0.266707 -0.565864 -4.432892 6.465995 -1041.119600 -18.109279 -18.230204 -18.384675
-0.439040 6.538872 0.000413 -4.152708 0.241327 -0.565921 -3.889281 6.606643 -936.344283 -14.794387 -18.232042 -17.979980
-0.451844 6.392415 0.000346 -3.736819 0.218362 -0.553720 -3.429907 6.490231 -841.801416 -10.218553 -17.838946 -17.123819
-0.464061 6.246280 0.000394 -3.361491 0.197582 -0.527571 -2.977995 6.647860 -756.399904 -8.997242 -16.996513 -16.274618
-0.465715 6.228419 0.000449 -3.022906 0.178779 -0.500334 -2.448017 6.519276 -679.510661 -10.656291 -16.119039 -15.702806
-0.456242 6.356915 0.000564 -2.718641 0.161766 -0.481374 -1.866288 6.654805 -610.496123 -11.873668 -15.508222 -15.314963
-0.447463 6.472793 0.000572 -2.445541 0.153738 -0.468814 -1.174519 6.611800 -548.514615 -15.732644 -15.103569 -15.411063
-0.440200 6.567191 0.000586 -2.200233 0.157563 -0.472645 -0.230977 6.482243 -493.055696 -16.935386 -15.226987 -15.648230
-0.433340 6.646000 0.000547 -1.980717 0.157563 -0.481822 3.657943 6.643224 -443.219309 -16.016088 -15.522657 -15.774664
-0.433428 6.635471 0.000433 -1.783134 0.157563 -0.485807 3.101724 6.590628 -398.272471 -15.879410 -15.651032 -15.858461
-0.440279 6.557938 0.000395 -1.604667 0.157563 -0.488382 2.649080 6.513903 -357.807314 -15.557802 -15.733984 -15.883367
-0.447417 6.500215 0.000370 -1.444042 0.157563 -0.489307 2.315112 6.503062 -321.362764 -13.782727 -15.763797 -15.698801
-0.452994 6.479586 0.000340 -1.299501 0.157563 -0.483864 2.074821 6.615940 -288.423395 -10.312235 -15.588423 -15.159947
-0.456125 6.482267 0.000316 -1.168947 0.157563 -0.467092 1.810641 6.788499 -258.519658 -10.221551 -15.048104 -14.689065
-0.455121 6.512753 0.000336 -1.050535 0.157563 -0.451964 1.396762 6.670118 -231.638457 -12.808082 -14.560735 -14.554534
-0.448398 6.589966 0.000408 -0.944290 0.157563 -0.447399 0.801460 6.663092 -207.678367 -15.678277 -14.413643 -14.747412
-0.438257 6.703174 0.000400 -0.849765 0.157563 -0.453653 -0.100123 6.636208 -186.339244 -18.996867 -14.615151 -15.300800
-0.432941 6.782712 0.000347 -0.765497 0.157563 -0.473139 4.363387 6.556790 -167.370174 -18.107196 -15.242897 -15.712873
-0.437745 6.762374 0.000258 -0.690226 0.142569 -0.486213 3.892280 6.702543 -150.181219 -13.904846 -15.664100 -15.569196
-0.448046 6.650543 0.000156 -0.621650 0.129002 -0.481856 3.486332 6.746707 -134.360278 -14.708256 -15.523755 -15.538879
-0.458498 6.524451 0.000161 -0.558439 0.116726 -0.480797 3.098083 6.410507 -120.207944 -14.846673 -15.489623 -15.522449
-0.464315 6.471622 0.000229 -0.502132 0.105618 -0.480198 2.761929 6.570862 -107.489639 -12.669447 -15.470340 -15.277554
-0.463370 6.508304 0.000185 -0.451865 0.095567 -0.472228 2.446046 6.677593 -95.870511 -15.529315 -15.213579 -15.353618
-0.460476 6.561448 0.000191 -0.406020 0.086472 -0.474804 2.127354 6.443808 -85.652040 -17.808140 -15.296551 -15.660189
-0.455664 6.621637 0.000216 -0.365754 0.078243 -0.484953 1.816825 6.567221 -76.621351 -16.396552 -15.623526 -15.783710
-0.450118 6.673441 0.000129 -0.330164 0.070798 -0.488849 1.527088 6.697882 -68.352407 -17.182514 -15.749027 -15.974218
-0.451303 6.643038 0.000076 -0.297267 0.064060 -0.494693 1.268827 6.486908 -60.965116 -18.202921 -15.937294 -16.243016
-0.457578 6.577551 0.000090 -0.267726 0.057964 -0.503033 1.091229 6.472647 -54.388268 -15.240917 -16.205985 -16.153061
-0.466818 6.502335 0.000047 -0.241358 0.052448 -0.500377 0.984156 6.601658 -48.223634 -12.498369 -16.120443 -15.799683
-0.478740 6.386283 0.000031 -0.216463 0.047457 -0.489763 0.861574 6.497622 -42.479003 -13.051216 -15.778493 -15.559178
-0.485202 6.308573 0.000110 -0.193384 0.042941 -0.482227 0.657934 6.370903 -37.386677 -16.357073 -15.535697 -15.659452
-0.483279 6.312367 0.000170 -0.173214 0.045830 -0.485382 0.393068 6.201218 -33.081093 -20.721834 -15.637344 -16.159248
-0.476064 6.369977 0.000176 -0.156376 0.047404 -0.501888 0.062478 6.106825 -29.534145 -25.025961 -16.169106 -17.036375
-0.476716 6.364135 0.000096 -0.142294 0.047404 -0.530057 -0.120403 5.876416 -26.637884 -20.933434 -17.076624 -17.413396
-0.500926 6.098759 -0.000010 -0.129761 0.047404 -0.540911 -1.058454 5.974612 -23.666241 -14.742157 -17.426298 -17.170200
-0.538768 5.646581 -0.000093 -0.116190 0.047404 -0.534154 -1.064770 5.594347 -20.524768 -13.112514 -17.208616 -16.857268
-0.569846 5.260391 0.000039 -0.102207 0.047404 -0.524979 -1.024811 5.313985 -17.625492 -14.049958 -16.913020 -16.662368
-0.577947 5.159721 0.000162 -0.090316 0.047404 -0.518695 -0.964033 5.260513 -15.122769 -14.113336 -16.710561 -16.489450
-0.567820 5.301664 0.000204 -0.080958 0.054966 -0.512836 -0.917639 5.537969 -12.876941 -9.677514 -16.521821 -16.020867
-0.555621 5.473738 0.000169 -0.072738 0.054966 -0.497039 -0.843315 5.958320 -10.505905 -13.221788 -16.012902 -15.824034
-0.547457 5.572836 0.000178 -0.063733 0.054966 -0.490556 -0.652891 5.483018 -8.679463 -22.269571 -15.804019 -16.302364
-0.536606 5.675691 0.000306 -0.056901 0.082291 -0.506859 -0.371319 5.323521 -7.750255 -26.385990 -16.329263 -17.079231
-0.515924 5.921599 0.000204 -0.054192 0.082291 -0.534111 0.037863 5.612534 -7.170597 -20.097621 -17.207213 -17.326311
-0.532946 5.738844 -0.000041 -0.051170 0.082291 -0.541731 1.154749 5.613549 -6.105997 -13.364863 -17.452725 -17.025452
-0.582148 5.155290 -0.000085 -0.044637 0.082291 -0.533521 1.094044 5.108797 -4.659754 -9.593156 -17.188209 -16.554455
-0.615415 4.754161 0.000096 -0.037315 0.082291 -0.519656 0.954277 5.065210 -3.123605 -5.477515 -16.741534 -15.926046
-0.615946 4.734383 0.000221 -0.031147 0.082291 -0.498783 0.673050 5.351790 -1.455737 -10.118446 -16.069068 -15.599633
-0.590060 5.032960 0.000325 -0.025720 0.087306 -0.486636 0.162153 5.243880 -0.340883 -17.182812 -15.677754 -15.702327
-0.562766 5.342112 0.000414 -0.022526 0.111333 -0.489501 -1.906416 5.302839 0.109558 -23.924920 -15.770030 -16.258149
-0.538585 5.603072 0.000338 -0.021775 0.111333 -0.509168 -1.537395 5.204660 0.020311 -26.616415 -16.403646 -17.026505
-0.542770 5.537565 0.000192 -0.021869 0.111333 -0.533538 -1.339908 5.004141 -0.227710 -17.017020 -17.188772 -16.994918
-0.574703 5.137114 0.000048 -0.021265 0.111333 -0.532361 -1.334883 5.256941 0.322222 -9.106706 -17.150839 -16.432606
-0.608763 4.689459 -0.000006 -0.017311 0.111333 -0.515626 -1.333157 4.865398 1.388870 -13.125488 -16.611696 -16.205138
-0.626946 4.457163 0.000208 -0.012162 0.111333 -0.508272 -1.358108 4.403575 1.968699 -5.199419 -16.374782 -15.544827
-0.615232 4.614453 0.000342 -0.010487 0.111333 -0.485794 -1.462067 5.658281 3.108401 -1.284417 -15.650603 -14.670090
-0.594302 4.887194 0.000230 -0.007051 0.111333 -0.455428 -1.396437 5.395320 4.411275 -9.669966 -14.672339 -14.333651
-0.574087 5.142134 0.000499 -0.002897 0.134228 -0.444007 -1.133774 5.331313 4.876089 -16.186996 -14.304385 -14.449730
-0.542359 5.492414 0.000547 -0.002443 0.147129 -0.448572 -0.561718 5.473870 4.790297 -26.400468 -14.451464 -15.360959
-0.515717 5.771746 0.000434 -0.003890 0.147129 -0.481695 0.528304 5.074337 3.952733 -27.360881 -15.518568 -16.375653
-0.514187 5.806059 0.000281 -0.007346 0.147129 -0.514471 0.317018 5.464082 3.210712 -15.911861 -16.574486 -16.320568
-0.545280 5.458507 -0.000022 -0.008910 0.147129 -0.513057 1.309531 5.505936 3.487380 -8.181310 -16.528922 -15.704849
-0.589558 4.931231 -0.000018 -0.005723 0.147129 -0.495827 1.402795 5.125156 4.285455 -4.060034 -15.973852 -14.958089
-0.609143 4.696376 0.000201 -0.001629 0.147129 -0.472705 1.371946 5.286305 5.259500 1.240430 -15.228933 -13.985233
-0.596748 4.843676 0.000343 0.001648 0.147129 -0.439166 1.177814 5.779265 6.507610 -5.811735 -14.148423 -13.478093
-0.568375 5.209505 0.000477 0.005145 0.147129 -0.420663 0.750601 5.406531 7.030633 -12.638827 -13.552303 -13.428724
-0.531642 5.669714 0.000647 0.005394 0.173963 -0.418644 -0.086688 5.951794 6.966074 -23.014997 -13.487257 -14.194768
-0.496839 6.054588 0.000486 0.003613 0.173963 -0.449995 10.920152 5.390719 6.128822 -28.921412 -14.497288 -15.616867
-0.487200 6.142295 0.000401 -0.000053 0.173963 -0.497172 9.769245 5.614023 5.000637 -21.507317 -16.017158 -16.233696
-0.509042 5.861211 0.000079 -0.003411 0.173963 -0.514806 8.794057 5.629034 4.656768 -14.631818 -16.585271 -16.140818
-0.557220 5.255066 -0.000021 -0.002372 0.173963 -0.511791 7.956875 5.108863 4.869570 -14.680058 -16.488148 -16.075526
-0.614244 4.603871 0.000122 0.001053 0.173963 -0.509797 7.255268 4.341467 4.984589 2.965335 -16.423919 -14.975132
-0.634562 4.416586 0.000301 0.002251 0.173963 -0.476348 6.652741 5.995025 6.446133 13.992366 -15.346284 -13.413636
-0.632808 4.463081 0.000244 0.007860 0.173963 -0.424967 5.991593 5.534992 8.545294 -2.076146 -13.690971 -12.835058
-0.616020 4.668853 0.000798 0.015365 0.214653 -0.404474 5.236012 4.885482 9.067190 -12.823727 -13.030763 -12.884173
-0.557353 5.337054 0.001049 0.014786 0.282067 -0.405506 4.395238 5.714525 8.710389 -28.792261 -13.064015 -14.074909
-0.491891 6.038649 0.000779 0.010590 0.282067 -0.454522 3.479619 5.066292 7.211559 -36.839645 -14.643138 -16.214167
-0.472736 6.283773 0.000582 0.003678 0.282067 -0.528035 3.007194 5.519583 5.380605 -16.563807 -17.011485 -16.208595
-0.498969 6.027059 0.000068 -0.002562 0.282067 -0.527210 3.127375 6.468097 5.480307 -1.684742 -16.984885 -14.879180
-0.548642 5.405061 -0.000130 0.000298 0.282067 -0.490494 3.042129 5.752764 6.670915 -13.143600 -15.802044 -14.744988
-0.595457 4.822797 0.000283 0.007326 0.282067 -0.485528 2.814779 4.287002 6.694282 -7.622249 -15.642053 -14.292349
-0.602394 4.764200 0.000607 0.007650 0.282067 -0.469854 2.740228 5.773978 7.129292 -4.367875 -15.137073 -13.680650
-0.581398 5.074411 0.000369 0.008145 0.282067 -0.447463 2.562773 5.358078 7.767124 -18.356625 -14.415731 -13.999431
-0.560479 5.374451 0.000598 0.009484 0.282067 -0.457560 2.112396 5.078944 7.219251 -22.269741 -14.741007 -14.597107
-0.539200 5.614961 0.000535 0.006359 0.282067 -0.477363 1.321355 5.454210 6.469258 -26.323886 -15.379001 -15.502710
-0.521116 5.785838 0.000282 0.002709 0.282067 -0.507257 -0.029333 5.194063 5.543838 -30.518699 -16.342080 -16.726254
-0.549047 5.416771 0.000130 0.000504 0.255225 -0.550434 34.462412 4.484786 4.420981 -27.711133 -17.733089 -17.785419
-0.602064 4.794890 0.000033 -0.001482 0.230937 -0.578208 31.021422 4.261607 3.677006 -13.585301 -18.627890 -17.747756
-0.648508 4.297001 -0.000087 -0.002458 0.208960 -0.576598 27.946613 4.720194 4.133883 11.369487 -18.576021 -16.428008
-0.692630 3.816669 -0.000092 0.001257 0.189075 -0.538848 25.163408 5.438837 6.447151 24.822959 -17.359846 -14.758606
-0.708778 3.627964 0.000258 0.011175 0.171082 -0.485483 22.608052 5.482539 9.468506 16.611417 -15.640607 -13.592336
-0.681111 3.935889 0.000916 0.021930 0.246385 -0.441297 20.259190 5.224177 11.440853 -13.526340 -14.217066 -13.756888
-0.612463 4.758222 0.001412 0.026489 0.379801 -0.444783 18.078393 4.439548 10.826680 -21.643686 -14.329391 -14.361133
-0.536472 5.679776 0.001454 0.020401 0.390904 -0.467215 16.058816 6.099187 9.739217 -24.513901 -15.052076 -15.246979
-0.496618 6.177273 0.000848 0.014119 0.390904 -0.498266 14.288298 5.498801 8.642081 -18.591191 -16.052407 -15.619465
-0.492228 6.243414 0.000737 0.009508 0.390904 -0.508944 12.767392 6.640297 8.203406 -8.292966 -16.396440 -15.018110
-0.505365 5.984839 0.000386 0.008794 0.390904 -0.488426 11.418923 6.095044 8.616121 -16.705180 -15.735392 -15.216690
-0.522370 5.658477 0.000597 0.011724 0.390904 -0.492589 10.259287 5.233281 8.244414 -15.714037 -15.869541 -15.281408
-0.522435 5.656980 0.000705 0.010256 0.390904 -0.493013 9.504424 6.008116 7.997848 -0.933834 -15.883169 -14.085681
-0.515840 5.807995 0.000478 0.008680 0.390904 -0.452798 9.007999 6.818559 8.949523 -3.841270 -14.587595 -13.231763
-0.517916 5.864236 0.000508 0.012229 0.390904 -0.425495 8.408929 5.942307 9.482523 -9.159071 -13.707974 -12.930318
-0.513787 5.934127 0.000819 0.014065 0.390904 -0.415293 7.604781 6.283801 9.483902 -16.212040 -13.379307 -13.258252
-0.486886 6.164255 0.000744 0.013158 0.390904 -0.426057 6.572676 5.846792 8.930110 -28.110688 -13.726090 -14.707688
-0.457686 6.435955 0.000719 0.009886 0.390904 -0.477954 5.565120 5.780848 7.554258 -24.019541 -15.398034 -15.706000
-0.457510 6.436425 0.000428 0.004431 0.353704 -0.508811 4.909493 6.285749 6.767337 -18.993220 -16.392141 -16.029891
-0.493999 6.073409 0.000140 0.002751 0.320045 -0.517195 4.570165 5.699851 6.494257 -10.901214 -16.662258 -15.545260
-0.547474 5.530192 0.000207 0.003821 0.289589 -0.504607 4.291784 5.845604 6.848990 4.046736 -16.256717 -14.119303
-0.580142 5.170250 0.000251 0.006654 0.262031 -0.463009 3.720687 6.219900 8.271049 6.300449 -14.916564 -12.821326
-0.570629 5.235710 0.000482 0.012031 0.237095 -0.417351 2.766457 6.109831 9.628989 -16.428116 -13.445630 -13.098283
-0.532378 5.658532 0.000807 0.015738 0.217071 -0.425846 1.566532 5.063938 8.998389 -24.177596 -13.719287 -13.977924
-0.483218 6.275163 0.000901 0.010794 0.242180 -0.458732 0.468247 6.425168 7.907091 -23.675204 -14.778780 -14.876138
-0.447268 6.707216 0.000358 0.004756 0.242180 -0.490805 -1.733447 6.236187 7.090438 -28.013101 -15.812048 -16.272893
-0.448430 6.718265 0.000218 0.001475 0.242180 -0.534470 -1.444651 6.148481 6.097774 -13.331124 -17.218788 -15.881420
-0.472179 6.407757 0.000015 -0.001229 0.242180 -0.521643 -1.535644 6.919615 6.433210 -8.452439 -16.805536 -15.085719
-0.512477 5.827060 -0.000084 0.002403 0.242180 -0.497578 -1.343210 5.607135 7.026713 -15.044330 -16.030263 -15.026985
-0.548808 5.388964 0.000336 0.006492 0.242180 -0.494180 -1.592268 5.291635 6.940145 1.264911 -15.920778 -13.747527
-0.551046 5.439581 0.000386 0.005948 0.242180 -0.452143 -2.099759 6.903723 8.135875 3.106352 -14.566494 -12.460925
-0.537244 5.692554 0.000294 0.009685 0.242180 -0.408043 -1.936620 6.107553 9.275478 -7.553261 -13.145747 -12.060500
-0.516406 5.970383 0.000723 0.013101 0.242180 -0.393658 -1.092729 6.298586 9.382908 -15.211216 -12.682322 -12.315801
-0.473134 6.415453 0.000705 0.011762 0.242180 -0.403079 1.168311 6.310912 8.888128 -28.773954 -12.985821 -13.952144
-0.429483 6.838777 0.000594 0.008123 0.242180 -0.465753 -0.897155 6.024724 7.446848 -29.480403 -15.004978 -15.764740
-0.421975 6.889704 0.000339 0.002208 0.219133 -0.524684 0.057653 6.448139 6.257584 -22.344512 -16.903511 -16.476016
-0.454648 6.548773 -0.000020 -0.001154 0.198280 -0.546712 15.310534 6.203204 5.860626 -9.909250 -17.613197 -15.774010
-0.514798 5.889451 -0.000056 -0.000114 0.179411 -0.528788 13.870562 6.241733 6.466793 -0.622459 -17.035735 -14.551994
-0.563197 5.322748 0.000068 0.004535 0.162338 -0.494640 12.534862 5.872860 7.637689 3.074602 -15.935605 -13.388452
-0.567467 5.265478 0.000408 0.009403 0.146889 -0.455014 11.283125 6.268234 8.889129 2.388815 -14.659002 -12.368510
-0.531496 5.697723 0.000598 0.012650 0.160841 -0.414141 10.118684 6.576304 9.904978 -12.581187 -13.342192 -12.442749
-0.480851 6.331123 0.000756 0.014166 0.203394 -0.414444 9.040192 6.194572 9.607186 -19.052523 -13.351960 -13.115018
-0.436832 6.840001 0.000777 0.010969 0.208898 -0.438613 8.045111 6.909942 8.884064 -22.635162 -14.130597 -14.232102
-0.409866 7.111737 0.000459 0.007025 0.208898 -0.477327 7.158999 6.607194 8.040852 -20.781508 -15.377844 -15.060312
-0.412776 7.040461 0.000340 0.003965 0.208898 -0.501542 6.440134 6.963922 7.517660 -13.950172 -16.157961 -14.847980
-0.440844 6.652867 0.000144 0.003428 0.208898 -0.493532 5.867988 6.576911 7.604069 -10.851011 -15.899917 -14.320057
-0.470917 6.294181 0.000247 0.005192 0.208898 -0.476905 5.413426 6.463370 7.868453 -3.173665 -15.364230 -13.127574
-0.485672 6.180659 0.000331 0.006690 0.208898 -0.439621 5.043385 6.909115 8.654299 4.638006 -14.163075 -11.402278
-0.484834 6.256601 0.000406 0.009504 0.208898 -0.382783 4.557299 7.206874 9.886814 2.857187 -12.331937 -10.044742
-0.464113 6.502536 0.000613 0.013415 0.208898 -0.333155 3.810772 7.128504 10.737824 -11.847356 -10.733101 -10.241584
-0.417135 6.947537 0.000821 0.015024 0.220637 -0.338931 2.805965 6.715507 10.271540 -27.504536 -10.919199 -12.468238
-0.370380 7.394085 0.000811 0.011406 0.220637 -0.428548 1.800385 6.638174 8.685021 -25.823519 -13.806359 -14.514849
-0.335944 7.792963 0.000478 0.003536 0.220637 -0.505488 1.499131 7.775748 7.654769 -19.688941 -16.285098 -15.201235
-0.362921 7.513087 -0.000004 0.000562 0.220637 -0.522828 2.132414 7.036408 7.374051 -16.041889 -16.843707 -15.079278
-0.434109 6.716885 0.000096 0.002605 0.220637 -0.519460 2.690542 6.524056 7.371123 -8.851256 -16.735224 -14.198638
-0.472406 6.277507 0.000207 0.004335 0.220637 -0.493887 2.918913 6.697650 7.879144 -2.078559 -15.911348 -12.889727
-0.481219 6.167189 0.000281 0.006786 0.220637 -0.450408 2.809010 6.826047 8.791174 -2.737949 -14.510610 -11.835242
-0.473426 6.298720 0.000454 0.009880 0.220637 -0.412620 2.422905 6.798759 9.463828 -5.124956 -13.293213 -11.108798
-0.448544 6.615964 0.000610 0.011288 0.220637 -0.383983 1.737339 7.109373 9.818686 -19.598543 -12.370622 -12.015086
-0.406634 7.055805 0.000621 0.010952 0.220637 -0.417267 0.578871 6.446944 8.976390 -27.749975 -13.442905 -14.077903
-0.383387 7.299869 0.000582 0.006645 0.220637 -0.489363 -1.348286 6.861844 7.688372 -20.840205 -15.765610 -14.935631
-0.387093 7.277797 0.000205 0.001627 0.199640 -0.513913 -1.203758 7.213176 7.249931 -15.739187 -16.556495 -14.870564
-0.392356 7.206518 0.000028 0.000172 0.180642 -0.509392 -1.431501 7.265195 7.309592 -15.131475 -16.410863 -14.736774
-0.429901 6.781085 0.000028 0.002095 0.163452 -0.503694 -1.633080 6.493985 7.356928 -6.758138 -16.227301 -13.625492
-0.469122 6.363239 0.000208 0.003939 0.147897 -0.471865 -1.765022 7.000158 7.999075 1.704613 -15.201868 -11.961534
-0.475333 6.318599 0.000237 0.006661 0.133823 -0.417326 -1.483337 7.097274 9.154950 -1.747956 -13.444796 -10.876498
-0.467681 6.445101 0.000472 0.010741 0.126907 -0.379099 -0.764255 6.839325 9.799927 -3.829681 -12.213275 -10.105598
-0.436058 6.798992 0.000673 0.011895 0.180974 -0.348287 1.095951 7.423233 10.156341 -21.023606 -11.220599 -11.358582
-0.396154 7.189791 0.000624 0.011759 0.180974 -0.394729 -1.171422 6.235378 9.092027 -29.945515 -12.716816 -13.922837
-0.372114 7.448866 0.000653 0.006513 0.180974 -0.486465 0.071452 7.070503 7.578556 -22.206825 -15.672216 -15.060390
-0.374529 7.459438 0.000133 0.000472 0.180974 -0.520042 0.241960 7.258870 7.054929 -15.161959 -16.753970 -14.857652
-0.402472 7.126175 -0.000026 -0.000282 0.180974 -0.513009 2.653426 7.144687 7.186721 -13.573272 -16.527386 -14.530703
-0.436156 6.683829 0.000026 0.001993 0.180974 -0.501668 2.625040 6.546475 7.367765 -15.199900 -16.162027 -14.499298
-0.453966 6.471967 0.000197 0.003551 0.180974 -0.498341 2.704612 6.487704 7.353528 -9.990577 -16.054836 -13.906451
-0.454403 6.500427 0.000207 0.003382 0.180974 -0.477018 2.823646 6.985489 7.743101 -9.360755 -15.367891 -13.328089
-0.453327 6.555454 0.000182 0.004708 0.180974 -0.456348 2.727418 6.681836 8.094746 -15.429518 -14.701963 -13.498306
-0.452899 6.605142 0.000327 0.005904 0.180974 -0.460168 2.407086 6.486813 7.888812 -18.017892 -14.825045 -13.947910
-0.445273 6.676429 0.000325 0.004806 0.180974 -0.473332 1.858317 6.578095 7.517547 -26.366597 -15.249145 -15.311811
-0.437969 6.684752 0.000222 0.003301 0.163752 -0.516948 1.137931 5.899487 6.563676 -31.122476 -16.654287 -17.111126
-0.453814 6.496530 0.000161 0.000266 0.148169 -0.568937 0.833606 5.841182 5.423978 -18.697692 -18.329200 -17.207797
-0.495815 6.041455 -0.000079 -0.002448 0.134068 -0.570276 1.349417 6.172816 5.456870 -8.305782 -18.372336 -16.346400
-0.550925 5.421610 -0.000147 0.000140 0.121310 -0.546584 1.481985 5.608942 6.241641 1.162887 -17.609055 -15.037161
-0.592752 4.959788 0.000150 0.005081 0.109766 -0.508612 1.297467 5.910468 7.583459 15.557305 -16.385735 -13.103965
-0.591877 4.973011 0.000381 0.010347 0.102323 -0.443339 0.654370 6.724458 9.823827 1.836575 -14.282859 -12.159778
-0.548795 5.466304 0.000698 0.017272 0.187665 -0.404639 -1.142165 5.722071 10.650364 -17.890397 -13.036088 -12.568528
-0.485299 6.223341 0.001106 0.017548 0.297409 -0.420277 0.942683 6.244224 9.827528 -21.644312 -13.539873 -13.403215
-0.436231 6.804098 0.000812 0.011984 0.297409 -0.450982 -2.337796 6.617351 8.890538 -24.032005 -14.529092 -14.563600
-0.423814 6.947457 0.000523 0.007702 0.297409 -0.489209 -1.233687 6.467382 7.952071 -18.613037 -15.760623 -14.963114
-0.445062 6.699468 0.000349 0.004965 0.297409 -0.499460 -0.436475 6.661768 7.603442 -9.181347 -16.090892 -14.227450
-0.482412 6.192506 0.000228 0.005593 0.297409 -0.477551 0.913676 6.358172 8.003425 -15.127117 -15.385063 -14.256366
-0.506942 5.839337 0.000383 0.008578 0.297409 -0.476217 0.411776 5.444469 7.807215 -16.504632 -15.342078 -14.393338
-0.511936 5.811049 0.000543 0.007912 0.297409 -0.479340 2.525526 6.013276 7.516561 -4.903178 -15.442687 -13.525011
-0.512610 5.876564 0.000353 0.006501 0.297409 -0.450400 2.752938 6.592528 8.177895 -0.967527 -14.510338 -12.427643
-0.517639 5.838792 0.000371 0.009272 0.297409 -0.414431 2.434699 6.296322 9.004502 -11.479428 -13.351528 -12.341035
-0.512294 5.855943 0.000620 0.012480 0.297409 -0.409878 1.555719 5.650241 8.836248 -21.956893 -13.204873 -13.154190
-0.480665 6.154925 0.000727 0.010628 0.297409 -0.437950 0.275212 5.873314 7.882757 -23.753184 -14.109237 -14.149053
-0.452397 6.463515 0.000467 0.005626 0.269107 -0.471434 -3.204410 6.180472 6.985630 -18.645312 -15.187998 -14.533379
-0.462810 6.399193 0.000200 0.002325 0.243498 -0.481881 -2.952268 6.303433 6.656249 -6.119675 -15.524558 -13.537959
-0.502527 5.982724 0.000099 0.002670 0.220326 -0.453836 -2.751498 6.462640 7.325379 -2.181630 -14.621038 -12.458846
-0.530036 5.671977 0.000210 0.006554 0.199359 -0.421259 -2.259240 6.013558 8.134151 -5.564509 -13.571521 -11.865791
-0.519406 5.774658 0.000488 0.009353 0.180388 -0.399549 -1.526365 6.210555 8.525219 -10.024277 -12.872112 -11.677986
-0.481988 6.181640 0.000532 0.009289 0.163222 -0.390575 -0.539245 6.381517 8.513871 -17.691246 -12.582983 -12.221784
-0.446409 6.601705 0.000492 0.007579 0.147689 -0.409684 1.134024 6.377835 7.922634 -22.637959 -13.198626 -13.347455
-0.430804 6.791777 0.000362 0.004482 0.133635 -0.447208 0.731134 6.383750 7.070368 -22.567216 -14.407503 -14.392990
-0.439428 6.685545 0.000172 0.001525 0.120918 -0.478403 0.816068 6.288006 6.392910 -16.253314 -15.412493 -14.539269
-0.467839 6.319793 0.000042 0.000290 0.109411 -0.481282 1.141043 6.279379 6.319755 -14.411347 -15.505267 -14.472344
-0.500818 5.881895 0.000026 0.001736 0.098999 -0.477894 1.340330 5.649571 6.361632 -14.219650 -15.396091 -14.404805
-0.521780 5.635381 0.000173 0.002879 0.089578 -0.474480 1.563934 5.716154 6.381133 -4.507288 -15.286111 -13.532672
-0.526998 5.633743 0.000162 0.002963 0.081053 -0.445894 1.721081 6.411887 7.150467 2.565085 -14.365165 -12.192352
-0.523370 5.727822 0.000178 0.005639 0.073340 -0.401185 1.626686 6.506353 8.333986 -2.196123 -12.924792 -11.364904
-0.507875 5.873137 0.000419 0.009754 0.112599 -0.371243 1.268334 6.206711 8.928047 -19.789408 -11.960161 -12.104797
-0.469640 6.218825 0.000618 0.010739 0.166105 -0.397970 0.473134 5.615419 8.044028 -29.050490 -12.821216 -13.837269
-0.428786 6.625543 0.000554 0.005623 0.166105 -0.463501 -0.920337 6.162752 6.631289 -23.185542 -14.932401 -14.888672
-0.425298 6.691991 0.000121 -0.000241 0.166105 -0.495924 -1.352098 6.469091 5.991068 -14.212844 -15.976981 -14.649210
-0.467221 6.269770 -0.000091 -0.001105 0.166105 -0.488537 -1.989189 6.248460 6.157085 -7.287316 -15.738984 -13.770477
-0.522711 5.655134 -0.000007 0.001990 0.166105 -0.464937 -2.127085 5.842311 6.768728 -3.582678 -14.978660 -12.857950
-0.546228 5.383217 0.000218 0.005492 0.166105 -0.436344 -1.889131 5.908345 7.522579 -2.683566 -14.057505 -12.039465
-0.531633 5.562676 0.000370 0.007769 0.166105 -0.406534 -1.333303 6.176818 8.217266 -7.308525 -13.097118 -11.625121
-0.500233 5.960383 0.000465 0.008946 0.166105 -0.389912 -0.392917 6.240531 8.444874 -12.210122 -12.561622 -11.652383
-0.468093 6.361566 0.000503 0.008258 0.166105 -0.390271 2.889956 6.485920 8.264068 -17.676079 -12.573192 -12.270092
-0.444884 6.635561 0.000409 0.006455 0.166105 -0.410729 2.161585 6.355674 7.701618 -20.054975 -13.232276 -13.140184
-0.434674 6.742489 0.000314 0.003802 0.166105 -0.438495 1.490524 6.517666 7.071429 -18.216892 -14.126791 -13.711170
-0.436710 6.687616 0.000138 0.001521 0.150298 -0.454973 0.981897 6.503286 6.712758 -16.150550 -14.657657 -13.951648
-0.450980 6.513484 0.000061 0.000790 0.135995 -0.460566 0.885277 6.404736 6.575925 -9.918486 -14.837841 -13.446825
-0.471090 6.334954 0.000051 0.000955 0.123053 -0.444627 1.243854 6.664357 6.937055 -0.223868 -14.324350 -12.065549
-0.483764 6.250689 0.000073 0.002721 0.111343 -0.401678 1.297751 7.023942 7.972606 -0.096686 -12.940683 -10.909350
-0.483877 6.289018 0.000222 0.006673 0.100748 -0.363259 0.905981 6.706873 8.810042 -6.572008 -11.702941 -10.499410
-0.460140 6.545041 0.000478 0.008978 0.128475 -0.346916 0.005294 6.817371 8.985338 -20.339689 -11.176452 -11.536080
-0.418891 6.943726 0.000493 0.008093 0.132658 -0.332952 -212.674182 6.327250 8.063617 -41.120873 -10.726561 -13.807278
-0.392877 7.216144 0.000399 0.003359 0.132658 -0.430514 -191.403442 5.547124 5.598736 -34.056297 -13.869688 -15.299116
-0.397997 7.205632 0.000025 -0.006369 0.132658 -0.480446 -172.258757 6.951654 4.178641 -24.818463 -15.478315 -15.292685
-0.433917 6.813218 -0.000603 -0.010443 0.162019 -0.477806 -155.025656 5.971056 3.710686 -21.020741 -15.393284 -14.773459
-0.498595 6.051534 -0.000493 -0.009279 0.162019 -0.459577 -139.529827 5.675239 3.504093 -15.643845 -14.805997 -13.784009
-0.558606 5.343926 -0.000476 -0.007293 0.162019 -0.430380 -125.580231 5.013266 3.622465 -9.474506 -13.865352 -12.517762
-0.585513 5.035997 -0.000306 -0.005603 0.162019 -0.393131 -113.024281 5.398022 4.107659 -14.386190 -12.665339 -11.778698
-0.569779 5.268588 -0.000285 -0.004602 0.162019 -0.371978 -101.715880 5.030282 4.088995 -19.121117 -11.983844 -11.507833
-0.557060 5.442641 -0.000209 -0.005366 0.162019 -0.366251 -91.533752 5.213618 3.665450 -30.731338 -11.799347 -12.182476
-0.551354 5.465083 -0.000345 -0.007133 0.162019 -0.391262 -82.360426 4.183719 2.362877 -42.854978 -12.605127 -13.796514
-0.548008 5.471186 -0.000407 -0.012321 0.162019 -0.446214 -74.107562 4.132337 0.304886 -34.279732 -14.375475 -14.740531
-0.583807 5.035342 -0.000854 -0.018751 0.229627 -0.472009 -66.681903 4.199073 -0.780742 -25.383329 -15.206516 -14.916279
-0.656400 4.163974 -0.001113 -0.019600 0.299355 -0.474099 -60.009206 3.338964 -1.083201 -19.103231 -15.273828 -14.668683
-0.735163 3.232199 -0.000994 -0.017105 0.299355 -0.465706 -54.019846 2.846911 -0.951536 5.412576 -15.003459 -13.433151
-0.781871 2.674758 -0.000859 -0.014374 0.299355 -0.429606 -48.624853 4.135785 1.009843 13.286604 -13.840438 -12.102815
-0.792470 2.544150 -0.000712 -0.006082 0.299355 -0.387692 -43.744817 3.395120 3.287552 1.776117 -12.490090 -11.286935
-0.768045 2.828755 -0.000044 0.001819 0.299355 -0.360444 -39.338782 3.492829 4.358838 -23.259728 -11.612257 -11.440477
-0.705278 3.572534 0.000174 0.003117 0.299355 -0.368621 -35.353371 2.724202 3.368112 -36.899026 -11.875715 -12.312003
-0.634902 4.405695 0.000127 -0.004113 0.299355 -0.405865 -31.775402 3.791351 1.512331 -34.640947 -13.075578 -13.298855
-0.603911 4.776092 -0.000519 -0.012937 0.299355 -0.441654 -28.567295 3.875132 0.149955 -19.884359 -14.228561 -13.462921
-0.628037 4.487436 -0.000841 -0.017193 0.299355 -0.445479 -25.710923 4.534382 0.140806 -4.117860 -14.351788 -12.719622
-0.690832 3.695824 -0.000992 -0.014091 0.299355 -0.423708 -23.135447 3.826381 1.297711 -14.330924 -13.650423 -12.613316
-0.745762 3.009001 -0.000581 -0.006783 0.299355 -0.419201 -20.822008 2.301808 1.415551 -17.086784 -13.505202 -12.636662
-0.762760 2.808430 -0.000218 -0.005521 0.270868 -0.418868 -18.777716 2.933260 1.274371 -4.066707 -13.494480 -12.156514
-0.749626 2.979268 -0.000388 -0.006758 0.245092 -0.402024 -16.943976 3.754350 2.183136 -7.405245 -12.951836 -11.834543
-0.756753 2.908050 -0.000369 -0.002873 0.221768 -0.390984 -15.266626 2.665355 2.689972 -15.662125 -12.596161 -11.872246
-0.771377 2.720228 -0.000014 -0.000120 0.200664 -0.391345 -13.720079 2.524035 2.452907 -41.437847 -12.607796 -12.902431
-0.751447 2.924351 -0.000034 -0.001869 0.181568 -0.426431 -12.302179 0.986964 0.242412 -53.146915 -13.738135 -14.449326
-0.736179 3.093323 -0.000181 -0.011300 0.164290 -0.478154 -11.074157 1.692366 -2.558541 -28.847417 -15.404476 -14.976828
-0.753339 2.906604 -0.000959 -0.021663 0.257769 -0.493238 -10.019196 2.825298 -3.064723 -4.502962 -15.890420 -14.479098
-0.804953 2.318601 -0.001325 -0.021338 0.356386 -0.477905 -9.123846 2.804979 -1.634656 18.220663 -15.396473 -13.271922
-0.869524 1.562769 -0.001008 -0.012674 0.356386 -0.443162 -8.244368 3.201510 1.317596 35.215791 -14.277147 -11.779697
-0.905599 1.130579 -0.000444 0.000741 0.356386 -0.396982 -7.221276 3.349554 5.174613 8.052132 -12.789404 -11.199707
-0.898641 1.210844 0.000380 0.015712 0.356386 -0.376454 -6.066119 1.131947 6.410307 -25.712657 -12.128049 -11.579036
-0.846893 1.829082 0.001150 0.018159 0.356386 -0.389229 -4.944647 1.323000 4.888393 -30.227500 -12.539628 -12.146258
-0.767728 2.777899 0.000778 0.008366 0.356386 -0.410423 -3.940092 2.556707 3.292233 -19.994486 -13.222404 -12.429016
-0.710001 3.471419 0.000155 -0.000710 0.356386 -0.419629 -3.089411 3.672877 2.779839 -10.296788 -13.519005 -12.315522
-0.706601 3.495501 -0.000205 -0.002837 0.356386 -0.414334 -2.298594 3.605927 3.103733 -12.708575 -13.348404 -12.319626
-0.736560 3.115798 -0.000118 -0.000048 0.356386 -0.413025 -1.552229 2.773799 3.155043 -15.585457 -13.306256 -12.449485
-0.756250 2.887698 0.000078 0.001060 0.356386 -0.415602 -1.213955 2.800336 2.949828 -1.469841 -13.389264 -12.006607
-0.757576 2.901922 0.000027 0.000190 0.356386 -0.399931 -1.411022 3.916583 3.878430 5.149855 -12.884400 -11.326895
-0.761184 2.882576 -0.000013 0.003947 0.322471 -0.377019 -1.046424 3.467607 5.191080 -8.636962 -12.146253 -11.224546
-0.746954 3.054690 0.000378 0.008468 0.291784 -0.372651 0.301459 2.999164 5.252249 -23.026817 -12.005523 -11.711098
-0.695511 3.652064 0.000498 0.006343 0.264017 -0.388315 -4.972936 3.311323 4.229169 -30.662095 -12.510163 -12.562101
-0.644519 4.235031 0.000204 -0.000023 0.238893 -0.419631 -4.251328 3.552545 2.808304 -30.857190 -13.519072 -13.524069
-0.634531 4.333662 -0.000164 -0.006046 0.216159 -0.450574 -3.784029 3.600834 1.603117 -31.632517 -14.515945 -14.508156
-0.673239 3.882269 -0.000443 -0.009034 0.195589 -0.477529 -3.609346 2.767043 0.490659 -15.294719 -15.384337 -14.512897
-0.731890 3.201748 -0.000507 -0.010746 0.176976 -0.476455 -3.575959 3.556529 0.768785 2.987993 -15.349735 -13.748382
-0.781930 2.615449 -0.000623 -0.007320 0.167418 -0.453569 -3.418446 3.298586 2.389452 8.414380 -14.612433 -12.914419
-0.811869 2.263010 -0.000208 0.000501 0.167418 -0.427237 -3.109555 3.237745 4.180004 3.205771 -13.764114 -12.353537
-0.807105 2.318561 0.000202 0.007378 0.167418 -0.407534 -2.616979 2.912101 5.322746 -19.333647 -13.129351 -12.586293
-0.752916 2.974211 0.000530 0.009309 0.167418 -0.415116 -2.012604 2.538051 4.602044 -22.566867 -13.373596 -12.974847
-0.689919 3.732808 0.000456 0.003445 0.167418 -0.429032 -1.343050 3.968702 3.795208 -28.097634 -13.821932 -13.682024
-0.659176 4.087709 -0.000038 -0.001159 0.167418 -0.453123 -0.506542 3.065005 2.706549 -30.492839 -14.598082 -14.548849
-0.666517 4.001133 -0.000080 -0.005131 0.167418 -0.479593 0.710713 3.505339 1.591312 -12.130292 -15.450854 -14.429093
-0.704292 3.547598 -0.000425 -0.007754 0.167418 -0.474749 0.271875 3.841434 2.046969 -8.885761 -15.294785 -14.181333
-0.747103 3.032353 -0.000401 -0.003906 0.167418 -0.466143 -0.626972 2.886969 2.647389 -13.910300 -15.017517 -14.171308
-0.767753 2.803435 -0.000057 -0.000619 0.167418 -0.464651 -0.537706 2.823312 2.749698 6.260578 -14.969474 -13.398774
-0.755265 2.977475 -0.000020 -0.000903 0.167418 -0.437685 -0.394752 4.763300 4.434970 6.334681 -14.100692 -12.635753
-0.733990 3.245432 -0.000077 0.004715 0.151486 -0.410729 1.100498 3.631402 5.916280 -12.887672 -13.232273 -12.663655
-0.707263 3.563749 0.000503 0.009325 0.137070 -0.410479 0.196336 3.536612 5.708012 -25.787901 -13.224220 -13.255882
-0.655551 4.156601 0.000481 0.006149 0.129315 -0.431035 -3.775413 3.668748 4.569028 -41.182396 -13.886482 -14.684836
-0.611637 4.660575 0.000201 -0.000363 0.129315 -0.483723 -3.292781 3.316533 2.440679 -35.147488 -15.583899 -15.878486
-0.615145 4.650603 -0.000192 -0.008760 0.129315 -0.520537 -3.056164 4.185863 1.129676 -6.993728 -16.769901 -15.315373
-0.659189 4.133547 -0.000677 -0.011907 0.182024 -0.503468 -2.921965 4.857251 2.195621 -4.924860 -16.220016 -14.756812
-0.714766 3.458189 -0.000593 -0.005005 0.182024 -0.486749 -2.714195 3.223447 3.206385 -3.699795 -15.681383 -14.257888
-0.744962 3.098525 -0.000009 0.000428 0.182024 -0.470516 -2.462887 3.936849 4.133859 13.363673 -15.158404 -13.139313
-0.733904 3.234672 0.000039 0.003564 0.182024 -0.431673 -2.030943 4.906454 6.277463 -4.096666 -13.907029 -12.756903
