0.000000 -0.001094 0.000000 0.000000 0.000000 0.000000 0.000000 0.000000 0.000000 6.833542 0.000000 6.833542
0.000000 -0.001933 0.000000 0.000000 0.000000 0.000000 0.000000 0.000000 0.000000 6.833287 0.000000 6.833287
0.000000 0.000041 0.000000 0.000000 0.000000 0.000000 0.000000 0.000000 0.000000 6.833305 0.000000 6.833305
0.000000 0.068852 0.000000 0.000000 0.000000 0.000000 0.000000 0.000000 0.000000 6.833605 0.000000 6.833605
0.000000 0.213699 0.000000 0.000000 0.000000 0.000000 0.000000 0.000000 0.000000 6.833822 0.000000 6.833822
0.000000 0.380135 0.000000 0.000000 0.000000 0.000000 0.000000 0.000000 0.000000 6.833741 0.000000 6.833741
0.000000 0.548299 0.000000 0.000000 0.000000 0.000000 0.000000 0.000000 0.000000 6.831920 0.000000 6.831920
0.000000 0.715348 0.000000 0.000000 0.000000 0.000000 0.000000 0.000000 0.000000 6.829897 0.000000 6.829897
0.000000 0.888048 0.000000 0.000000 0.000000 0.000000 0.000000 0.000000 0.000000 6.830423 0.000000 6.830423
0.988757 1.061699 0.000000 0.000000 0.000000 0.000000 0.000000 0.000000 0.000000 6.828596 0.000000 6.828596
0.965668 1.224237 0.000000 0.000000 0.000000 0.000000 0.000000 0.000000 0.000000 6.833399 0.000000 6.833399
0.915740 1.342624 0.000000 0.000000 0.000000 0.000000 0.000000 0.000000 0.000000 6.843762 0.000000 6.843762
0.853487 1.399776 0.000000 0.000000 0.000000 0.000000 0.000000 0.000000 0.000000 6.851714 0.000000 6.851714
0.796707 1.407366 0.000000 0.000000 0.000000 0.000000 0.000000 0.000000 0.000000 6.844697 0.000000 6.844697
0.728535 1.400082 0.000000 0.000000 0.000000 0.000000 0.000000 0.000000 0.000000 6.834628 0.000000 6.834628
0.638023 1.411255 0.000000 0.000000 0.000000 0.000000 0.000000 0.000000 0.000000 6.832882 0.000000 6.832882
0.546719 1.433957 0.000000 0.000000 0.000000 0.000000 0.000000 0.000000 0.000000 6.821818 0.000000 6.821818
0.427249 1.462496 0.000000 0.000000 0.000000 0.000000 0.000000 0.000000 0.000000 6.820466 0.000000 6.820466
0.301336 1.498746 0.000000 0.000000 0.000000 0.000000 0.000000 0.000000 0.000000 6.829853 0.000000 6.829853
0.198277 1.544863 0.000000 0.000000 0.000000 0.000000 0.000000 0.000000 0.000000 6.834314 0.000000 6.834314
0.118195 1.610780 0.000000 0.000000 0.000000 0.000000 0.000000 0.000000 0.000000 6.839440 0.000000 6.839440
0.085371 1.690019 0.000000 0.000000 0.000000 0.000000 0.000000 0.000000 0.000000 6.835297 0.000000 6.835297
0.087323 1.773676 0.000000 0.000000 0.000000 0.000000 0.000000 0.000000 0.000000 6.820394 0.000000 6.820394
0.076028 1.862565 0.000000 0.000000 0.000000 0.000000 0.000000 0.000000 0.000000 6.817535 0.000000 6.817535
0.046156 1.952468 0.000000 0.000000 0.000000 0.000000 0.000000 0.000000 0.000000 6.831764 0.000000 6.831764
0.036666 2.040711 0.000000 0.000000 0.000000 0.000000 0.000000 0.000000 0.000000 6.839304 0.000000 6.839304
0.037517 2.133529 0.000000 0.000000 0.000000 0.000000 0.000000 0.000000 0.000000 6.844255 0.000000 6.844255
0.049842 2.237492 0.000000 0.000000 0.000000 0.000000 0.000000 0.000000 0.000000 6.843097 0.000000 6.843097
0.077503 2.342855 0.000000 0.000000 0.000000 0.000000 0.000000 0.000000 0.000000 6.828100 0.000000 6.828100
0.080324 2.443996 0.000000 0.000000 0.000000 0.000000 0.000000 0.000000 0.000000 6.827140 0.000000 6.827140
0.068553 2.543562 0.000000 0.000000 0.000000 0.000000 0.000000 0.000000 0.000000 6.832354 0.000000 6.832354
0.060029 2.637582 0.000000 0.000000 0.000000 0.000000 0.000000 0.000000 0.000000 6.830670 0.000000 6.830670
0.052822 2.725504 0.000000 0.000000 0.000000 0.000000 0.000000 0.000000 0.000000 6.829538 0.000000 6.829538
0.047084 2.811626 0.000000 0.000000 0.000000 0.000000 0.000000 0.000000 0.000000 6.830752 0.000000 6.830752
0.039803 2.898279 0.000000 0.000000 0.000000 0.000000 0.000000 0.000000 0.000000 6.832606 0.000000 6.832606
0.030175 2.983765 0.000000 0.000000 0.000000 0.000000 0.000000 0.000000 0.000000 6.832771 0.000000 6.832771
0.020857 3.072726 0.000000 0.000000 0.000000 0.000000 0.000000 0.000000 0.000000 6.834689 0.000000 6.834689
0.017569 3.164778 0.000000 0.000000 0.000000 0.000000 0.000000 0.000000 0.000000 6.835288 0.000000 6.835288
0.017417 3.255313 0.000000 0.000000 0.000000 0.000000 0.000000 0.000000 0.000000 6.832554 0.000000 6.832554
0.019337 3.350575 0.000000 0.000000 0.000000 0.000000 0.000000 0.000000 0.000000 6.829766 0.000000 6.829766
0.020803 3.452699 0.000000 0.000000 0.000000 0.000000 0.000000 0.000000 0.000000 6.830492 0.000000 6.830492
0.049896 3.662919 0.000000 0.000000 0.000000 0.000000 0.000000 0.000000 0.000000 6.833883 0.000000 6.833883
0.044154 3.733083 0.000000 0.000000 0.000000 0.000000 0.000000 0.000000 0.000000 6.834787 0.000000 6.834787
0.015675 3.714413 0.000000 0.000000 0.000000 0.000000 0.000000 0.000000 0.000000 6.836533 0.000000 6.836533
0.019318 3.816189 0.000000 0.000000 0.000000 0.000000 0.000000 0.000000 0.000000 6.837038 0.000000 6.837038
0.024565 3.924374 0.000000 0.000000 0.000000 0.000000 0.000000 3.924374 3.924374 6.833832 0.000000 6.833832
0.031679 4.033925 0.000000 -0.000580 0.000000 0.306968 0.000000 4.615697 4.429460 6.827990 8.011977 6.827990
0.032387 4.126286 -0.000055 0.001606 0.014854 0.176949 0.000055 3.649147 -3292.365714 6.827869 4.618431 6.827869
0.025766 4.215736 0.000197 -17.467828 0.052918 0.218113 1.746638 4.828764 -2962.547812 6.837863 5.692846 6.837863
0.021933 4.309353 -0.000108 -15.720694 0.052918 0.200908 1.446039 3.976617 -2665.779303 6.843689 5.243789 6.843689
0.047319 4.509897 0.000165 -14.149249 0.052918 0.204231 1.257641 5.052205 -2398.634700 11.267910 5.330507 11.267910
0.044490 4.577041 -0.000120 -12.734067 0.052918 0.423419 1.135477 4.626223 -2157.884213 11.125971 11.051399 11.125971
0.019957 4.557690 0.000131 -11.458283 0.052918 0.359085 0.940818 4.508257 -1941.634630 10.963767 9.372271 10.963767
0.032458 4.718211 0.000153 -10.313277 0.052918 0.366979 0.726460 5.001250 -1746.884270 10.790777 9.578305 10.790777
0.049479 4.907831 0.000033 -9.282344 0.052918 0.355708 0.444166 4.920766 -1571.617391 10.625031 9.284131 10.625031
0.061520 5.070536 0.000077 -8.354507 0.052918 0.348997 -0.006183 5.287308 -1413.851642 10.462570 9.108950 10.462570
0.065675 5.179461 -0.000006 -7.519120 0.052918 0.336786 27.378883 5.191060 -1271.850656 10.315341 8.790236 10.315341
0.067185 5.286534 0.000049 -6.767257 0.052918 0.334155 24.633546 5.473189 -1144.026662 10.163889 8.721589 10.163889
0.070189 5.437768 -0.000004 -6.090748 0.052918 0.327053 22.164283 5.513720 -1028.975931 9.926591 8.536209 9.926591
0.069665 5.581682 0.000014 -5.481883 0.047882 0.313544 19.940014 5.736587 -925.419636 9.597274 8.183634 9.597274
0.059293 5.705504 -0.000021 -4.933818 0.043325 0.295686 17.937769 5.782853 -832.204907 9.300576 7.717524 9.300576
0.045976 5.828174 -0.000004 -4.440545 0.039202 0.275640 16.133084 5.978896 -748.287133 8.976611 7.194320 8.976611
0.033886 5.953713 -0.000026 -3.996549 0.035472 0.255797 14.512459 6.062438 -672.734177 8.669223 6.676398 8.669223
0.020403 6.064378 -0.000011 -3.596798 0.032096 0.237635 13.053540 6.210024 -604.710228 8.468640 6.202367 8.468640
0.011528 6.170687 -0.000011 -3.236918 0.029042 0.226843 11.744004 6.303085 -543.458270 8.183723 5.920703 8.183723
-0.000395 6.282469 0.000010 -2.912950 0.026278 0.216136 10.566372 6.429609 -488.320564 7.952255 5.641244 7.952255
-0.010082 6.391291 0.000019 -2.621364 0.023777 0.206304 9.505827 6.527739 -438.682278 7.704588 5.384620 7.704588
-0.020880 6.495775 0.000037 -2.358896 0.021515 0.198568 8.553139 6.637953 -393.996723 7.525961 5.182716 7.525961
-0.029950 6.601423 0.000049 -2.122678 0.019467 0.191843 7.696149 6.741632 -353.767477 7.367584 5.007169 7.367584
-0.031559 6.707903 0.000063 -1.910076 0.017615 0.189227 6.929724 6.851593 -317.549265 7.079021 4.938896 7.079021
-0.033429 6.814109 0.000074 -1.718727 0.019947 0.184807 6.239982 6.938867 -284.958183 7.020573 4.823534 7.020573
-0.031791 6.924398 0.000086 -1.546619 0.023130 0.187880 5.619457 7.071684 -255.611064 6.921481 4.903753 6.921481
-0.028354 7.034586 0.000085 -1.391699 0.023130 0.191864 5.064336 7.150803 -229.200604 6.786749 5.007716 6.786749
-0.024904 7.139073 0.000096 -1.252310 0.025741 0.194525 4.563298 7.258325 -205.438001 6.744577 5.077173 6.744577
-0.019094 7.248106 0.000093 -1.126975 0.025741 0.199662 4.113070 7.360495 -184.048826 6.647065 5.211260 6.647065
-0.011640 7.357086 0.000089 -1.014216 0.025741 0.203329 3.707678 7.458178 -164.804416 6.408314 5.306962 6.408314
-0.005464 7.460741 0.000082 -0.912793 0.025741 0.202353 3.338491 7.542427 -147.498266 6.179846 5.281483 6.179846
-0.000642 7.563449 0.000073 -0.821636 0.025741 0.198820 2.994462 7.645224 -131.927137 5.998396 5.189274 5.998396
0.001342 7.653472 0.000055 -0.739606 0.025741 0.194604 2.676355 7.718576 -117.910571 5.806896 5.079246 5.792804
0.000316 7.732503 0.000046 -0.665754 0.025741 0.188083 2.380629 7.796259 -105.293650 5.730351 4.909029 5.653446
0.000032 7.806823 0.000035 -0.599293 0.025741 0.183419 2.108506 7.874661 -93.924215 5.673575 4.787316 5.540793
0.000168 7.878023 0.000026 -0.539427 0.025741 0.180346 1.861744 7.944795 -83.679909 5.598356 4.707103 5.428093
0.001127 7.952938 0.000022 -0.485541 0.025741 0.177488 1.636877 8.023896 -74.452181 5.516767 4.632494 5.314450
0.001360 8.015479 0.000016 -0.436977 0.025741 0.175074 1.431336 8.072685 -66.141476 5.406481 4.569491 5.187366
0.000057 8.072127 0.000018 -0.393241 0.023291 0.172157 1.239301 8.132201 -58.659596 5.383838 4.493359 5.117269
-0.000989 8.140131 0.000017 -0.353956 0.021075 0.170656 1.066573 8.210863 -51.915236 5.482644 4.454177 5.139169
-0.001497 8.202421 0.000011 -0.318550 0.019069 0.172488 0.925947 8.270033 -45.829105 5.503061 4.501994 5.136467
-0.001644 8.253058 0.000014 -0.286569 0.017255 0.174211 0.824099 8.311862 -40.348505 5.446513 4.546975 5.085303
-0.000447 8.308002 0.000022 -0.257820 0.015613 0.174674 0.748198 8.369957 -35.417812 5.368587 4.559056 5.013755
0.000274 8.362630 0.000022 -0.231982 0.014127 0.174458 0.688316 8.415302 -30.981233 5.285694 4.553419 4.937021
0.000869 8.416702 0.000023 -0.208761 0.012783 0.173406 0.635793 8.470770 -26.988491 5.178371 4.525953 4.840478
0.002450 8.467392 0.000020 -0.187873 0.011566 0.171581 0.590700 8.511864 -23.395729 4.658064 4.478336 4.478449
0.005564 8.512322 0.000020 -0.169073 0.010466 0.159713 0.544329 8.525684 -20.191928 3.857154 4.168581 3.858230
0.007541 8.557866 0.000018 -0.152339 0.009470 0.137950 0.484595 8.561094 -17.339467 3.325535 3.600539 3.327913
0.005686 8.589964 -0.000000 -0.137394 0.008568 0.118082 0.408180 8.593176 -14.766408 2.855339 3.081991 2.852637
0.003681 8.606610 -0.000015 -0.123848 0.007753 0.099650 0.338693 8.600969 -12.445495 2.194897 2.600914 2.270560
0.000374 8.612352 -0.000020 -0.111581 0.007015 0.077320 0.280125 8.592100 -10.369068 1.685679 2.018070 1.749207
-0.000915 8.624002 -0.000024 -0.100640 0.006399 0.057210 0.223946 8.625489 -8.493795 1.101952 1.493191 1.200585
-0.002497 8.635100 -0.000038 -0.090762 0.010115 0.036841 0.177016 8.614499 -6.809195 0.487937 0.961566 0.631714
-0.007977 8.631213 -0.000039 -0.081815 0.010455 0.014327 0.073112 8.610338 -5.299400 0.050762 0.373929 0.153809
-0.012030 8.630964 -0.000044 -0.073814 0.011726 -0.004903 -0.128767 8.624098 -3.929731 -0.467225 -0.127966 -0.347702
-0.017501 8.619965 -0.000050 -0.066498 0.013406 -0.024977 -0.023285 8.592128 -2.699292 -0.730447 -0.651900 -0.696457
-0.022657 8.596033 -0.000043 -0.059851 0.013406 -0.038694 0.284200 8.593477 -1.575439 -0.994573 -1.009926 -0.992557
-0.024204 8.576702 -0.000041 -0.053794 0.013406 -0.048310 0.287215 8.564392 -0.559115 -1.469918 -1.260917 -1.387813
-0.025898 8.560186 -0.000029 -0.048321 0.013406 -0.060976 0.304473 8.541709 0.337703 -1.794474 -1.591503 -1.708487
-0.022581 8.578238 -0.000024 -0.043665 0.013406 -0.070913 0.305253 8.592785 1.147080 -2.159098 -1.850845 -2.029446
-0.024709 8.543660 -0.000040 -0.039193 0.013406 -0.080578 0.303765 8.482071 1.864450 -2.449169 -2.103112 -2.297483
-0.030753 8.474477 -0.000011 -0.035025 0.013406 -0.088989 0.281803 8.443380 2.500430 -2.567388 -2.322655 -2.441766
-0.029737 8.449597 -0.000006 -0.031523 0.013406 -0.092100 0.272635 8.436875 3.077651 -2.776488 -2.403852 -2.600768
-0.028828 8.421311 -0.000009 -0.028315 0.013406 -0.095673 0.276170 8.381915 3.585073 -2.939236 -2.497105 -2.730110
-0.027174 8.398396 -0.000000 -0.025505 0.013406 -0.098589 0.277087 8.379612 4.034436 -3.165846 -2.573212 -2.893687
-0.024268 8.388225 -0.000009 -0.023070 0.013406 -0.103427 0.276967 8.352264 4.426964 -3.443249 -2.699476 -3.103496
-0.021647 8.378098 -0.000012 -0.020936 0.012131 -0.111049 0.256911 8.344985 4.768298 -3.703867 -2.898431 -3.323465
-0.021018 8.356754 -0.000024 -0.019014 0.010976 -0.119796 0.221659 8.307931 5.068905 -3.971226 -3.126714 -3.557065
-0.022700 8.320029 -0.000028 -0.017227 0.009932 -0.130053 0.172664 8.268643 5.332953 -4.354406 -3.394431 -3.880269
-0.025811 8.266675 -0.000031 -0.015545 0.008987 -0.144073 0.127420 8.195689 5.556913 -4.691537 -3.760364 -4.203930
-0.030582 8.199858 -0.000027 -0.014004 0.008131 -0.157977 0.073474 8.135863 5.753878 -4.997143 -4.123260 -4.507141
-0.037890 8.123235 -0.000027 -0.012555 0.007358 -0.171328 0.004271 8.049945 33.761115 -5.329971 -4.471732 -4.826623
-0.046645 8.039789 -0.000018 0.136291 0.006657 -0.186012 -0.010486 7.969608 31.126926 -5.632770 -4.854976 -5.136810
-0.054013 7.947694 -0.000011 0.122821 0.006024 -0.199697 0.060919 7.873922 28.752763 -5.914039 -5.212175 -5.426550
-0.059297 7.845043 0.000001 0.110785 0.005451 -0.210128 0.073441 7.771191 26.611242 -6.019017 -5.484413 -5.567310
-0.063433 7.738925 0.000016 0.100000 0.004932 -0.212260 0.069398 7.674457 24.685355 -6.022123 -5.540064 -5.580224
-0.067575 7.629255 0.000030 0.090376 0.008175 -0.208514 0.054039 7.558237 22.944889 -6.101939 -5.442311 -5.614119
-0.071971 7.521735 0.000050 0.081724 0.013526 -0.206084 -0.041080 7.444838 21.354878 -6.045235 -5.378866 -5.547660
-0.073675 7.432483 0.000064 0.073772 0.017187 -0.200785 0.376982 7.374417 19.914456 -5.801062 -5.240566 -5.319042
-0.068950 7.363804 0.000064 0.066503 0.017226 -0.188206 0.290746 7.314785 18.618863 -5.688300 -4.912251 -5.155214
-0.060947 7.312353 0.000063 0.059911 0.017226 -0.176881 0.208131 7.254294 17.432098 -5.550208 -4.616666 -4.970782
-0.054050 7.265667 0.000059 0.053870 0.017226 -0.166149 0.027510 7.207264 16.347954 -5.177474 -4.336549 -4.601698
-0.045177 7.225880 0.000047 0.048336 0.017226 -0.149145 -1.426923 7.179968 15.374942 -4.936737 -3.892748 -4.302753
-0.037576 7.185433 0.000033 0.043394 0.017226 -0.136310 -1.258740 7.114317 14.480504 -4.569755 -3.557733 -3.923480
-0.029605 7.150050 0.000027 0.038842 0.017226 -0.122185 -1.102448 7.105461 13.674283 -4.086556 -3.189080 -3.449075
-0.020960 7.112983 0.000007 0.034767 0.017226 -0.104253 -0.974059 7.054107 12.953259 -3.710424 -2.721046 -3.039273
-0.019121 7.052769 0.000002 0.031265 0.017226 -0.090268 -0.866678 6.980161 12.291672 -3.254740 -2.356030 -2.588976
-0.017211 6.998770 0.000003 0.028046 0.017226 -0.076504 -0.783990 6.948674 11.697399 -2.929478 -1.996774 -2.245071
-0.014219 6.957977 -0.000007 0.025113 0.017226 -0.066911 -0.734807 6.897979 11.156016 -2.675739 -1.746404 -1.980250
-0.013446 6.907453 -0.000011 0.022512 0.017226 -0.061044 -0.698040 6.847836 10.663963 -2.406292 -1.593268 -1.724652
-0.013339 6.853337 -0.000015 0.020192 0.015587 -0.054711 -0.673355 6.798951 10.224113 -2.299577 -1.427987 -1.599459
-0.010685 6.807959 -0.000016 0.018101 0.014104 -0.052907 -0.639830 6.752144 9.819476 -2.282933 -1.380892 -1.568389
-0.007301 6.767727 -0.000019 0.016171 0.012761 -0.053046 -0.577282 6.714970 9.449078 -2.169240 -1.384528 -1.469652
-0.007552 6.723037 -0.000025 0.014445 0.011547 -0.051161 -0.470509 6.672750 9.119734 -2.058048 -1.335325 -1.366685
-0.009101 6.674610 -0.000027 0.012956 0.010448 -0.049770 -0.336419 6.623840 8.822964 -1.980460 -1.299004 -1.295485
-0.011253 6.630279 -0.000025 0.011619 0.009454 -0.049901 -0.170571 6.586158 8.554421 -1.778769 -1.302449 -1.131668
-0.013507 6.584965 -0.000026 0.010436 0.008554 -0.046297 0.079855 6.549570 8.323035 -1.576314 -1.208380 -0.956455
-0.012381 6.543478 -0.000023 0.009429 0.007740 -0.040534 -0.253233 6.512001 8.118475 -1.449436 -1.057961 -0.837523
-0.010967 6.513925 -0.000018 0.008502 0.007004 -0.035616 -0.157827 6.487158 7.929714 -1.273722 -0.929595 -0.680330
-0.010791 6.503515 -0.000017 0.007557 0.006337 -0.030777 -0.051475 6.491718 7.762211 -1.069995 -0.803288 -0.501502
-0.016899 6.450986 -0.000024 0.006948 0.006344 -0.026243 0.056142 6.399116 7.611804 -0.907050 -0.684949 -0.359899
-0.024629 6.385133 -0.000001 0.006500 0.006344 -0.022648 0.136340 6.357887 7.473078 -0.690978 -0.591116 -0.176523
-0.024666 6.356746 0.000006 0.005915 0.006344 -0.016350 0.216288 6.348612 7.354224 -0.481551 -0.426734 0.006991
-0.024255 6.327297 0.000006 0.005441 0.006344 -0.008103 0.286008 6.306282 7.247568 -0.307020 -0.211504 0.166294
-0.024569 6.302126 0.000016 0.005010 0.006344 -0.000985 0.325459 6.291896 7.146117 1.196141 -0.025707 1.480753
-0.022674 6.290355 0.000017 0.004534 0.006344 0.052427 0.348200 6.377470 7.148888 1.415273 1.368375 1.780479
-0.020445 6.281917 0.000016 0.004594 0.006344 0.064745 0.347759 6.208866 7.065582 1.780016 1.689870 2.119956
-0.018481 6.274072 0.000063 0.004194 0.016881 0.078450 0.335576 6.332755 6.992949 2.194785 2.047578 2.506763
-0.012573 6.278898 0.000024 0.003784 0.016881 0.094206 0.332088 6.246456 6.932188 2.540604 2.458826 2.839678
-0.002464 6.298767 0.000049 0.003356 0.016881 0.109191 0.312500 6.346530 6.874759 2.883786 2.849929 3.171837
0.007910 6.331157 0.000018 0.002880 0.016881 0.124352 0.230828 6.321307 6.822847 3.237004 3.245642 3.516020
0.016871 6.365640 0.000024 0.002423 0.016881 0.138670 0.052425 6.400481 6.776502 3.585439 3.619340 3.855244
0.026063 6.395859 -0.000001 0.002017 0.016881 0.152242 -0.838021 6.389710 6.735986 3.891709 3.973579 4.157045
0.029456 6.430039 0.000002 0.001621 0.016881 0.162741 -0.687453 6.456383 6.699472 4.318087 4.247605 4.552961
0.033861 6.481420 -0.000019 0.001155 0.016881 0.173053 -0.530878 6.506545 6.682763 4.736514 4.516748 4.935123
0.042347 6.544283 -0.000030 0.000734 0.016881 0.184552 -0.436489 6.590363 6.684805 5.065639 4.816888 5.240086
0.049239 6.611335 -0.000046 0.000389 0.016881 0.193219 -0.375153 6.646099 6.695445 5.525029 5.043100 5.644635
0.057147 6.689180 -0.000052 0.000033 0.016881 0.206426 -0.364456 6.758492 6.729665 5.854625 5.387794 5.947876
0.056979 6.762698 -0.000069 -0.000175 0.018518 0.214291 -0.395170 6.799818 6.766723 6.225157 5.593091 6.265136
0.057745 6.823723 -0.000064 -0.000302 0.018518 0.220393 -0.456655 6.888549 6.818126 6.494844 5.752351 6.484290
0.060735 6.891028 -0.000070 -0.000386 0.018917 0.226918 -0.571207 6.946699 6.879103 6.711417 5.922647 6.657988
0.062346 6.959003 -0.000065 -0.000423 0.018917 0.231269 -0.613591 7.025880 6.944127 6.970859 6.036216 6.856158
0.067580 7.013699 -0.000065 -0.000369 0.018917 0.240005 -0.644405 7.071535 7.018665 6.940132 6.264236 6.833431
0.066658 7.066667 -0.000053 -0.000254 0.018917 0.241045 -0.599778 7.111644 7.072336 7.029136 6.291374 6.883653
0.061960 7.129704 -0.000045 -0.000304 0.018917 0.240791 -0.453511 7.197496 7.131418 7.203470 6.284744 6.993599
0.060593 7.200876 -0.000050 -0.000368 0.018917 0.242061 -0.261401 7.270009 7.204794 7.237447 6.317876 6.993645
0.061098 7.275700 -0.000047 -0.000376 0.018917 0.240474 0.031377 7.346744 7.278376 7.279656 6.276459 6.985550
0.060282 7.356283 -0.000045 -0.000413 0.018917 0.240244 -2.548880 7.436453 7.358704 7.313799 6.270456 6.976855
0.060895 7.437091 -0.000046 -0.000415 0.018917 0.239145 -2.260586 7.513042 7.441983 7.038483 6.241791 6.725589
0.057187 7.519065 -0.000042 -0.000408 0.018917 0.229311 -1.994416 7.581489 7.507298 6.837600 5.985096 6.487982
0.046319 7.601537 -0.000041 -0.000499 0.018917 0.215843 -1.736196 7.679217 7.578363 6.884267 5.633599 6.406416
0.038748 7.677231 -0.000047 -0.000524 0.017117 0.207778 -1.516846 7.766074 7.678681 6.584451 5.423096 6.094356
0.033199 7.752237 -0.000042 -0.000390 0.015488 0.193948 -1.349995 7.825142 7.770011 6.256876 5.062131 5.725264
0.027154 7.828562 -0.000031 -0.000310 0.014014 0.179340 -1.207753 7.917686 7.862254 6.117642 4.680834 5.482453
0.021290 7.906144 -0.000029 -0.000233 0.012681 0.170851 -1.089140 8.000802 7.970533 5.845834 4.459271 5.187973
0.012922 7.975303 -0.000021 -0.000025 0.011474 0.160404 -0.990494 8.055161 8.071268 5.656680 4.186606 4.937370
0.003571 8.038222 -0.000006 0.000175 0.010382 0.151426 -0.909366 8.130966 8.174259 5.574017 3.952283 4.768611
-0.000503 8.115480 0.000003 0.000311 0.009394 0.146286 -0.849681 8.220353 8.285643 5.412898 3.818110 4.577791
0.001298 8.215046 0.000011 0.000374 0.008500 0.142447 -0.807511 8.326115 8.393897 5.159276 3.717933 4.341365
0.005843 8.314863 0.000012 0.000419 0.007691 0.138249 -0.764671 8.410079 8.490213 4.774844 3.608342 4.024185
0.007672 8.400292 0.000017 0.000476 0.006959 0.131830 -0.710776 8.476808 8.565566 4.401334 3.440816 3.704639
0.002260 8.477341 0.000020 0.000467 0.006297 0.122487 -0.637157 8.547219 8.626196 4.547558 3.196947 3.694981
-0.003121 8.561740 0.000018 0.000342 0.005698 0.121807 -0.564156 8.671015 8.717408 4.682777 3.179216 3.749420
-0.004322 8.627769 0.000009 0.000475 0.005156 0.124268 -0.517295 8.701890 8.817161 4.421002 3.243442 3.583440
-0.003981 8.682055 0.000030 0.000716 0.008035 0.121048 -0.489060 8.751333 8.888796 4.094753 3.159390 3.333337
-0.004486 8.750439 0.000037 0.000733 0.009959 0.114691 -0.462457 8.817356 8.942593 4.044960 2.993490 3.230470
-0.004087 8.815464 0.000034 0.000674 0.009959 0.113221 -0.419747 8.889979 9.005909 3.934560 2.955102 3.136909
-0.002502 8.900817 0.000032 0.000557 0.009959 0.112076 -0.373745 8.980308 9.066221 4.030842 2.925227 3.174406
-0.001791 8.946763 0.000023 0.000633 0.009959 0.115262 -0.324588 8.999870 9.134218 4.066475 3.008388 3.217225
-0.002384 8.969885 0.000038 0.000871 0.010193 0.120986 -0.303483 9.022403 9.194291 3.975906 3.157788 3.213193
-0.002494 9.031293 0.000049 0.000864 0.013288 0.122666 -0.262169 9.097561 9.237147 4.154993 3.201619 3.334720
-0.001450 9.090211 0.000040 0.000779 0.013288 0.128322 -0.234012 9.153267 9.291389 3.995384 3.349248 3.294901
-0.003866 9.141305 0.000040 0.000795 0.013288 0.126812 -0.229454 9.178456 9.323100 4.173654 3.309834 3.385987
-0.003139 9.195367 0.000042 0.000677 0.013288 0.129448 -0.248630 9.271356 9.372787 4.032394 3.378649 3.328550
-0.001025 9.239652 0.000030 0.000705 0.013288 0.128590 -0.316958 9.261559 9.406743 3.623293 3.356258 3.084371
0.000064 9.277872 0.000043 0.000683 0.013288 0.120248 -0.311720 9.310231 9.413164 3.483258 3.138525 2.924398
-0.000074 9.316088 0.000031 0.000514 0.013288 0.115417 -0.249796 9.345699 9.428383 3.338335 3.012435 2.797687
-0.004867 9.344541 0.000025 0.000444 0.013288 0.109653 -0.107011 9.367178 9.443564 3.463536 2.861984 2.816073
-0.011146 9.358349 0.000023 0.000452 0.013288 0.108309 0.204776 9.394781 9.478538 3.541415 2.826916 2.848497
-0.016369 9.372467 0.000025 0.000562 0.013288 0.107800 0.081169 9.406280 9.519594 3.816867 2.813634 3.001766
-0.016383 9.394460 0.000034 0.000663 0.013288 0.113702 0.002354 9.457545 1914.343753 3.867706 2.967664 3.087086
-0.015133 9.419743 0.000037 10.093755 0.012024 0.124860 -1.006939 9.454581 1723.916431 3.659100 3.258892 3.084344
-0.012679 9.453946 0.000052 9.084543 0.014078 0.126293 -0.915186 9.482376 1552.499120 3.379141 3.296286 2.948130
-0.010594 9.497687 0.000048 8.176010 0.014078 0.122660 -0.827146 9.515927 1398.204968 3.242617 3.201483 2.846150
-0.010112 9.540473 0.000035 7.358214 0.014078 0.118239 -0.723216 9.563084 1259.341493 3.388628 3.086098 2.895785
-0.007347 9.574897 0.000020 6.622226 0.014078 0.120200 -0.623327 9.606223 1134.386708 3.379359 3.137272 2.921994
-0.005537 9.606095 0.000012 5.959954 0.014078 0.121860 -0.522234 9.623497 1021.926151 3.814731 3.180607 3.195164
-0.003122 9.645461 0.000011 5.363843 0.014078 0.132738 -0.417249 9.708884 920.743934 4.054844 3.464513 3.454008
-0.002405 9.691022 -0.000001 4.827460 0.014078 0.142552 -0.333004 9.719417 829.681327 4.153758 3.720653 3.623630
-0.001368 9.737355 0.000008 4.344695 0.014078 0.147193 -0.267870 9.783021 747.718246 4.269638 3.841791 3.746495
0.001332 9.785701 -0.000002 3.910135 0.014078 0.151110 -0.253161 9.818781 673.955928 4.129520 3.944035 3.720580
0.003468 9.822754 -0.000003 3.519089 0.014078 0.149305 -0.242519 9.839344 607.556022 3.742141 3.896923 3.498112
0.003717 9.851639 -0.000005 3.167098 0.014078 0.140383 -0.195483 9.850283 547.774392 3.478548 3.664050 3.267482
0.001538 9.878565 -0.000011 2.850186 0.012738 0.129720 -0.015875 9.887777 493.971396 3.568210 3.385754 3.207681
-0.000570 9.912954 -0.000024 2.564914 0.011526 0.124808 2.461201 9.946288 445.578745 3.722352 3.257541 3.240441
-0.005589 9.938432 -0.000034 2.308358 0.010429 0.123464 2.199818 9.965756 402.048323 4.090321 3.222466 3.424391
-0.011262 9.957723 -0.000027 2.077598 0.009437 0.127864 1.967917 10.014048 362.902014 4.358085 3.337311 3.612727
-0.015869 9.991521 -0.000020 1.869992 0.008539 0.132904 1.766481 10.047308 327.684774 4.590228 3.468846 3.785893
-0.017792 10.031712 -0.000007 1.683171 0.007726 0.138039 1.592712 10.100319 296.000551 4.320266 3.602876 3.685442
-0.018524 10.080444 0.000001 1.515025 0.006991 0.134151 1.442688 10.116417 267.460412 4.063599 3.501387 3.496099
-0.017208 10.130062 0.000011 1.363534 0.006326 0.127190 1.306471 10.181631 241.768029 3.949639 3.319721 3.351073
-0.014474 10.179308 0.000003 1.227135 0.005724 0.124102 1.183103 10.222996 218.654704 4.090429 3.239107 3.387055
-0.012776 10.228357 0.000004 1.104403 0.005179 0.127804 1.067826 10.294202 197.873625 4.550091 3.335730 3.669004
-0.009364 10.277645 0.000001 0.994028 0.004686 0.141364 0.965098 10.352206 179.201834 4.662318 3.689656 3.880039
-0.006318 10.333293 0.000009 0.894796 0.004240 0.151869 0.872873 10.388493 162.385309 4.861583 3.963833 4.106113
-0.005530 10.386549 0.000018 0.805407 0.004839 0.161487 0.788626 10.449907 147.250347 5.004145 4.214887 4.294191
-0.004163 10.444309 0.000017 0.724904 0.004839 0.168391 0.713602 10.496898 133.626811 4.989729 4.395080 4.370491
-0.000392 10.509884 0.000018 0.652368 0.004959 0.171042 0.645879 10.563270 121.358116 4.786307 4.464254 4.302001
0.003559 10.569884 0.000010 0.587041 0.004959 0.168703 0.580619 10.598462 110.302579 4.581385 4.403204 4.175586
0.005561 10.623861 0.000006 0.528175 0.004959 0.164018 0.509785 10.657064 100.347591 4.776985 4.280929 4.225142
0.005379 10.669984 -0.000008 0.475181 0.004959 0.165412 0.433051 10.716188 91.415698 5.060366 4.317320 4.388718
0.002724 10.714281 -0.000013 0.427618 0.004959 0.170285 0.357556 10.766483 83.399284 5.424139 4.444514 4.630982
-0.000468 10.760876 -0.000011 0.384894 0.004959 0.177067 0.292454 10.827223 76.206276 5.759333 4.621516 4.877800
-0.001960 10.811313 -0.000007 0.346513 0.004959 0.184624 0.253254 10.880857 69.749052 5.935257 4.818769 5.052272
-0.001516 10.868360 0.000001 0.311995 0.004959 0.190428 0.242157 10.939091 63.941712 5.984530 4.970238 5.142232
0.000596 10.927763 0.000008 0.280909 0.004959 0.194330 0.251887 10.992039 58.713657 5.832065 5.072099 5.111300
0.003605 10.984227 0.000013 0.252907 0.004959 0.194521 0.262665 11.032927 53.995664 5.542982 5.077083 4.970652
0.005718 11.040713 0.000015 0.227608 0.004959 0.190740 0.261355 11.080629 49.733857 5.445925 4.978395 4.877827
0.007509 11.099005 0.000010 0.204717 0.004487 0.188000 0.243679 11.147511 45.904177 5.406260 4.906870 4.826567
0.011990 11.175468 -0.000000 0.184019 0.004060 0.186876 0.219228 11.233943 42.467415 5.383529 4.877539 4.804258
0.012954 11.225229 -0.000014 0.165545 0.003846 0.186723 0.188086 11.254844 39.379783 5.583890 4.873532 4.902435
0.010988 11.256077 -0.000009 0.149021 0.003846 0.190331 0.154001 11.308426 36.618776 5.642325 4.967722 4.978063
0.011212 11.305852 -0.000008 0.134127 0.003846 0.192539 0.129139 11.352570 34.136262 5.270062 5.025340 4.829433
0.011761 11.358988 -0.000006 0.120692 0.003846 0.185981 0.109189 11.381818 31.876229 5.004014 4.854169 4.622367
0.011459 11.412733 -0.000009 0.108431 0.003846 0.176938 0.072228 11.448300 29.840715 2.529364 4.618142 3.335668
0.009229 11.452848 -0.000024 0.097433 0.006358 0.124414 0.010022 11.305453 27.850896 3.326072 3.247266 3.047975
0.006984 11.485774 -0.000024 0.086715 0.006369 0.112099 -0.707993 11.635729 26.220082 3.080105 2.925817 2.771427
0.003203 11.503499 -0.000112 0.077980 0.030212 0.100619 -0.629797 11.408870 24.759579 3.097506 2.626188 2.627085
-0.000352 11.526083 -0.000035 0.070121 0.030212 0.094340 -0.525681 11.653932 23.470309 3.137545 2.462318 2.557865
-0.000996 11.569797 -0.000091 0.063058 0.030212 0.091614 -0.467219 11.551313 22.329081 3.003357 2.391160 2.452978
-0.000783 11.620932 -0.000040 0.056740 0.030212 0.088004 -0.448699 11.720894 21.302532 2.987533 2.296942 2.391941
0.000781 11.667617 -0.000071 0.051053 0.030212 0.086670 -0.446968 11.674930 20.388975 2.845501 2.262119 2.303390
0.001015 11.704342 -0.000037 0.046018 0.030212 0.084995 -0.448151 11.770054 19.562694 2.778546 2.218411 2.247079
0.000740 11.738438 -0.000049 0.041459 0.030212 0.083784 -0.424772 11.753647 18.820770 2.478279 2.186790 2.091546
0.000565 11.761640 -0.000028 0.037405 0.030212 0.078834 -0.397816 11.789111 18.135934 2.155177 2.057605 1.878629
-0.001840 11.779606 -0.000029 0.033681 0.030212 0.071017 -0.315643 11.779057 17.507356 2.371620 1.853584 1.874471
-0.004851 11.784880 -0.000022 0.030322 0.030212 0.070729 -0.194579 11.826995 16.972566 1.944464 1.846042 1.674489
-0.008724 11.776986 -0.000023 0.027530 0.030212 0.062837 -0.046714 11.744095 16.460124 1.589790 1.640058 1.408524
-0.012274 11.773666 0.000005 0.024832 0.027337 0.051777 0.950763 11.793688 15.987844 1.703457 1.351393 1.316001
-0.013896 11.784459 -0.000011 0.022273 0.024735 0.048452 0.810829 11.802532 15.592962 1.576466 1.264611 1.212391
-0.013050 11.799256 -0.000005 0.020102 0.022381 0.045240 0.692555 11.819184 15.236140 1.175869 1.180784 0.985503
-0.011115 11.806335 -0.000003 0.018174 0.020251 0.038592 0.594750 11.795701 14.892804 0.881485 1.007267 0.765892
-0.009459 11.805119 0.000004 0.016361 0.018324 0.032533 0.491266 11.803558 14.574941 0.728468 0.849117 0.621585
-0.008489 11.801230 -0.000001 0.014697 0.016581 0.029354 0.383538 11.790644 14.288846 0.665178 0.766160 0.558457
-0.007530 11.806015 0.000000 0.013156 0.015003 0.028221 0.265715 11.811011 14.033261 0.861961 0.736573 0.642133
-0.007074 11.803113 -0.000008 0.011817 0.013575 0.032300 0.158245 11.805861 13.819313 0.997480 0.843049 0.766366
-0.006608 11.800864 -0.000003 0.010695 0.012283 0.037432 0.082378 11.808033 13.628634 1.008951 0.976999 0.848064
-0.004147 11.806539 -0.000000 0.009655 0.011114 0.040859 0.098339 11.807655 13.448735 0.620630 1.066441 0.726223
-0.001094 11.807575 0.000001 0.008696 0.010057 0.036753 0.143840 11.775277 13.252384 0.194787 0.959269 0.490686
0.000565 11.803577 0.000001 0.007677 0.009100 0.028010 0.112675 11.770940 13.052226 -13.431675 0.731069 -5.792207
-0.001839 11.784092 -0.000014 0.006720 0.008234 -0.226001 -0.008607 10.770554 11.901353 -6.804794 -5.898716 -6.080946
-0.006894 11.741381 -0.000019 0.000848 0.007450 -0.239965 2.938100 12.452528 11.819841 -6.973023 -6.263169 -6.346679
-0.017857 11.627069 -0.000507 0.001021 0.136272 -0.252302 2.648874 10.915375 11.749236 -7.061021 -6.585175 -6.555062
-0.035184 11.442335 -0.000042 0.001626 0.136272 -0.262374 2.111261 11.829496 11.684139 -7.056628 -6.848065 -6.689841
-0.050796 11.261098 -0.000304 0.002242 0.136272 -0.268653 1.614602 10.791298 11.626755 -7.294425 -7.011948 -6.898257
-0.064309 11.115512 0.000012 0.002709 0.136272 -0.277064 1.122421 11.354458 11.555206 -7.179714 -7.231470 -6.951245
-0.079763 11.000679 -0.000153 0.002938 0.136272 -0.280548 0.625943 10.721398 11.503495 -6.758905 -7.322402 -6.785038
-0.088132 10.966847 0.000040 0.002844 0.136272 -0.277076 0.320474 11.203951 11.490575 -7.689533 -7.231801 -7.266436
-0.096442 10.880439 -0.000088 0.003233 0.136272 -0.298104 0.990647 10.588533 11.396464 -9.144692 -7.780644 -8.306902
-0.100934 10.893076 0.000084 0.002667 0.136272 -0.339765 1.189696 11.038081 11.247496 -9.184810 -8.868001 -8.797045
-0.112499 10.797163 -0.000078 0.002386 0.136272 -0.361401 1.312738 10.581521 11.179555 -10.125488 -9.432710 -9.575067
-0.132547 10.563540 0.000051 0.003264 0.136272 -0.391539 1.493730 10.499064 11.067861 -10.719869 -10.219310 -10.242647
-0.140658 10.529384 0.000055 0.002853 0.136272 -0.417411 1.431940 10.517446 10.977820 -9.787340 -10.894605 -9.966053
-0.140708 10.563094 0.000035 0.002198 0.123304 -0.406026 1.395636 10.679675 11.016410 -10.243843 -10.597447 -10.157388
-0.138702 10.594508 0.000008 0.002236 0.111570 -0.411232 1.503578 10.551941 10.999788 -10.992807 -10.733308 -10.673713
-0.139650 10.606891 0.000051 0.002082 0.100953 -0.429140 1.507968 10.632087 10.941734 -10.741365 -11.200730 -10.722477
-0.141789 10.610846 0.000018 0.001753 0.091346 -0.429102 1.457085 10.627067 10.941861 -10.885378 -11.199732 -10.829458
-0.141469 10.603860 0.000027 0.001791 0.082653 -0.431053 1.450304 10.608025 10.930791 -11.651032 -11.250664 -11.318097
-0.141347 10.585451 0.000036 0.001830 0.074788 -0.446296 1.437359 10.538443 10.867307 -11.622794 -11.648499 -11.461899
-0.138700 10.571607 0.000044 0.001567 0.067671 -0.447729 1.375516 10.599996 10.839596 -11.733082 -11.685908 -11.551020
-0.135673 10.547198 0.000023 0.001549 0.061231 -0.445139 1.334483 10.501550 10.806945 -11.880923 -11.618304 -11.616293
-0.136395 10.504609 0.000048 0.001602 0.055404 -0.443585 1.249748 10.488067 10.757722 -11.171920 -11.577733 -11.181567
-0.134836 10.459808 0.000042 0.001579 0.050132 -0.422980 1.184748 10.466543 10.757274 -11.128875 -11.039939 -10.955170
-0.134555 10.419740 0.000052 0.001789 0.045361 -0.410958 1.151278 10.375867 10.717090 -10.714841 -10.726153 -10.585938
-0.130991 10.391942 0.000071 0.001723 0.041044 -0.395130 1.116052 10.405620 10.685393 -10.553384 -10.313036 -10.328607
-0.124761 10.365415 0.000056 0.001695 0.037139 -0.381310 1.111914 10.315872 10.636016 -11.100938 -9.952333 -10.502842
-0.122305 10.332950 0.000071 0.001606 0.033604 -0.386377 1.056437 10.263561 10.522658 -11.203605 -10.084594 -10.591428
-0.120851 10.295917 0.000055 0.001201 0.030406 -0.390087 0.956614 10.240890 10.419072 -11.492769 -10.181430 -10.777819
-0.122657 10.255270 0.000034 0.000868 0.027513 -0.399709 0.825722 10.171954 10.307873 -11.358553 -10.432553 -10.771385
-0.124936 10.207087 0.000023 0.000534 0.024895 -0.403692 0.676832 10.168237 10.230839 -11.109261 -10.536523 -10.647596
-0.125518 10.163493 0.000003 0.000357 0.022526 -0.401509 0.556334 10.118285 10.182692 -10.941800 -10.479537 -10.518812
-0.127071 10.125365 0.000005 0.000304 0.020382 -0.398948 0.446755 10.097603 10.143534 -10.614753 -10.412712 -10.292586
-0.131471 10.081722 0.000001 0.000328 0.018442 -0.392939 0.352612 10.054408 10.122744 -10.131108 -10.255860 -9.941762
-0.135574 10.043127 0.000009 0.000422 0.016687 -0.382928 0.288610 10.043123 10.123803 -9.752019 -9.994571 -9.622826
-0.138472 10.019283 0.000014 0.000554 0.015099 -0.373118 0.308354 10.017749 10.130889 -9.416062 -9.738538 -9.334952
-0.140179 9.999691 0.000025 0.000695 0.013663 -0.364142 0.367313 10.008561 10.141086 -9.158108 -9.504261 -9.105159
-0.139896 9.981652 0.000031 0.000845 0.012362 -0.355068 0.445197 9.985153 10.150172 -9.176475 -9.267424 -9.046381
-0.139648 9.973049 0.000042 0.000939 0.011304 -0.351992 0.485807 9.969942 10.139036 -8.977892 -9.187136 -8.902850
-0.141042 9.961932 0.000044 0.000938 0.011869 -0.345931 0.496422 9.970654 10.136455 -8.815996 -9.028948 -8.755880
-0.141283 9.954224 0.000044 0.000966 0.011869 -0.340414 0.498048 9.956478 10.133630 -8.947567 -8.884931 -8.797376
-0.141726 9.952845 0.000048 0.000958 0.012927 -0.341862 0.492618 9.945411 10.111023 -8.825155 -8.922745 -8.738997
-0.142142 9.952932 0.000045 0.000838 0.012927 -0.340271 0.473511 9.966005 10.102270 -8.821170 -8.881197 -8.729739
-0.141438 9.957726 0.000037 0.000766 0.012927 -0.339687 0.458114 9.955443 10.092156 -9.017600 -8.865967 -8.854191
-0.141786 9.951749 0.000038 0.000744 0.012927 -0.344604 0.426386 9.937829 10.067151 -9.143153 -8.994295 -8.981341
-0.138058 10.002199 0.000036 0.000344 0.012927 -0.349294 0.381744 10.042931 10.049892 -9.188851 -9.116715 -9.056762
-0.140419 9.990148 0.000000 0.000317 0.012927 -0.353016 0.320865 9.942706 10.038702 -9.061422 -9.213860 -9.016832
-0.147152 9.927629 0.000027 0.000589 0.012927 -0.351926 0.270295 9.926590 10.038617 -8.949946 -9.185395 -8.945289
-0.148679 9.930964 0.000032 0.000570 0.012927 -0.350010 0.247440 9.951488 10.044876 -8.843324 -9.135404 -8.870891
-0.149705 9.939608 0.000027 0.000558 0.012927 -0.347765 0.276399 9.951223 10.055469 -8.885048 -9.076809 -8.887646
-0.150507 9.953640 0.000030 0.000540 0.012927 -0.349091 0.332037 9.969439 10.059151 -8.816149 -9.111424 -8.867354
-0.150971 9.947005 0.000026 0.000594 0.012927 -0.348108 0.390226 9.950409 10.069287 -8.993105 -9.085752 -8.977664
-0.150357 9.930782 0.000035 0.000734 0.011697 -0.350327 0.426202 9.921779 10.062136 -9.434412 -9.143683 -9.278519
-0.149056 9.932099 0.000041 0.000689 0.011136 -0.359724 0.404234 9.919334 10.028110 -9.670002 -9.388941 -9.511246
-0.149980 9.935011 0.000032 0.000493 0.011136 -0.367488 0.333993 9.927230 9.998478 -9.543682 -9.591592 -9.503010
-0.149719 9.952423 0.000021 0.000244 0.011136 -0.367560 0.235077 9.976042 9.997337 -9.436876 -9.593454 -9.441214
-0.151924 9.943276 0.000007 0.000286 0.011136 -0.365635 0.139200 9.928385 10.003252 -9.368481 -9.543215 -9.387229
-0.155319 9.919611 0.000022 0.000443 0.011136 -0.364540 0.047988 9.925226 10.007522 -9.328057 -9.514649 -9.359231
-0.156731 9.922719 0.000025 0.000449 0.011136 -0.363909 0.054463 9.934205 10.012534 -9.441818 -9.498181 -9.424000
-0.158899 9.924097 0.000024 0.000469 0.011136 -0.367439 0.182356 9.920087 10.007766 -9.601478 -9.590308 -9.556810
-0.159676 9.930328 0.000026 0.000410 0.011136 -0.373161 0.238615 9.937714 9.999214 -9.720532 -9.739661 -9.691278
-0.160971 9.929549 0.000019 0.000369 0.011136 -0.378351 0.271883 9.924401 9.993631 -9.690678 -9.875108 -9.740687
-0.163064 9.918766 0.000021 0.000397 0.011136 -0.379909 0.284929 9.927594 9.999480 -9.758969 -9.915779 -9.802123
-0.165862 9.902049 0.000022 0.000516 0.011136 -0.381872 0.291072 9.892951 10.001075 -9.730825 -9.967006 -9.818932
-0.169467 9.883341 0.000033 0.000624 0.010076 -0.382379 0.291381 9.892731 10.006379 -9.703747 -9.980254 -9.819893
-0.174711 9.862665 0.000034 0.000762 0.009272 -0.382855 0.290550 9.858606 10.012001 -9.614115 -9.992669 -9.794098
-0.179196 9.842835 0.000046 0.000896 0.012466 -0.382746 0.296100 9.857590 10.022456 -9.740678 -9.989829 -9.855787
-0.182617 9.822224 0.000050 0.001061 0.013417 -0.385133 0.334999 9.811946 10.020448 -9.834769 -10.052122 -9.937467
-0.184347 9.801934 0.000063 0.001158 0.016935 -0.387672 0.369475 9.809641 10.014313 -10.072267 -10.118380 -10.077902
-0.186749 9.784771 0.000062 0.001216 0.016935 -0.391694 0.407591 9.768210 9.994693 -10.155465 -10.223376 -10.176312
-0.190963 9.764367 0.000069 0.001220 0.018465 -0.395103 0.408602 9.766203 9.976571 -9.930677 -10.312341 -10.150689
-0.193412 9.746963 0.000064 0.001217 0.018465 -0.393771 0.422170 9.759167 9.981207 -10.212124 -10.277579 -10.238263
-0.195762 9.729274 0.000068 0.001335 0.018465 -0.396627 0.437051 9.710092 9.960746 -10.036340 -10.352116 -10.226184
-0.197364 9.720848 0.000076 0.001271 0.020517 -0.395595 0.441970 9.752285 9.959589 -9.697033 -10.325189 -10.096737
-0.197475 9.718775 0.000064 0.001276 0.020517 -0.389708 0.464162 9.737387 9.980928 -9.697798 -10.171526 -10.007542
-0.196318 9.719481 0.000074 0.001385 0.020517 -0.384977 0.497709 9.739410 9.989037 -9.865277 -10.048063 -9.994185
-0.193365 9.732278 0.000076 0.001361 0.020543 -0.382995 0.525845 9.739790 9.976577 -10.144922 -9.996319 -10.065395
-0.190796 9.741924 0.000073 0.001243 0.020543 -0.384416 0.526327 9.732887 9.942367 -10.163223 -10.033410 -10.092170
-0.189817 9.747061 0.000065 0.001035 0.020543 -0.384605 0.490151 9.749015 9.913450 -9.830677 -10.038355 -9.966720
-0.189115 9.743970 0.000051 0.000898 0.020543 -0.379299 0.436836 9.754950 9.911519 -9.672568 -9.899856 -9.824154
-0.187879 9.738249 0.000049 0.000918 0.020543 -0.373136 0.386392 9.741323 9.910626 -9.562641 -9.738991 -9.686616
-0.186823 9.736362 0.000053 0.000923 0.020543 -0.367308 0.330138 9.745144 9.905951 -9.354200 -9.586873 -9.514905
-0.186162 9.737221 0.000050 0.000894 0.020543 -0.360506 0.274020 9.747706 9.905902 -9.377281 -9.409361 -9.420102
-0.185680 9.744128 0.000049 0.000857 0.020543 -0.357302 0.226418 9.743586 9.892044 -9.307382 -9.325716 -9.341405
-0.184437 9.750360 0.000047 0.000751 0.020543 -0.354864 0.197922 9.757105 9.879201 -9.518631 -9.262082 -9.387796
-0.183499 9.752784 0.000039 0.000670 0.020543 -0.357053 0.187707 9.730776 9.848009 -9.722437 -9.319231 -9.498717
-0.182267 9.758786 0.000037 0.000473 0.020543 -0.361961 0.115938 9.752038 9.809932 -9.720407 -9.447315 -9.564470
-0.181457 9.764447 0.000020 0.000241 0.018588 -0.364740 -0.077276 9.754628 9.785638 -9.649069 -9.519869 -9.571408
-0.183182 9.759076 0.000011 0.000141 0.016819 -0.365910 0.304470 9.753292 9.773639 -9.380627 -9.550398 -9.477270
-0.182028 9.785560 0.000008 -0.000063 0.015218 -0.363229 0.196815 9.823650 9.787107 -9.374065 -9.480418 -9.436992
-0.183841 9.772495 -0.000009 0.000077 0.013770 -0.362470 0.109916 9.739262 9.793336 -9.337948 -9.460604 -9.412644
-0.186841 9.736317 0.000018 0.000302 0.012460 -0.361922 0.037403 9.742829 9.796503 -9.459657 -9.446313 -9.453959
-0.185816 9.743380 0.000018 0.000281 0.011274 -0.363350 -0.058374 9.742856 9.790226 -9.572991 -9.483588 -9.521037
-0.184844 9.750834 0.000016 0.000209 0.010201 -0.365736 0.064591 9.750753 9.779822 -9.489627 -9.545860 -9.523129
-0.184289 9.752563 0.000010 0.000144 0.009230 -0.365310 -0.087030 9.758076 9.781162 -9.224275 -9.534723 -9.410472
-0.182593 9.754874 0.000008 0.000139 0.008352 -0.360128 0.036373 9.774760 9.800981 -9.042633 -9.399492 -9.262041
-0.181384 9.755326 0.000009 0.000242 0.007557 -0.353030 -0.188991 9.765583 9.822219 -8.790647 -9.214219 -9.055427
-0.181405 9.753947 0.000018 0.000362 0.006838 -0.344517 -0.132082 9.775265 9.846019 -8.508724 -8.992040 -8.815840
-0.181331 9.759068 0.000022 0.000461 0.006187 -0.335108 -0.104671 9.781058 9.872270 -8.602897 -8.746452 -8.720701
-0.182315 9.765395 0.000028 0.000566 0.007578 -0.332213 -0.122293 9.763245 9.871963 -8.489790 -8.670887 -8.630863
-0.180036 9.786461 0.000033 0.000453 0.008980 -0.329361 -0.197604 9.818129 9.876507 -8.792434 -8.596450 -8.718074
-0.176756 9.808435 0.000019 0.000361 0.008980 -0.332544 -0.280606 9.786509 9.855529 -9.255323 -8.679529 -8.962581
-0.172691 9.822850 0.000022 0.000173 0.008980 -0.341975 -0.311754 9.810289 9.810628 -9.929141 -8.925685 -9.393197
-0.172096 9.827339 0.000001 -0.000089 0.008980 -0.357976 -0.297099 9.768422 9.739742 -9.845463 -9.343304 -9.554867
-0.173597 9.829634 -0.000007 -0.000476 0.008980 -0.365464 -0.220087 9.842294 9.712422 -9.532735 -9.538762 -9.507906
-0.174915 9.825977 -0.000038 -0.000602 0.010115 -0.364657 -0.124657 9.813359 9.724213 -9.395237 -9.517679 -9.435931
-0.177328 9.812398 -0.000026 -0.000467 0.010115 -0.363289 0.058790 9.820483 9.741885 -8.944491 -9.481983 -9.222772
-0.178267 9.806940 -0.000023 -0.000345 0.010115 -0.355382 -0.193693 9.834971 9.787255 -9.002799 -9.275612 -9.143114
-0.179450 9.796819 -0.000014 -0.000051 0.010115 -0.352567 -0.129674 9.786024 9.807938 -9.207544 -9.202127 -9.194536
-0.179121 9.793284 0.000007 0.000078 0.010115 -0.354316 -0.086935 9.798700 9.806081 -9.756571 -9.247799 -9.456081
-0.180912 9.792905 0.000002 0.000070 0.010115 -0.364377 0.001931 9.751482 9.767975 -9.597426 -9.510392 -9.532125
-0.183244 9.787109 0.000005 -0.000101 0.010115 -0.367537 -2.511478 9.809318 9.763596 -9.252064 -9.592856 -9.439301
-0.184143 9.775580 -0.000013 -0.000064 0.010115 -0.363970 -2.258284 9.773232 9.789436 -9.124078 -9.499763 -9.339445
-0.183212 9.766604 0.000005 0.000121 0.010115 -0.359257 -2.033924 9.788467 9.814317 -9.324196 -9.376744 -9.356002
-0.183213 9.767358 0.000008 0.000249 0.010115 -0.358685 -1.833320 9.754271 9.813421 -9.041916 -9.361833 -9.232918
-0.185429 9.772938 0.000018 0.000215 0.010115 -0.354304 -1.650343 9.811004 9.832505 -8.412269 -9.247466 -8.919985
-0.187506 9.763549 0.000007 0.000365 0.009153 -0.342862 -1.490913 9.785976 9.885999 -8.708673 -8.948823 -8.867756
-0.187533 9.754758 0.000030 0.000695 0.008282 -0.340890 -1.354035 9.747147 9.890240 -8.987680 -8.897374 -8.948425
-0.183708 9.765042 0.000043 0.000663 0.011508 -0.343086 -1.231372 9.772828 9.871190 -9.368076 -8.954682 -9.134453
-0.182160 9.764157 0.000030 0.000567 0.011508 -0.348823 -1.117154 9.727329 9.830596 -9.585774 -9.104416 -9.303743
-0.183818 9.758075 0.000031 0.000384 0.011508 -0.355111 -0.997770 9.747866 9.788538 -9.345527 -9.268525 -9.294320
-0.185395 9.752740 0.000013 0.000190 0.011508 -0.355468 -0.878618 9.751071 9.779391 -9.072079 -9.277862 -9.189809
-0.185200 9.742607 0.000009 0.000195 0.011508 -0.351742 -0.770704 9.750716 9.790592 -9.059476 -9.180595 -9.130566
-0.184516 9.735380 0.000012 0.000293 0.011508 -0.348877 -0.674957 9.731870 9.793828 -8.778340 -9.105817 -8.974965
-0.182939 9.735281 0.000019 0.000310 0.011508 -0.342056 -0.585314 9.761689 9.811652 -8.857190 -8.927792 -8.908744
-0.182450 9.731683 0.000016 0.000424 0.011508 -0.338713 -0.505824 9.712784 9.808760 -9.054818 -8.840546 -8.940227
-0.183323 9.727498 0.000029 0.000431 0.011508 -0.340367 -0.424753 9.723776 9.785141 -9.121424 -8.883706 -8.988239
-0.183536 9.726435 0.000019 0.000311 0.011508 -0.342877 -0.351470 9.711373 9.762082 -9.242619 -8.949219 -9.071515
-0.182881 9.716970 0.000016 0.000239 0.011508 -0.346579 -0.284394 9.700233 9.736356 -9.284315 -9.045842 -9.139682
-0.180276 9.714972 0.000011 0.000113 0.010413 -0.348550 -0.227401 9.709520 9.716974 -9.436626 -9.097285 -9.229574
-0.178778 9.719180 0.000003 -0.000012 0.009422 -0.351371 -0.155771 9.702372 9.692658 -9.239302 -9.170916 -9.179514
-0.177308 9.727340 -0.000002 -0.000184 0.008525 -0.349293 -0.056153 9.742370 9.691182 -9.276218 -9.116697 -9.165065
-0.176384 9.731340 -0.000015 -0.000213 0.007714 -0.348921 0.139166 9.710981 9.683663 -9.046380 -9.106980 -9.054908
-0.175241 9.727147 -0.000008 -0.000230 0.006980 -0.344764 0.059589 9.744461 9.692393 -8.830713 -8.998483 -8.900398
-0.173928 9.726758 -0.000015 -0.000182 0.006316 -0.338181 -0.023106 9.724726 9.707961 -8.754835 -8.826659 -8.777389
-0.172442 9.729717 -0.000005 -0.000115 0.005715 -0.333428 0.133909 9.738904 9.715330 -8.899416 -8.702594 -8.781600
-0.172317 9.739625 -0.000007 -0.000129 0.005171 -0.333931 0.102392 9.725970 9.703528 -8.772579 -8.715742 -8.725328
-0.175159 9.747012 -0.000006 -0.000230 0.004679 -0.333974 0.050237 9.759736 9.703766 -8.177605 -8.716861 -8.456536
-0.175695 9.755615 -0.000016 -0.000275 0.004429 -0.325553 0.059662 9.791311 9.747943 -8.272280 -8.497066 -8.390207
-0.174914 9.771602 -0.000013 -0.000125 0.004429 -0.323850 0.145430 9.772088 9.766562 -8.260258 -8.452617 -8.365513
-0.174975 9.785796 -0.000002 -0.000102 0.004429 -0.323464 0.173615 9.810671 9.782395 -8.098116 -8.442549 -8.290963
-0.175883 9.800347 -0.000008 -0.000095 0.004429 -0.321036 0.193231 9.816993 9.809095 -7.949797 -8.379172 -8.196963
-0.175516 9.828568 -0.000002 -0.000103 0.004429 -0.318068 0.205949 9.868875 9.842089 -8.008009 -8.301708 -8.188724
-0.175318 9.859914 -0.000008 -0.000094 0.004429 -0.318210 0.216691 9.873981 9.865107 -7.856635 -8.305403 -8.128644
-0.173951 9.895940 -0.000003 -0.000163 0.004429 -0.316344 0.216612 9.945957 9.900640 -7.673943 -8.256692 -8.027777
-0.172219 9.923288 -0.000014 -0.000120 0.004429 -0.311653 0.216504 9.947289 9.945041 -7.641848 -8.134276 -7.957894
-0.171353 9.946861 -0.000001 -0.000010 0.004429 -0.308164 0.203826 9.982124 9.980829 -7.565362 -8.043211 -7.882007
-0.170336 9.969269 -0.000001 0.000061 0.004429 -0.304373 0.181316 9.993536 10.014224 -7.660213 -7.944243 -7.881824
-0.170503 9.985237 0.000006 0.000154 0.004429 -0.303858 0.143162 9.999135 10.031863 -7.486578 -7.930805 -7.796337
-0.169822 10.009441 0.000010 0.000119 0.004008 -0.300262 0.091533 10.049807 10.061741 -7.507863 -7.836952 -7.763154
-0.168457 10.032012 0.000004 0.000158 0.003626 -0.298473 0.041046 10.041572 10.082564 -7.903370 -7.790275 -7.931661
-0.164352 10.060028 0.000012 0.000119 0.003281 -0.304380 -0.044517 10.066616 10.072133 -8.489015 -7.944430 -8.296544
-0.161309 10.085901 0.000002 -0.000073 0.002969 -0.317322 0.079966 10.061952 10.034132 -8.606370 -8.282237 -8.502126
-0.159390 10.107719 -0.000008 -0.000390 0.002686 -0.324787 -0.037490 10.120895 10.018054 -8.664833 -8.477072 -8.613329
-0.158660 10.117175 -0.000031 -0.000525 0.008202 -0.328518 0.187073 10.100622 10.014390 -8.670673 -8.574452 -8.654662
-0.157093 10.130826 -0.000026 -0.000617 0.008202 -0.330232 0.025814 10.148032 10.019076 -8.518015 -8.619195 -8.586514
-0.153179 10.150224 -0.000039 -0.000695 0.010353 -0.326005 -0.738391 10.159293 10.039507 -8.697278 -8.508859 -8.646488
-0.150970 10.155976 -0.000036 -0.000617 0.010353 -0.327128 -0.634252 10.139698 10.037530 -8.868016 -8.538174 -8.754261
-0.151474 10.153660 -0.000031 -0.000615 0.010353 -0.331030 -0.533316 10.140980 10.025293 -8.939513 -8.640017 -8.827701
-0.153626 10.147221 -0.000035 -0.000646 0.010353 -0.335434 -0.432664 10.130558 10.015830 -8.950902 -8.754952 -8.873725
-0.154398 10.140697 -0.000035 -0.000662 0.010353 -0.338954 -0.344430 10.134639 10.014148 -9.025165 -8.846828 -8.949848
-0.154196 10.134369 -0.000037 -0.000637 0.010353 -0.342600 -0.272422 10.121258 10.013275 -9.052702 -8.941997 -9.001206
-0.152464 10.129030 -0.000033 -0.000613 0.010353 -0.344206 -0.207066 10.127244 10.016846 -9.311705 -8.983920 -9.168369
-0.152352 10.125805 -0.000034 -0.000577 0.010353 -0.349757 -0.120546 10.100953 10.004041 -9.212300 -9.128790 -9.160076
-0.155099 10.119140 -0.000030 -0.000610 0.010353 -0.350545 0.078927 10.127651 10.009513 -8.866689 -9.149352 -8.970858
-0.157729 10.114023 -0.000036 -0.000554 0.010353 -0.345086 -0.136136 10.123559 10.040402 -8.707523 -9.006890 -8.827732
-0.160092 10.105558 -0.000026 -0.000345 0.010353 -0.341389 -0.079850 10.112803 10.068564 -8.535000 -8.910377 -8.699354
-0.159845 10.100825 -0.000014 -0.000171 0.009368 -0.336703 -0.163099 10.118385 10.098932 -8.728387 -8.788077 -8.755523
-0.157295 10.111489 -0.000007 -0.000067 0.008477 -0.337699 -0.221899 10.110287 10.104504 -9.030283 -8.814073 -8.935375
-0.157182 10.119021 -0.000003 -0.000077 0.007670 -0.343626 -0.228127 10.110375 10.090322 -8.936159 -8.968776 -8.946826
-0.158688 10.112944 -0.000007 -0.000120 0.006940 -0.344190 -0.204552 10.117357 10.094943 -8.868954 -8.983507 -8.918242
-0.158782 10.096927 -0.000008 -0.000011 0.006280 -0.342692 -0.187782 10.088866 10.103424 -8.868499 -8.944398 -8.903175
-0.158457 10.078399 0.000003 0.000133 0.005682 -0.340658 -0.168086 10.075513 10.106410 -8.550974 -8.891308 -8.707928
-0.157593 10.070306 0.000008 0.000191 0.005141 -0.331249 -0.144872 10.090748 10.127408 -8.419899 -8.645724 -8.534287
-0.156570 10.072884 0.000010 0.000289 0.004652 -0.323228 -0.125759 10.074922 10.138284 -8.370212 -8.436379 -8.419621
-0.149555 10.151014 0.000018 -0.000067 0.004917 -0.318131 -0.107757 10.216672 10.144341 -8.333229 -8.303341 -8.346346
-0.150183 10.139431 -0.000022 0.000026 0.005868 -0.315544 -0.093999 10.075476 10.141689 -8.259286 -8.235820 -8.272866
-0.154463 10.067167 0.000019 0.000395 0.005868 -0.313007 -0.090266 10.058824 10.132540 -8.353296 -8.169598 -8.297321
-0.151019 10.081505 0.000022 0.000270 0.005868 -0.313053 -0.104781 10.086368 10.114154 -8.456958 -8.170809 -8.354446
-0.148010 10.095909 0.000008 0.000097 0.005868 -0.314777 -0.091664 10.082851 10.091639 -8.567921 -8.215792 -8.431727
-0.146615 10.109507 0.000002 -0.000095 0.005868 -0.317720 -0.056995 10.105370 10.067965 -8.497560 -8.292631 -8.406990
-0.146265 10.122817 -0.000011 -0.000291 0.005868 -0.318442 0.039420 10.121957 10.058632 -8.236180 -8.311473 -8.246891
-0.144192 10.142040 -0.000019 -0.000442 0.005868 -0.313486 -0.015661 10.163551 10.072417 -8.186571 -8.182108 -8.169768
-0.142337 10.156905 -0.000027 -0.000448 0.007325 -0.311239 -0.023299 10.151266 10.080543 -8.084588 -8.123448 -8.085086
-0.140781 10.165369 -0.000021 -0.000449 0.007325 -0.308213 -0.024825 10.179461 10.091836 -8.003443 -8.044484 -8.006612
-0.140449 10.168279 -0.000026 -0.000405 0.007325 -0.305289 0.025504 10.162302 10.102448 -7.888880 -7.968151 -7.908678
-0.139488 10.188145 -0.000018 -0.000454 0.007325 -0.302254 -0.079365 10.214552 10.116749 -7.801822 -7.888941 -7.827511
-0.139489 10.194850 -0.000030 -0.000414 0.007940 -0.300048 -0.055942 10.185388 10.130859 -7.798567 -7.831372 -7.805994
-0.139999 10.179464 -0.000017 -0.000258 0.007940 -0.299700 -0.060411 10.177097 10.138091 -7.912543 -7.822281 -7.873331
-0.138638 10.173751 -0.000012 -0.000189 0.007940 -0.301498 -0.061058 10.164548 10.135131 -8.112289 -7.869226 -8.011142
-0.138949 10.164813 -0.000009 -0.000157 0.007940 -0.306060 0.039090 10.147449 10.120524 -8.095235 -7.988275 -8.040228
-0.140069 10.160248 -0.000009 -0.000210 0.007940 -0.307383 -0.267228 10.162754 10.116762 -8.013462 -8.022806 -8.001059
-0.140456 10.162767 -0.000014 -0.000244 0.007940 -0.306674 -0.197480 10.163453 10.122038 -8.032295 -8.004315 -8.006466
-0.140364 10.161436 -0.000013 -0.000209 0.007940 -0.307519 -0.134690 10.157800 10.123955 -8.075501 -8.026365 -8.041373
-0.140685 10.155199 -0.000011 -0.000166 0.007940 -0.308911 -0.078265 10.149565 10.123527 -8.078076 -8.062712 -8.056298
-0.141523 10.153864 -0.000008 -0.000161 0.007940 -0.309788 -0.008476 10.156193 10.125449 -8.096912 -8.085592 -8.077001
-0.143362 10.149244 -0.000010 -0.000126 0.007940 -0.311571 0.398782 10.142867 10.127010 -8.073800 -8.132116 -8.081077
-0.145182 10.139837 -0.000005 -0.000068 0.007940 -0.312812 0.353457 10.141629 10.132510 -8.060337 -8.164508 -8.087593
-0.146282 10.134718 -0.000003 -0.000012 0.007184 -0.313510 0.314889 10.136720 10.140263 -8.011252 -8.182725 -8.067852
-0.147050 10.127098 0.000001 0.000070 0.006501 -0.312739 0.275959 10.131799 10.151345 -7.874931 -8.162599 -7.981220
-0.147423 10.124919 0.000005 0.000140 0.005882 -0.308604 0.237237 10.140216 10.169503 -7.752212 -8.054694 -7.872770
-0.148140 10.121488 0.000008 0.000254 0.005322 -0.303899 0.197273 10.128377 10.186573 -7.597507 -7.931879 -7.738827
-0.147986 10.111591 0.000017 0.000397 0.004816 -0.297687 0.163250 10.122339 10.203252 -7.586953 -7.769739 -7.680026
-0.145609 10.114204 0.000024 0.000472 0.006404 -0.293502 0.132921 10.120912 10.207564 -7.602350 -7.660514 -7.652238
-0.142692 10.131695 0.000026 0.000402 0.006898 -0.290315 0.077284 10.144527 10.204182 -7.482098 -7.577330 -7.546613
-0.140716 10.152851 0.000018 0.000272 0.006898 -0.285245 -0.034494 10.166396 10.205935 -7.318149 -7.445008 -7.396357
-0.138096 10.176927 0.000012 0.000154 0.006898 -0.279328 0.133258 10.194525 10.212207 -7.243943 -7.290572 -7.293179
-0.133587 10.202474 0.000005 0.000052 0.006898 -0.274788 0.112304 10.212204 10.214605 -7.339365 -7.172069 -7.304042
-0.129397 10.223655 0.000001 -0.000048 0.006898 -0.273925 0.109071 10.220718 10.203414 -7.424352 -7.149554 -7.339868
-0.125657 10.242796 -0.000005 -0.000209 0.006898 -0.274539 0.082754 10.240588 10.187482 -7.524003 -7.165565 -7.396788
-0.122419 10.262950 -0.000016 -0.000400 0.006898 -0.276297 0.015143 10.254922 10.169111 -7.695889 -7.211459 -7.506521
-0.122172 10.272869 -0.000025 -0.000550 0.006898 -0.281550 -0.654377 10.252200 10.144460 -7.777577 -7.348578 -7.596701
-0.123008 10.272383 -0.000032 -0.000678 0.008612 -0.287476 -0.567606 10.257510 10.126233 -7.962232 -7.503236 -7.757359
-0.123734 10.271400 -0.000039 -0.000769 0.010529 -0.296068 -0.475587 10.249324 10.107561 -8.110138 -7.727500 -7.924128
-0.125897 10.264637 -0.000042 -0.000832 0.011410 -0.304918 -0.363635 10.249220 10.095601 -8.043230 -7.958478 -7.968097
-0.128928 10.255509 -0.000046 -0.000847 0.012400 -0.308984 -0.230856 10.254413 10.105464 -8.032179 -8.064594 -8.003577
-0.132689 10.244058 -0.000045 -0.000734 0.012400 -0.312693 -0.063439 10.238118 10.121667 -8.009806 -8.161420 -8.031523
-0.135451 10.240349 -0.000035 -0.000629 0.012400 -0.315840 0.336819 10.253097 10.144498 -7.978443 -8.243557 -8.051250
-0.138071 10.234457 -0.000033 -0.000477 0.012400 -0.317555 0.261230 10.238714 10.172663 -8.014330 -8.288309 -8.099782
-0.142204 10.224877 -0.000021 -0.000277 0.012400 -0.320219 0.213992 10.233618 10.197695 -8.007122 -8.357836 -8.131474
-0.145786 10.219248 -0.000012 -0.000114 0.012400 -0.322462 0.205607 10.233111 10.225209 -8.087909 -8.416393 -8.214436
-0.147942 10.218684 -0.000003 0.000035 0.012400 -0.325823 0.243155 10.230894 10.248308 -8.149381 -8.504108 -8.295641
-0.149505 10.223186 0.000004 0.000133 0.012400 -0.328378 0.284123 10.242669 10.271445 -8.037308 -8.570799 -8.263218
-0.149556 10.225986 0.000008 0.000241 0.012400 -0.325588 0.325145 10.251214 10.305474 -8.127594 -8.497974 -8.304431
-0.148389 10.233673 0.000015 0.000380 0.012400 -0.324455 0.357142 10.246421 10.325075 -8.246734 -8.468411 -8.375381
-0.148378 10.231051 0.000023 0.000498 0.012400 -0.324618 0.355087 10.234784 10.331701 -8.252972 -8.472665 -8.385283
-0.148122 10.232383 0.000028 0.000526 0.011220 -0.322775 0.327386 10.246348 10.337655 -8.252555 -8.424546 -8.370607
-0.147038 10.237474 0.000027 0.000531 0.010152 -0.320510 0.283418 10.242812 10.340073 -8.277250 -8.365440 -8.365419
-0.145900 10.242870 0.000029 0.000515 0.009186 -0.318682 0.235243 10.249293 10.336729 -8.308146 -8.317735 -8.365789
-0.141674 10.257608 0.000026 0.000419 0.008312 -0.317068 0.180586 10.264953 10.329510 -8.590512 -8.275598 -8.518574
-0.137243 10.278560 0.000019 0.000270 0.007521 -0.320232 0.110521 10.266675 10.301645 -8.646633 -8.358171 -8.573616
-0.134036 10.295917 0.000011 0.000030 0.006805 -0.321242 -0.051821 10.298453 10.280214 -8.636580 -8.384538 -8.567867
-0.132049 10.294376 -0.000005 -0.000075 0.006158 -0.320087 0.260590 10.272891 10.263406 -8.779604 -8.354389 -8.632691
-0.132737 10.283757 -0.000003 -0.000108 0.005572 -0.323158 0.169298 10.261703 10.234696 -8.587172 -8.434543 -8.536058
-0.132111 10.281629 -0.000008 -0.000249 0.005041 -0.320616 0.067539 10.286534 10.228353 -8.680802 -8.368197 -8.560805
-0.133088 10.277179 -0.000017 -0.000259 0.004597 -0.323002 -0.095676 10.247093 10.210632 -8.614609 -8.430483 -8.536759
-0.135320 10.270301 -0.000011 -0.000316 0.004597 -0.324831 0.005373 10.275555 10.203286 -8.472517 -8.478208 -8.465055
-0.137133 10.266942 -0.000021 -0.000337 0.005763 -0.324227 -0.774409 10.260463 10.210063 -8.512762 -8.462451 -8.483749
-0.137941 10.257831 -0.000015 -0.000253 0.005763 -0.326908 -0.696163 10.252088 10.211202 -8.697804 -8.532425 -8.622334
-0.138624 10.251550 -0.000012 -0.000214 0.005763 -0.332578 -0.630564 10.239162 10.203279 -8.705811 -8.680406 -8.681219
-0.138872 10.246664 -0.000011 -0.000230 0.005763 -0.335224 -0.569689 10.250829 10.205780 -8.747215 -8.749489 -8.733478
-0.138674 10.245007 -0.000014 -0.000208 0.005763 -0.336418 -0.517162 10.240515 10.209867 -8.821312 -8.780639 -8.791432
-0.138796 10.243849 -0.000009 -0.000180 0.005763 -0.338533 -0.465071 10.243576 10.210325 -8.574239 -8.835851 -8.662790
-0.137314 10.243738 -0.000010 -0.000177 0.005763 -0.332342 -0.419552 10.262784 10.232582 -8.395804 -8.674264 -8.499242
-0.134657 10.250423 -0.000009 -0.000095 0.005763 -0.324232 -0.380811 10.260668 10.254501 -8.243141 -8.462589 -8.331500
-0.131327 10.260232 -0.000002 -0.000030 0.005763 -0.315553 -0.349241 10.275750 10.270941 -8.224172 -8.236060 -8.235819
-0.127982 10.279671 -0.000002 -0.000046 0.005763 -0.310245 -0.319646 10.283668 10.272674 -8.199062 -8.097510 -8.164993
-0.127025 10.298511 -0.000004 -0.000137 0.005763 -0.307463 -0.288936 10.303043 10.267915 -8.021841 -8.024900 -8.026910
-0.127082 10.308971 -0.000011 -0.000218 0.005215 -0.303841 -0.264282 10.313934 10.272241 -8.108663 -7.930368 -8.040114
-0.126759 10.310519 -0.000013 -0.000203 0.004718 -0.305886 -0.254646 10.294894 10.263177 -8.346084 -7.983750 -8.197642
-0.126543 10.316610 -0.000010 -0.000283 0.004269 -0.313319 -0.242052 10.307783 10.242321 -8.348116 -8.177738 -8.267463
-0.126402 10.310558 -0.000020 -0.000362 0.005313 -0.316872 -0.221913 10.300459 10.236826 -8.625433 -8.270473 -8.465575
-0.128639 10.291569 -0.000019 -0.000290 0.005313 -0.325004 -0.190193 10.258791 10.216634 -8.628628 -8.482729 -8.543801
-0.132029 10.279825 -0.000013 -0.000335 0.005313 -0.329781 -0.128207 10.286103 10.212404 -8.366645 -8.607413 -8.433701
-0.135147 10.271878 -0.000022 -0.000315 0.006005 -0.327302 -0.055284 10.277907 10.235760 -8.327775 -8.542704 -8.392828
-0.137736 10.266159 -0.000013 -0.000161 0.006005 -0.327547 0.055978 10.272302 10.254341 -8.230842 -8.549095 -8.343901
-0.138976 10.261045 -0.000006 -0.000036 0.006005 -0.326196 0.019740 10.275052 10.278023 -8.083082 -8.513850 -8.250286
-0.138149 10.257226 0.000000 0.000110 0.006005 -0.321463 0.144232 10.274112 10.307091 -8.275641 -8.390324 -8.330626
-0.137181 10.257993 0.000009 0.000260 0.006005 -0.322260 0.167617 10.253389 10.310473 -8.372644 -8.411106 -8.400330
-0.134503 10.274156 0.000017 0.000192 0.006005 -0.323099 0.173766 10.293550 10.309623 -8.301163 -8.433001 -8.366551
-0.131504 10.280338 0.000005 0.000155 0.006005 -0.319070 0.185062 10.279301 10.316227 -8.365893 -8.327842 -8.366369
-0.130575 10.281567 0.000011 0.000184 0.006005 -0.317160 0.185373 10.280629 10.310010 -8.234634 -8.278006 -8.265961
-0.129158 10.286774 0.000009 0.000123 0.006005 -0.312573 0.182451 10.294825 10.310822 -8.192551 -8.158279 -8.193184
-0.127761 10.286047 0.000005 0.000131 0.006005 -0.309146 0.183386 10.276547 10.305866 -8.141528 -8.068836 -8.124992
-0.127325 10.282611 0.000009 0.000123 0.006005 -0.306403 0.176162 10.282207 10.298285 -8.015219 -7.997240 -8.018097
-0.126627 10.275658 0.000005 0.000120 0.005433 -0.302428 0.165860 10.269120 10.294722 -8.063936 -7.893493 -8.004258
-0.125630 10.275372 0.000008 0.000103 0.004916 -0.301964 0.150313 10.268050 10.280463 -8.118527 -7.881387 -8.026598
-0.127243 10.266597 0.000004 0.000073 0.004448 -0.303898 0.118086 10.248288 10.261930 -7.977941 -7.931854 -7.956062
-0.129998 10.248134 0.000004 0.000073 0.004025 -0.303099 0.076679 10.244679 10.257218 -7.945084 -7.910996 -7.926850
-0.132700 10.228922 0.000004 0.000150 0.003642 -0.303802 0.040321 10.213851 10.251923 -7.843620 -7.929350 -7.872184
-0.135111 10.218274 0.000011 0.000178 0.003295 -0.303340 0.005478 10.228011 10.254757 -7.650097 -7.917296 -7.752982
-0.136269 10.215389 0.000008 0.000209 0.002982 -0.299896 0.216707 10.224612 10.270141 -7.654072 -7.827410 -7.727841
-0.136096 10.209953 0.000014 0.000319 0.003675 -0.298953 0.209823 10.210760 10.276656 -7.881798 -7.802798 -7.861045
-0.136616 10.199403 0.000020 0.000409 0.005312 -0.303259 0.210313 10.184606 10.263218 -7.992470 -7.915191 -7.969618
-0.137022 10.193805 0.000024 0.000368 0.006346 -0.306913 0.205683 10.195577 10.250689 -8.066526 -8.010549 -8.049428
-0.136905 10.183681 0.000017 0.000355 0.006346 -0.309116 0.195769 10.170117 10.239941 -8.134432 -8.068039 -8.111407
-0.137123 10.167964 0.000021 0.000381 0.006346 -0.310375 0.172101 10.161440 10.227942 -8.085517 -8.100915 -8.092337
-0.136293 10.162790 0.000020 0.000345 0.006346 -0.308460 0.137257 10.164983 10.222541 -8.113646 -8.050934 -8.090379
-0.134730 10.158374 0.000018 0.000340 0.006346 -0.307194 0.084773 10.148552 10.211589 -8.129242 -8.017898 -8.085069
-0.133763 10.153211 0.000019 0.000309 0.006346 -0.305817 -0.023685 10.148887 10.197701 -7.929077 -7.981940 -7.946013
-0.133740 10.146169 0.000015 0.000273 0.006346 -0.300195 0.436555 10.147816 10.196370 -7.718326 -7.835205 -7.762018
-0.134148 10.140539 0.000015 0.000296 0.006346 -0.293309 0.373124 10.143169 10.199238 -7.681803 -7.655471 -7.673042
-0.134220 10.141696 0.000017 0.000305 0.006346 -0.290934 0.321045 10.138613 10.191580 -7.652988 -7.593505 -7.630441
-0.132326 10.147956 0.000016 0.000231 0.006346 -0.289940 0.282128 10.151129 10.182916 -7.841642 -7.567536 -7.733135
-0.131072 10.154612 0.000010 0.000150 0.006346 -0.293918 0.246684 10.137579 10.160266 -7.748702 -7.671389 -7.709766
-0.131115 10.160736 0.000007 -0.000002 0.005742 -0.293743 0.200840 10.173671 10.154723 -7.499753 -7.666810 -7.555255
-0.131390 10.168440 -0.000005 -0.000073 0.005196 -0.288692 0.170577 10.176334 10.168174 -7.395072 -7.534974 -7.445182
-0.130624 10.173656 -0.000002 -0.000029 0.004701 -0.285426 0.159807 10.181630 10.178838 -7.467254 -7.449742 -7.459454
-0.129621 10.185766 -0.000000 -0.000037 0.004254 -0.286011 0.162716 10.187808 10.178265 -7.460850 -7.464989 -7.461171
-0.129649 10.196283 -0.000002 -0.000095 0.003849 -0.286866 0.153276 10.203362 10.180366 -7.480418 -7.487306 -7.482013
-0.130559 10.207711 -0.000006 -0.000145 0.003483 -0.288574 0.143283 10.211688 10.183598 -7.606291 -7.531907 -7.575864
-0.131782 10.224161 -0.000008 -0.000215 0.003151 -0.294303 0.125802 10.228761 10.182276 -7.659414 -7.681428 -7.665186
-0.132542 10.235244 -0.000014 -0.000281 0.003647 -0.299249 0.112547 10.242022 10.189165 -7.719446 -7.810517 -7.753431
-0.133476 10.238369 -0.000016 -0.000261 0.004179 -0.303400 0.097720 10.242031 10.200670 -7.649603 -7.918861 -7.757027
-0.133490 10.247372 -0.000012 -0.000247 0.004179 -0.303209 0.086039 10.271114 10.224809 -7.723387 -7.913877 -7.807214
-0.134113 10.257339 -0.000014 -0.000172 0.004179 -0.304741 0.073902 10.260093 10.241836 -7.714763 -7.953872 -7.822999
-0.134984 10.265611 -0.000005 -0.000126 0.004179 -0.305215 0.052850 10.287314 10.261503 -7.679080 -7.966244 -7.812647
-0.135111 10.287786 -0.000008 -0.000139 0.004179 -0.304727 0.040508 10.308927 10.284895 -7.591459 -7.953502 -7.762190
-0.134565 10.304068 -0.000007 -0.000102 0.004179 -0.302697 0.056182 10.326358 10.312990 -7.688549 -7.900520 -7.808365
-0.133756 10.315892 -0.000004 -0.000015 0.004179 -0.303344 0.101753 10.322846 10.328607 -7.801589 -7.917402 -7.887212
-0.132131 10.340048 0.000002 -0.000061 0.004179 -0.305437 0.114971 10.362183 10.338125 -8.022545 -7.972017 -8.042446
-0.132455 10.353526 -0.000007 -0.000082 0.004179 -0.310786 0.121917 10.342947 10.336012 -8.245560 -8.111636 -8.228391
-0.134160 10.355159 -0.000002 -0.000101 0.004179 -0.318652 0.108511 10.355245 10.328243 -8.415404 -8.316936 -8.406972
-0.128013 10.423555 -0.000008 -0.000505 0.004179 -0.325438 0.093872 10.471083 10.330654 -8.718588 -8.494056 -8.654016
-0.128381 10.404101 -0.000042 -0.000389 0.011246 -0.333744 0.050059 10.334281 10.321764 -8.921176 -8.710859 -8.854815
-0.135337 10.332826 -0.000004 -0.000059 0.011246 -0.340428 -0.482388 10.316455 10.307663 -8.909787 -8.885296 -8.911108
-0.127914 10.452107 -0.000003 -0.000765 0.011246 -0.343403 -0.358284 10.558857 10.320336 -8.777025 -8.962959 -8.864020
-0.133744 10.420490 -0.000071 -0.000531 0.019109 -0.343136 -0.234294 10.323241 10.343796 -8.591385 -8.955980 -8.755850
-0.146718 10.290458 0.000005 0.000283 0.019109 -0.340608 -0.055366 10.290594 10.364825 -8.609741 -8.890013 -8.750797
-0.146752 10.291699 0.000021 0.000387 0.019109 -0.340534 0.076832 10.312848 10.377778 -8.836143 -8.888073 -8.894620
-0.130602 10.490729 0.000019 -0.000599 0.019109 -0.345179 0.139860 10.636788 10.392828 -8.797779 -9.009309 -8.921914
-0.135151 10.443759 -0.000073 -0.000270 0.019526 -0.345168 0.216259 10.304631 10.413216 -8.796931 -9.009015 -8.925454
-0.152717 10.230047 0.000032 0.000971 0.019526 -0.344131 0.299506 10.185714 10.410234 -8.945148 -8.981942 -9.004377
-0.151725 10.233005 0.000066 0.000939 0.019526 -0.345800 0.372838 10.273499 10.395172 -8.922599 -9.025528 -9.007865
-0.148801 10.241325 0.000036 0.000815 0.019526 -0.343924 0.423662 10.223028 10.387229 -9.086634 -8.976553 -9.090476
-0.146624 10.231069 0.000049 0.000827 0.019526 -0.344272 0.449349 10.229541 10.363654 -9.497643 -8.985639 -9.340452
-0.147250 10.211187 0.000040 0.000808 0.019526 -0.352301 0.414664 10.159482 10.311386 -9.744678 -9.195199 -9.556144
-0.149975 10.195435 0.000046 0.000614 0.019526 -0.361256 0.313840 10.184466 10.260060 -9.832889 -9.428934 -9.684290
-0.153245 10.167368 0.000023 0.000491 0.019526 -0.368166 0.160887 10.124480 10.221582 -9.937538 -9.609289 -9.808486
-0.154660 10.134422 0.000030 0.000462 0.019526 -0.373977 -0.076488 10.118641 10.189131 -10.096963 -9.760954 -9.955100
-0.156474 10.098318 0.000022 0.000481 0.019526 -0.379621 0.417158 10.057764 10.155754 -10.091843 -9.908258 -10.007936
-0.157463 10.068531 0.000030 0.000462 0.019526 -0.381357 0.274174 10.063871 10.133758 -10.345075 -9.953566 -10.163500
-0.162156 10.039945 0.000022 0.000497 0.017667 -0.387402 0.079301 9.992496 10.096068 -10.007700 -10.111347 -10.053743
-0.167875 10.017709 0.000032 0.000415 0.015986 -0.386073 -0.460391 10.045374 10.095726 -9.391292 -10.076670 -9.740807
-0.169240 9.997261 0.000016 0.000522 0.014465 -0.375330 -0.408656 10.008328 10.135437 -9.358061 -9.796266 -9.593921
-0.168640 9.985210 0.000039 0.000796 0.013088 -0.368866 -0.425888 9.998401 10.152099 -8.995530 -9.627554 -9.341852
-0.166274 9.982671 0.000047 0.000898 0.012538 -0.356754 -0.467527 10.015787 10.180856 -9.013825 -9.311419 -9.204888
-0.164397 9.978649 0.000050 0.001071 0.013477 -0.348867 -0.506082 9.970456 10.182153 -9.203417 -9.105566 -9.204906
-0.165671 9.969716 0.000064 0.001126 0.017229 -0.348069 -0.521000 9.962048 10.153834 -8.883385 -9.084739 -9.029841
-0.166996 9.954037 0.000058 0.001059 0.017229 -0.341850 -0.527628 9.962187 10.148414 -8.723797 -8.922425 -8.871482
-0.167150 9.936202 0.000057 0.001124 0.017229 -0.335633 -0.533253 9.929776 10.141555 -8.525886 -8.760157 -8.694115
-0.165791 9.925501 0.000065 0.001145 0.017350 -0.328053 -0.527183 9.939020 10.136889 -8.556669 -8.562309 -8.613982
-0.164033 9.916175 0.000061 0.001170 0.017350 -0.323694 -0.512501 9.898306 10.115225 -8.995335 -8.448539 -8.781415
-0.163849 9.896889 0.000066 0.001157 0.017826 -0.329864 -0.459154 9.856217 10.053854 -9.020780 -8.609576 -8.856670
-0.163400 9.881191 0.000061 0.000915 0.017826 -0.332683 -0.357265 9.871437 10.006855 -8.847272 -8.683152 -8.790073
-0.161408 9.865741 0.000042 0.000748 0.017826 -0.329646 -0.212014 9.849318 9.980877 -8.803621 -8.603895 -8.724762
-0.159996 9.844601 0.000041 0.000722 0.017826 -0.325943 0.021937 9.826386 9.952808 -8.723222 -8.507234 -8.631229
-0.159777 9.833798 0.000040 0.000631 0.017826 -0.321659 -2.416933 9.824111 9.925289 -8.607846 -8.395437 -8.511565
-0.160953 9.835808 0.000032 0.000474 0.017826 -0.318739 -2.153151 9.829807 9.900983 -8.097851 -8.319217 -8.195726
-0.163370 9.830194 0.000023 0.000375 0.017826 -0.309789 -1.919495 9.846510 9.909910 -7.600010 -8.085616 -7.829915
-0.163276 9.820678 0.000021 0.000473 0.017826 -0.297398 -1.727312 9.835125 9.936099 -7.848184 -7.762195 -7.818048
-0.161789 9.818004 0.000032 0.000626 0.017826 -0.297302 -1.570232 9.798089 9.918072 -8.062911 -7.759702 -7.929006
-0.160624 9.817911 0.000037 0.000531 0.017826 -0.301668 -1.430405 9.811844 9.886132 -8.358458 -7.873665 -8.133519
-0.160609 9.816126 0.000024 0.000371 0.017826 -0.309854 -1.297492 9.784498 9.844078 -8.771965 -8.087323 -8.443376
-0.161586 9.810440 0.000019 0.000178 0.016130 -0.322906 -1.160190 9.781689 9.791210 -8.717673 -8.427978 -8.555220
-0.161790 9.802551 0.000004 -0.000060 0.014595 -0.328026 -1.021800 9.798294 9.771397 -8.514488 -8.561603 -8.502470
-0.161432 9.791745 -0.000006 -0.000108 0.013206 -0.325799 -0.892218 9.789913 9.776839 -8.448957 -8.503493 -8.443180
-0.160580 9.787890 -0.000003 -0.000059 0.011949 -0.322840 -0.773474 9.790214 9.781887 -8.408951 -8.426239 -8.389100
-0.160295 9.782590 -0.000001 -0.000004 0.010812 -0.320291 -0.663119 9.777741 9.783207 -8.410809 -8.359711 -8.361781
-0.162053 9.771113 0.000003 0.000064 0.009783 -0.319483 -0.561869 9.762116 9.778303 -8.323227 -8.338623 -8.305008
-0.164327 9.769169 0.000006 0.000048 0.008852 -0.318751 -0.473346 9.775925 9.778503 -8.150041 -8.319530 -8.207517
-0.164904 9.769928 0.000002 0.000045 0.008010 -0.316388 -0.409990 9.777386 9.789901 -8.404817 -8.257858 -8.314192
-0.165807 9.766928 0.000005 0.000122 0.007248 -0.321139 -0.371503 9.747936 9.776977 -8.580364 -8.381848 -8.461749
-0.167554 9.765572 0.000009 0.000060 0.006558 -0.327645 -0.337726 9.765326 9.761483 -8.643602 -8.551672 -8.574730
-0.169558 9.767630 -0.000000 -0.000033 0.005934 -0.332833 -0.310719 9.762827 9.755450 -8.828067 -8.687086 -8.732818
-0.173438 9.759389 -0.000002 -0.000021 0.005369 -0.340019 -0.287129 9.746445 9.745650 -8.814518 -8.874633 -8.825397
-0.178012 9.739594 0.000000 0.000032 0.004858 -0.344644 -0.270281 9.738459 9.749391 -8.765440 -8.995338 -8.874340
-0.180878 9.727716 0.000004 0.000115 0.004396 -0.347017 -0.263344 9.735745 9.763847 -8.998574 -9.057292 -9.014259
-0.184323 9.714749 0.000009 0.000260 0.003978 -0.352306 -0.260166 9.702198 9.763183 -9.291476 -9.195334 -9.217069
-0.189067 9.690361 0.000019 0.000386 0.004995 -0.360069 -0.249705 9.673940 9.748949 -9.563410 -9.397944 -9.445242
-0.192734 9.666097 0.000023 0.000439 0.006124 -0.368600 -0.236628 9.647858 9.728700 -9.848342 -9.620598 -9.688590
-0.195316 9.653088 0.000025 0.000401 0.006604 -0.377452 -0.211234 9.640805 9.704671 -9.460525 -9.851637 -9.694770
-0.196032 9.630980 0.000020 0.000390 0.006604 -0.376585 -0.175565 9.651400 9.725582 -9.695979 -9.829012 -9.771492
-0.197650 9.604995 0.000023 0.000639 0.006604 -0.377602 -0.141197 9.577491 9.723142 -9.526058 -9.855563 -9.731931
-0.200220 9.591156 0.000044 0.000699 0.011809 -0.375238 -0.072480 9.625913 9.733769 -9.098500 -9.793856 -9.551394
-0.202836 9.583561 0.000033 0.000796 0.011809 -0.367967 0.042112 9.599959 9.769027 -9.121667 -9.604073 -9.443716
-0.203902 9.574820 0.000051 0.001029 0.013733 -0.363877 0.088390 9.589590 9.784488 -9.203752 -9.497337 -9.406500
-0.202980 9.575095 0.000059 0.001110 0.015834 -0.361607 0.282755 9.584727 9.784776 -9.042721 -9.438092 -9.317879
-0.200976 9.584881 0.000061 0.001059 0.016292 -0.357152 0.344739 9.613591 9.793375 -9.186624 -9.321802 -9.295320
-0.198708 9.589900 0.000055 0.001078 0.016292 -0.354947 0.414700 9.580720 9.782802 -9.809978 -9.264265 -9.475180
-0.198030 9.591319 0.000061 0.001015 0.016531 -0.361439 0.441316 9.560340 9.724195 -9.587216 -9.433707 -9.497532
-0.197438 9.585004 0.000050 0.000738 0.016531 -0.361977 0.438101 9.593636 9.699176 -9.450369 -9.447752 -9.455421
-0.197097 9.570778 0.000033 0.000680 0.016531 -0.359856 0.423965 9.552303 9.686147 -9.499498 -9.392383 -9.436670
-0.197770 9.551064 0.000041 0.000716 0.016531 -0.358903 0.389269 9.542329 9.664894 -9.534141 -9.367521 -9.430641
-0.199485 9.536620 0.000038 0.000680 0.016531 -0.358966 0.332681 9.520005 9.640019 -9.246507 -9.369144 -9.329264
