0.000000 -0.000547 0.000000 0.000000 0.000000 0.000000 0.000000 0.000000 0.000000 6.833522 0.000000 6.833522
0.000000 -0.000966 0.000000 0.000000 0.000000 0.000000 0.000000 0.000000 0.000000 6.833282 0.000000 6.833282
0.000000 0.003576 0.000000 0.000000 0.000000 0.000000 0.000000 0.000000 0.000000 6.833351 0.000000 6.833351
0.000000 0.098960 0.000000 0.000000 0.000000 0.000000 0.000000 0.000000 0.000000 6.833741 0.000000 6.833741
0.000000 0.315337 0.000000 0.000000 0.000000 0.000000 0.000000 0.000000 0.000000 6.833859 0.000000 6.833859
0.000000 0.514055 0.000000 0.000000 0.000000 0.000000 0.000000 0.000000 0.000000 6.833634 0.000000 6.833634
0.000000 0.550345 0.000000 0.000000 0.000000 0.000000 0.000000 0.000000 0.000000 6.831116 0.000000 6.831116
0.000000 0.514708 0.000000 0.000000 0.000000 0.000000 0.000000 0.000000 0.000000 6.831037 0.000000 6.831037
0.000000 0.567838 0.000000 0.000000 0.000000 0.000000 0.000000 0.000000 0.000000 6.834906 0.000000 6.834906
0.000000 0.661884 0.000000 0.000000 0.000000 0.000000 0.000000 0.000000 0.000000 6.833245 0.000000 6.833245
0.000000 0.740003 0.000000 0.000000 0.000000 0.000000 0.000000 0.000000 0.000000 6.837286 0.000000 6.837286
0.000000 0.832298 0.000000 0.000000 0.000000 0.000000 0.000000 0.000000 0.000000 6.837988 0.000000 6.837988
0.000000 0.928049 0.000000 0.000000 0.000000 0.000000 0.000000 0.000000 0.000000 6.838351 0.000000 6.838351
0.505392 1.016231 0.000000 0.000000 0.000000 0.000000 0.000000 0.000000 0.000000 6.844120 0.000000 6.844120
0.361590 1.097825 0.000000 0.000000 0.000000 0.000000 0.000000 0.000000 0.000000 6.839080 0.000000 6.839080
0.225312 1.169330 0.000000 0.000000 0.000000 0.000000 0.000000 0.000000 0.000000 6.833863 0.000000 6.833863
0.112014 1.250582 0.000000 0.000000 0.000000 0.000000 0.000000 0.000000 0.000000 6.833873 0.000000 6.833873
0.034853 1.343094 0.000000 0.000000 0.000000 0.000000 0.000000 0.000000 0.000000 6.837952 0.000000 6.837952
-0.011119 1.444236 0.000000 0.000000 0.000000 0.000000 0.000000 0.000000 0.000000 6.839307 0.000000 6.839307
-0.032524 1.554376 0.000000 0.000000 0.000000 0.000000 0.000000 0.000000 0.000000 6.833072 0.000000 6.833072
-0.036779 1.667787 0.000000 0.000000 0.000000 0.000000 0.000000 0.000000 0.000000 6.831776 0.000000 6.831776
-0.015744 1.789991 0.000000 0.000000 0.000000 0.000000 0.000000 0.000000 0.000000 6.830727 0.000000 6.830727
0.022576 1.919586 0.000000 0.000000 0.000000 0.000000 0.000000 0.000000 0.000000 6.826110 0.000000 6.826110
0.047301 2.046949 0.000000 0.000000 0.000000 0.000000 0.000000 0.000000 0.000000 6.825001 0.000000 6.825001
0.047448 2.170410 0.000000 0.000000 0.000000 0.000000 0.000000 0.000000 0.000000 6.831581 0.000000 6.831581
0.043120 2.293922 0.000000 0.000000 0.000000 0.000000 0.000000 0.000000 0.000000 6.836750 0.000000 6.836750
0.044012 2.410166 0.000000 0.000000 0.000000 0.000000 0.000000 0.000000 0.000000 6.829377 0.000000 6.829377
0.041908 2.515010 0.000000 0.000000 0.000000 0.000000 0.000000 0.000000 0.000000 6.820661 0.000000 6.820661
0.039790 2.617809 0.000000 0.000000 0.000000 0.000000 0.000000 0.000000 0.000000 6.822701 0.000000 6.822701
0.039196 2.718714 0.000000 0.000000 0.000000 0.000000 0.000000 0.000000 0.000000 6.827827 0.000000 6.827827
0.033582 2.816064 0.000000 0.000000 0.000000 0.000000 0.000000 0.000000 0.000000 6.831530 0.000000 6.831530
0.023388 2.922438 0.000000 0.000000 0.000000 0.000000 0.000000 0.000000 0.000000 6.838524 0.000000 6.838524
0.018820 3.035066 0.000000 0.000000 0.000000 0.000000 0.000000 0.000000 0.000000 6.831627 0.000000 6.831627
0.013985 3.147557 0.000000 0.000000 0.000000 0.000000 0.000000 0.000000 0.000000 6.826299 0.000000 6.826299
0.008818 3.254131 0.000000 0.000000 0.000000 0.000000 0.000000 0.000000 0.000000 6.828024 0.000000 6.828024
0.011404 3.360302 0.000000 0.000000 0.000000 0.000000 0.000000 0.000000 0.000000 6.824981 0.000000 6.824981
0.013802 3.478367 0.000000 0.000000 0.000000 0.000000 0.000000 0.000000 0.000000 6.832059 0.000000 6.832059
0.015982 3.601454 0.000000 0.000000 0.000000 0.000000 0.000000 0.000000 0.000000 6.835940 0.000000 6.835940
0.020793 3.722883 0.000000 0.000000 0.000000 0.000000 0.000000 0.000000 0.000000 6.834203 0.000000 6.834203
0.029373 3.848575 0.000000 0.000000 0.000000 0.000000 0.000000 0.000000 0.000000 6.836159 0.000000 6.836159
0.031775 3.952682 0.000000 0.000000 0.000000 0.000000 0.000000 3.952682 3.952682 6.834956 0.000000 6.834956
0.033150 4.067725 0.000000 -0.000587 0.000000 0.308916 0.000000 4.672895 4.477321 6.838395 8.062834 6.838395
0.036052 4.183808 -0.000056 0.001498 0.015023 0.163679 0.000056 3.700613 -4445.255335 6.844293 4.272086 6.844293
0.034906 4.282777 0.000187 -22.707643 0.050275 0.216092 2.270615 4.941616 -4000.108415 6.844822 5.640082 6.844822
0.035133 4.387434 -0.000114 -20.436428 0.050275 0.195876 1.891281 4.034535 -3599.568384 6.844353 5.112434 6.844353
0.037958 4.489799 0.000166 -18.392846 0.050275 0.205076 1.525873 4.984034 -3239.032542 6.839846 5.352572 6.839846
0.042327 4.606520 -0.000071 -16.553493 0.050275 0.203980 1.206901 4.416166 -2914.556979 6.838624 5.323964 6.838624
0.043741 4.718929 0.000120 -14.898148 0.050275 0.205239 0.949804 5.074853 -2622.515675 6.840212 5.356816 6.840212
0.060010 4.919868 -0.000039 -13.408778 0.050275 0.203469 0.704567 4.907246 -2359.660754 6.838940 5.310619 6.838940
0.050015 4.991435 0.000040 -12.067697 0.050275 0.202332 0.450948 5.173524 -2123.080797 6.838295 5.280940 6.838295
0.025825 4.982355 -0.000005 -10.860296 0.050275 0.202312 0.154435 4.946339 -1910.157563 10.529298 5.280411 10.529298
0.026855 5.101124 0.000089 -9.774275 0.050275 0.367274 -0.525787 5.619013 -1718.237633 10.359614 9.585987 10.359614
0.027020 5.214882 0.000005 -8.795417 0.050275 0.330847 -0.222956 4.949657 -1545.834302 10.217454 8.635225 10.217454
0.029988 5.342929 0.000201 -7.916233 0.054000 0.329494 0.366762 5.776333 -1390.597793 10.063086 8.599919 10.063086
0.036474 5.489554 -0.000009 -7.124752 0.054000 0.323121 -0.155447 5.369979 -1250.879211 9.868004 8.433598 9.868004
0.043665 5.634430 0.000131 -6.412455 0.054000 0.315748 1.014969 5.953679 -1125.120159 9.658287 8.241146 9.658287
0.051147 5.779711 -0.000010 -5.771401 0.054000 0.309131 0.780279 5.746929 -1011.923780 9.436115 8.068452 9.436115
0.057702 5.925529 0.000075 -5.194463 0.054000 0.301846 0.609703 6.171086 -910.036171 9.222934 7.878290 9.222934
0.061360 6.080341 -0.000018 -4.675282 0.054000 0.293779 0.545508 6.108695 -818.323571 9.086104 7.667757 9.086104
0.059203 6.224216 0.000027 -4.207973 0.054000 0.285565 0.504134 6.423116 -735.762310 8.969158 7.453360 8.969158
0.053057 6.355549 -0.000031 -3.787303 0.054000 0.276357 0.315645 6.415295 -661.436725 8.719185 7.213035 8.719185
0.044735 6.490681 0.000004 -3.408681 0.054000 0.261020 -0.186142 6.664064 -594.530910 8.416511 6.812723 8.416511
0.035505 6.616030 -0.000033 -3.067876 0.054000 0.243087 0.720336 6.698007 -534.295812 8.029099 6.344660 8.029099
0.026447 6.732240 -0.000006 -2.761067 0.054000 0.224134 0.413655 6.886086 -480.066547 7.584911 5.849991 7.584911
0.018525 6.851872 -0.000022 -2.484925 0.048861 0.204822 0.142885 6.954749 -431.244456 7.323399 5.345936 7.323399
0.013443 6.975776 -0.000003 -2.236400 0.044211 0.192999 -0.232898 7.141055 -387.273975 7.047795 5.037340 7.047795
0.045085 7.366409 -0.000013 -2.013996 0.040004 0.180595 0.019478 7.697627 -347.659001 6.759542 4.713601 6.759542
0.034228 7.432220 -0.000122 -1.812162 0.036197 0.172256 -1.902189 7.373493 -311.996280 6.558460 4.495956 6.558460
0.006607 7.343243 0.000019 -1.629708 0.032753 0.169531 -1.695236 7.473885 -279.907485 6.322212 4.424837 6.322212
0.010760 7.476779 0.000032 -1.466628 0.029636 0.166330 -1.504552 7.621540 -251.026613 6.102283 4.341281 6.102283
0.008026 7.540694 0.000027 -1.319565 0.026815 0.164819 -1.337397 7.608224 -225.037675 5.916652 4.301847 5.916652
0.015480 7.667567 0.000064 -1.187581 0.024264 0.165052 -1.188952 7.836273 -201.645919 5.728088 4.307931 5.728088
0.018679 7.768276 0.000029 -1.068718 0.021955 0.165336 -1.059757 7.820497 -180.597881 5.613712 4.315339 5.613712
0.019165 7.855066 0.000059 -0.961745 0.019865 0.166219 -0.947665 7.980197 -161.655111 5.541846 4.338391 5.506494
0.021084 7.951797 0.000037 -0.865567 0.017975 0.166948 -0.839837 8.019427 -144.604071 5.270709 4.357415 5.262805
0.020606 8.045858 0.000047 -0.779029 0.016264 0.160738 -0.746571 8.135569 -129.270512 5.127110 4.195317 5.070636
0.018249 8.129105 0.000030 -0.701201 0.014717 0.154525 -0.673298 8.193887 -115.460596 4.607723 4.033160 4.618122
0.016848 8.202112 0.000030 -0.631097 0.013316 0.138072 -0.589768 8.251827 -103.051190 3.908836 3.603745 3.975201
0.014138 8.276268 0.000023 -0.568145 0.012049 0.114367 -0.507560 8.318725 -91.895539 3.417701 2.985016 3.425662
0.010435 8.338928 0.000009 -0.511534 0.010902 0.093672 -0.433590 8.387574 -81.839609 2.694853 2.444865 2.741528
0.006926 8.392706 -0.000001 -0.460489 0.009865 0.068441 -0.357025 8.415579 -72.797610 2.086746 1.786333 2.102481
0.003845 8.445060 -0.000004 -0.414611 0.008926 0.045232 -0.297616 8.491199 -64.650789 1.561671 1.180566 1.534947
0.001483 8.495924 -0.000018 -0.373295 0.008077 0.025519 -0.233970 8.528315 -57.307506 0.954101 0.666064 0.942622
-0.001584 8.536600 -0.000018 -0.336027 0.007308 0.004834 -0.180847 8.564853 -50.701471 0.438367 0.126166 0.405304
-0.004759 8.561922 -0.000021 -0.302443 0.006613 -0.013293 -0.123152 8.583015 -44.751693 -0.222506 -0.346946 -0.203515
-0.007705 8.575359 -0.000017 -0.272148 0.005983 -0.033714 -0.074626 8.578576 -39.409646 -0.790568 -0.879937 -0.766232
-0.010149 8.575329 -0.000012 -0.244885 0.005414 -0.051660 -0.050506 8.579441 -34.604439 -1.453425 -1.348340 -1.367320
-0.012608 8.565280 -0.000009 -0.220311 0.004899 -0.070636 -0.092269 8.546061 -30.295356 -2.037815 -1.843630 -1.920236
-0.016136 8.544100 -0.000001 -0.198212 0.004433 -0.088098 -0.158195 8.527953 -26.425989 -2.408137 -2.299381 -2.315879
-0.019275 8.522726 -0.000000 -0.178356 0.004011 -0.099905 -0.194295 8.510380 -22.939282 -2.692628 -2.607553 -2.607526
-0.019439 8.518987 0.000002 -0.160543 0.003629 -0.108110 -0.207876 8.519486 -19.799842 -2.927975 -2.821713 -2.835778
-0.017353 8.526777 -0.000002 -0.144561 0.003284 -0.113981 -0.202784 8.524633 -16.975158 -3.089274 -2.974940 -2.993688
-0.014593 8.534767 -0.000006 -0.130187 0.002971 -0.117364 -0.184443 8.534290 -14.432749 -3.268736 -3.063258 -3.141320
-0.012224 8.535911 -0.000010 -0.117218 0.002688 -0.120675 -0.154320 8.521781 -12.151309 -3.595929 -3.149666 -3.382664
-0.011329 8.525159 -0.000010 -0.105520 0.002621 -0.128386 -0.118826 8.494357 -10.117166 -4.195121 -3.350934 -3.835122
-0.011337 8.507907 -0.000010 -0.095051 0.002812 -0.145312 -0.084772 8.455369 -8.318036 -4.507118 -3.792692 -4.168119
-0.010897 8.487195 -0.000016 -0.085763 0.004314 -0.157803 -0.054544 8.459021 -6.691148 -4.773157 -4.118717 -4.436568
-0.011094 8.459925 -0.000030 -0.077322 0.008059 -0.167618 0.007856 8.411516 -5.225173 -4.970888 -4.374908 -4.638803
-0.012972 8.430061 -0.000028 -0.069688 0.008059 -0.175303 -0.784372 8.400153 -3.904393 -4.958142 -4.575481 -4.684381
-0.015216 8.389030 -0.000034 -0.062738 0.009126 -0.177451 -0.690267 8.351403 -2.703779 -5.285546 -4.631550 -4.917730
-0.019219 8.329711 -0.000025 -0.056308 0.009126 -0.186741 -0.588150 8.263259 -1.649529 -5.699861 -4.874025 -5.263433
-0.023732 8.265446 -0.000012 -0.050600 0.009126 -0.200758 -0.493187 8.205196 -0.720031 -6.017975 -5.239862 -5.577870
-0.027164 8.197746 -0.000012 -0.045511 0.009126 -0.212828 -0.407437 8.133369 0.113330 -6.118583 -5.554904 -5.727438
-0.028995 8.131946 -0.000007 -0.040922 0.009126 -0.217352 -0.332960 8.088489 0.872873 -6.179944 -5.672963 -5.797390
-0.030079 8.074194 -0.000006 -0.036751 0.009126 -0.218150 -0.254990 8.024697 1.554944 -6.169852 -5.693812 -5.790365
-0.029345 8.013461 0.000001 -0.032960 0.009126 -0.215936 -0.169946 7.968733 2.165057 -6.384710 -5.636009 -5.922708
-0.026600 7.946284 0.000007 -0.029504 0.009126 -0.217736 -0.051711 7.872115 2.686971 -6.809817 -5.683004 -6.227627
-0.025518 7.864340 0.000017 -0.026422 0.009126 -0.226302 -0.069944 7.773524 3.120112 -6.739576 -5.906576 -6.212274
-0.023022 7.776344 0.000019 -0.023762 0.009126 -0.221782 -0.352285 7.716061 3.523198 -6.423995 -5.788595 -5.935240
-0.019152 7.686677 0.000016 -0.021248 0.009126 -0.206247 -0.397502 7.615468 3.891843 -6.165612 -5.383132 -5.631172
-0.019667 7.579988 0.000029 -0.018822 0.008258 -0.190827 -0.438542 7.492859 4.201913 -5.810393 -4.980664 -5.252217
-0.021254 7.462175 0.000043 -0.016638 0.011625 -0.174514 -0.459292 7.375335 4.465647 -5.524432 -4.554885 -4.919861
-0.020795 7.339129 0.000054 -0.014664 0.014525 -0.159801 -0.476537 7.237375 4.680206 -5.334869 -4.170860 -4.668786
-0.023037 7.218996 0.000066 -0.012956 0.017871 -0.149051 -0.503379 7.116904 4.846697 -4.758164 -3.890284 -4.131232
-0.025365 7.112192 0.000069 -0.011562 0.018569 -0.129243 -0.531375 7.043267 5.008090 -4.173922 -3.373281 -3.548866
-0.025503 7.021759 0.000065 -0.010276 0.018569 -0.108331 -0.475481 6.944445 5.149349 -3.643376 -2.827471 -3.007088
-0.025931 6.941396 0.000069 -0.009145 0.018569 -0.090100 -0.351560 6.877702 5.267300 -3.155395 -2.351647 -2.512722
-0.025331 6.869768 0.000064 -0.008178 0.018569 -0.074178 -0.102323 6.803080 5.367205 -2.768969 -1.936071 -2.113661
-0.022499 6.812082 0.000062 -0.007374 0.018569 -0.061841 0.825320 6.756755 5.449163 -2.253512 -1.614066 -1.621800
-0.017396 6.764263 0.000051 -0.006711 0.018569 -0.044567 0.614264 6.722264 5.532666 -1.915983 -1.163224 -1.265302
-0.014827 6.712712 0.000043 -0.006022 0.018569 -0.032291 0.375129 6.648558 5.594158 -1.648630 -0.842809 -0.984603
-0.012795 6.666877 0.000043 -0.005474 0.018569 -0.024142 0.121374 6.621036 5.640932 -1.469933 -0.630111 -0.793852
-0.006192 6.651473 0.000030 -0.005157 0.018569 -0.019219 -0.332084 6.612774 5.678937 -1.424764 -0.501630 -0.727593
-0.002602 6.623533 0.000013 -0.004821 0.018569 -0.019587 -0.281909 6.562836 5.704092 -1.191743 -0.511230 -0.522401
-0.001505 6.574345 0.000006 -0.004441 0.018569 -0.013978 -0.381486 6.532462 5.740028 -0.838861 -0.364840 -0.200723
0.000414 6.537322 0.000000 -0.004069 0.016802 -0.002924 -0.478618 6.505622 5.784170 -0.533084 -0.076314 0.094654
0.000498 6.507121 -0.000002 -0.003689 0.015203 0.006239 -0.534870 6.474027 5.822173 -0.343226 0.162838 0.283558
0.000114 6.473983 -0.000003 -0.003326 0.013757 0.010516 -0.554773 6.435954 5.849361 -0.200352 0.274484 0.416257
0.000794 6.434952 -0.000002 -0.002988 0.012447 0.013710 -0.550315 6.398501 5.872272 -0.104135 0.357848 0.503974
0.002517 6.408959 -0.000002 -0.002739 0.011263 0.016326 -0.541114 6.382641 5.891257 0.195193 0.426116 0.766082
0.005354 6.390603 -0.000007 -0.002548 0.010191 0.025937 -0.530977 6.379636 5.923855 0.578414 0.676968 1.116437
0.006573 6.365450 -0.000010 -0.002254 0.009221 0.039682 -0.488783 6.346702 5.960616 1.010627 1.035724 1.518801
0.006167 6.338264 -0.000002 -0.001927 0.008344 0.054742 -0.421623 6.329630 5.996496 1.325972 1.428791 1.820318
0.006735 6.315414 0.000002 -0.001628 0.007550 0.065834 -0.315396 6.296321 6.020669 1.457047 1.718289 1.950865
0.008725 6.304536 0.000009 -0.001449 0.006831 0.070101 -0.195884 6.291494 6.029443 1.665694 1.829676 2.137637
0.013072 6.302307 0.000004 -0.001393 0.006181 0.077062 -0.058810 6.298647 6.044418 1.817858 2.011360 2.278289
0.017412 6.307473 -0.000002 -0.001342 0.005593 0.082642 0.249215 6.300007 6.056197 2.076807 2.156991 2.512787
0.020482 6.304306 -0.000006 -0.001266 0.005061 0.091490 0.180241 6.301724 6.074988 2.352182 2.387923 2.766760
0.020326 6.281666 -0.000007 -0.001055 0.004579 0.101662 0.094140 6.262936 6.092972 2.575843 2.653409 2.976448
0.020124 6.268348 0.000003 -0.000895 0.004143 0.109242 -0.020009 6.266855 6.104687 2.846109 2.851252 3.224414
0.024073 6.268009 0.000000 -0.000833 0.003749 0.118601 0.507889 6.268547 6.120633 2.915496 3.095536 3.292087
0.043121 6.376676 -0.000000 -0.001307 0.003392 0.121749 0.440826 6.449662 6.132721 3.093703 3.177710 3.452339
0.045642 6.370184 -0.000053 -0.001212 0.014200 0.127743 0.393171 6.300295 6.150160 3.154990 3.334136 3.508746
0.037540 6.286230 -0.000009 -0.000694 0.014200 0.131099 0.326254 6.261529 6.150318 3.137032 3.421726 3.491104
0.046025 6.329844 -0.000001 -0.000916 0.014200 0.130662 0.385045 6.363122 6.146897 3.309746 3.410335 3.645789
0.059211 6.398131 -0.000035 -0.001282 0.014200 0.136644 0.464846 6.418586 6.164469 3.335280 3.566468 3.670173
0.059932 6.396406 -0.000048 -0.001184 0.014200 0.137282 0.531870 6.361305 6.170306 3.502132 3.583113 3.820658
0.051755 6.338010 -0.000033 -0.000856 0.014200 0.141405 0.588063 6.313294 6.180997 3.644253 3.690727 3.948858
0.051513 6.327437 -0.000018 -0.000747 0.014200 0.145616 0.594420 6.335262 6.192152 3.635613 3.800641 3.936736
0.054607 6.345825 -0.000024 -0.000784 0.014200 0.144037 0.600130 6.341886 6.195129 3.518852 3.759425 3.819082
0.055435 6.364988 -0.000026 -0.000867 0.014200 0.137886 0.622948 6.365409 6.194054 5.044863 3.598868 5.214167
0.056518 6.379925 -0.000035 -0.000949 0.014200 0.191568 0.656684 6.500095 6.321200 5.492467 4.999999 5.658321
0.056974 6.410239 -0.000039 -0.000454 0.014200 0.207761 0.617104 6.375326 6.367076 5.787112 5.422631 5.931980
0.065547 6.554665 0.000008 -0.000957 0.012848 0.212967 0.561811 6.725500 6.413198 6.340847 5.558515 6.422611
0.058603 6.570519 -0.000079 -0.000803 0.021351 0.225265 0.437512 6.505268 6.487664 6.422470 5.879494 6.487462
0.041416 6.508957 0.000003 -0.000109 0.021351 0.224421 0.037811 6.552673 6.530557 6.331382 5.857465 6.374992
0.048477 6.625504 0.000001 -0.000485 0.021351 0.217314 -3.319922 6.719348 6.575631 6.346038 5.671979 6.341233
0.046392 6.682210 -0.000034 -0.000544 0.021351 0.214074 -2.958249 6.703104 6.636894 6.507119 5.587427 6.438965
0.038012 6.704395 -0.000013 -0.000344 0.021351 0.216234 -2.643811 6.774474 6.712690 6.770340 5.643795 6.632963
0.036172 6.790408 -0.000012 -0.000397 0.021351 0.222118 -2.354103 6.887730 6.805037 6.799110 5.797363 6.633493
0.030417 6.874369 -0.000019 -0.000354 0.021351 0.218809 -2.089014 6.938886 6.887177 6.807880 5.711005 6.586610
0.027216 6.960394 -0.000011 -0.000374 0.021351 0.213737 -1.844271 7.059949 6.976846 6.686811 5.578608 6.421812
0.026561 7.044133 -0.000020 -0.000343 0.021351 0.206703 -1.618483 7.114678 7.066773 6.340348 5.395028 6.066112
0.024791 7.126925 -0.000010 -0.000307 0.021351 0.193922 -1.431842 7.207693 7.143759 6.218623 5.061444 5.869917
0.024029 7.211235 -0.000015 -0.000344 0.021351 0.187812 -1.291696 7.300945 7.237381 6.220046 4.901978 5.798954
0.024903 7.292147 -0.000016 -0.000279 0.019320 0.188028 -1.168199 7.384063 7.341812 6.016596 4.907600 5.598512
0.032133 7.439743 -0.000010 -0.000500 0.017481 0.182933 -1.060633 7.567545 7.434863 5.904083 4.774617 5.448422
0.027319 7.497697 -0.000036 -0.000321 0.015817 0.178843 -0.968571 7.526614 7.525941 5.757937 4.667882 5.279578
0.017551 7.496485 0.000001 0.000150 0.014312 0.174829 -0.880604 7.554217 7.604832 5.701884 4.563110 5.182428
0.016866 7.567317 0.000016 0.000191 0.012950 0.173872 -0.802774 7.663290 7.686574 5.910035 4.538129 5.302046
0.017941 7.642427 0.000008 0.000225 0.011718 0.181265 -0.718942 7.728733 7.785155 5.814753 4.731099 5.245271
0.020169 7.715569 0.000017 0.000355 0.010603 0.182381 -0.622807 7.786393 7.859552 5.614763 4.760223 5.081542
0.020527 7.778637 0.000022 0.000413 0.009594 0.178999 -0.543270 7.836587 7.915615 5.528701 4.671940 4.979577
0.028558 7.889451 0.000024 0.000134 0.008681 0.177624 -0.479854 7.996063 7.977320 5.190280 4.636049 4.709740
0.028644 7.949602 -0.000004 0.000141 0.007855 0.169752 -0.441457 7.954043 8.016157 5.104582 4.430605 4.586939
0.020574 7.970357 0.000019 0.000234 0.007107 0.165441 -0.436122 8.034007 8.062176 5.416398 4.318076 4.768959
0.019674 8.036149 0.000009 0.000133 0.006431 0.171945 -0.415534 8.120319 8.142030 5.450594 4.487835 4.821649
0.017832 8.091371 0.000007 0.000259 0.005819 0.173993 -0.368444 8.140493 8.209243 5.408578 4.541283 4.792465
0.015360 8.150479 0.000021 0.000300 0.005526 0.172457 -0.315971 8.223580 8.268479 5.559025 4.501198 4.872316
0.015991 8.212561 0.000014 0.000285 0.005526 0.175752 -0.252844 8.283163 8.342304 5.435024 4.587199 4.796276
0.017561 8.274546 0.000018 0.000346 0.005526 0.174452 -0.177583 8.331303 8.399178 5.340070 4.553270 4.710686
0.026429 8.404880 0.000020 -0.000029 0.005526 0.172516 -0.116024 8.522810 8.458818 5.308644 4.502729 4.665627
0.025670 8.446377 -0.000017 0.000063 0.005526 0.172469 -0.062800 8.445734 8.518078 5.194960 4.501505 4.580727
0.018451 8.437157 0.000021 0.000413 0.005752 0.170750 -0.061011 8.482356 8.562047 5.347998 4.456634 4.664850
0.020406 8.503035 0.000024 0.000301 0.006324 0.175032 -0.110308 8.586497 8.623065 5.384881 4.568406 4.716757
0.020263 8.553126 0.000011 0.000357 0.006324 0.178084 -0.121921 8.587726 8.677368 5.559390 4.648056 4.852232
0.019016 8.602583 0.000026 0.000382 0.007092 0.183601 -0.133472 8.682887 8.738308 5.972491 4.792062 5.163665
0.019462 8.650927 0.000017 0.000446 0.007092 0.196147 -0.072178 8.713980 8.818191 5.787875 5.119506 5.138047
0.019544 8.703280 0.000031 0.000586 0.008224 0.195711 0.130845 8.744898 8.856877 5.669794 5.108127 5.056316
0.020830 8.762539 0.000033 0.000481 0.008838 0.192437 0.019759 8.818819 8.889611 5.387478 5.022682 4.845864
0.024484 8.824721 0.000021 0.000331 0.008838 0.185195 -0.538642 8.856829 8.910509 4.934990 4.833666 4.495238
0.025857 8.881957 0.000016 0.000146 0.008838 0.172281 -0.496337 8.909667 8.915260 4.847186 4.496591 4.334333
0.025864 8.929739 0.000003 -0.000074 0.008838 0.166034 -0.486401 8.972117 8.943029 4.733559 4.333545 4.210575
0.025508 8.982018 -0.000007 -0.000199 0.008838 0.160978 -0.491081 9.019971 8.976959 4.874225 4.201599 4.257514
0.023371 9.025442 -0.000012 -0.000247 0.008838 0.161779 -0.493768 9.080317 9.032305 4.897764 4.222503 4.277416
0.022333 9.073789 -0.000013 -0.000212 0.008838 0.161590 -0.475202 9.119262 9.087149 4.906529 4.217557 4.278442
0.021889 9.125836 -0.000009 -0.000197 0.008838 0.160908 -0.443943 9.182820 9.142742 5.022044 4.199767 4.340722
0.021698 9.169221 -0.000011 -0.000135 0.008838 0.163348 -0.394164 9.220074 9.207122 4.906495 4.263447 4.286688
0.020956 9.213039 -0.000003 -0.000030 0.008838 0.161717 -0.334603 9.255688 9.255991 5.093795 4.220887 4.384596
0.018448 9.243642 0.000000 0.000063 0.008838 0.165727 -0.270811 9.299539 9.320290 5.034649 4.325539 4.381157
0.015096 9.265133 0.000006 0.000281 0.007997 0.165788 -0.181541 9.290846 9.368011 4.887075 4.327133 4.289287
0.012628 9.291408 0.000022 0.000391 0.007236 0.162177 -0.095958 9.333896 9.402388 4.779561 4.232876 4.188804
0.010861 9.320002 0.000020 0.000420 0.006548 0.158657 0.009786 9.349930 9.435192 4.611193 4.141001 4.052931
0.007835 9.345694 0.000025 0.000457 0.006653 0.153588 -0.162291 9.377604 9.461542 5.012426 4.008696 4.244487
0.008525 9.377933 0.000024 0.000427 0.006653 0.161789 -0.140888 9.453552 9.528536 4.904723 4.222768 4.255069
0.010591 9.409937 0.000022 0.000605 0.006653 0.164529 -0.093839 9.426243 9.567874 4.889207 4.294284 4.273114
0.014719 9.467394 0.000041 0.000513 0.011037 0.167300 -0.100289 9.544979 9.602490 5.018983 4.366597 4.380659
0.015788 9.501268 0.000017 0.000517 0.011037 0.173358 -0.115631 9.515277 9.641346 5.097712 4.524723 4.490945
0.014741 9.522367 0.000037 0.000607 0.011037 0.178265 -0.162195 9.571055 9.672465 5.019194 4.652792 4.498292
0.016236 9.577458 0.000030 0.000485 0.011037 0.178290 -0.166452 9.610088 9.690472 4.700142 4.653443 4.317791
0.014528 9.624570 0.000024 0.000336 0.011037 0.169371 -0.215307 9.639662 9.687388 5.015863 4.420655 4.422268
0.016051 9.669619 0.000015 0.000091 0.011037 0.171698 -0.236735 9.738271 9.730296 4.843443 4.481385 4.346783
0.018874 9.709793 -0.000001 0.000105 0.011037 0.169284 -0.216847 9.714192 9.755427 5.085463 4.418391 4.468072
0.027190 9.795210 0.000013 -0.000203 0.011037 0.175320 -0.227218 9.910106 9.809486 5.276862 4.575933 4.642988
0.027412 9.818790 -0.000028 -0.000047 0.011037 0.184258 -0.210792 9.798360 9.863039 5.861177 4.809204 5.077288
0.020569 9.798953 0.000019 0.000327 0.011037 0.201008 -0.204405 9.878404 9.935607 6.522610 5.246388 5.631515
0.020162 9.839427 0.000017 0.000491 0.011037 0.221814 -0.061399 9.904058 10.021802 6.404684 5.789438 5.775344
0.017679 9.879094 0.000034 0.000728 0.009987 0.225229 0.577141 9.905313 10.053721 6.742734 5.878566 6.007645
0.016947 9.916854 0.000043 0.000698 0.011596 0.232267 0.445767 9.990964 10.104911 6.450392 6.062266 5.913916
0.017926 9.961485 0.000033 0.000732 0.011596 0.227994 0.284097 9.967041 10.119707 6.468721 5.950742 5.883197
0.019844 10.014853 0.000045 0.000535 0.011979 0.226623 0.131567 10.091990 10.148109 6.438251 5.914945 5.853632
0.022567 10.081503 0.000017 0.000340 0.011979 0.225919 -0.077688 10.112400 10.180736 6.261342 5.896566 5.748795
0.024574 10.151089 0.000021 0.000151 0.011979 0.221351 0.003081 10.209426 10.205157 6.247996 5.777352 5.696018
0.024637 10.204284 -0.000000 0.000004 0.011979 0.218483 1.097283 10.235504 10.240403 6.047486 5.702488 5.554893
0.024856 10.260105 0.000002 -0.000101 0.011979 0.211959 1.005968 10.305687 10.268274 5.919272 5.532201 5.414997
0.025921 10.315705 -0.000010 -0.000242 0.011979 0.205989 0.934157 10.352779 10.302077 5.957852 5.376390 5.372243
0.028184 10.368662 -0.000014 -0.000340 0.011979 0.204606 0.879160 10.425021 10.352388 5.974175 5.340294 5.365245
0.033172 10.437986 -0.000020 -0.000437 0.011979 0.205848 0.828780 10.495947 10.408537 5.592289 5.372713 5.168398
0.034540 10.493991 -0.000025 -0.000436 0.011979 0.199280 0.788901 10.508912 10.433567 5.746949 5.201283 5.185507
0.033881 10.537938 -0.000021 -0.000533 0.011979 0.199706 0.756154 10.602125 10.484970 5.797190 5.212412 5.218730
0.032495 10.571462 -0.000033 -0.000441 0.011979 0.200523 0.713831 10.590834 10.537521 5.845877 5.233722 5.254610
0.029340 10.600561 -0.000015 -0.000322 0.010839 0.200891 0.665789 10.654301 10.589783 6.252552 5.243341 5.477613
0.026994 10.645694 -0.000019 -0.000285 0.009807 0.208175 0.603481 10.714575 10.671141 6.635941 5.433440 5.760226
0.026272 10.703339 -0.000013 -0.000164 0.008874 0.217895 0.523194 10.784628 10.764638 7.013594 5.687153 6.064444
0.026037 10.762323 -0.000006 0.000012 0.008030 0.229149 0.422705 10.844062 10.863990 7.232390 5.980868 6.300485
0.025478 10.817200 0.000005 0.000239 0.007266 0.238127 0.304432 10.889669 10.953269 7.032559 6.215205 6.290790
0.025829 10.882465 0.000018 0.000361 0.006574 0.237618 0.169311 10.938064 11.007551 6.771301 6.201915 6.143956
0.028135 10.962458 0.000020 0.000230 0.005949 0.231861 0.014289 11.024719 11.045789 6.665199 6.051651 6.019480
0.031440 11.045925 0.000006 -0.000001 0.005382 0.227872 -1.013334 11.108952 11.091865 6.371522 5.947560 5.818473
0.033192 11.123470 -0.000005 -0.000161 0.004870 0.220562 -0.906527 11.166914 11.126854 6.274653 5.756757 5.682343
0.033341 11.193992 -0.000011 -0.000343 0.004407 0.215102 -0.818308 11.254536 11.172449 6.410939 5.614252 5.686517
0.032673 11.252203 -0.000023 -0.000407 0.006315 0.214886 -0.742638 11.310149 11.240236 6.209502 5.608607 5.577497
0.030578 11.302198 -0.000020 -0.000316 0.006315 0.210099 -0.679755 11.340950 11.291544 6.186850 5.483661 5.505901
0.028948 11.366837 -0.000014 -0.000384 0.006315 0.206255 -0.626741 11.440338 11.351866 6.216534 5.383340 5.469955
0.027476 11.427381 -0.000026 -0.000385 0.006870 0.203916 -0.575579 11.479567 11.421969 5.983057 5.322286 5.318583
0.025851 11.480902 -0.000017 -0.000301 0.006870 0.197483 -0.526994 11.531577 11.477470 5.849424 5.154378 5.167877
0.023987 11.527654 -0.000016 -0.000256 0.006870 0.191583 -0.479600 11.576696 11.534669 5.802204 5.000400 5.065971
0.023189 11.579569 -0.000012 -0.000229 0.006870 0.188094 -0.433433 11.642064 11.599354 5.892470 4.909337 5.060847
0.023328 11.634818 -0.000013 -0.000181 0.006870 0.188966 -0.386080 11.702829 11.676710 5.886020 4.932100 5.062113
0.022332 11.683307 -0.000008 -0.000034 0.006870 0.190197 -0.337231 11.739305 11.748985 6.144077 4.964220 5.197932
0.021941 11.738608 0.000002 0.000053 0.006870 0.196313 -0.287339 11.826629 11.836525 3.885680 5.123838 4.176370
0.022127 11.800528 0.000002 0.000184 0.006870 0.156066 -0.224090 11.686694 11.739971 4.808208 4.073378 4.120906
0.022460 11.860350 0.000015 -0.000614 0.006870 0.154304 -0.141480 12.054443 11.807176 4.435336 4.027394 3.916021
0.021820 11.899645 -0.000071 -0.000472 0.019061 0.146936 -0.015746 11.806433 11.847049 3.453991 3.835089 3.352425
0.021534 11.949050 0.000011 -0.000521 0.019061 0.124588 2.319590 12.034532 11.828638 2.912623 3.251804 2.812042
0.022430 12.007075 -0.000059 -0.000911 0.019061 0.103647 2.083977 11.959646 11.821018 2.424068 2.705223 2.313866
0.021107 12.039033 -0.000040 -0.001113 0.019061 0.084577 1.879855 12.081436 11.821712 2.161247 2.207502 1.945516
0.016875 12.043183 -0.000075 -0.001130 0.020171 0.070275 1.707361 12.009109 11.840386 2.376178 1.834200 1.860700
0.011983 12.029850 -0.000049 -0.000967 0.020171 0.067238 1.551605 12.087132 11.900022 2.173371 1.754947 1.722434
0.007768 12.020787 -0.000055 -0.000616 0.020171 0.062379 1.404276 11.999125 11.943511 1.990746 1.628116 1.571164
0.003734 12.009022 -0.000017 -0.000334 0.020171 0.057070 1.263778 12.044165 11.977287 1.913513 1.489549 1.463790
0.016968 12.195766 -0.000020 -0.001115 0.020171 0.053756 1.125684 12.348876 12.030964 1.671927 1.403054 1.306653
0.009586 12.123871 -0.000092 -0.000474 0.024764 0.049018 0.987907 11.964052 12.060440 1.480685 1.279393 1.156315
-0.009028 11.886550 0.000026 0.000887 0.024764 0.045091 0.829087 11.839661 12.058163 0.819123 1.176892 0.795999
-0.005988 11.889617 0.000061 0.000860 0.024764 0.034055 0.674894 11.902722 12.014449 0.699000 0.888838 0.605024
-0.003181 11.888594 0.000031 0.000642 0.024764 0.029758 0.565761 11.863039 11.987611 1.164804 0.776692 0.777331
-0.000348 11.884431 0.000035 0.000527 0.024764 0.039650 0.483160 11.930683 12.006431 1.425586 1.034874 1.036699
0.001083 11.878485 0.000021 0.000653 0.024764 0.051941 0.401003 11.866059 12.022969 1.390987 1.355677 1.191013
0.003288 11.869666 0.000045 0.000782 0.024764 0.058894 0.289329 11.875203 12.010290 0.318138 1.537146 0.791307
0.005381 11.859932 0.000039 0.000767 0.024764 0.043532 0.194307 11.756198 11.903737 0.074754 1.136214 0.500091
0.007336 11.856663 0.000042 0.000240 0.024764 0.031561 0.297461 11.857346 11.819340 0.435154 0.823747 0.535524
0.023464 12.019522 -0.000011 -0.001022 0.024764 0.032797 0.391738 12.120089 11.810185 0.633898 0.856010 0.660310
0.021002 11.966078 -0.000088 -0.000796 0.024764 0.037090 0.450120 11.826195 11.809099 1.148632 0.968061 0.972647
0.004911 11.770370 -0.000005 0.000198 0.022407 0.048082 0.435481 11.739266 11.818782 1.415451 1.254966 1.249806
0.003089 11.756670 0.000023 0.000317 0.020275 0.056785 0.352847 11.782641 11.824620 1.275487 1.482098 1.303177
0.001427 11.745416 0.000012 0.000404 0.018346 0.056502 0.203575 11.700125 11.801188 15.132023 1.474724 7.871292
0.001610 11.737140 0.000029 0.000327 0.016600 0.319124 -0.027266 12.792075 12.820106 8.525480 8.329254 8.039404
0.002869 11.711646 0.000008 0.005657 0.015020 0.324763 2.119424 10.862035 12.723992 8.691299 8.476434 8.209254
0.011422 11.771614 0.000532 0.004860 0.143070 0.332388 1.882855 12.515409 12.644885 9.089669 8.675467 8.516173
0.022721 11.854517 0.000040 0.004034 0.143070 0.345952 1.339761 11.356899 12.596944 9.064134 9.029485 8.695765
0.029090 11.870557 0.000357 0.003707 0.143070 0.354912 0.751516 12.284084 12.526907 9.302307 9.263343 8.947595
0.038466 11.935450 0.000073 0.003018 0.143070 0.366271 0.131658 11.659468 12.470686 9.337380 9.559830 9.132570
0.048177 12.013726 0.000236 0.002332 0.143070 0.374353 -1.967929 12.280433 12.408290 8.957116 9.770771 9.076626
0.051285 12.068673 0.000041 0.001733 0.143070 0.370133 -1.752534 11.838180 12.313243 11.003033 9.660629 10.045685
0.054781 12.124709 0.000140 0.000962 0.143070 0.404468 -1.635568 12.454714 12.395171 11.911748 10.556778 10.929590
0.055440 12.170236 -0.000012 0.001148 0.143070 0.435947 -1.464087 12.044378 12.474402 12.279919 11.378388 11.514309
0.070945 12.473036 0.000127 0.000007 0.143070 0.452500 -1.462870 12.883645 12.541948 13.570701 11.810436 12.351576
0.066164 12.443486 -0.000093 0.000502 0.143070 0.480230 -1.361367 12.223512 12.664253 12.602184 12.534199 12.240499
0.045781 12.184247 0.000129 0.002450 0.143070 0.474039 -1.221473 12.157939 12.621357 12.068376 12.372600 11.915030
0.045957 12.224544 0.000136 0.002025 0.129455 0.460119 -1.340261 12.254988 12.558836 12.451705 12.009279 11.929166
0.046704 12.256140 0.000091 0.001545 0.117136 0.460036 -1.562407 12.290277 12.561781 12.179479 12.007128 11.802410
0.048307 12.264980 0.000082 0.001515 0.105989 0.456004 -1.743435 12.257682 12.545041 11.717702 11.901893 11.537226
0.049175 12.285792 0.000086 0.001323 0.095903 0.447118 -1.903066 12.294452 12.505288 11.595987 11.669968 11.375081
0.048682 12.303493 0.000064 0.001030 0.086776 0.441010 -2.033674 12.305171 12.479554 11.560788 11.510535 11.288657
0.052272 12.310462 0.000054 0.000863 0.078519 0.438682 -2.097854 12.318468 12.466418 11.441691 11.449775 11.210684
0.060064 12.332654 0.000046 0.000683 0.071047 0.439623 -2.115037 12.343395 12.452434 11.250966 11.474347 11.143458
0.064234 12.353258 0.000035 0.000506 0.064286 0.440702 -2.123831 12.344377 12.425746 11.352727 11.502484 11.222735
0.066488 12.356426 0.000027 0.000354 0.058168 0.445071 -2.113047 12.354823 12.407571 11.274839 11.616537 11.257664
0.071179 12.343721 0.000018 0.000326 0.052633 0.447955 -2.053538 12.309187 12.375533 10.629785 11.691815 11.000986
0.076627 12.339108 0.000022 0.000186 0.047624 0.439979 -1.983113 12.283312 12.292159 10.406393 11.483624 10.818279
0.079895 12.325222 0.000005 -0.000169 0.043092 0.433878 -1.932406 12.277877 12.214592 11.090783 11.324390 11.104009
0.081784 12.297560 -0.000016 -0.000423 0.038991 0.445459 -1.880657 12.295768 12.205351 12.091475 11.626669 11.760400
0.083476 12.270018 -0.000024 -0.000330 0.035281 0.471148 -1.793540 12.284314 12.246713 12.090539 12.297141 12.092819
0.084864 12.240096 -0.000009 0.000034 0.031923 0.483258 -1.668377 12.189211 12.230540 11.576794 12.613217 12.007057
0.087873 12.220729 0.000013 0.000050 0.028885 0.478482 -1.541728 12.168134 12.151750 11.674504 12.488567 12.022095
0.090609 12.189662 -0.000003 -0.000193 0.026137 0.478486 -1.429231 12.145769 12.094425 12.024895 12.488684 12.219972
0.093035 12.157456 -0.000013 -0.000322 0.023649 0.486053 -1.328176 12.131986 12.065909 11.853597 12.686181 12.244451
0.094290 12.129000 -0.000018 -0.000322 0.021399 0.486159 -1.235163 12.064105 12.009712 11.677652 12.688939 12.177869
0.094040 12.093632 -0.000015 -0.000428 0.019362 0.481332 -1.161247 12.041331 11.942182 11.711001 12.562945 12.157009
0.094464 12.059431 -0.000028 -0.000598 0.017520 0.478294 -1.096377 12.009952 11.889947 11.896886 12.483663 12.231958
0.093876 12.013918 -0.000034 -0.000633 0.015853 0.479461 -1.037881 11.973038 11.858291 12.293353 12.514135 12.461195
0.093426 11.969352 -0.000032 -0.000567 0.014344 0.487081 -0.974498 11.949827 11.852822 12.305923 12.713011 12.567208
0.093720 11.935988 -0.000028 -0.000424 0.012979 0.490104 -0.902741 11.894355 11.830577 12.450006 12.791907 12.686525
0.094412 11.893121 -0.000018 -0.000319 0.011744 0.494043 -0.826795 11.866467 11.811163 11.887422 12.894710 12.451124
0.103624 11.963522 -0.000016 -0.000778 0.010626 0.484788 -0.746111 11.965545 11.750777 11.226658 12.653156 12.013518
0.102996 11.906771 -0.000061 -0.000796 0.016532 0.466904 -0.683668 11.752658 11.659282 11.227919 12.186379 11.820656
0.096120 11.745653 -0.000027 -0.000441 0.016532 0.459613 -0.650988 11.668093 11.595962 11.165941 11.996091 11.714926
0.098095 11.717820 -0.000021 -0.000622 0.016532 0.456342 -0.645331 11.695278 11.545825 11.786037 11.910701 12.013784
0.096769 11.675962 -0.000043 -0.000664 0.016532 0.467669 -0.652609 11.651150 11.549479 12.597071 12.206357 12.576026
0.094918 11.636618 -0.000030 -0.000445 0.016532 0.488275 -0.622702 11.654325 11.587526 13.005916 12.744173 13.028208
0.095727 11.613519 -0.000020 -0.000133 0.016532 0.504426 -0.541360 11.600525 11.609776 12.667227 13.165723 13.034058
0.095013 11.582072 0.000002 0.000141 0.016532 0.503439 -0.423869 11.529885 11.569581 12.894427 13.139951 13.148638
0.092137 11.550023 0.000011 0.000100 0.016532 0.505644 -0.308726 11.547701 11.549192 13.585914 13.197502 13.541644
0.089367 11.510186 -0.000000 0.000199 0.016532 0.518978 -0.098206 11.509334 11.574452 13.334946 13.545532 13.555798
0.086225 11.465096 0.000018 0.000558 0.016532 0.517687 0.697873 11.413896 11.547706 13.091912 13.511846 13.410609
0.083580 11.423149 0.000038 0.000636 0.016532 0.510783 0.522817 11.399024 11.503724 12.925122 13.331642 13.242345
0.082235 11.398817 0.000030 0.000535 0.014958 0.503686 0.365507 11.368131 11.462714 13.448636 13.146392 13.437737
0.082784 11.390074 0.000027 0.000371 0.013535 0.511455 0.244279 11.430319 11.478141 14.283963 13.349189 13.963025
0.084660 11.390394 0.000014 0.000448 0.012247 0.533439 0.071506 11.428632 11.539544 14.500419 13.922978 14.317178
0.087054 11.410529 0.000032 0.000658 0.011081 0.548407 -0.595953 11.439399 11.569994 14.182046 14.313648 14.310940
0.089741 11.432894 0.000038 0.000700 0.010116 0.548172 -0.454942 11.417809 11.546404 13.543568 14.307513 13.967368
0.092874 11.440934 0.000037 0.000538 0.010116 0.534834 -0.334774 11.402081 11.478504 13.446732 13.959384 13.769954
0.097799 11.452167 0.000022 0.000134 0.010116 0.528630 -0.255617 11.453748 11.437383 13.654604 13.797450 13.815883
0.100938 11.459904 -0.000004 -0.000115 0.010116 0.532547 -0.234148 11.454104 11.428911 13.930776 13.899683 14.011028
0.099953 11.467389 -0.000007 -0.000196 0.010116 0.540009 -0.269877 11.480351 11.435093 14.551789 14.094460 14.429932
0.094996 11.463173 -0.000012 -0.000143 0.010116 0.553140 -0.290875 11.483764 11.472235 15.370750 14.437185 15.011714
0.106727 11.663776 -0.000003 -0.000978 0.010116 0.571564 -0.248415 11.877874 11.561476 15.272839 14.918040 15.156602
0.101725 11.630315 -0.000090 -0.000351 0.024220 0.573991 -0.123665 11.458905 11.594997 14.907209 14.981387 14.980471
0.084323 11.438811 0.000039 0.000797 0.024220 0.564970 0.425591 11.417167 11.573809 15.080941 14.745944 14.962098
0.086372 11.481312 0.000045 0.000472 0.024220 0.563668 0.235630 11.557777 11.589709 14.761236 14.711968 14.766500
0.088014 11.516247 0.000009 0.000375 0.024220 0.556503 -0.046680 11.486722 11.586062 14.349035 14.524949 14.457771
0.089849 11.554198 0.000029 0.000163 0.024220 0.544778 0.899782 11.594973 11.569669 13.843243 14.218931 14.049412
0.090355 11.585314 -0.000007 -0.000080 0.024220 0.529435 0.793471 11.549382 11.543029 13.755324 13.818456 13.821779
0.089461 11.613559 -0.000001 -0.000360 0.024220 0.520386 0.752109 11.660162 11.545342 14.598591 13.582269 14.152544
0.088580 11.643618 -0.000033 -0.000502 0.024220 0.533198 0.730798 11.706683 11.631470 15.327407 13.916681 14.666273
0.087258 11.672876 -0.000021 -0.000211 0.024220 0.553126 0.664797 11.751740 11.741521 15.499809 14.436816 14.969392
0.086430 11.712144 -0.000003 0.000150 0.024220 0.564474 0.537270 11.760271 11.818388 15.243348 14.732986 14.953265
0.086824 11.764767 0.000017 0.000274 0.024220 0.563159 0.359595 11.806680 11.851341 14.675847 14.698661 14.632737
0.086992 11.810463 0.000013 0.000209 0.021915 0.550106 0.138946 11.811777 11.845540 13.996518 14.357989 14.120723
0.087410 11.850365 0.000010 -0.000025 0.019829 0.529976 -0.169190 11.854097 11.818885 13.603293 13.832596 13.674525
0.087670 11.879032 -0.000010 -0.000307 0.017942 0.513202 -0.085972 11.881765 11.807685 13.353224 13.394775 13.340477
0.102880 12.116302 -0.000021 -0.001575 0.016235 0.501005 -0.203420 12.300812 11.835427 13.299106 13.076434 13.159766
0.096698 12.086192 -0.000133 -0.001280 0.035756 0.494360 -0.300583 11.931212 11.877221 13.866958 12.902988 13.359575
0.076534 11.865385 -0.000016 0.000060 0.035756 0.502566 -0.352266 11.885093 11.948407 14.259576 13.117166 13.642482
0.076949 11.892614 0.000017 0.000285 0.035756 0.514621 -0.215373 11.984397 12.028595 13.902827 13.431817 13.592332
0.077163 11.910858 0.000012 0.000601 0.035756 0.514078 0.171736 11.887388 12.052182 13.518901 13.417643 13.383632
0.078003 11.923380 0.000047 0.000657 0.035756 0.507776 -0.286059 11.959775 12.046904 13.162577 13.253146 13.123813
0.079903 11.946919 0.000025 0.000510 0.035756 0.499755 -0.065425 11.929834 12.030106 13.115923 13.043803 13.002853
0.082602 11.970446 0.000029 0.000304 0.035756 0.497016 0.270808 12.008350 12.029554 12.913072 12.972327 12.866865
0.085911 11.991083 0.000006 0.000196 0.035756 0.494271 0.251444 11.972820 12.021259 13.002488 12.900666 12.881868
0.087406 12.006939 0.000014 0.000073 0.035756 0.496756 0.408477 12.041877 12.027471 13.752320 12.965520 13.294909
0.088798 12.033391 -0.000004 -0.000030 0.035756 0.513769 0.489814 12.085672 12.087132 14.501239 13.409577 13.877744
0.090334 12.055382 0.000001 0.000162 0.035756 0.536834 0.452936 12.113106 12.165914 15.063975 14.011570 14.437556
0.093775 12.080536 0.000015 0.000436 0.032353 0.559523 0.256871 12.133490 12.236385 14.205991 14.603777 14.273559
0.096382 12.107168 0.000030 0.000659 0.029274 0.553553 -0.126892 12.056247 12.193600 13.595133 14.447947 13.902387
0.096824 12.106563 0.000040 0.000444 0.026489 0.538141 0.213387 12.082790 12.120871 13.287637 14.045701 13.574260
0.097472 12.090766 0.000011 0.000154 0.023968 0.525279 0.131839 12.040236 12.060949 12.504979 13.709984 13.033450
0.095770 12.065510 0.000006 -0.000023 0.021687 0.503663 0.372695 11.995264 11.970939 12.410839 13.145808 12.740840
0.092422 12.041689 -0.000006 -0.000361 0.019623 0.490723 0.523033 12.023651 11.922836 12.631116 12.808066 12.706047
0.087654 12.015786 -0.000028 -0.000474 0.017756 0.487040 0.620055 11.996209 11.918847 13.298748 12.711934 13.001830
0.082695 11.990502 -0.000022 -0.000366 0.016066 0.496018 0.652070 12.029991 11.970067 13.969824 12.946274 13.442960
0.080485 11.973133 -0.000017 -0.000016 0.014537 0.511911 0.608988 12.004490 12.047217 13.683588 13.361075 13.480355
0.082330 11.979027 0.000012 0.000348 0.013154 0.513810 0.517647 11.982869 12.064611 12.889984 13.410635 13.098116
0.084632 11.997952 0.000023 0.000340 0.011902 0.500090 0.428884 11.970931 12.018857 12.662397 13.052540 12.820921
0.086733 12.009577 0.000014 0.000047 0.010769 0.490370 0.367235 12.011203 11.988639 12.298163 12.798859 12.522272
0.090114 12.009835 -0.000006 -0.000108 0.009745 0.480687 0.321320 11.971150 11.953169 11.637489 12.546133 12.075316
0.093198 12.002477 -0.000005 -0.000252 0.008817 0.465702 0.319378 11.959323 11.889883 11.624072 12.155008 11.899408
0.094222 11.986408 -0.000020 -0.000493 0.007978 0.460906 0.363018 11.968216 11.859675 12.349424 12.029821 12.221615
0.092639 11.959619 -0.000031 -0.000510 0.008333 0.474277 0.401868 11.976736 11.893664 13.446666 12.378808 12.944540
0.090803 11.942500 -0.000024 -0.000249 0.008333 0.501998 0.398745 11.995280 11.978717 14.221220 13.102352 13.667244
0.089900 11.925159 -0.000005 0.000273 0.008333 0.529260 0.331044 11.953062 12.057360 13.788900 13.813891 13.766356
0.090971 11.915234 0.000030 0.000725 0.008333 0.532458 0.204247 11.883096 12.041272 12.774624 13.897369 13.289041
0.091533 11.912748 0.000045 0.000656 0.012131 0.512973 0.050984 11.852179 11.944129 12.794616 13.388789 13.080767
0.092808 11.913311 0.000026 0.000157 0.012131 0.504058 -0.410802 11.917610 11.896440 12.813403 13.156117 12.992022
0.093941 11.903365 -0.000006 -0.000035 0.012131 0.500788 -0.326918 11.866240 11.871403 12.291601 13.070773 12.689668
0.091280 11.883172 0.000002 -0.000060 0.012131 0.488198 -0.285168 11.838221 11.814083 12.542318 12.742155 12.677252
0.086228 11.863354 -0.000007 -0.000251 0.012131 0.485155 -0.302307 11.868458 11.804008 13.421399 12.662732 13.092139
0.082005 11.839279 -0.000018 -0.000180 0.012131 0.498690 -0.301595 11.872893 11.864492 14.011593 13.016017 13.546076
0.081256 11.837913 -0.000002 0.000136 0.012131 0.515382 -0.236328 11.884672 11.936577 14.212726 13.451664 13.836691
0.081585 11.846073 0.000015 0.000462 0.012131 0.526744 -0.104054 11.872330 11.984663 14.089102 13.748232 13.900357
0.145769 12.718600 0.000032 -0.003746 0.012131 0.529681 0.226409 13.421207 12.083648 13.338848 13.824876 13.546929
0.135074 12.528867 -0.000382 -0.002272 0.102680 0.517795 0.076669 11.778506 12.091681 12.395989 13.514656 12.925610
0.069081 11.625300 0.000088 0.002380 0.102680 0.496021 -4.102077 11.418751 11.961059 12.008823 12.946354 12.478344
0.076441 11.703730 0.000154 0.001313 0.102680 0.479069 -3.669866 11.861328 11.864941 11.901047 12.503891 12.230186
0.079827 11.745101 0.000001 0.000612 0.102680 0.469755 -3.314054 11.606862 11.807698 12.812531 12.260802 12.593633
0.078645 11.745811 0.000057 0.000316 0.102680 0.483529 -3.018936 11.898392 11.842931 13.829105 12.620296 13.274592
0.078829 11.756912 -0.000016 0.000439 0.102680 0.509646 -2.685743 11.734479 11.925080 13.713397 13.301971 13.516075
0.081177 11.785070 0.000054 0.000715 0.102680 0.518507 -2.304947 11.856431 11.941967 13.098392 13.533232 13.302961
0.082355 11.804584 0.000025 0.000701 0.102680 0.509501 -1.919705 11.730461 11.895583 12.934085 13.298179 13.115156
0.083298 11.821486 0.000048 0.000378 0.102680 0.501296 -1.569983 11.866970 11.860839 12.683638 13.084023 12.891110
0.084506 11.828679 -0.000001 0.000164 0.102680 0.492275 -1.206952 11.767987 11.827564 11.939992 12.848585 12.404137
0.083805 11.812295 0.000018 0.000078 0.102680 0.473190 -0.875235 11.779529 11.757824 11.523156 12.350457 11.968904
0.082432 11.786373 -0.000006 -0.000146 0.092909 0.456303 -0.652071 11.729739 11.698570 11.764144 11.909692 11.896524
0.079823 11.757291 -0.000008 -0.000300 0.084067 0.453884 -0.654819 11.768405 11.693515 13.177185 11.846539 12.592039
0.075471 11.729821 -0.000021 -0.000185 0.076067 0.480976 -0.640542 11.798852 11.797044 14.615535 12.553675 13.638268
0.072273 11.711258 -0.000000 0.000438 0.068829 0.521309 -0.250515 11.795976 11.943259 14.663058 13.606379 14.125343
0.072068 11.700200 0.000042 0.001240 0.062279 0.539946 1.479290 11.702909 11.998284 13.842086 14.092794 13.918051
0.074793 11.707802 0.000085 0.001482 0.056352 0.532877 1.034146 11.692894 11.950414 13.221415 13.908290 13.518168
0.079202 11.725840 0.000074 0.001146 0.050989 0.518987 0.632641 11.700630 11.876389 12.778399 13.545756 13.132800
0.085099 11.740840 0.000051 0.000692 0.046137 0.506555 0.306290 11.715398 11.805225 12.621558 13.221285 12.914691
0.092178 11.751001 0.000027 0.000277 0.041747 0.501822 0.146270 11.734460 11.754778 12.393101 13.097745 12.751112
0.098195 11.760708 0.000007 -0.000030 0.037774 0.499077 0.537033 11.728804 11.702470 12.564055 13.026115 12.823059
0.100930 11.767928 -0.000006 -0.000334 0.034179 0.503394 0.746303 11.764538 11.674326 13.827293 13.138782 13.549548
0.102323 11.766548 -0.000025 -0.000471 0.030927 0.531396 0.845988 11.819847 11.735239 14.732351 13.869645 14.352472
0.104483 11.761197 -0.000023 -0.000132 0.027984 0.562098 0.801534 11.779045 11.802602 14.742781 14.670986 14.713635
0.105623 11.752492 0.000007 0.000256 0.025321 0.574954 0.671050 11.736639 11.802981 14.589445 15.006533 14.788758
0.106793 11.748188 0.000019 0.000280 0.022911 0.575839 0.500449 11.726113 11.766189 14.068714 15.029628 14.534308
0.106101 11.728975 0.000012 0.000190 0.020731 0.563587 0.301326 11.659124 11.690327 13.759612 14.709845 14.243771
0.104269 11.706135 0.000009 -0.000081 0.018758 0.549400 0.085249 11.672405 11.620569 13.574500 14.339560 13.993790
0.102321 11.679350 -0.000014 -0.000300 0.016973 0.537281 -0.413491 11.627469 11.569010 13.408028 14.023252 13.773345
0.097963 11.648533 -0.000016 -0.000406 0.015358 0.526199 -0.326652 11.619197 11.530774 14.204367 13.734015 14.069981
0.092725 11.628986 -0.000025 -0.000501 0.013896 0.534716 -0.262631 11.672129 11.575907 15.098386 13.956291 14.629971
0.088177 11.613005 -0.000027 -0.000189 0.012574 0.553850 -0.113503 11.651449 11.665360 15.281356 14.455716 14.931287
0.085681 11.614891 0.000004 0.000258 0.011377 0.563555 0.399620 11.647630 11.722298 14.869331 14.709020 14.813888
0.085699 11.634315 0.000021 0.000449 0.010295 0.557990 0.199443 11.635698 11.725535 14.224069 14.563753 14.402493
0.088946 11.658745 0.000026 0.000341 0.009315 0.542570 -0.091226 11.651680 11.693354 13.298001 14.161289 13.733844
0.092313 11.679928 0.000012 0.000069 0.008429 0.518701 0.276420 11.637715 11.627200 12.979550 13.538305 13.290797
0.094839 11.693155 -0.000003 -0.000337 0.007626 0.503834 0.230783 11.695558 11.591847 12.780879 13.150264 13.013941
0.095696 11.694459 -0.000029 -0.000524 0.007902 0.495437 0.254959 11.665848 11.574377 13.003850 12.931089 13.033531
0.092672 11.693751 -0.000026 -0.000609 0.007902 0.496563 0.329436 11.721536 11.591777 14.384986 12.960504 13.765845
0.088239 11.691804 -0.000037 -0.000510 0.009983 0.523585 0.352411 11.774962 11.708723 15.321885 13.665785 14.553485
0.084400 11.686697 -0.000019 0.000112 0.009983 0.552505 0.283119 11.740418 11.830852 15.327411 14.420608 14.877005
0.081673 11.688387 0.000026 0.000727 0.009983 0.563596 0.105218 11.714840 11.884684 14.813486 14.710091 14.728929
0.080524 11.706474 0.000048 0.000909 0.013007 0.556757 -0.420195 11.707543 11.874625 14.395538 14.531579 14.425940
0.081178 11.733806 0.000048 0.000719 0.013007 0.544440 -0.211892 11.744603 11.850330 13.766093 14.210101 13.950797
0.081036 11.747647 0.000031 0.000524 0.013007 0.526320 0.084537 11.716748 11.806728 13.426318 13.737170 13.558738
0.081905 11.755843 0.000026 0.000260 0.013007 0.512212 -0.319615 11.763782 11.778302 12.754115 13.368935 13.042535
0.082445 11.770498 0.000005 0.000040 0.013007 0.493907 -0.270482 11.729714 11.731364 13.016739 12.891177 12.961172
0.080140 11.790121 0.000001 -0.000300 0.013007 0.491011 -0.370027 11.847873 11.746666 14.880948 12.815575 13.875918
0.078785 11.806064 -0.000028 -0.000303 0.013007 0.526832 -0.403686 11.927675 11.907664 15.567419 13.750512 14.633442
0.080127 11.833783 -0.000005 0.000377 0.013007 0.557369 -0.319199 11.895074 12.036680 14.686843 14.547548 14.532250
0.082302 11.880721 0.000041 0.000796 0.013007 0.553822 -0.158006 11.879697 12.031542 13.911060 14.454969 14.092274
0.085844 11.925773 0.000044 0.000540 0.013007 0.536759 0.063441 11.921801 11.980131 12.950746 14.009614 13.401772
0.089376 11.953189 0.000017 0.000137 0.013007 0.511115 -0.164830 11.898805 11.897942 12.325226 13.340306 12.783758
0.091441 11.981987 0.000000 -0.000429 0.011769 0.488189 -0.277765 11.972326 11.830140 12.255949 12.741929 12.481896
0.128672 12.547451 -0.000040 -0.003661 0.010781 0.475953 -0.390641 12.971067 11.865386 12.911543 12.422550 12.670330
0.114277 12.425492 -0.000316 -0.002858 0.084858 0.480398 -0.448516 12.025744 11.958108 14.077244 12.538579 13.304430
0.067573 11.854692 -0.000021 0.000528 0.084858 0.502909 -0.248497 11.833366 12.063282 14.362084 13.126116 13.703362
0.068485 11.899504 0.000064 0.000836 0.084858 0.517158 1.162060 12.045204 12.139694 14.318562 13.498017 13.839567
0.069468 11.943029 0.000026 0.001004 0.084858 0.522594 0.612075 11.922891 12.181630 13.845186 13.639911 13.657624
0.070196 11.979339 0.000073 0.001032 0.084858 0.516083 -0.353905 12.039909 12.176812 13.328133 13.469967 13.313707
0.070736 12.008537 0.000039 0.000859 0.084858 0.502888 1.092922 11.972791 12.149336 13.141295 13.125585 13.055200
0.073128 12.042385 0.000050 0.000546 0.084858 0.494162 0.596990 12.099240 12.139821 12.023132 12.897818 12.387606
0.075920 12.068330 0.000012 0.000365 0.084858 0.470071 -0.005601 11.977934 12.067004 10.849232 12.269033 11.511561
0.077748 12.082136 0.000026 -0.000077 0.084858 0.435212 9.507024 12.058906 11.961926 10.682734 11.359196 11.008407
0.077008 12.091891 -0.000027 -0.000663 0.084858 0.417208 8.583365 12.067493 11.924137 11.966777 10.889306 11.428290
0.074141 12.108304 -0.000041 -0.000940 0.084858 0.433532 7.770095 12.221843 12.023445 13.513362 11.315357 12.383971
0.072991 12.122350 -0.000057 -0.000505 0.076782 0.470493 7.012623 12.207771 12.198351 12.418004 12.280053 12.279341
0.074023 12.141109 -0.000003 0.000292 0.069476 0.466293 6.294422 12.098136 12.202983 10.629109 12.170444 11.339927
0.076670 12.158951 0.000030 0.000225 0.062864 0.429578 5.650633 12.091888 12.082864 10.086590 11.212160 10.626933
0.079934 12.153704 -0.000003 -0.000362 0.056882 0.403845 5.086563 12.118655 12.005446 10.212343 10.540515 10.379319
0.082694 12.131811 -0.000032 -0.000645 0.051469 0.397986 4.587901 12.117698 11.993445 9.637295 10.387584 10.023338
0.083382 12.106084 -0.000036 -0.000575 0.046571 0.387267 4.141338 12.040465 11.948381 8.662659 10.107813 9.413027
0.080506 12.082500 -0.000027 -0.000684 0.042139 0.363549 3.756033 12.007632 11.853298 9.570615 9.488780 9.590664
0.075893 12.044066 -0.000045 -0.000974 0.038129 0.368798 3.418593 12.079357 11.878518 11.450512 9.625776 10.592780
0.073598 12.004434 -0.000058 -0.000643 0.034501 0.407508 3.087728 12.081488 12.028102 12.289557 10.636107 11.471496
0.076892 12.023735 -0.000016 0.000022 0.031217 0.442736 2.744070 12.101665 12.151798 12.591365 11.555593 12.042031
0.077147 12.012841 0.000013 0.000709 0.028247 0.465905 2.401794 12.019543 12.215663 12.354107 12.160316 12.201650
0.075053 11.965433 0.000055 0.001277 0.025559 0.472411 2.071916 11.936694 12.205189 11.139398 12.330102 11.674485
0.076360 11.956790 0.000076 0.001268 0.023126 0.451711 1.776822 11.883476 12.090957 10.204207 11.789846 10.966777
0.077191 11.931286 0.000059 0.000815 0.020926 0.423922 1.544404 11.850492 11.955948 9.772050 11.064543 10.428583
0.076824 11.894619 0.000030 0.000313 0.018934 0.403474 1.381089 11.832887 11.852781 10.332517 10.530825 10.478732
0.074239 11.858976 0.000006 -0.000032 0.017132 0.405445 1.274633 11.864960 11.838513 11.596929 10.582268 11.146462
0.069261 11.820293 -0.000007 0.000093 0.015502 0.430422 1.176968 11.860736 11.912866 12.812208 11.234176 12.055993
0.064949 11.787111 0.000015 0.000642 0.014027 0.463975 1.052550 11.846682 12.018762 13.042896 12.109938 12.567463
0.064523 11.766886 0.000050 0.001285 0.013321 0.482976 0.891037 11.773092 12.063616 11.915315 12.605873 12.222223
0.068154 11.776379 0.000084 0.001466 0.022473 0.469566 0.721389 11.727164 11.983049 11.444820 12.255850 11.829480
0.073339 11.783168 0.000074 0.001020 0.022473 0.455797 0.516158 11.767083 11.902172 11.160715 11.896492 11.528713
0.078458 11.778371 0.000040 0.000632 0.022473 0.447085 0.342852 11.732162 11.834554 10.989009 11.669102 11.347338
0.081807 11.763639 0.000031 0.000362 0.022473 0.442796 0.251273 11.737764 11.776404 10.909064 11.557145 11.267168
0.081253 11.739319 0.000012 0.000189 0.022473 0.440694 0.285315 11.691909 11.724041 11.167971 11.502300 11.387744
0.076534 11.711876 0.000010 0.000062 0.022473 0.443081 0.419450 11.702750 11.697725 12.783395 11.564590 12.253279
0.071815 11.679947 -0.000000 0.000091 0.022473 0.473391 0.437200 11.753207 11.787449 13.973057 12.355699 13.215833
0.070235 11.652389 0.000011 0.000689 0.022473 0.509118 0.265035 11.693158 11.895366 13.907439 13.288174 13.595537
0.068847 11.632958 0.000059 0.001339 0.022473 0.523144 -0.204865 11.631290 11.915617 13.823067 13.654264 13.715957
0.067218 11.616573 0.000082 0.001526 0.022473 0.526529 0.476392 11.617473 11.898385 13.279848 13.742612 13.477559
0.068481 11.603857 0.000082 0.001503 0.022473 0.516945 0.136556 11.558223 11.834190 12.351332 13.492474 12.891380
0.071408 11.595732 0.000081 0.001217 0.021652 0.495259 -0.611998 11.540068 11.724673 12.250235 12.926448 12.593856
0.073788 11.579327 0.000055 0.000742 0.021652 0.485610 -0.491601 11.559968 11.659372 12.080904 12.674622 12.400600
0.074617 11.571104 0.000030 0.000450 0.021652 0.479646 -0.478690 11.535440 11.605972 12.761161 12.518940 12.691684
0.071561 11.562469 0.000022 0.000222 0.021652 0.490271 -0.557874 11.602277 11.619806 14.492783 12.796255 13.713399
0.069076 11.563232 0.000007 0.000289 0.021652 0.528066 -0.553553 11.659363 11.741516 15.125622 13.782722 14.473685
0.071314 11.586148 0.000025 0.000793 0.021652 0.556311 -0.408579 11.628395 11.826797 14.199915 14.519946 14.319401
0.075610 11.625703 0.000058 0.001026 0.021652 0.549668 -0.159995 11.599524 11.782662 13.475790 14.346558 13.870856
0.079312 11.653550 0.000054 0.000659 0.021652 0.531817 0.188426 11.631398 11.704377 13.007597 13.880628 13.426407
0.082692 11.662588 0.000023 0.000213 0.021652 0.515305 0.087261 11.621997 11.634656 12.312661 13.449676 12.879998
0.084891 11.674078 0.000005 -0.000201 0.021652 0.494623 0.488302 11.630382 11.553237 12.220532 12.909867 12.600126
0.084223 11.673845 -0.000020 -0.000616 0.021652 0.483356 0.599971 11.656863 11.513545 12.056271 12.615794 12.388261
0.079366 11.654461 -0.000040 -0.000719 0.019592 0.473087 0.706710 11.610533 11.485631 12.678376 12.347767 12.591965
0.072419 11.638022 -0.000035 -0.000778 0.017727 0.477317 0.771422 11.684834 11.525690 14.391424 12.458170 13.515511
0.068278 11.632532 -0.000045 -0.000545 0.016040 0.510412 0.743950 11.735829 11.681514 14.832781 13.321947 14.112412
0.065140 11.631915 -0.000015 0.000253 0.014514 0.532415 0.619966 11.662210 11.789980 14.641826 13.896245 14.258107
0.063206 11.648574 0.000037 0.000722 0.013133 0.536945 0.446599 11.693640 11.831814 14.364831 14.014486 14.157898
0.066158 11.679133 0.000040 0.000779 0.011883 0.533507 0.217113 11.693830 11.842848 13.004923 13.924736 13.414324
0.070139 11.713395 0.000043 0.000661 0.011617 0.506642 -0.109090 11.659992 11.760848 12.319831 13.223549 12.745651
0.072543 11.740976 0.000030 0.000101 0.011617 0.482479 0.153913 11.737917 11.691014 12.217164 12.592900 12.407129
0.074349 11.764622 -0.000013 -0.000376 0.011617 0.471212 0.165746 11.757777 11.670166 12.546389 12.298808 12.439872
0.073448 11.785536 -0.000024 -0.000589 0.011617 0.473327 0.317099 11.826330 11.700290 13.848871 12.354029 13.122925
0.071489 11.812348 -0.000035 -0.000572 0.011617 0.499365 0.362914 11.913387 11.823721 14.838485 13.033620 13.922937
0.072196 11.837603 -0.000025 -0.000071 0.011617 0.530164 0.308591 11.912477 11.960610 14.121992 13.837496 13.915411
0.075074 11.868343 0.000014 0.000471 0.011617 0.530540 0.178874 11.854394 11.972742 13.375312 13.847295 13.538651
0.078051 11.890499 0.000034 0.000420 0.011617 0.516870 0.055208 11.883950 11.929083 13.162095 13.490502 13.269318
0.081195 11.887650 0.000013 0.000211 0.011617 0.508866 -0.101846 11.865955 11.900285 12.123581 13.281596 12.648975
0.084357 11.881049 0.000010 0.000098 0.011617 0.487370 -0.190772 11.806186 11.811423 11.126401 12.720560 11.895334
0.084349 11.872436 0.000002 -0.000311 0.011617 0.459442 -0.382828 11.805755 11.697843 10.877723 11.991626 11.451129
0.080879 11.859356 -0.000030 -0.000824 0.010512 0.440846 -0.517134 11.818612 11.630368 11.822978 11.506254 11.720650
0.077048 11.853205 -0.000054 -0.001137 0.014415 0.448863 -0.586435 11.904659 11.676430 13.514860 11.715504 12.672606
0.074863 11.867784 -0.000065 -0.000977 0.017560 0.483667 -0.608237 11.973371 11.830652 14.889859 12.623907 13.771531
0.075725 11.889577 -0.000041 -0.000301 0.017560 0.525559 -0.509255 11.992658 12.006661 14.849346 13.717301 14.237035
0.079348 11.929530 0.000003 0.000394 0.017560 0.544251 -0.287161 11.964015 12.083936 14.130913 14.205156 14.089959
0.082873 11.977096 0.000034 0.000545 0.017560 0.538887 0.092702 11.981987 12.067678 13.617364 14.065174 13.766526
0.086351 12.008120 0.000024 0.000304 0.017560 0.527144 -0.889130 11.995408 12.028103 12.706423 13.758657 13.168165
0.089782 12.027372 0.000009 0.000004 0.017560 0.504932 -0.729852 11.973947 11.949034 11.952662 13.178925 12.528237
0.090971 12.032636 -0.000007 -0.000427 0.017560 0.480876 -0.640425 11.987526 11.865332 11.710039 12.551047 12.127020
0.088484 12.017704 -0.000035 -0.000778 0.017560 0.465066 -0.634334 11.978707 11.817430 12.249373 12.138414 12.217375
0.083645 12.002862 -0.000046 -0.000946 0.017560 0.466914 -0.672062 12.030516 11.844304 13.806081 12.186648 13.023781
0.078851 11.982317 -0.000054 -0.000704 0.017560 0.496327 -0.667398 12.065338 11.979684 14.608121 12.954341 13.768898
0.075278 11.957627 -0.000025 0.000113 0.017560 0.524441 -0.564711 11.995616 12.101636 13.893755 13.688119 13.736304
0.072709 11.953064 0.000030 0.000758 0.015889 0.522140 -0.390712 11.934459 12.102217 13.295285 13.628066 13.404089
0.073847 11.972885 0.000047 0.000660 0.014377 0.508434 -0.182210 11.978642 12.064300 12.266509 13.270327 12.720820
0.076277 11.985558 0.000024 0.000402 0.013009 0.482569 0.129338 11.915728 11.981064 10.966378 12.595254 11.758262
0.076582 11.984636 0.000019 -0.000018 0.011771 0.446057 0.018700 11.917474 11.859133 10.606161 11.642273 11.142706
0.076543 11.983472 -0.000017 -0.000635 0.010651 0.422573 1.363310 11.958484 11.793781 10.476268 11.029332 10.796057
0.074155 11.975251 -0.000047 -0.000926 0.012672 0.409499 1.261886 11.947144 11.770407 11.498634 10.688081 11.149192
0.069439 11.977265 -0.000051 -0.001056 0.013655 0.422143 1.187676 12.062214 11.851945 13.463972 11.018088 12.272378
0.068007 11.982706 -0.000061 -0.000667 0.016288 0.465050 1.094565 12.102725 12.048646 13.269181 12.137979 12.678537
0.069337 11.980434 -0.000016 0.000348 0.016288 0.482119 0.952214 11.967526 12.126750 12.178226 12.583498 12.332740
0.069103 11.980841 0.000045 0.000745 0.016288 0.469731 0.807721 11.961067 12.081733 12.169620 12.260155 12.178117
0.070133 11.982586 0.000034 0.000506 0.016288 0.464669 0.677453 11.993003 12.065021 11.361819 12.128038 11.713007
0.072477 11.968848 0.000020 0.000491 0.016288 0.448432 0.555888 11.892000 11.997880 10.473773 11.704260 11.076655
0.075135 11.959371 0.000030 0.000197 0.016288 0.425908 0.483510 11.920889 11.901650 10.119314 11.116358 10.635891
0.077452 11.948470 -0.000005 -0.000239 0.016288 0.410876 0.481456 11.895682 11.831479 9.454350 10.724028 10.129034
0.074509 11.919663 -0.000018 -0.000450 0.016288 0.391562 0.561681 11.843526 11.744976 10.884962 10.219911 10.627593
0.067544 11.895536 -0.000028 -0.000768 0.016288 0.408484 0.653158 11.987073 11.809961 13.425685 10.661586 12.101181
0.063869 11.881347 -0.000051 -0.000364 0.016288 0.463349 0.617351 12.004282 12.024614 13.537645 12.093600 12.805290
0.063295 11.870015 0.000005 0.000789 0.016288 0.489904 0.441237 11.871013 12.117566 12.556698 12.786685 12.628041
0.063697 11.872221 0.000070 0.001252 0.018840 0.482576 0.174805 11.855920 12.075765 11.699328 12.595433 12.111430
0.065204 11.870511 0.000063 0.001047 0.018840 0.462658 -0.384721 11.814908 11.987965 10.712932 12.075547 11.381030
0.066758 11.858577 0.000050 0.000660 0.018840 0.435153 -0.221195 11.791213 11.872728 11.016334 11.357659 11.208899
0.068500 11.843508 0.000024 0.000149 0.018840 0.430468 -0.202707 11.859719 11.844181 11.272064 11.235387 11.284062
0.069200 11.832696 -0.000004 0.000059 0.018840 0.435549 -0.266944 11.813830 11.845786 11.062705 11.368006 11.241865
0.066134 11.821470 0.000010 0.000124 0.018840 0.433459 -0.373807 11.804661 11.820434 12.059455 11.313464 11.722377
0.063395 11.803066 0.000005 0.000089 0.018840 0.450512 -0.423813 11.857796 11.874702 13.055258 11.758548 12.424751
0.063767 11.789339 0.000005 0.000436 0.018840 0.477929 -0.361140 11.831924 11.963516 13.018491 12.474133 12.729929
0.064366 11.782385 0.000038 0.000924 0.018840 0.490375 -0.208189 11.783621 11.986271 12.944014 12.798979 12.841355
0.067037 11.793831 0.000058 0.000982 0.018840 0.495174 0.054742 11.812887 11.977915 12.681218 12.924229 12.768662
0.070518 11.801991 0.000048 0.000898 0.018840 0.493708 -0.954289 11.775030 11.942079 11.584506 12.885987 12.201772
0.072442 11.800795 0.000049 0.000721 0.017047 0.472028 -0.826094 11.723699 11.830242 11.036005 12.320107 11.677295
0.075884 11.800633 0.000032 0.000151 0.015425 0.451849 -0.763162 11.765776 11.730877 11.061698 11.793444 11.462636
0.079701 11.795229 -0.000009 -0.000328 0.013957 0.445167 -0.750555 11.763855 11.682376 11.767551 11.619024 11.754484
0.080514 11.779949 -0.000022 -0.000498 0.012629 0.457932 -0.763649 11.803975 11.703284 12.920479 11.952199 12.501666
0.079201 11.766194 -0.000028 -0.000321 0.011427 0.486923 -0.748355 11.808663 11.782269 13.933901 12.708893 13.363838
0.079234 11.754921 -0.000007 0.000140 0.010340 0.519428 -0.684646 11.803895 11.871502 13.193478 13.557281 13.365526
0.080178 11.745989 0.000020 0.000641 0.009356 0.518307 -0.584250 11.672352 11.831638 12.203307 13.528010 12.851289
0.081645 11.740383 0.000046 0.000466 0.012376 0.496562 -0.506200 11.695355 11.723060 12.092393 12.960461 12.551255
0.083043 11.715224 0.000009 0.000040 0.012376 0.484705 -0.444394 11.665949 11.657106 11.683455 12.650996 12.209832
0.081712 11.682819 -0.000002 -0.000131 0.012376 0.471310 -0.425611 11.623677 11.587039 11.793341 12.301375 12.119173
0.080435 11.663418 -0.000010 -0.000390 0.012376 0.466609 -0.434914 11.657070 11.556537 11.490383 12.178684 11.911782
0.078408 11.647671 -0.000028 -0.000465 0.012376 0.456868 -0.450336 11.588477 11.513976 12.127593 11.924441 12.131617
0.075252 11.627725 -0.000021 -0.000581 0.012376 0.463275 -0.473816 11.674375 11.540602 13.284926 12.091673 12.800535
0.074802 11.624575 -0.000038 -0.000429 0.012376 0.488428 -0.440636 11.674318 11.638583 13.967424 12.748170 13.436708
0.076720 11.629137 -0.000010 0.000048 0.012376 0.513603 -0.343987 11.684528 11.729174 14.246353 13.405232 13.865327
0.079952 11.644934 0.000013 0.000430 0.012376 0.531869 -0.159636 11.676407 11.783898 14.068214 13.882004 13.980594
0.084908 11.679202 0.000031 0.000534 0.012376 0.537619 0.241327 11.695418 11.787408 13.226439 14.032059 13.610385
0.087715 11.698136 0.000026 0.000456 0.012376 0.524130 -0.013996 11.639829 11.717999 13.050396 13.679995 13.370033
0.086293 11.673489 0.000023 0.000227 0.011198 0.514023 1.905964 11.653149 11.666280 13.502732 13.416210 13.494005
0.081947 11.643948 0.000004 0.000114 0.010133 0.518230 1.710371 11.643083 11.670543 14.522958 13.526011 14.073257
0.075535 11.631487 0.000008 0.000199 0.009168 0.537778 1.536749 11.697056 11.741483 16.171470 14.036231 15.145524
0.069593 11.619865 0.000013 0.000621 0.008296 0.576273 1.362675 11.718415 11.889625 17.118432 15.040952 16.067741
0.068058 11.626966 0.000049 0.001340 0.013248 0.610342 1.181040 11.709774 12.019326 16.680063 15.930157 16.227390
0.070659 11.658298 0.000089 0.001842 0.023929 0.616775 0.953182 11.673417 12.039522 14.976857 16.098069 15.421707
0.074869 11.710235 0.000106 0.001680 0.028373 0.585851 0.655634 11.655515 11.922418 13.810297 15.290942 14.462466
0.078002 11.744737 0.000078 0.000907 0.028373 0.549307 0.414987 11.704955 11.793491 12.703363 14.337117 13.469541
0.080062 11.771864 0.000027 0.000110 0.028373 0.511404 0.409663 11.702737 11.668674 11.833054 13.347848 12.582612
0.081092 11.800296 -0.000008 -0.000672 0.028373 0.476863 0.731183 11.764619 11.568113 12.178442 12.446310 12.356371
0.080625 11.813593 -0.000055 -0.001253 0.028373 0.468011 0.971596 11.832662 11.572551 12.816246 12.215266 12.574032
0.079172 11.823473 -0.000073 -0.001281 0.028373 0.476400 1.110730 11.861241 11.642761 13.683114 12.434235 13.106524
0.079155 11.835034 -0.000062 -0.000981 0.028373 0.497233 1.150502 11.907828 11.755748 13.764714 12.977967 13.382663
0.079127 11.842662 -0.000043 -0.000444 0.028373 0.508817 1.091157 11.849595 11.823505 13.392852 13.280331 13.322289
0.077407 11.843361 -0.000008 -0.000101 0.028373 0.506322 0.984865 11.846822 11.833938 12.920082 13.215192 13.047895
0.076982 11.837890 -0.000004 -0.000020 0.028373 0.495514 0.835762 11.808589 11.812178 11.370009 12.933124 12.129084
0.075143 11.820634 0.000001 -0.000043 0.028373 0.459643 0.697794 11.712919 11.695672 11.165522 11.996851 11.602973
0.073128 11.800733 -0.000005 -0.000536 0.025673 0.439031 0.645649 11.808572 11.643766 11.306776 11.458893 11.428759
0.069812 11.771646 -0.000047 -0.000653 0.023230 0.432928 0.636091 11.730684 11.645134 11.923650 11.299592 11.664696
0.062689 11.750556 -0.000025 -0.000538 0.021019 0.441206 0.652582 11.813305 11.702528 14.136458 11.515645 12.870550
0.057412 11.743650 -0.000032 -0.000210 0.019019 0.486499 0.578885 11.884684 11.903397 14.801233 12.697803 13.728524
0.057268 11.755123 0.000005 0.000757 0.017209 0.519923 0.351272 11.809389 12.046485 13.995584 13.570198 13.710605
0.060351 11.799998 0.000067 0.001258 0.018094 0.520071 -0.038874 11.824422 12.053772 13.038327 13.574052 13.226210
0.062645 11.834537 0.000065 0.001119 0.018094 0.501264 2.926177 11.802411 11.991629 12.087609 13.083196 12.521615
0.066097 11.859821 0.000054 0.000673 0.018094 0.475069 2.608831 11.831006 11.903705 11.506196 12.399491 11.915960
0.069778 11.875028 0.000021 0.000146 0.018094 0.453954 2.340618 11.843181 11.833773 11.139212 11.848383 11.480479
0.071720 11.870120 -0.000002 -0.000185 0.018094 0.439606 2.119804 11.838430 11.784166 10.548857 11.473899 11.014674
0.069935 11.856792 -0.000015 -0.000371 0.018094 0.422802 1.944487 11.802034 11.721981 11.657270 11.035306 11.377310
0.065684 11.849575 -0.000023 -0.000651 0.018094 0.435893 1.804036 11.934302 11.781435 13.867890 11.376992 12.640542
0.062741 11.836850 -0.000043 -0.000283 0.018094 0.484265 1.649765 11.945893 11.973981 13.979763 12.639514 13.266693
0.060928 11.829606 0.000008 0.000737 0.018094 0.508046 1.459299 11.837195 12.060162 13.376980 13.260195 13.245652
0.061170 11.842612 0.000064 0.001110 0.018094 0.506333 1.258495 11.855712 12.047175 12.686779 13.215502 12.879103
0.063939 11.858848 0.000055 0.000961 0.018094 0.492123 1.063746 11.821662 11.988648 11.376674 12.844607 12.054177
0.066040 11.863202 0.000048 0.000640 0.016372 0.460769 0.903329 11.786230 11.865898 11.032357 12.026265 11.511158
0.068493 11.861112 0.000023 0.000024 0.014814 0.440974 0.808301 11.846399 11.790802 10.622899 11.509596 11.072926
0.070681 11.853991 -0.000015 -0.000322 0.013404 0.425980 0.765276 11.793495 11.730552 10.287266 11.118239 10.730465
0.068362 11.840659 -0.000017 -0.000562 0.012128 0.413069 0.774331 11.816005 11.679177 11.637506 10.781261 11.261673
0.064270 11.830997 -0.000039 -0.000775 0.010974 0.432201 0.783195 11.907274 11.758642 12.991184 11.280608 12.166871
0.061659 11.823166 -0.000042 -0.000329 0.011352 0.465828 0.738344 11.884302 11.893516 13.032688 12.158304 12.583630
0.061438 11.823627 0.000003 0.000357 0.011352 0.481041 0.642530 11.840732 11.952172 12.275323 12.555356 12.382496
0.062517 11.825930 0.000032 0.000644 0.011352 0.472947 0.524820 11.793064 11.918524 11.370490 12.344111 11.831922
0.063806 11.819218 0.000036 0.000507 0.011352 0.451910 0.419010 11.767046 11.835499 10.398826 11.795025 11.095058
0.063296 11.798747 0.000020 0.000188 0.011352 0.423864 0.362738 11.719288 11.727004 10.261541 11.063031 10.695343
0.062794 11.779600 0.000003 -0.000268 0.011352 0.408752 0.383275 11.767678 11.672091 10.002888 10.668594 10.386745
0.061108 11.750803 -0.000027 -0.000402 0.011352 0.397258 0.434414 11.687326 11.629985 10.020494 10.368588 10.260094
0.056463 11.710597 -0.000016 -0.000411 0.011352 0.391755 0.506122 11.703081 11.611913 11.519242 10.224951 10.947404
0.053220 11.681623 -0.000026 -0.000356 0.011352 0.418128 0.534684 11.761626 11.716053 12.634974 10.913314 11.816038
0.052442 11.667284 -0.000013 0.000249 0.011352 0.452506 0.481235 11.721064 11.840430 12.622691 11.810576 12.213250
0.054854 11.673063 0.000034 0.000854 0.011352 0.468879 0.354680 11.695632 11.884663 12.037758 12.237935 12.111693
0.059596 11.685898 0.000054 0.001014 0.014542 0.466576 0.166904 11.663082 11.849758 11.283583 12.177806 11.706711
0.064197 11.684656 0.000054 0.000843 0.014542 0.453019 -0.227918 11.634782 11.766114 10.705782 11.823979 11.261522
0.068039 11.674350 0.000038 0.000468 0.014542 0.437969 -0.053977 11.622057 11.672989 10.641562 11.431169 11.063280
0.070429 11.657101 0.000015 0.000081 0.014542 0.432133 -0.107039 11.625857 11.612120 10.934718 11.278846 11.156868
0.067352 11.621991 -0.000003 -0.000050 0.014542 0.435973 -0.391303 11.593063 11.587272 12.435871 11.379071 11.980935
0.061342 11.588805 -0.000001 -0.000008 0.014542 0.465347 -0.436723 11.664738 11.666765 14.027059 12.145730 13.140036
0.057190 11.558645 0.000001 0.000552 0.014542 0.507525 -0.348575 11.615011 11.797194 13.997234 13.246604 13.617137
0.053520 11.531031 0.000053 0.001358 0.014542 0.523463 -0.108603 11.520200 11.826931 13.598230 13.662600 13.600625
0.051112 11.516490 0.000088 0.001584 0.023748 0.520174 0.714558 11.508689 11.791054 12.932728 13.576734 13.223032
0.051138 11.508181 0.000082 0.001444 0.023748 0.504233 0.444106 11.459426 11.714418 11.779982 13.160678 12.449016
0.050549 11.493512 0.000074 0.001127 0.023748 0.473740 0.195036 11.417125 11.588672 11.409606 12.364810 11.903654
0.050660 11.485252 0.000051 0.000528 0.023748 0.452655 0.090285 11.468041 11.506618 10.904737 11.814471 11.398443
0.048790 11.463939 0.000013 0.000218 0.023748 0.433288 0.595475 11.392358 11.434051 11.432611 11.309001 11.439241
0.043618 11.432069 0.000013 0.000010 0.023748 0.434477 0.713665 11.473118 11.443133 13.555324 11.340015 12.526899
0.041097 11.417053 -0.000007 0.000133 0.023748 0.477040 0.743976 11.538516 11.606840 14.289450 12.450931 13.390092
0.041350 11.416589 0.000021 0.000971 0.023748 0.511760 0.635093 11.457075 11.725842 13.798331 13.357141 13.542280
0.043494 11.442887 0.000078 0.001444 0.023748 0.518302 0.446733 11.464658 11.730669 13.505296 13.527897 13.468809
0.046253 11.448886 0.000077 0.001438 0.023748 0.516336 0.208327 11.434571 11.700794 12.487686 13.476578 12.928673
0.047737 11.429500 0.000078 0.001385 0.023748 0.497033 -0.151348 11.351202 11.599423 11.824507 12.972764 12.369604
0.048397 11.416434 0.000073 0.000934 0.021488 0.476321 -0.074615 11.382414 11.494919 11.999195 12.432176 12.223513
0.049750 11.403530 0.000034 0.000466 0.019443 0.471886 -0.461928 11.387917 11.453274 11.592796 12.316413 11.968682
0.048025 11.381942 0.000021 0.000364 0.017593 0.462299 -0.536099 11.322837 11.391815 12.276825 12.066178 12.214028
0.043085 11.363612 0.000022 0.000144 0.015919 0.470099 -0.616320 11.412046 11.404809 13.941742 12.269764 13.157170
0.040809 11.352793 -0.000000 0.000265 0.014404 0.505023 -0.606834 11.430915 11.525131 14.241594 13.181288 13.714377
0.041307 11.349028 0.000029 0.000899 0.013033 0.526317 -0.507657 11.363120 11.587123 13.683186 13.737084 13.675864
0.042909 11.363393 0.000066 0.001142 0.017644 0.524533 -0.377024 11.359565 11.560704 13.160459 13.690508 13.388977
0.045541 11.373657 0.000059 0.000955 0.017644 0.513367 -0.189716 11.345137 11.502206 12.274769 13.399086 12.807789
0.048027 11.370173 0.000047 0.000674 0.017644 0.491461 0.012337 11.305794 11.404594 11.982835 12.827338 12.407814
0.050410 11.358158 0.000030 0.000237 0.017644 0.477225 0.318055 11.336648 11.336550 11.803414 12.455755 12.155190
0.050741 11.330563 0.000002 0.000031 0.017644 0.469117 0.394276 11.276720 11.286976 11.714406 12.244127 12.021210
0.045987 11.301856 0.000005 -0.000076 0.017644 0.463496 0.532827 11.282197 11.248696 13.625926 12.097427 12.945637
0.040316 11.284357 -0.000008 -0.000182 0.017644 0.497025 0.604820 11.400837 11.367014 15.720900 12.972550 14.406160
0.038127 11.280710 -0.000008 0.000440 0.017644 0.552380 0.515091 11.390940 11.564716 15.934331 14.417344 15.152224
0.037010 11.284234 0.000051 0.001431 0.017644 0.580435 0.261989 11.312756 11.650556 15.308679 15.149594 15.155251
0.037333 11.310804 0.000098 0.001734 0.026299 0.579283 -0.271998 11.321186 11.628524 15.030352 15.119503 14.998236
0.041541 11.337247 0.000089 0.001486 0.026299 0.572686 0.467804 11.343403 11.592703 13.916396 14.947328 14.350335
0.046432 11.356509 0.000073 0.001205 0.026299 0.549395 0.096510 11.289597 11.491686 13.353037 14.339430 13.793715
0.051522 11.385708 0.000060 0.000541 0.026299 0.529732 -0.392798 11.388543 11.407035 12.836013 13.826217 13.304528
0.055304 11.403962 0.000007 0.000016 0.026299 0.512733 -0.451898 11.341957 11.332388 12.068563 13.382526 12.718723
0.053052 11.417152 -0.000001 -0.000433 0.026299 0.489308 -0.743481 11.378661 11.242219 13.845004 12.771138 13.365951
0.050319 11.430672 -0.000037 -0.000962 0.026299 0.511984 -0.921569 11.552900 11.341684 15.009586 13.362995 14.222589
0.051320 11.455504 -0.000059 -0.000581 0.026299 0.544124 -0.933911 11.501205 11.476684 14.455640 14.201843 14.308503
0.053124 11.485105 -0.000006 -0.000043 0.026299 0.546397 -0.869326 11.491279 11.496580 13.988564 14.261183 14.093841
0.056909 11.515279 0.000002 -0.000095 0.026299 0.537934 -0.781142 11.514012 11.477983 13.005925 14.040284 13.491232
0.059623 11.532612 -0.000010 -0.000279 0.026299 0.515173 -0.705704 11.469837 11.405791 12.394576 13.446216 12.914457
0.059245 11.533160 -0.000018 -0.000650 0.023796 0.492876 -0.693026 11.504866 11.339576 12.245566 12.864259 12.579507
0.059239 11.530812 -0.000047 -0.000976 0.021532 0.479760 -0.705639 11.505120 11.312251 11.389553 12.521923 11.987657
0.057392 11.523632 -0.000055 -0.001079 0.019483 0.456218 -0.738485 11.453429 11.248377 11.709129 11.907474 11.876360
0.053528 11.514507 -0.000059 -0.001358 0.017629 0.450377 -0.789150 11.548479 11.260099 13.261871 11.755026 12.594648
0.049853 11.496114 -0.000083 -0.001204 0.022240 0.477588 -0.779094 11.567349 11.396827 14.027351 12.465238 13.292988
0.047385 11.483097 -0.000049 -0.000440 0.022240 0.504716 -0.680603 11.532971 11.522730 14.016295 13.173286 13.596410
0.045831 11.474935 -0.000004 0.000244 0.022240 0.516674 -0.486657 11.491796 11.581239 13.763408 13.485386 13.601686
0.046911 11.476304 0.000025 0.000536 0.022240 0.517592 -0.177975 11.484783 11.591618 12.481816 13.509356 12.957002
0.048955 11.486895 0.000030 0.000534 0.022240 0.493376 0.551998 11.411442 11.504003 11.477422 12.877317 12.161908
0.052915 11.521123 0.000026 -0.000087 0.022240 0.463112 0.374934 11.503771 11.400618 11.515552 12.087399 11.827656
0.056035 11.512615 -0.000030 -0.000572 0.022240 0.452146 0.305360 11.476759 11.368886 11.049207 11.801188 11.461728
0.054909 11.477273 -0.000031 -0.000553 0.022240 0.440297 0.411996 11.421229 11.323270 11.860430 11.491922 11.742509
0.051239 11.472816 -0.000028 -0.000763 0.022240 0.451137 0.592531 11.541751 11.365890 13.601410 11.774852 12.757678
0.047570 11.473322 -0.000051 -0.000548 0.022240 0.488808 0.625269 11.555708 11.513762 14.073878 12.758080 13.434435
0.046447 11.476969 -0.000013 0.000188 0.022240 0.513436 0.515225 11.512762 11.608867 13.303399 13.400874 13.327588
0.046531 11.486919 0.000027 0.000622 0.020123 0.508052 0.309660 11.458927 11.589354 12.407479 13.260365 12.807391
0.046923 11.498217 0.000037 0.000465 0.018208 0.486813 0.078986 11.465618 11.516210 11.720928 12.706007 12.207587
0.045903 11.482942 0.000014 0.000170 0.016476 0.463258 -0.347191 11.422847 11.438928 11.345954 12.091205 11.738133
0.043994 11.452155 0.000004 -0.000068 0.014908 0.445456 -0.302760 11.419653 11.384301 11.027582 11.626573 11.364532
0.042259 11.425743 -0.000010 -0.000211 0.013489 0.431742 -0.325949 11.385646 11.343476 10.718408 11.268627 11.043825
0.038434 11.403779 -0.000012 -0.000308 0.012206 0.419347 -0.399288 11.376977 11.308199 12.032486 10.945113 11.560685
0.034580 11.382415 -0.000020 -0.000379 0.011044 0.439075 -0.438467 11.468400 11.397255 13.152422 11.460040 12.352170
0.032197 11.359908 -0.000021 0.000191 0.009993 0.470517 -0.381725 11.400170 11.520576 13.089999 12.280686 12.684103
0.030962 11.348587 0.000034 0.000878 0.009149 0.483917 -0.261695 11.368080 11.564136 12.605525 12.630427 12.593206
0.033639 11.359913 0.000056 0.001042 0.015014 0.481107 -0.082611 11.351510 11.541844 11.342287 12.557078 11.919459
0.037340 11.367528 0.000054 0.000890 0.015014 0.455966 0.587316 11.289141 11.433212 10.507019 11.900901 11.202724
0.039370 11.359250 0.000042 0.000377 0.015014 0.429553 0.508177 11.310691 11.321170 10.564354 11.211500 10.926749
0.039966 11.333454 0.000004 -0.000063 0.015014 0.420536 0.511146 11.303080 11.273814 10.346171 10.976162 10.713730
0.037794 11.309239 -0.000008 -0.000181 0.015014 0.412948 0.562572 11.266870 11.230060 10.886619 10.778115 10.905208
0.032890 11.288460 -0.000010 -0.000298 0.015014 0.418693 0.627814 11.313878 11.244046 12.395516 10.928057 11.740645
0.028650 11.258319 -0.000020 -0.000073 0.015014 0.449456 0.625925 11.324042 11.355643 13.162364 11.730974 12.486544
0.025199 11.224170 0.000009 0.000671 0.015014 0.477765 0.530818 11.251734 11.449957 13.264408 12.469847 12.866082
0.023099 11.199104 0.000057 0.001280 0.015284 0.492222 0.349215 11.216651 11.484524 12.955309 12.847200 12.875986
0.024012 11.184283 0.000077 0.001532 0.020702 0.493174 0.031404 11.166505 11.462616 11.984836 12.872036 12.392889
0.024983 11.165138 0.000085 0.001518 0.022958 0.476531 -4.239342 11.097437 11.366261 10.884875 12.437647 11.641654
0.025684 11.146755 0.000078 0.001120 0.022958 0.447838 -3.793915 11.069634 11.227736 10.407327 11.688748 11.069467
0.027953 11.124393 0.000047 0.000527 0.022958 0.426678 -3.412306 11.071997 11.121199 10.645489 11.136469 10.952777
0.026938 11.095957 0.000016 0.000129 0.022958 0.423812 -3.091814 11.078264 11.081814 12.946706 11.061667 12.109288
0.023833 11.080789 0.000002 0.000005 0.022958 0.469005 -2.813207 11.224329 11.223231 15.209675 12.241227 13.795410
0.023164 11.077411 0.000001 0.000744 0.022958 0.534654 -2.527746 11.182734 11.431506 15.617812 13.954684 14.764688
0.025879 11.099842 0.000072 0.001693 0.022958 0.572075 -2.226316 11.158388 11.523199 14.883681 14.931390 14.823787
0.031048 11.137593 0.000106 0.001968 0.028393 0.573786 -1.921962 11.117375 11.481057 13.437155 14.976050 14.105917
0.037414 11.169724 0.000106 0.001589 0.028406 0.545365 -1.623856 11.096071 11.334391 12.079036 14.234241 13.087091
0.041790 11.180093 0.000070 0.000787 0.028406 0.505794 -1.392926 11.085509 11.157159 11.304524 13.201414 12.242849
0.043188 11.167039 0.000023 -0.000050 0.028406 0.472868 -1.264025 11.089853 11.015737 10.696645 12.342043 11.559887
0.042361 11.148642 -0.000019 -0.000678 0.028406 0.445700 -1.235264 11.072144 10.905500 10.506180 11.632959 11.157918
0.038158 11.139830 -0.000046 -0.001196 0.028406 0.427636 -1.288147 11.109385 10.844340 12.325797 11.161475 11.896980
0.030721 11.118640 -0.000074 -0.001400 0.028406 0.452682 -1.330809 11.213455 10.959181 14.907835 11.815189 13.509717
0.025625 11.089541 -0.000072 -0.000665 0.028406 0.513218 -1.252195 11.222590 11.204398 15.448383 13.395206 14.474602
0.023712 11.084923 -0.000005 0.000610 0.028406 0.550160 -1.028369 11.128931 11.346593 15.382674 14.359396 14.858689
0.024404 11.116733 0.000063 0.001173 0.028406 0.564432 -0.692422 11.183796 11.400429 14.256428 14.731911 14.439691
0.027913 11.154456 0.000063 0.001255 0.028406 0.547653 -0.188901 11.095288 11.340135 11.310641 14.293959 12.730743
0.029285 11.166928 0.000071 0.000884 0.028406 0.480258 0.961478 11.000267 11.098842 10.383765 12.534928 11.472638
0.031858 11.174784 0.000029 -0.000388 0.025703 0.431713 0.838121 11.152898 10.944937 10.562126 11.267887 10.998412
0.033912 11.163684 -0.000058 -0.001116 0.023257 0.416164 0.887126 11.119327 10.913827 11.295532 10.862057 11.192250
0.029265 11.147459 -0.000058 -0.001192 0.021044 0.425485 1.007117 11.202508 10.969733 14.541488 11.105337 12.961362
0.022747 11.159068 -0.000066 -0.000966 0.019041 0.493079 1.040984 11.382286 11.246636 16.645239 12.869563 14.810173
0.020382 11.182545 -0.000039 0.000327 0.017229 0.563269 0.911974 11.306212 11.523686 16.080553 14.701544 15.334292
0.022716 11.222764 0.000062 0.001536 0.016669 0.582806 0.677224 11.259535 11.597123 14.985558 15.211459 15.001138
0.028783 11.271198 0.000097 0.001663 0.025980 0.570328 0.388168 11.263569 11.547571 13.299179 14.885774 13.994908
0.038415 11.302260 0.000082 0.001252 0.025980 0.533952 -0.148872 11.214100 11.403926 11.179383 13.936365 12.489642
0.044569 11.300926 0.000055 0.000526 0.025980 0.479447 0.283209 11.163406 11.186645 10.912946 12.513759 11.730815
0.048204 11.291344 0.000008 -0.000534 0.025980 0.453434 0.620228 11.273513 11.076934 10.794946 11.834810 11.379125
0.052434 11.337341 -0.000055 -0.001329 0.025980 0.441725 0.878437 11.310336 11.024907 11.467870 11.529197 11.601251
0.044019 11.320339 -0.000081 -0.001508 0.025980 0.447161 1.083743 11.323737 11.049846 14.955544 11.671082 13.457287
0.034548 11.277032 -0.000078 -0.001159 0.025980 0.514843 1.122535 11.486250 11.319146 16.597250 13.437599 15.075059
0.035165 11.292242 -0.000048 0.000137 0.025980 0.575969 0.954655 11.374247 11.553667 15.430741 15.033006 15.184161
0.035512 11.332482 0.000051 0.001129 0.025980 0.578612 0.658354 11.328929 11.561408 15.734756 15.102010 15.365419
0.035983 11.379685 0.000066 0.000927 0.025980 0.583571 0.260851 11.467792 11.590739 15.345641 15.231436 15.219701
0.040311 11.399523 0.000035 0.000976 0.025980 0.578316 -0.813285 11.353481 11.580191 11.892853 15.094266 13.399351
0.040592 11.400863 0.000065 0.000915 0.023507 0.507885 -0.482161 11.198423 11.321912 10.170549 13.256000 11.700693
0.035096 11.389000 0.000036 -0.000342 0.021270 0.440169 -0.428606 11.309821 11.096981 10.360996 11.488591 10.997126
0.028156 11.353605 -0.000060 -0.001310 0.019246 0.411123 -0.666372 11.303978 11.037989 11.208264 10.730467 11.070716
0.015493 11.307691 -0.000076 -0.001376 0.020327 0.411942 -0.841763 11.346531 11.100830 14.873926 10.751851 12.894536
0.004886 11.290134 -0.000070 -0.000966 0.020327 0.480263 -0.894004 11.554481 11.429225 16.048496 12.535044 14.274739
0.001605 11.290528 -0.000036 0.000708 0.020327 0.533901 -0.740020 11.343138 11.679128 13.384384 13.935037 13.588913
0.000788 11.319263 0.000095 0.001837 0.025679 0.507048 -0.499948 11.258822 11.601801 12.858521 13.234157 12.990482
0.006285 11.375259 0.000098 0.001156 0.026352 0.484874 -0.184807 11.440208 11.550946 11.644235 12.655410 12.110985
0.020050 11.422340 0.000032 0.000656 0.026352 0.455615 0.472737 11.332132 11.462171 8.679824 11.891734 10.280948
0.032247 11.445752 0.000038 0.000084 0.026352 0.391666 0.431631 11.295514 11.219395 7.883598 10.222627 9.126344
0.036617 11.436811 -0.000021 -0.001110 0.026352 0.353004 0.817851 11.374245 11.065534 7.746871 9.213547 8.609329
0.033833 11.390035 -0.000088 -0.001656 0.026352 0.335593 1.111894 11.292555 10.987873 8.387184 8.759104 8.736330
0.026852 11.340649 -0.000087 -0.001800 0.026352 0.339201 1.326894 11.351201 10.995229 11.742323 8.853271 10.473145
0.022698 11.306790 -0.000102 -0.001590 0.027440 0.404959 1.402752 11.488157 11.243281 14.553355 10.569596 12.662706
0.023474 11.278382 -0.000071 -0.000179 0.027440 0.491477 1.294636 11.409643 11.545872 14.247646 12.827736 13.527904
0.023890 11.267313 0.000038 0.001422 0.027440 0.525717 1.042465 11.260048 11.624616 14.922395 13.721435 14.277662
0.025160 11.247670 0.000103 0.001924 0.027795 0.555091 0.687863 11.327929 11.677083 15.150905 14.488094 14.745166
0.030078 11.203655 0.000100 0.002416 0.027795 0.576309 0.062685 11.153996 11.679501 11.981618 15.041892 13.383305
0.026413 11.159002 0.000150 0.002656 0.040446 0.525091 -5.579913 10.933257 11.397701 11.557849 13.705086 12.592371
0.016473 11.126961 0.000134 0.001382 0.040446 0.488857 -4.971541 11.120721 11.209423 12.773606 12.759351 12.796903
0.012411 11.093574 0.000027 0.000591 0.040446 0.491928 -4.433905 11.072926 11.198908 11.167134 12.839506 12.020009
0.007972 11.083046 0.000037 0.000591 0.040446 0.458037 -3.974693 10.965588 11.061769 14.400243 11.954957 13.255112
0.006416 11.107087 0.000029 -0.000231 0.040446 0.503510 -3.593791 11.403867 11.249880 19.081148 13.141812 16.138998
0.010391 11.130964 -0.000042 0.000607 0.040446 0.619227 -3.185075 11.358538 11.683885 17.757232 16.162065 16.825551
0.015492 11.190791 0.000094 0.002516 0.040446 0.647850 -2.744524 11.176352 11.754333 15.932510 16.909130 16.244193
0.023652 11.298460 0.000167 0.002326 0.044801 0.624540 -2.340955 11.322827 11.635426 14.565139 16.300746 15.285232
0.040593 11.396846 0.000091 0.001218 0.044801 0.587957 -1.985054 11.325760 11.481267 9.945392 15.345907 12.516650
0.057573 11.438315 0.000047 0.000219 0.044801 0.483807 -1.793464 11.122914 11.071528 7.213315 12.627555 9.925952
0.067333 11.448904 -0.000012 -0.001926 0.044801 0.387211 -1.954387 11.303222 10.702791 9.185730 10.106351 9.871335
0.073696 11.415153 -0.000169 -0.003635 0.045567 0.391000 -2.255306 11.435582 10.704911 10.110262 10.205260 10.415220
0.073461 11.345333 -0.000208 -0.003268 0.055846 0.416258 -2.481842 11.266001 10.761821 11.470666 10.864486 11.435022
0.069572 11.322308 -0.000144 -0.002860 0.055846 0.453666 -2.679334 11.412863 10.863379 15.310960 11.840859 13.894552
0.073589 11.311191 -0.000158 -0.002285 0.055846 0.547629 -2.645683 11.490372 11.168678 15.667358 14.293328 15.137951
0.081493 11.280318 -0.000093 -0.000570 0.055846 0.598310 -2.385789 11.215429 11.282998 14.926161 15.616115 15.313818
0.091475 11.281115 0.000018 0.000010 0.055846 0.606939 -2.070860 11.281865 11.231011 15.154358 15.841361 15.555059
0.102802 11.283355 -0.000016 -0.000267 0.055846 0.619856 -1.721888 11.232970 11.184669 14.785101 16.178478 15.518163
0.103039 11.261003 -0.000015 -0.000390 0.055846 0.618104 -1.375044 11.178822 11.087694 13.651615 16.132763 14.905598
0.096959 11.239286 -0.000027 -0.000774 0.055846 0.585957 -1.091711 11.101384 10.916581 12.531177 15.293704 13.970957
0.095111 11.232381 -0.000054 -0.001612 0.055846 0.539720 -1.000551 11.129781 10.740764 14.892636 14.086898 14.777510
0.095046 11.229693 -0.000113 -0.002495 0.055846 0.565999 -1.033355 11.370112 10.850148 18.989987 14.772804 17.295497
0.097433 11.254836 -0.000150 -0.002065 0.055846 0.663232 -0.797338 11.479221 11.207222 20.347081 17.310606 19.067441
0.099477 11.290403 -0.000080 -0.000425 0.050531 0.731480 0.059245 11.367313 11.443504 20.592083 19.091915 19.925629
0.102131 11.345080 0.000019 0.000502 0.045723 0.766531 -13.728028 11.439920 11.546287 19.502632 20.006768 19.707655
0.108482 11.421071 0.000028 0.000639 0.041371 0.755450 -12.294257 11.368143 11.495917 15.332609 19.717535 17.315228
0.113446 11.468714 0.000035 0.000139 0.037434 0.659000 -11.021877 11.219972 11.163998 11.997247 17.200160 14.465304
0.115941 11.499769 -0.000017 -0.001714 0.033872 0.545105 -9.919923 11.332997 10.806966 11.676894 14.227464 13.072234
0.116084 11.488449 -0.000152 -0.003478 0.040789 0.490011 -8.968479 11.421326 10.683630 13.023972 12.789486 13.212931
0.112214 11.450004 -0.000213 -0.003911 0.057206 0.496949 -8.151740 11.490550 10.777871 15.491164 12.970557 14.623270
0.100826 11.446968 -0.000206 -0.003415 0.057206 0.549339 -7.445937 11.601337 11.034016 19.196019 14.337965 17.173616
0.093444 11.475157 -0.000166 -0.002251 0.057206 0.642319 -6.742796 11.738932 11.442849 20.455790 16.764770 18.842146
0.097453 11.527628 -0.000089 -0.000433 0.057206 0.706361 -5.994182 11.635689 11.728430 19.038909 18.436302 18.765633
0.100110 11.598652 0.000022 0.000662 0.057206 0.704332 -5.246567 11.614262 11.760693 18.449860 18.383354 18.411653
0.107384 11.689895 0.000038 0.000361 0.057206 0.691094 -4.542988 11.755395 11.758606 15.318281 18.037828 16.581437
0.114628 11.767620 -0.000002 -0.000046 0.057206 0.622282 -3.913557 11.573231 11.555338 12.113215 16.241797 14.103421
0.112951 11.826252 -0.000008 -0.001383 0.057206 0.525252 -3.478888 11.718716 11.272476 11.753496 13.709276 12.823403
0.111379 11.848659 -0.000130 -0.002940 0.057206 0.473475 -3.234918 11.805784 11.183264 11.292052 12.357893 11.983776
0.110864 11.858225 -0.000181 -0.003445 0.057206 0.441583 -3.128170 11.820160 11.170742 14.357199 11.525497 13.222864
0.104985 11.885673 -0.000189 -0.003649 0.057206 0.490557 -3.067317 12.150673 11.454825 19.124459 12.803738 16.242397
0.095442 11.905066 -0.000203 -0.002298 0.054521 0.606103 -2.845682 12.183108 11.974378 19.982840 15.819521 17.981447
0.085988 11.939996 -0.000064 0.000175 0.054521 0.669475 -2.402747 12.058068 12.283501 20.590422 17.473567 18.999828
0.077315 12.001376 0.000060 0.001440 0.054521 0.703790 -1.769155 12.190020 12.489287 19.931970 18.369206 19.043103
0.083643 12.084416 0.000082 0.002066 0.054521 0.703126 -0.819559 12.117257 12.566124 11.687538 18.351873 14.866211
0.113473 12.396750 0.000125 0.000864 0.054521 0.542101 0.748019 12.120020 12.048861 3.591885 14.149052 8.861519
0.114337 12.429059 -0.000022 -0.001940 0.054521 0.311308 0.682431 11.883710 11.294301 4.996135 8.125260 6.838340
0.098466 12.195613 -0.000170 -0.004600 0.054521 0.236661 2.211297 12.210217 11.149513 6.735191 6.176934 6.814497
0.095446 12.147167 -0.000306 -0.005091 0.082165 0.242940 2.649923 12.138638 11.291189 9.543356 6.340838 8.285013
0.081329 12.137727 -0.000246 -0.004320 0.082165 0.300619 3.119933 12.377427 11.616272 14.659242 7.846265 11.496700
0.069316 12.171767 -0.000222 -0.002835 0.082165 0.419536 3.073030 12.518724 12.183307 15.059151 10.950067 13.100617
0.067084 12.196443 -0.000101 -0.000067 0.082165 0.479090 2.575404 12.247108 12.493110 11.369400 12.504443 11.992085
0.066927 12.228744 0.000065 0.001349 0.082165 0.435449 1.847651 12.128839 12.381460 9.721775 11.365389 10.629812
0.072641 12.263726 0.000068 0.000601 0.082165 0.384143 1.029580 12.248241 12.246292 6.106669 10.026288 8.213929
0.080870 12.245552 -0.000004 0.000004 0.082165 0.296147 0.039461 11.949135 11.951952 0.900165 7.729545 4.567241
0.079141 12.222051 -0.000002 -0.001378 0.082165 0.158791 0.937792 11.927667 11.466246 0.874901 4.144499 2.889950
0.071356 12.183792 -0.000135 -0.003662 0.082165 0.093377 1.893005 12.143226 11.292535 1.774299 2.437188 2.522316
0.068219 12.090496 -0.000246 -0.004072 0.082165 0.080163 2.339131 11.998545 11.322565 2.856071 2.092282 2.876908
0.060498 11.997844 -0.000197 -0.003446 0.082165 0.097582 2.581947 12.054626 11.447434 10.052211 2.546917 6.616822
0.048025 11.938697 -0.000178 -0.002507 0.074346 0.243860 2.517575 12.409415 12.060021 14.946091 6.364853 10.766890
0.041526 11.899526 -0.000105 0.000819 0.067271 0.406664 1.911360 12.135853 12.688209 14.753545 10.614081 12.642913
0.037865 11.908637 0.000153 0.003978 0.060869 0.479747 0.787517 12.037635 12.921022 16.046290 12.521594 14.155730
0.043002 11.941571 0.000249 0.004999 0.066834 0.540073 -2.024143 12.129337 13.087694 10.923428 14.096118 12.396619
0.056673 11.933535 0.000272 0.005890 0.073016 0.474047 -0.554427 11.538704 12.734088 2.557517 12.372807 7.476048
0.065013 11.918986 0.000341 0.004160 0.091634 0.284669 2.475729 11.486329 11.915694 3.618379 7.429973 5.759354
0.074676 11.892434 0.000124 0.000119 0.091634 0.223334 2.186342 11.931163 11.627213 5.657436 5.829106 6.075658
0.084354 11.792266 -0.000085 -0.000842 0.091634 0.248164 2.400647 11.668260 11.630830 6.182158 6.477175 6.648521
0.075500 11.716379 -0.000010 -0.000437 0.091634 0.274765 2.835351 11.732726 11.617236 12.732948 7.171473 10.338416
0.059095 11.722322 -0.000032 -0.000536 0.091634 0.407118 3.011116 12.131527 12.045273 18.129638 10.625932 14.620362
0.051507 11.712600 -0.000024 0.001698 0.091634 0.563194 2.589872 11.940799 12.575347 16.712030 14.699578 15.757725
0.048950 11.717293 0.000182 0.004379 0.091634 0.600250 1.656299 11.689574 12.640627 16.045751 15.666757 15.860178
0.066664 11.791456 0.000273 0.004334 0.091634 0.602925 0.163328 11.901414 12.584163 11.664208 15.736573 13.673723
0.098181 11.853613 0.000197 0.003728 0.091634 0.529961 -13.010979 11.509639 12.205375 4.281980 13.832188 9.020703
0.109166 11.864205 0.000202 0.001741 0.091634 0.356842 -11.669047 11.430876 11.454275 4.579858 9.313712 7.263035
0.100739 11.816343 0.000010 -0.001848 0.091634 0.287542 -10.617106 11.769322 11.135087 7.201063 7.504964 7.868041
0.092628 11.713243 -0.000178 -0.002951 0.082914 0.305694 -9.734237 11.645564 11.170088 7.318935 7.978727 8.138486
0.081145 11.637436 -0.000134 -0.002385 0.075023 0.309758 -8.928958 11.581400 11.167288 12.086049 8.084811 10.658576
0.067818 11.629733 -0.000117 -0.002360 0.067884 0.397042 -8.155173 11.968792 11.513926 18.546509 10.362964 14.957419
0.064637 11.609687 -0.000129 -0.000489 0.061424 0.560526 -7.315344 11.936783 12.137882 17.145152 14.629948 16.105722
0.060289 11.598744 0.000057 0.002751 0.055579 0.603871 -6.437289 11.517143 12.272798 17.410855 15.761260 16.725550
0.072749 11.845286 0.000216 0.002182 0.058119 0.624288 -5.610781 12.231643 12.353890 17.997009 16.294156 17.239466
0.080870 11.809196 0.000036 0.002780 0.058119 0.646702 -4.766189 11.599080 12.427263 9.230718 16.879168 12.993136
0.078549 11.591945 0.000238 0.004263 0.063974 0.486339 -4.031454 11.012029 11.769523 3.318854 12.693639 8.094765
0.085871 11.628427 0.000219 0.000720 0.063974 0.299162 -3.666310 11.417733 11.051600 5.917457 7.808255 7.339775
0.093203 11.593437 -0.000101 -0.002765 0.063974 0.275846 -3.650788 11.592049 10.963832 7.073744 7.199701 7.686162
0.087651 11.493610 -0.000177 -0.002704 0.063974 0.295927 -3.747625 11.405402 11.007354 11.767839 7.723822 10.396361
0.071125 11.455778 -0.000112 -0.002288 0.063974 0.396053 -3.776133 11.799684 11.355801 18.456133 10.337135 15.009917
0.062878 11.470484 -0.000126 -0.000585 0.063974 0.567706 -3.473875 11.816659 11.976804 18.468190 14.817355 16.958333
0.063483 11.495438 0.000046 0.002457 0.063974 0.638454 -2.862747 11.512548 12.202754 16.060087 16.663904 16.507344
0.070937 11.550680 0.000197 0.003328 0.063974 0.618842 -2.099609 11.535854 12.092215 15.252985 16.152031 15.850088
0.087956 11.585909 0.000160 0.002584 0.063974 0.597575 -1.267104 11.558458 11.974088 12.538605 15.596941 14.174124
0.103700 11.574177 0.000120 0.002041 0.063974 0.543174 -0.396447 11.357148 11.704492 9.405775 14.177045 11.904653
0.104167 11.564206 0.000101 0.000716 0.063974 0.460782 -0.259907 11.371649 11.332260 9.702794 12.026601 11.174923
0.098401 11.542057 -0.000009 -0.001071 0.057886 0.430007 -2.964348 11.503924 11.178780 9.800266 11.223361 10.893097
0.087893 11.483721 -0.000091 -0.001556 0.052377 0.412556 -2.967959 11.360720 11.102435 12.586184 10.767869 12.172558
0.074711 11.447338 -0.000072 -0.001760 0.047393 0.453291 -2.932400 11.653143 11.273436 18.377472 11.831072 15.648751
0.072178 11.442386 -0.000107 -0.000862 0.042883 0.584964 -2.690801 11.765253 11.781802 18.916816 15.267783 17.387491
0.073172 11.441569 0.000005 0.001736 0.038802 0.654004 -2.247125 11.456573 12.021730 17.400795 17.069765 17.350256
0.074332 11.488278 0.000162 0.002722 0.043511 0.652394 -1.746942 11.538494 11.993237 16.038019 17.027745 16.604894
0.082283 11.533539 0.000131 0.002346 0.043511 0.623786 -1.159807 11.455271 11.872964 11.180466 16.281050 13.720648
0.089875 11.540324 0.000121 0.001698 0.043511 0.513592 -0.671468 11.225440 11.456773 8.523486 13.404962 11.082379
0.093281 11.541432 0.000068 -0.000432 0.043511 0.413279 -0.905637 11.427748 11.098762 8.486711 10.786738 9.945190
0.093833 11.514853 -0.000092 -0.002123 0.043511 0.371835 -1.567702 11.411863 10.967696 9.920035 9.705043 10.242635
0.092115 11.483214 -0.000125 -0.002631 0.043511 0.385796 -1.988801 11.556436 11.035389 14.142553 10.069425 12.637359
0.084815 11.481550 -0.000148 -0.002277 0.043511 0.478672 -2.147623 11.727432 11.385795 18.635643 12.493524 16.033074
0.076435 11.504978 -0.000098 -0.000608 0.043511 0.605425 -1.999294 11.788136 11.858834 20.870334 15