0.000000 -0.004923 0.000000 0.000000 0.000000 0.000000 0.000000 0.000000 0.000000 6.833791 0.000000 6.833791
0.000000 -0.008697 0.000000 0.000000 0.000000 0.000000 0.000000 0.000000 0.000000 6.833957 0.000000 6.833957
0.000000 -0.006653 0.000000 0.000000 0.000000 0.000000 0.000000 0.000000 0.000000 6.834194 0.000000 6.834194
0.000000 0.046422 0.000000 0.000000 0.000000 0.000000 0.000000 0.000000 0.000000 6.834594 0.000000 6.834594
0.000000 0.192817 0.000000 0.000000 0.000000 0.000000 0.000000 0.000000 0.000000 6.834705 0.000000 6.834705
0.000000 0.380131 0.000000 0.000000 0.000000 0.000000 0.000000 0.000000 0.000000 6.834696 0.000000 6.834696
0.000000 0.552885 0.000000 0.000000 0.000000 0.000000 0.000000 0.000000 0.000000 6.834774 0.000000 6.834774
0.000000 0.765670 0.000000 0.000000 0.000000 0.000000 0.000000 0.000000 0.000000 6.833863 0.000000 6.833863
0.000000 0.857369 0.000000 0.000000 0.000000 0.000000 0.000000 0.000000 0.000000 6.832284 0.000000 6.832284
0.000000 0.854161 0.000000 0.000000 0.000000 0.000000 0.000000 0.000000 0.000000 6.845015 0.000000 6.845015
0.000000 0.916853 0.000000 0.000000 0.000000 0.000000 0.000000 0.000000 0.000000 6.854978 0.000000 6.854978
0.000000 0.978507 0.000000 0.000000 0.000000 0.000000 0.000000 0.000000 0.000000 6.846261 0.000000 6.846261
0.786793 1.031732 0.000000 0.000000 0.000000 0.000000 0.000000 0.000000 0.000000 6.842050 0.000000 6.842050
0.713638 1.076205 0.000000 0.000000 0.000000 0.000000 0.000000 0.000000 0.000000 6.832758 0.000000 6.832758
0.584289 1.119137 0.000000 0.000000 0.000000 0.000000 0.000000 0.000000 0.000000 6.831207 0.000000 6.831207
0.434938 1.165148 0.000000 0.000000 0.000000 0.000000 0.000000 0.000000 0.000000 6.839017 0.000000 6.839017
0.327931 1.219444 0.000000 0.000000 0.000000 0.000000 0.000000 0.000000 0.000000 6.836014 0.000000 6.836014
0.239798 1.283828 0.000000 0.000000 0.000000 0.000000 0.000000 0.000000 0.000000 6.836810 0.000000 6.836810
0.191284 1.355288 0.000000 0.000000 0.000000 0.000000 0.000000 0.000000 0.000000 6.828635 0.000000 6.828635
0.149147 1.435620 0.000000 0.000000 0.000000 0.000000 0.000000 0.000000 0.000000 6.824359 0.000000 6.824359
0.107515 1.516800 0.000000 0.000000 0.000000 0.000000 0.000000 0.000000 0.000000 6.832302 0.000000 6.832302
0.088365 1.596281 0.000000 0.000000 0.000000 0.000000 0.000000 0.000000 0.000000 6.837249 0.000000 6.837249
0.066876 1.682392 0.000000 0.000000 0.000000 0.000000 0.000000 0.000000 0.000000 6.849555 0.000000 6.849555
0.079826 1.775847 0.000000 0.000000 0.000000 0.000000 0.000000 0.000000 0.000000 6.846682 0.000000 6.846682
0.097889 1.875034 0.000000 0.000000 0.000000 0.000000 0.000000 0.000000 0.000000 6.839571 0.000000 6.839571
0.086269 1.976064 0.000000 0.000000 0.000000 0.000000 0.000000 0.000000 0.000000 6.845055 0.000000 6.845055
0.082159 2.074031 0.000000 0.000000 0.000000 0.000000 0.000000 0.000000 0.000000 6.843419 0.000000 6.843419
0.082740 2.165600 0.000000 0.000000 0.000000 0.000000 0.000000 0.000000 0.000000 6.842513 0.000000 6.842513
0.087852 2.256516 0.000000 0.000000 0.000000 0.000000 0.000000 0.000000 0.000000 6.840387 0.000000 6.840387
0.091333 2.349639 0.000000 0.000000 0.000000 0.000000 0.000000 0.000000 0.000000 6.835589 0.000000 6.835589
0.081966 2.440000 0.000000 0.000000 0.000000 0.000000 0.000000 0.000000 0.000000 6.837639 0.000000 6.837639
0.072709 2.530229 0.000000 0.000000 0.000000 0.000000 0.000000 0.000000 0.000000 6.839616 0.000000 6.839616
0.066939 2.620248 0.000000 0.000000 0.000000 0.000000 0.000000 0.000000 0.000000 6.838075 0.000000 6.838075
0.061451 2.708006 0.000000 0.000000 0.000000 0.000000 0.000000 0.000000 0.000000 6.836435 0.000000 6.836435
0.055153 2.792833 0.000000 0.000000 0.000000 0.000000 0.000000 0.000000 0.000000 6.835773 0.000000 6.835773
0.050344 2.877453 0.000000 0.000000 0.000000 0.000000 0.000000 0.000000 0.000000 6.835034 0.000000 6.835034
0.044069 2.959001 0.000000 0.000000 0.000000 0.000000 0.000000 0.000000 0.000000 6.834305 0.000000 6.834305
0.035767 3.039433 0.000000 0.000000 0.000000 0.000000 0.000000 0.000000 0.000000 6.833690 0.000000 6.833690
0.023762 3.124558 0.000000 0.000000 0.000000 0.000000 0.000000 0.000000 0.000000 6.838758 0.000000 6.838758
0.024326 3.233292 0.000000 0.000000 0.000000 0.000000 0.000000 0.000000 0.000000 6.838071 0.000000 6.838071
0.020888 3.324234 0.000000 0.000000 0.000000 0.000000 0.000000 0.000000 0.000000 6.836179 0.000000 6.836179
0.011150 3.400058 0.000000 0.000000 0.000000 0.000000 0.000000 0.000000 0.000000 6.840687 0.000000 6.840687
0.015356 3.493527 0.000000 0.000000 0.000000 0.000000 0.000000 0.000000 0.000000 6.835989 0.000000 6.835989
0.015619 3.585268 0.000000 0.000000 0.000000 0.000000 0.000000 0.000000 0.000000 6.834430 0.000000 6.834430
0.035624 3.766276 0.000000 0.000000 0.000000 0.000000 0.000000 0.000000 0.000000 6.841011 0.000000 6.841011
0.029900 3.837427 0.000000 0.000000 0.000000 0.000000 0.000000 0.000000 0.000000 6.843224 0.000000 6.843224
0.002030 3.834505 0.000000 0.000000 0.000000 0.000000 0.000000 0.000000 0.000000 6.849712 0.000000 6.849712
0.006220 3.932772 0.000000 0.000000 0.000000 0.000000 0.000000 3.932772 3.932772 6.849306 0.000000 6.849306
0.022083 4.064450 0.000000 -0.000698 0.000000 0.300989 0.000000 4.665043 4.441189 6.842738 7.855934 6.842738
0.025989 4.151193 -0.000066 0.001537 0.017854 0.181948 0.000066 3.666852 -1517.469986 6.838134 4.748921 6.838134
0.019221 4.205439 0.000199 -8.063008 0.053517 0.227106 0.806173 4.787371 -1365.151380 11.522845 5.927562 11.522845
0.013796 4.294366 -0.000091 -7.256378 0.053517 0.448948 0.357169 4.304537 -1227.802229 11.387515 11.717708 11.387515
0.008908 4.383474 0.000166 -6.529069 0.053517 0.368672 -0.601962 4.422749 -1104.607534 11.250660 9.622486 11.250660
0.017688 4.521727 0.000110 -5.877021 0.053517 0.381370 -0.160209 4.718637 -993.576880 11.099245 9.953901 11.099245
0.037277 4.707189 0.000050 -5.289678 0.053517 0.368296 0.845828 4.780847 -893.665657 10.922652 9.612668 10.922652
0.048739 4.856812 0.000051 -4.761064 0.053517 0.362599 0.601095 5.012304 -803.718690 10.734108 9.463967 10.734108
0.054874 4.975988 0.000008 -4.285087 0.053517 0.355957 0.317792 5.038774 -722.757383 10.546212 9.290626 10.546212
0.062731 5.116337 0.000025 -3.856836 0.053517 0.349683 -0.151663 5.269175 -649.879224 10.355635 9.126875 10.355635
0.070097 5.270812 -0.000016 -3.471490 0.053517 0.340987 0.840632 5.360969 -584.275373 10.116415 8.899898 10.116415
0.069409 5.420311 -0.000016 -3.124662 0.053517 0.328679 0.572287 5.555746 -525.217842 9.816670 8.578642 9.816670
0.059705 5.559360 -0.000044 -2.812466 0.053517 0.309523 0.161686 5.651769 -472.050604 9.538959 8.078661 9.538959
0.049367 5.695397 -0.000042 -2.531466 0.048424 0.289933 -0.967622 5.835888 -424.170415 9.256041 7.567354 9.256041
0.039908 5.828439 -0.000060 -2.278465 0.043816 0.271036 -0.776672 5.944582 -381.048427 8.989565 7.074141 8.989565
0.031113 5.949656 -0.000050 -2.050614 0.039646 0.255390 -0.640329 6.092214 -342.210120 8.699366 6.665779 8.699366
0.022302 6.064468 -0.000048 -1.845427 0.035873 0.242053 -0.534819 6.189314 -307.235620 8.385057 6.317677 8.385057
0.013727 6.181881 -0.000029 -1.660727 0.032460 0.229305 -0.370221 6.325421 -275.744385 8.115372 5.984951 8.115372
0.005054 6.299607 -0.000023 -1.494486 0.029371 0.218950 -0.119807 6.432999 -247.385942 7.896645 5.714674 7.896645
0.051915 6.790924 -0.000008 -1.346825 0.026576 0.205802 0.566512 7.235035 -221.810485 7.776509 5.371520 7.776509
0.032078 6.807602 -0.000187 -1.211395 0.050398 0.202540 0.421878 6.639553 -198.774779 7.720344 5.286374 7.720344
-0.034466 6.501414 0.000046 -1.087711 0.050398 0.208089 0.213683 6.566894 -178.071168 7.709883 5.431192 7.709883
-0.029292 6.646613 0.000111 -0.978777 0.050398 0.211290 0.241648 6.875153 -159.434626 7.578623 5.514760 7.578623
-0.017434 6.806757 0.000060 -0.880875 0.050398 0.213206 0.532098 6.901270 -142.661256 7.354186 5.564774 7.354186
0.036167 7.283513 0.000089 -0.794523 0.050398 0.210399 0.547726 7.718694 -127.537393 7.263839 5.491505 7.263839
0.026927 7.306391 -0.000112 -0.714506 0.050398 0.213193 0.483019 7.104700 -113.924863 7.196447 5.564429 7.196447
-0.021267 7.037015 0.000107 -0.640949 0.050398 0.219112 0.406728 7.100873 -101.710670 7.012421 5.718918 7.012421
0.028257 7.489516 0.000130 -0.578627 0.050398 0.216226 0.278770 7.893959 -90.697122 6.773198 5.643592 6.773198
0.026280 7.559559 -0.000078 -0.520640 0.050398 0.211087 -0.024458 7.373716 -80.789776 6.471666 5.509449 6.471666
-0.014659 7.345392 0.000098 -0.467008 0.050398 0.202682 5.414468 7.392307 -71.906685 6.229331 5.290088 6.229331
-0.011192 7.467382 0.000103 -0.420585 0.050398 0.193633 4.836971 7.595356 -63.901365 6.058816 5.053902 6.058816
-0.008106 7.570187 0.000055 -0.378711 0.045602 0.186863 4.314766 7.622713 -56.681548 5.830144 4.877200 5.830144
-0.008836 7.646770 0.000063 -0.340861 0.041263 0.179470 3.846977 7.734920 -50.179812 5.617378 4.684234 5.577821
-0.012988 7.702262 0.000045 -0.306704 0.037336 0.172037 3.426928 7.743608 -44.324132 5.365723 4.490238 5.300692
-0.017264 7.762072 0.000057 -0.275993 0.033783 0.162977 3.047991 7.840147 -39.052208 5.170669 4.253763 5.054678
-0.020695 7.823129 0.000042 -0.248382 0.030568 0.154681 2.707013 7.875813 -34.298376 5.056621 4.037243 4.871587
-0.021985 7.878315 0.000047 -0.223485 0.027659 0.149818 2.403449 7.954024 -30.006999 4.933928 3.910297 4.707864
-0.021553 7.936044 0.000041 -0.201051 0.025027 0.147151 2.134201 7.995675 -26.138680 4.907256 3.840700 4.629866
-0.020287 7.996178 0.000046 -0.180873 0.022645 0.148249 1.894127 8.073700 -22.648075 4.881829 3.869359 4.584005
-0.018086 8.062380 0.000042 -0.162728 0.020490 0.150550 1.684950 8.126531 -19.503821 4.817537 3.929424 4.525987
-0.015209 8.132542 0.000043 -0.146439 0.018541 0.151698 1.500680 8.201568 -16.675968 4.860292 3.959373 4.536084
0.013880 8.405115 0.000036 -0.132899 0.016776 0.154908 1.340865 8.633095 -14.102718 4.828639 4.043159 4.517885
0.011848 8.422286 -0.000070 -0.119355 0.018803 0.157865 1.204998 8.310433 -11.793422 4.888136 4.120338 4.561090
-0.011345 8.258720 0.000043 -0.106252 0.018803 0.162640 1.078032 8.272866 -9.732691 4.978209 4.244973 4.642088
0.045455 8.775091 0.000065 -0.098068 0.018803 0.167672 0.976315 9.229889 -7.828895 4.906537 4.376313 4.624834
0.039143 8.759123 -0.000194 -0.087896 0.052279 0.168817 0.894315 8.420849 -6.131755 4.999894 4.406201 4.683239
-0.009913 8.353182 0.000061 -0.076752 0.052279 0.172759 0.763987 8.341976 -4.640333 4.874397 4.509082 4.625174
0.001007 8.478125 0.000090 -0.069512 0.052279 0.171883 0.644842 8.613459 -3.302072 4.869755 4.486217 4.608293
0.006610 8.570525 0.000013 -0.062910 0.052279 0.170745 0.467459 8.563910 -2.087080 4.530443 4.456504 4.378194
0.005003 8.597796 0.000033 -0.056617 0.052279 0.161376 0.280182 8.630251 -1.013247 3.842790 4.211985 3.860241
-0.000937 8.625786 0.000013 -0.051075 0.052279 0.139127 -0.066806 8.595519 -0.076039 3.597682 3.631266 3.504651
-0.002863 8.660130 0.000014 -0.046291 0.052279 0.122120 1.084726 8.709390 0.795150 2.975896 3.187381 2.956563
0.000773 8.699144 -0.000020 -0.041881 0.052279 0.101170 0.956826 8.675656 1.570258 2.004909 2.640578 2.159641
-0.001162 8.720702 -0.000013 -0.037889 0.052279 0.071399 0.777231 8.710775 2.239339 1.632742 1.863547 1.654210
-0.004825 8.733544 -0.000034 -0.034411 0.052279 0.051693 0.502398 8.735071 2.872071 1.302638 1.349212 1.263261
-0.006854 8.738572 -0.000043 -0.031085 0.052279 0.037277 0.202062 8.738006 3.455353 0.646681 0.972949 0.718651
-0.010556 8.733356 -0.000040 -0.027967 0.047304 0.017075 -0.368092 8.706046 3.959562 0.241149 0.445660 0.278864
-0.009743 8.734095 -0.000034 -0.025299 0.042802 0.001455 -0.067501 8.741747 4.422228 -0.333197 0.037969 -0.223984
-0.008903 8.740836 -0.000045 -0.022883 0.038729 -0.015204 1.148191 8.713270 4.827251 -0.653710 -0.396822 -0.575718
0.038717 9.177461 -0.000040 -0.023051 0.035043 -0.027178 0.943983 9.530240 5.243698 -0.874350 -0.709356 -0.823999
0.030355 9.068973 -0.000271 -0.020269 0.072751 -0.033813 0.786614 8.688029 5.614295 -1.459148 -0.882532 -1.242175
-0.021941 8.591713 -0.000012 -0.015777 0.072751 -0.048183 0.407770 8.472967 5.870344 -1.740691 -1.257605 -1.540568
-0.019197 8.608258 0.000038 -0.014508 0.072751 -0.058519 -0.299203 8.681560 6.109205 -2.075328 -1.527364 -1.837968
-0.017385 8.620079 -0.000034 -0.013305 0.072751 -0.069695 0.554123 8.531273 6.320671 -2.407856 -1.819076 -2.140673
-0.018221 8.613789 -0.000000 -0.012151 0.072751 -0.081980 0.073051 8.637230 6.507410 -2.696827 -2.139708 -2.425959
-0.019457 8.594482 -0.000042 -0.011059 0.072751 -0.092906 -2.617946 8.520001 6.675834 -3.067613 -2.424872 -2.751856
0.002619 8.775642 -0.000016 -0.011126 0.072751 -0.105349 -2.288261 8.933681 6.839340 -3.452395 -2.749662 -3.097749
-0.006308 8.681989 -0.000143 -0.009764 0.072751 -0.119060 -1.981151 8.429823 6.972793 -3.817987 -3.107522 -3.443829
-0.036063 8.407121 -0.000003 -0.007600 0.072751 -0.133465 -1.684186 8.337588 7.064854 -4.315374 -3.483491 -3.883951
-0.038880 8.380186 0.000009 -0.006970 0.072751 -0.151087 -1.372612 8.354114 7.136237 -4.846166 -3.943423 -4.371887
-0.039742 8.370716 -0.000013 -0.006541 0.072751 -0.171449 -1.036614 8.318724 7.194411 -5.349291 -4.474890 -4.864085
-0.039164 8.353625 -0.000021 -0.006142 0.065828 -0.191171 -0.664969 8.318321 7.247107 -5.629260 -4.989647 -5.203791
-0.039229 8.312616 -0.000036 -0.005646 0.059563 -0.203292 -0.232784 8.261804 7.307410 -5.781872 -5.306002 -5.400247
-0.040975 8.252535 -0.000030 -0.005008 0.053895 -0.208618 0.578018 8.210711 7.367514 -6.071699 -5.445018 -5.636734
-0.043391 8.168215 -0.000022 -0.004243 0.048766 -0.214958 0.274738 8.088904 7.402271 -6.151510 -5.610490 -5.734419
-0.048031 8.065704 0.000001 -0.003515 0.044126 -0.214834 -0.172661 8.008025 7.429495 -5.818601 -5.607256 -5.495546
-0.057476 7.947254 0.000013 -0.002743 0.039926 -0.203201 0.232607 7.883357 7.465989 -5.395232 -5.303629 -5.111703
-0.066341 7.817619 0.000042 -0.001863 0.036127 -0.186855 0.365677 7.758405 7.494529 -5.323843 -4.876979 -4.954625
-0.073109 7.691930 0.000071 -0.001046 0.032689 -0.179015 0.646476 7.606439 7.481958 -5.057905 -4.672350 -4.700286
-0.074712 7.575158 0.000098 -0.000494 0.029578 -0.165993 0.786967 7.522255 7.463399 -4.801307 -4.332486 -4.422656
-0.074744 7.464674 0.000104 -0.000007 0.028097 -0.149520 0.879061 7.384710 7.429628 -4.632962 -3.902518 -4.191075
-0.073102 7.358367 0.000124 0.000378 0.033230 -0.135957 0.894679 7.284477 7.369686 -4.344096 -3.548524 -3.874433
-0.065568 7.267005 0.000125 0.000544 0.033638 -0.117240 0.877421 7.195502 7.301893 -4.162146 -3.060011 -3.611962
-0.059424 7.182937 0.000122 0.000630 0.033638 -0.101629 0.780152 7.093193 7.210305 -3.889951 -2.652556 -3.285346
-0.053597 7.094936 0.000117 0.000611 0.033638 -0.086065 0.591386 7.006858 7.109297 -3.699042 -2.246334 -3.020567
-0.047884 7.014318 0.000105 0.000503 0.033638 -0.074338 0.286966 6.915245 6.994758 -3.446627 -1.940257 -2.720615
-0.042951 6.939444 0.000091 0.000293 0.033638 -0.063927 -0.478766 6.849883 6.880307 -3.083294 -1.668527 -2.337925
-0.038060 6.868053 0.000070 0.000065 0.033638 -0.051542 0.054169 6.780291 6.776784 -2.743364 -1.345276 -1.969289
-0.035587 6.797635 0.000054 -0.000110 0.033638 -0.040274 -4.214676 6.710420 6.677778 -2.426455 -1.051159 -1.626855
-0.035244 6.731673 0.000040 -0.000286 0.033638 -0.032846 -3.744551 6.649233 6.583725 -2.154620 -0.857300 -1.341338
-0.036022 6.676490 0.000026 -0.000492 0.033638 -0.029227 -3.325979 6.604490 6.499197 -1.860632 -0.762843 -1.057948
-0.038946 6.626499 0.000010 -0.000675 0.033638 -0.026439 -2.961285 6.564730 6.432550 -1.468523 -0.690061 -0.702818
-0.038532 6.583677 -0.000002 -0.000801 0.033638 -0.020165 -2.656747 6.542547 6.391374 -1.177108 -0.526317 -0.430547
-0.036029 6.546488 -0.000012 -0.000822 0.030437 -0.013492 -2.414425 6.502584 6.359829 -0.961592 -0.352144 -0.225880
-0.033053 6.508245 -0.000013 -0.000786 0.027540 -0.008070 -2.204808 6.468707 6.330604 -0.734940 -0.210621 -0.017990
-0.028730 6.479042 -0.000014 -0.000787 0.024920 -0.000171 -2.017186 6.449399 6.307536 -0.574322 -0.004473 0.140273
-0.024650 6.454468 -0.000018 -0.000779 0.022548 0.005386 -1.830839 6.417319 6.281025 -0.417973 0.140576 0.288033
-0.022026 6.425774 -0.000019 -0.000767 0.020402 0.010919 -1.643680 6.392152 6.255113 -0.232053 0.284993 0.460766
-0.021053 6.395045 -0.000021 -0.000741 0.018461 0.016298 -1.451081 6.359973 6.231721 0.036525 0.425373 0.702345
-0.018378 6.362797 -0.000021 -0.000695 0.016704 0.025060 -1.267688 6.336939 6.216712 0.295750 0.654075 0.944006
-0.013950 6.336235 -0.000020 -0.000633 0.015115 0.034929 -1.099866 6.309763 6.202755 0.546812 0.911653 1.182197
0.008139 6.421867 -0.000018 -0.001161 0.013676 0.045485 -0.945059 6.485170 6.198286 0.761663 1.187174 1.393871
0.007732 6.377464 -0.000073 -0.000949 0.019573 0.054268 -0.797788 6.260532 6.185436 2.365252 1.416408 2.775329
-0.010063 6.247679 -0.000012 -0.000330 0.019573 0.108851 -0.617126 6.306005 6.260268 2.738923 2.841065 3.226032
-0.006677 6.257250 -0.000004 0.000016 0.019573 0.123239 -0.442461 6.210861 6.252581 3.270012 3.216591 3.717146
0.004515 6.288852 0.000021 -0.000192 0.019573 0.140442 -0.339648 6.355107 6.260071 3.705683 3.665590 4.130917
0.017005 6.329212 -0.000020 -0.000366 0.019573 0.157364 -0.332464 6.311395 6.269884 4.093501 4.107270 4.504117
0.028865 6.375963 -0.000005 -0.000562 0.019573 0.172230 -0.334149 6.426622 6.279496 4.471906 4.495266 4.864927
0.040058 6.432760 -0.000037 -0.000812 0.019573 0.186349 -0.344416 6.435981 6.293133 4.838336 4.863783 5.214033
0.053962 6.499927 -0.000037 -0.001096 0.019573 0.198898 -0.342408 6.549243 6.311973 5.149084 5.191326 5.510283
0.064847 6.573490 -0.000066 -0.001386 0.019573 0.210055 -0.345585 6.589833 6.335070 5.513198 5.482521 5.849760
0.069350 6.634979 -0.000072 -0.001589 0.019573 0.218745 -0.296822 6.673314 6.367279 5.979220 5.709319 6.266366
0.070017 6.659513 -0.000088 -0.001548 0.023548 0.230643 -0.352202 6.667987 6.416018 6.403141 6.019875 6.648338
0.067517 6.659144 -0.000072 -0.001288 0.023548 0.242000 -0.497977 6.679782 6.468043 6.773011 6.316303 6.978123
0.066504 6.658425 -0.000061 -0.001009 0.023548 0.253403 -0.626784 6.674363 6.520105 7.105056 6.613912 7.273861
0.065419 6.651714 -0.000044 -0.000697 0.023548 0.265153 -0.693814 6.669107 6.568778 7.369539 6.920590 7.512795
0.064912 6.649907 -0.000029 -0.000430 0.023548 0.275773 -0.698494 6.667009 6.609353 7.663463 7.197775 7.776184
0.061024 6.678374 -0.000016 -0.000366 0.023548 0.285523 -0.635610 6.721139 6.649928 7.997287 7.452275 8.070825
0.062288 6.735743 -0.000020 -0.000455 0.023548 0.292719 -0.549347 6.786835 6.697917 8.109778 7.640094 8.165376
0.072905 6.803631 -0.000026 -0.000560 0.023548 0.296193 -0.485597 6.851029 6.742450 8.089841 7.730757 8.137204
0.075870 6.872042 -0.000032 -0.000687 0.023548 0.296339 -0.289640 6.914816 6.781373 8.232966 7.734575 8.239039
0.069127 6.947962 -0.000039 -0.000883 0.023548 0.295324 0.242092 7.010516 6.834069 8.226728 7.708082 8.205282
0.056457 7.025870 -0.000052 -0.001016 0.023548 0.284209 -0.382311 7.075655 6.890751 8.227083 7.417965 8.125939
0.048277 7.101135 -0.000055 -0.001115 0.021308 0.270275 -0.042935 7.180024 6.970294 8.325128 7.054280 8.094102
0.040462 7.183177 -0.000063 -0.001128 0.019280 0.263521 0.974790 7.277590 7.083473 8.385679 6.878010 8.052161
0.032395 7.266218 -0.000058 -0.000968 0.017445 0.257191 0.864144 7.366136 7.210762 8.243006 6.712798 7.848190
0.030642 7.348401 -0.000047 -0.000729 0.015785 0.249386 0.803587 7.444857 7.335170 7.781106 6.509074 7.396468
0.027441 7.442632 -0.000034 -0.000569 0.014283 0.234351 0.722691 7.532829 7.437892 7.527617 6.116648 7.064489
0.024514 7.540934 -0.000029 -0.000546 0.012924 0.223525 0.607271 7.649441 7.550219 7.306294 5.834084 6.781335
0.020657 7.635716 -0.000031 -0.000453 0.011694 0.215122 0.482111 7.731186 7.665219 7.219497 5.614763 6.611731
0.016677 7.722907 -0.000021 -0.000306 0.010581 0.210523 0.357137 7.832316 7.787020 7.157003 5.494736 6.484766
0.014092 7.806023 -0.000015 -0.000101 0.009574 0.208866 0.263049 7.905181 7.909114 7.113655 5.451486 6.394304
0.012013 7.902601 0.000000 0.000035 0.008663 0.208457 0.190114 8.020723 8.028648 7.185145 5.440813 6.395042
0.012720 8.007735 0.000001 0.000111 0.007839 0.211386 0.172440 8.123472 8.152684 7.100473 5.517260 6.317004
0.015332 8.110093 0.000008 0.000226 0.007093 0.212100 0.212022 8.213868 8.262901 7.004341 5.535896 6.220660
0.018473 8.206425 0.000014 0.000299 0.006418 0.212788 0.247388 8.306649 8.363432 6.781067 5.553847 6.045761
0.023532 8.305559 0.000016 0.000307 0.005807 0.210731 0.264415 8.393422 8.446381 6.370829 5.500157 5.733412
0.030061 8.406411 0.000015 0.000212 0.005254 0.203453 0.247574 8.479757 8.505339 6.037580 5.310199 5.438315
0.030400 8.490690 0.000007 0.000078 0.004754 0.195812 0.191162 8.552031 8.556468 6.098198 5.110762 5.401798
0.027087 8.562878 0.000001 -0.000034 0.004302 0.194755 0.109844 8.642954 8.628508 6.167660 5.083186 5.422687
0.024597 8.625003 -0.000005 0.000019 0.003893 0.195358 0.057045 8.689057 8.706572 6.025167 5.098932 5.321624
0.024012 8.685382 0.000005 0.000112 0.003522 0.191654 0.049803 8.749415 8.771426 5.707989 5.002257 5.075161
0.019602 8.757055 0.000006 0.000076 0.003187 0.182387 0.052204 8.814196 8.821018 5.730824 4.760362 4.994782
0.016745 8.827238 0.000002 -0.000033 0.002884 0.177099 0.021690 8.907842 8.891810 5.715475 4.622348 4.921225
0.018794 8.891832 -0.000005 -0.000000 0.002609 0.175541 0.163508 8.958064 8.970853 5.360475 4.581694 4.673557
0.016761 8.949892 0.000004 0.000111 0.002361 0.167710 0.155630 8.999665 9.025068 5.485223 4.377307 4.664924
0.019598 9.010568 0.000007 0.000077 0.002136 0.169327 0.141731 9.099400 9.103727 5.136740 4.419503 4.456792
0.016582 9.070387 0.000001 0.000177 0.001933 0.164115 0.128668 9.099038 9.152254 5.156817 4.283479 4.412629
0.006668 9.132652 0.000016 0.000104 0.004229 0.159518 0.098639 9.222692 9.213442 5.757020 4.163477 4.711267
0.001382 9.198576 -0.000003 0.000079 0.004229 0.167776 0.152038 9.294507 9.327179 5.746506 4.379024 4.769051
0.000424 9.255882 0.000010 0.000378 0.004229 0.168871 0.259409 9.323861 9.418927 5.276399 4.407589 4.490646
0.004903 9.322845 0.000028 0.000509 0.007597 0.160552 0.320619 9.384852 9.472140 4.617330 4.190465 4.014670
0.010643 9.395838 0.000026 0.000404 0.007597 0.146402 0.366369 9.435492 9.495375 4.090328 3.821149 3.562961
0.013558 9.445223 0.000018 0.000266 0.007597 0.133438 0.328603 9.472471 9.509823 3.734963 3.482791 3.227131
0.011983 9.479761 0.000011 0.000159 0.007597 0.123566 0.222269 9.503826 9.525050 3.798171 3.225117 3.164944
0.008609 9.512940 0.000007 0.000064 0.007597 0.121836 0.028932 9.561667 9.565275 4.078179 3.179967 3.307137
0.004635 9.533875 0.000001 0.000166 0.007597 0.127443 -1.139002 9.576589 9.627082 4.382409 3.326317 3.536451
0.004069 9.552120 0.000015 0.000397 0.007597 0.136697 -1.007193 9.608907 9.695948 4.487987 3.567847 3.691509
0.005478 9.580497 0.000026 0.000612 0.007597 0.144960 -0.899697 9.624300 9.750935 4.571866 3.783513 3.827279
0.005301 9.612851 0.000038 0.000732 0.010224 0.151688 -0.806508 9.660695 9.794130 4.869460 3.959119 4.069063
0.008616 9.641142 0.000040 0.000811 0.010803 0.162789 -0.730825 9.691323 9.844655 4.656602 4.248847 4.072204
0.008681 9.660765 0.000046 0.000974 0.012426 0.165200 -0.669157 9.665803 9.855749 4.709287 4.311779 4.137822
0.004452 9.684321 0.000057 0.000908 0.015386 0.166796 -0.600020 9.727877 9.867349 5.228488 4.353440 4.452793
-0.003147 9.700451 0.000042 0.000884 0.015386 0.176316 -0.555370 9.741781 9.913930 5.818023 4.601916 4.885257
-0.006407 9.721715 0.000052 0.001019 0.015386 0.189700 -0.570159 9.793594 9.982641 5.752681 4.951248 4.991394
-0.003482 9.752850 0.000057 0.001218 0.015427 0.193959 -0.633256 9.778204 10.017611 5.272000 5.062399 4.774804
0.002131 9.800290 0.000072 0.001152 0.019482 0.187343 -0.647737 9.833114 10.011035 5.107227 4.889731 4.620150
0.005937 9.855975 0.000054 0.000822 0.019482 0.183851 -0.602383 9.889990 10.011255 4.885293 4.798595 4.470419
0.003079 9.892213 0.000038 0.000631 0.019482 0.177504 -0.481733 9.900259 10.005620 4.911399 4.632929 4.424430
-0.001763 9.917387 0.000033 0.000468 0.019482 0.173213 -0.328589 9.951225 10.016932 5.030025 4.520940 4.447012
-0.003857 9.935146 0.000021 0.000433 0.019482 0.171727 -0.182332 9.959093 10.045563 4.941578 4.482147 4.384894
0.019712 10.169181 0.000027 -0.000655 0.019482 0.169627 -0.052713 10.370471 10.091145 4.591624 4.427322 4.176290
0.080158 10.863134 -0.000081 -0.004091 0.021841 0.162390 0.679169 11.269145 10.180224 4.784663 4.238444 4.203875
0.042962 10.495802 -0.000322 -0.001672 0.086560 0.163918 0.503069 9.916622 10.251277 5.283126 4.278316 4.489674
-0.030904 9.775423 0.000099 0.002521 0.086560 0.176216 -0.404473 9.735119 10.276346 5.494166 4.599320 4.738504
-0.020845 9.886238 0.000160 0.002067 0.086560 0.185589 0.443800 10.071837 10.302038 5.346186 4.843945 4.759489
-0.000026 10.112150 0.000069 0.001006 0.086560 0.187673 -0.139013 10.180716 10.319365 5.326044 4.898349 4.778469
0.000819 10.158344 0.000042 0.000853 0.086560 0.188055 1.689675 10.171371 10.334188 5.616461 4.908303 4.941981
-0.013459 10.070998 0.000049 0.001395 0.086560 0.194050 1.391533 10.041905 10.359073 6.044742 5.064776 5.243231
-0.012884 10.106602 0.000095 0.001338 0.086560 0.204402 1.141364 10.229218 10.404684 6.008560 5.334980 5.340611
-0.006463 10.172154 0.000054 0.001232 0.086560 0.209140 0.979212 10.175207 10.430135 5.777201 5.458646 5.276046
-0.000915 10.253191 0.000077 0.000938 0.086560 0.207532 0.727161 10.338612 10.435475 5.927282 5.416675 5.343086
-0.002279 10.318020 0.000031 0.000622 0.086560 0.209471 0.313592 10.338466 10.460649 6.125494 5.467278 5.473915
-0.009934 10.358757 0.000038 0.000540 0.086560 0.210511 -0.612230 10.422584 10.498054 6.499455 5.494418 5.681682
-0.014015 10.395816 0.000024 0.000542 0.078322 0.214158 -0.300315 10.447072 10.560501 6.683585 5.589604 5.814381
-0.011069 10.449245 0.000035 0.000590 0.070869 0.218324 -0.339212 10.530085 10.628477 6.242813 5.698332 5.627876
-0.007319 10.507574 0.000031 0.000641 0.064125 0.212933 -0.505564 10.528934 10.655756 5.663052 5.557646 5.265310
-0.007207 10.560001 0.000039 0.000507 0.058023 0.200141 -0.398799 10.592475 10.653802 5.757024 5.223765 5.163714
-0.006452 10.606648 0.000020 0.000250 0.052501 0.196748 -0.066532 10.656545 10.687645 6.066770 5.135207 5.280251
-0.004224 10.640720 0.000011 0.000249 0.047505 0.202737 1.707108 10.695419 10.750311 6.278880 5.291526 5.457837
-0.001509 10.672641 0.000018 0.000412 0.042984 0.212355 1.473314 10.725811 10.813936 6.559503 5.542557 5.715806
0.002016 10.712105 0.000028 0.000540 0.038894 0.225217 1.264021 10.774672 10.877285 6.749899 5.878263 5.970533
0.005179 10.778485 0.000032 0.000524 0.035193 0.236776 1.079379 10.844560 10.930430 7.019132 6.179956 6.251635
0.031590 11.089735 0.000027 -0.000844 0.031844 0.247597 0.927042 11.346552 11.007038 6.932688 6.462372 6.346861
0.034947 11.107057 -0.000099 -0.000530 0.028813 0.252667 0.816455 10.949468 11.051047 6.594254 6.594713 6.249700
0.021024 10.941251 0.000031 0.000582 0.026071 0.250486 0.683466 10.934645 11.040034 7.024448 6.537786 6.452538
0.052921 11.314068 0.000032 -0.001452 0.023590 0.259342 0.521047 11.652795 11.102627 7.262701 6.768935 6.691294
0.055272 11.347494 -0.000162 -0.001297 0.043621 0.268858 0.354954 11.138955 11.162816 7.141333 7.017309 6.758821
0.032436 11.130080 0.000007 0.000173 0.043621 0.270232 -0.127065 11.131947 11.168510 7.445788 7.053170 6.940443
0.081917 11.844987 0.000011 -0.003584 0.043621 0.272006 1.181833 12.443808 11.264547 7.921894 7.099472 7.203591
0.069076 11.783883 -0.000350 -0.002752 0.094012 0.276173 0.976859 11.315409 11.375947 8.062775 7.208223 7.323055
0.014740 11.195676 0.000016 0.000955 0.094012 0.277651 0.690617 11.161679 11.419709 7.574994 7.246806 7.100844
0.020808 11.321640 0.000075 0.000520 0.094012 0.267043 0.473855 11.473339 11.433633 4.705063 6.969940 5.579386
0.024445 11.439420 -0.000013 -0.000031 0.094012 0.205454 0.038274 11.248520 11.270446 5.586956 5.362440 5.231671
0.022927 11.525312 0.000006 -0.001350 0.094012 0.192261 -7.831140 11.762980 11.312166 5.518867 5.018087 5.024811
0.014962 11.537035 -0.000134 -0.001192 0.094012 0.181916 -7.008489 11.392488 11.370863 5.386578 4.748068 4.819319
0.033697 11.861975 -0.000008 -0.002602 0.094012 0.171691 -6.276866 12.283732 11.466143 5.395128 4.481215 4.677634
0.021872 11.814682 -0.000244 -0.001847 0.094012 0.165392 -5.617861 11.505524 11.567078 5.456498 4.316785 4.608399
-0.012007 11.519622 0.000016 0.000251 0.094012 0.163117 -5.047707 11.613309 11.644742 5.064105 4.257417 4.378579
-0.012796 11.617131 0.000007 0.000146 0.094012 0.153381 -4.543579 11.678516 11.700309 4.350828 4.003305 3.904471
-0.011368 11.732120 0.000005 -0.000169 0.094012 0.134490 -4.097381 11.800131 11.728619 3.805845 3.510243 3.392164
-0.015076 11.778867 -0.000023 -0.000266 0.085066 0.114522 -3.692668 11.783230 11.755017 3.592040 2.989070 3.018376
-0.013838 11.793941 -0.000010 -0.000206 0.076971 0.102260 -3.333127 11.846108 11.802508 2.520635 2.669024 2.351274
-0.006613 11.836667 -0.000014 -0.000181 0.069646 0.082868 -2.999295 11.818385 11.795195 1.822010 2.162892 1.772679
-0.006057 11.869321 -0.000008 -0.000393 0.063018 0.065806 -2.632690 11.885423 11.777959 2.509751 1.717557 1.859828
-0.008328 11.888328 -0.000033 -0.000585 0.057021 0.071777 -2.261810 11.947933 11.846277 2.692494 1.873408 2.021110
-0.011558 11.888487 -0.000031 -0.000224 0.051595 0.079189 -1.941830 11.900156 11.909723 3.077678 2.066876 2.294840
-0.013081 11.885504 0.000002 0.000128 0.046685 0.090615 -1.686524 11.946870 11.980389 3.632806 2.365091 2.699391
-0.010716 11.892913 0.000009 0.000464 0.042243 0.108663 -1.518156 11.941412 12.063306 3.358147 2.836159 2.815399
-0.006585 11.906070 0.000035 0.000833 0.038223 0.116145 -1.411304 11.915540 12.085325 2.486521 3.031435 2.529011
-0.005466 11.907283 0.000050 0.000943 0.034585 0.107242 -1.318376 11.861276 12.028120 1.777500 2.799059 2.105196
-0.008676 11.902157 0.000049 0.000667 0.031294 0.090120 -1.195153 11.860996 11.941658 1.918078 2.352158 1.957752
0.029298 12.387964 0.000024 -0.002365 0.028316 0.082604 -1.056611 12.778153 11.954902 2.308469 2.156009 2.041373
0.020909 12.245545 -0.000244 -0.001540 0.065660 0.085724 -0.932699 11.830484 11.994990 2.255428 2.237431 2.068245
-0.022402 11.695019 0.000048 0.001589 0.065660 0.088252 -0.758018 11.587948 11.966294 2.441715 2.303407 2.198584
-0.019258 11.729960 0.000111 0.001252 0.065660 0.093718 -0.538866 11.853570 11.952662 2.644009 2.446066 2.373972
-0.014238 11.763653 0.000029 0.001002 0.065660 0.100777 -0.338586 11.706032 11.948073 1.724580 2.630322 2.052400
-0.013042 11.764563 0.000072 0.000972 0.065660 0.088164 -0.066180 11.745897 11.864231 -9.511673 2.301115 -3.275515
-0.013042 11.763337 0.000035 0.000535 0.065660 -0.127644 2.552621 10.923146 10.999999 -4.370885 -3.331557 -3.677446
-0.014982 11.745904 0.000023 -0.003952 0.065660 -0.144302 2.185437 12.328961 10.999440 -4.289932 -3.766341 -3.857248
-0.020954 11.665686 -0.000394 -0.003530 0.105901 -0.152425 1.856251 11.097207 11.028205 -4.148138 -3.978363 -3.899183
-0.029173 11.536295 -0.000022 -0.002692 0.105901 -0.153314 1.410713 11.875289 11.066738 -4.229091 -4.001564 -3.953746
-0.037338 11.406987 -0.000241 -0.001803 0.105901 -0.154183 0.960080 11.015894 11.084311 -4.194353 -4.024237 -3.950722
-0.041452 11.334551 0.000018 -0.001326 0.105901 -0.152551 0.447222 11.577177 11.097035 -4.119397 -3.981648 -3.895694
-0.046415 11.279964 -0.000144 -0.000969 0.105901 -0.150108 -0.324600 11.032234 11.105368 -3.945688 -3.917890 -3.781334
-0.048777 11.213653 0.000019 -0.000574 0.105901 -0.145980 0.257932 11.356778 11.114186 -5.386239 -3.810143 -4.456757
-0.050419 11.152264 -0.000074 -0.000202 0.105901 -0.171493 -0.044152 10.874690 11.004032 -6.686004 -4.476034 -5.412127
-0.055668 11.108890 0.000036 -0.000556 0.105901 -0.211480 3.700561 11.136455 10.854722 -6.842121 -5.519723 -5.958533
-0.064759 11.069483 -0.000086 -0.001138 0.105901 -0.236832 3.298051 10.920287 10.780580 -7.520869 -6.181419 -6.608147
-0.076915 11.024669 -0.000044 -0.001293 0.105901 -0.269321 2.967322 11.011323 10.708138 -7.611600 -7.029380 -7.037653
-0.083848 10.969935 -0.000092 -0.001387 0.105901 -0.291565 2.733130 10.894727 10.692220 -8.217327 -7.609962 -7.631228
-0.087463 10.891369 -0.000062 -0.001055 0.095824 -0.314453 2.595254 10.844767 10.668218 -9.174846 -8.207351 -8.421485
-0.095648 10.797697 -0.000055 -0.000686 0.086705 -0.343224 2.424899 10.690085 10.611210 -9.408674 -8.958280 -8.878872
-0.107775 10.698084 -0.000026 -0.000460 0.078454 -0.360569 2.189471 10.671917 10.587331 -9.804373 -9.410989 -9.303404
-0.121566 10.593152 -0.000027 -0.000031 0.070988 -0.378667 1.945592 10.501697 10.559469 -9.944613 -9.883367 -9.589923
-0.128665 10.542744 0.000015 0.000089 0.064232 -0.391376 1.725882 10.571153 10.553368 -9.733829 -10.215068 -9.619618
-0.123293 10.577256 -0.000007 -0.000127 0.058120 -0.390509 1.572489 10.616934 10.590553 -9.727862 -10.192433 -9.634956
-0.117091 10.602962 -0.000010 -0.000066 0.052589 -0.385481 1.471616 10.625375 10.625386 -9.882589 -10.061214 -9.693720
-0.113573 10.612949 -0.000002 0.000066 0.047585 -0.382273 1.375884 10.615925 10.637058 -9.791839 -9.977473 -9.623492
-0.111974 10.619089 0.000005 0.000095 0.043056 -0.375602 1.272251 10.635042 10.648683 -9.629163 -9.803351 -9.472721
-0.111653 10.612692 0.000003 0.000191 0.038959 -0.367843 1.169190 10.607406 10.657679 -9.201531 -9.600845 -9.158190
-0.107202 10.618549 0.000014 0.000207 0.035251 -0.353448 1.102614 10.656337 10.682639 -8.725280 -9.225138 -8.746814
-0.100064 10.641628 0.000007 0.000217 0.031897 -0.333886 1.086990 10.666004 10.714681 -8.851216 -8.714550 -8.614639
-0.099958 10.644102 0.000014 0.000374 0.028861 -0.327034 1.078514 10.616699 10.697741 -8.719817 -8.535709 -8.467053
-0.103835 10.637494 0.000023 0.000319 0.026115 -0.324003 1.055247 10.640818 10.678405 -8.238806 -8.456613 -8.165638
-0.104785 10.630922 0.000011 0.000252 0.023630 -0.315312 1.051403 10.638755 10.689405 -8.053031 -8.229758 -7.975736
-0.100667 10.616738 0.000015 0.000385 0.021381 -0.308023 1.062701 10.611903 10.694917 -8.356186 -8.039528 -8.074094
-0.095940 10.607778 0.000024 0.000462 0.019346 -0.308525 1.060219 10.581581 10.663307 -8.708066 -8.052632 -8.274569
-0.097014 10.594644 0.000024 0.000364 0.017505 -0.315155 1.009770 10.557702 10.609048 -8.595339 -8.225678 -8.277215
-0.099349 10.580010 0.000015 0.000154 0.015840 -0.316839 0.930562 10.571127 10.579415 -8.631398 -8.269614 -8.314273
-0.101036 10.555482 0.000003 0.000127 0.014332 -0.320269 0.850061 10.516807 10.550863 -8.670155 -8.359147 -8.373048
-0.099169 10.533591 0.000010 0.000092 0.012968 -0.322926 0.770070 10.524531 10.526648 -8.957794 -8.428496 -8.564825
-0.097235 10.523754 0.000001 0.000015 0.011734 -0.328895 0.688619 10.484861 10.488087 -9.167026 -8.584287 -8.744223
-0.098061 10.521561 0.000001 -0.000177 0.010618 -0.336325 0.590878 10.508785 10.449298 -9.225537 -8.778223 -8.854185
-0.054265 11.037972 -0.000018 -0.003119 0.009607 -0.341478 0.495718 11.428977 10.475822 -9.293391 -8.912700 -8.950896
-0.065532 10.902461 -0.000283 -0.002261 0.076022 -0.346760 0.412997 10.453722 10.490959 -8.800278 -9.050568 -8.755557
-0.110664 10.332808 0.000010 0.000838 0.076022 -0.337790 -0.228277 10.254175 10.493242 -8.642974 -8.816462 -8.580219
-0.104269 10.359834 0.000070 0.000707 0.076022 -0.328452 0.657869 10.456905 10.492445 -8.569080 -8.572732 -8.445667
-0.103116 10.380164 0.000010 0.000595 0.076022 -0.322102 0.264999 10.319035 10.481481 -8.045986 -8.406985 -8.080591
-0.105128 10.375616 0.000048 0.000561 0.076022 -0.309152 -0.500729 10.446983 10.496997 -7.797270 -8.068984 -7.809585
-0.108450 10.359558 0.000015 0.000728 0.076022 -0.300748 -0.249093 10.309264 10.502900 -7.614927 -7.849633 -7.624026
-0.109440 10.347325 0.000057 0.000824 0.076022 -0.295641 -0.134359 10.394745 10.504313 -7.926181 -7.716347 -7.759608
-0.108025 10.338807 0.000033 0.000877 0.076022 -0.300652 -0.350799 10.278884 10.472590 -8.753463 -7.847140 -8.292452
-0.111595 10.326766 0.000058 0.000773 0.076022 -0.322200 -0.041781 10.299538 10.392475 -8.686038 -8.409544 -8.466320
-0.117684 10.311696 0.000028 0.000428 0.076022 -0.333549 5.836588 10.301430 10.364405 -8.343305 -8.705750 -8.384059
-0.121599 10.293718 0.000019 0.000375 0.076022 -0.332625 5.215540 10.313755 10.383543 -8.394592 -8.681641 -8.419885
-0.123643 10.279750 0.000021 0.000550 0.068788 -0.334513 4.665203 10.273300 10.393919 -8.194591 -8.730932 -8.333575
-0.120944 10.275444 0.000036 0.000628 0.062242 -0.329135 4.182937 10.315939 10.420853 -8.296011 -8.590542 -8.355347
-0.122117 10.266343 0.000032 0.000819 0.056319 -0.326133 3.758723 10.247962 10.426698 -8.202667 -8.512194 -8.279297
-0.125161 10.260304 0.000054 0.000882 0.050959 -0.323113 3.371704 10.292558 10.432440 -8.253788 -8.433366 -8.289022
-0.125941 10.264683 0.000042 0.000889 0.046110 -0.323187 3.039371 10.255367 10.428649 -8.266057 -8.435296 -8.303991
-0.126804 10.267080 0.000053 0.000856 0.041722 -0.324174 2.740866 10.288688 10.424729 -7.913656 -8.461080 -8.110315
-0.125722 10.264342 0.000042 0.000850 0.037752 -0.315188 2.484901 10.284449 10.448273 -7.985404 -8.226540 -8.075103
-0.125651 10.256159 0.000050 0.001018 0.034159 -0.311904 2.255396 10.250964 10.446497 -7.999661 -8.140820 -8.056248
-0.126692 10.252388 0.000059 0.001029 0.030908 -0.310037 2.042206 10.263733 10.437293 -7.998660 -8.092099 -8.040073
-0.126192 10.256489 0.000053 0.000958 0.027967 -0.309204 1.843417 10.257449 10.425969 -8.205183 -8.070352 -8.157086
-0.126857 10.248911 0.000052 0.000938 0.025306 -0.313235 1.658615 10.232331 10.398514 -8.264555 -8.175551 -8.230754
-0.128070 10.242792 0.000051 0.000825 0.022897 -0.316441 1.479517 10.244725 10.376506 -8.230617 -8.259241 -8.241343
-0.129162 10.240341 0.000041 0.000722 0.020718 -0.317118 1.315097 10.238904 10.364959 -8.202225 -8.276911 -8.232228
-0.121051 10.377163 0.000039 -0.000065 0.018747 -0.318232 1.164171 10.493170 10.371580 -7.706062 -8.305992 -7.955310
-0.125256 10.335471 -0.000034 0.000191 0.016963 -0.308890 1.041123 10.252691 10.411348 -7.737505 -8.062156 -7.891092
-0.139108 10.169460 0.000049 0.001282 0.015349 -0.305388 0.949193 10.126349 10.410633 -7.738735 -7.970758 -7.864452
-0.127175 10.312671 0.000086 0.000519 0.023098 -0.303988 0.867538 10.478504 10.417614 -7.774484 -7.934197 -7.875938
-0.127834 10.294832 -0.000016 0.000651 0.023098 -0.302943 0.810034 10.159442 10.416884 -8.118937 -7.906931 -8.072962
-0.139733 10.157310 0.000078 0.001375 0.023098 -0.310013 0.736777 10.140274 10.375597 -8.009033 -8.091472 -8.069294
-0.138971 10.167078 0.000072 0.001105 0.023098 -0.309271 0.653941 10.194481 10.360706 -7.800316 -8.072094 -7.935245
-0.135409 10.174783 0.000051 0.000985 0.023098 -0.302691 0.578865 10.178677 10.361765 -7.932986 -7.900360 -7.955178
-0.131786 10.178841 0.000056 0.000969 0.023098 -0.300406 0.508374 10.176613 10.341114 -7.926690 -7.840709 -7.925220
-0.129173 10.191218 0.000051 0.000794 0.023098 -0.297404 0.399969 10.196685 10.319907 -7.874396 -7.762364 -7.858558
-0.127238 10.201210 0.000039 0.000629 0.023098 -0.294020 0.272913 10.196729 10.299937 -8.079614 -7.674051 -7.942071
-0.125922 10.204779 0.000033 0.000504 0.023098 -0.297760 0.094831 10.181894 10.261096 -8.147958 -7.771649 -8.009358
-0.118637 10.275671 0.000026 -0.000077 0.023098 -0.300702 -0.358405 10.323483 10.235344 -8.138859 -7.848454 -8.024091
-0.118378 10.255135 -0.000024 -0.000105 0.023098 -0.301771 -0.209869 10.179459 10.216325 -8.189151 -7.876340 -8.056873
-0.122332 10.181938 0.000013 0.000182 0.020900 -0.302806 -0.023588 10.161302 10.190268 -8.200553 -7.903359 -8.065945
-0.121424 10.197891 0.000010 -0.000040 0.018911 -0.304088 1.494587 10.205672 10.169541 -7.869380 -7.936811 -7.873901
-0.121679 10.218767 -0.000009 -0.000261 0.017111 -0.298878 1.326987 10.234118 10.179339 -7.498312 -7.800834 -7.600769
-0.122460 10.233893 -0.000015 -0.000289 0.015483 -0.290964 1.190161 10.255588 10.206669 -7.214687 -7.594265 -7.357817
-0.121891 10.249250 -0.000013 -0.000226 0.014009 -0.283710 1.084179 10.271626 10.238373 -7.201808 -7.404945 -7.284654
-0.120370 10.274276 -0.000009 -0.000190 0.012676 -0.281711 0.999882 10.291084 10.256652 -7.213837 -7.352776 -7.276222
-0.118499 10.310354 -0.000009 -0.000285 0.011470 -0.282192 0.921146 10.335816 10.272068 -7.163008 -7.365326 -7.255105
-0.116980 10.336470 -0.000018 -0.000341 0.010378 -0.281636 0.846705 10.351622 10.293137 -7.195226 -7.350822 -7.273239
-0.116822 10.351099 -0.000017 -0.000307 0.009391 -0.282401 0.772908 10.361931 10.310184 -7.211515 -7.370766 -7.294738
-0.117830 10.358633 -0.000015 -0.000257 0.008497 -0.283491 0.701112 10.367509 10.326544 -7.302827 -7.399236 -7.363625
-0.118774 10.367524 -0.000012 -0.000217 0.007689 -0.286699 0.632729 10.374507 10.337613 -7.538622 -7.482963 -7.538109
-0.121247 10.372096 -0.000011 -0.000183 0.006957 -0.294333 0.567762 10.366142 10.337037 -7.699464 -7.682220 -7.712188
-0.124207 10.368410 -0.000009 -0.000166 0.006295 -0.302546 0.506469 10.368978 10.338927 -7.875092 -7.896571 -7.902294
-0.123127 10.379894 -0.000009 -0.000217 0.005696 -0.309928 0.455579 10.390180 10.344577 -8.062206 -8.089237 -8.091424
-0.120522 10.399125 -0.000014 -0.000289 0.005154 -0.315396 0.409896 10.408235 10.351986 -7.907208 -8.231972 -8.059868
-0.117851 10.416171 -0.000017 -0.000340 0.004663 -0.311611 0.366797 10.446003 10.381887 -7.894926 -8.133159 -8.019639
-0.116664 10.429089 -0.000019 -0.000250 0.005152 -0.307753 0.328315 10.432783 10.403833 -7.902939 -8.032481 -7.987496
-0.118239 10.437213 -0.000009 -0.000177 0.005152 -0.306256 0.286916 10.450125 10.416538 -7.665839 -7.993405 -7.835431
-0.120336 10.443939 -0.000010 -0.000145 0.005152 -0.301523 0.252707 10.462676 10.442963 -7.364618 -7.869878 -7.615936
-0.120870 10.450054 -0.000006 -0.000038 0.005152 -0.294006 0.237962 10.476489 10.480206 -7.310074 -7.673685 -7.514335
-0.121428 10.448518 0.000001 0.000168 0.005152 -0.289925 0.241196 10.452433 10.503329 -7.541927 -7.567164 -7.612633
-0.097297 10.757813 0.000015 -0.001348 0.005152 -0.293840 0.245612 11.003941 10.530602 -7.935670 -7.669342 -7.873294
-0.105915 10.683262 -0.000141 -0.000809 0.037790 -0.305171 0.248863 10.407462 10.526611 -8.217329 -7.965085 -8.151436
-0.137644 10.341564 0.000035 0.000981 0.037790 -0.317972 0.193814 10.270607 10.489867 -8.095122 -8.299183 -8.202886
-0.137938 10.365228 0.000064 0.000660 0.037790 -0.321284 0.094901 10.455680 10.492158 -8.105512 -8.385651 -8.248382
-0.136117 10.387711 0.000011 0.000553 0.037790 -0.322654 0.066793 10.353592 10.501969 -8.247994 -8.421388 -8.354304
-0.134331 10.403195 0.000044 0.000523 0.037790 -0.324999 -0.179036 10.455414 10.504629 -8.319194 -8.482607 -8.424648
-0.134223 10.398042 0.000015 0.000565 0.037790 -0.325599 0.050646 10.363960 10.505786 -8.327776 -8.498275 -8.438864
-0.134412 10.389842 0.000042 0.000614 0.037790 -0.323914 -0.862200 10.422876 10.506520 -8.446182 -8.454281 -8.494321
-0.132928 10.399903 0.000025 0.000565 0.037790 -0.324572 -0.718262 10.382109 10.496444 -8.756390 -8.471469 -8.683471
-0.132649 10.400126 0.000034 0.000510 0.037790 -0.331075 -0.559309 10.393938 10.466211 -8.873674 -8.641177 -8.811988
-0.097893 10.841569 0.000022 -0.001989 0.037790 -0.336030 -0.360841 11.182863 10.486935 -8.706873 -8.770519 -8.771178
-0.111679 10.716410 -0.000206 -0.001216 0.055342 -0.336501 -0.143830 10.347850 10.514485 -8.398011 -8.782822 -8.602933
-0.154308 10.207281 0.000049 0.001628 0.055342 -0.331363 0.163701 10.122651 10.511589 -8.528457 -8.648709 -8.628249
-0.153423 10.214014 0.000115 0.001577 0.055342 -0.332056 0.267847 10.295799 10.490526 -8.801551 -8.666798 -8.794467
-0.153399 10.227972 0.000058 0.001391 0.055342 -0.338507 0.245226 10.163966 10.454527 -8.719179 -8.835162 -8.812207
-0.154426 10.210369 0.000087 0.001294 0.055342 -0.338856 0.145876 10.255879 10.438498 -8.877384 -8.844278 -8.907265
-0.155296 10.190077 0.000055 0.001316 0.055342 -0.341294 -0.041047 10.135041 10.411262 -9.046199 -8.907910 -9.027148
-0.155077 10.190954 0.000083 0.001167 0.055342 -0.345621 1.501097 10.225684 10.379232 -9.091964 -9.020855 -9.096458
-0.153591 10.197450 0.000047 0.000963 0.055342 -0.347559 1.292593 10.169720 10.355912 -9.309523 -9.071417 -9.239715
-0.153368 10.191254 0.000057 0.000872 0.055342 -0.352345 1.068889 10.191264 10.322230 -9.323681 -9.196354 -9.292519
-0.153328 10.184144 0.000040 0.000732 0.055342 -0.353947 0.818261 10.169242 10.299214 -9.404244 -9.238158 -9.352206
-0.151242 10.194661 0.000040 0.000554 0.055342 -0.355803 0.549908 10.202987 10.276750 -9.562609 -9.286607 -9.460788
-0.149840 10.190273 0.000024 0.000458 0.050075 -0.359403 0.204392 10.160145 10.248145 -9.545391 -9.380563 -9.478749
-0.148406 10.180844 0.000028 0.000357 0.045310 -0.358824 -0.493524 10.185485 10.229497 -9.576965 -9.365440 -9.487769
-0.147314 10.174860 0.000015 0.000290 0.040998 -0.358349 -0.203968 10.151065 10.208739 -9.508551 -9.353040 -9.434999
-0.106510 10.642174 0.000019 -0.002297 0.037097 -0.356087 0.327392 11.023817 10.240838 -9.404184 -9.294015 -9.346556
-0.116878 10.492938 -0.000231 -0.001336 0.062055 -0.352228 0.054650 10.060269 10.258082 -9.395916 -9.193301 -9.296721
-0.160933 9.954063 0.000059 0.001611 0.062055 -0.349851 -3.305356 9.854449 10.213030 -9.210270 -9.131242 -9.163817
-0.157018 9.989519 0.000107 0.001184 0.062055 -0.345043 -2.924739 10.091861 10.184964 -8.970218 -9.005768 -8.972521
-0.154536 10.011458 0.000029 0.000919 0.062055 -0.338110 -2.583921 9.949706 10.170184 -8.888815 -8.824795 -8.850835
-0.154008 10.010116 0.000066 0.000848 0.062055 -0.334456 -2.288071 10.053814 10.149548 -8.814616 -8.729431 -8.766590
-0.153374 10.004035 0.000030 0.000771 0.062055 -0.331856 -2.029507 9.958053 10.128838 -8.714540 -8.661580 -8.677971
-0.152289 10.010869 0.000052 0.000625 0.062055 -0.328894 -1.802156 10.049292 10.113211 -8.571447 -8.584252 -8.560509
-0.150090 10.027444 0.000020 0.000454 0.062055 -0.324859 -1.597947 10.010892 10.105560 -8.523321 -8.478946 -8.491592
-0.148677 10.035015 0.000029 0.000374 0.062055 -0.322413 -1.413530 10.051105 10.095297 -8.443802 -8.415102 -8.417328
-0.149028 10.040689 0.000014 0.000289 0.062055 -0.320422 -1.228580 10.030281 10.087761 -8.141894 -8.363131 -8.208944
-0.150956 10.034560 0.000018 0.000282 0.062055 -0.314100 -1.057534 10.053979 10.098438 -7.833753 -8.198140 -7.964186
-0.153221 10.018520 0.000014 0.000423 0.056150 -0.306220 -0.931365 10.016501 10.116794 -7.862013 -7.992475 -7.907682
-0.155640 10.012567 0.000031 0.000552 0.050807 -0.305348 -0.859567 10.018853 10.115804 -7.934968 -7.969697 -7.943561
-0.157406 9.999301 0.000030 0.000617 0.045972 -0.308039 -0.801805 9.986170 10.106665 -8.228305 -8.039940 -8.139394
-0.159552 9.989500 0.000037 0.000621 0.041597 -0.315692 -0.743215 9.978544 10.081329 -8.372841 -8.239678 -8.304497
-0.163476 9.980172 0.000032 0.000536 0.037638 -0.323120 -0.635428 9.971847 10.061584 -8.168136 -8.433557 -8.290414
-0.164292 9.974793 0.000028 0.000460 0.034057 -0.323141 -0.539309 9.996342 10.072097 -8.414538 -8.434117 -8.422848
-0.162239 9.979931 0.000024 0.000488 0.030816 -0.327255 -0.451480 9.968219 10.064296 -8.343194 -8.541483 -8.437346
-0.157477 9.996932 0.000030 0.000357 0.027883 -0.324966 -0.318688 10.034240 10.071897 -8.058650 -8.481738 -8.257358
-0.142104 10.133138 0.000012 -0.000325 0.025230 -0.312565 -0.126561 10.242849 10.108613 -7.721488 -8.158062 -7.936066
-0.138700 10.133750 -0.000039 -0.000133 0.022829 -0.296208 0.352250 10.078037 10.142694 -7.303164 -7.731154 -7.524992
-0.142223 10.047725 0.000020 0.000503 0.020656 -0.276715 0.184946 10.054421 10.164144 -7.119002 -7.222359 -7.227554
-0.133939 10.094280 0.000033 0.000370 0.018691 -0.262742 -0.012169 10.133640 10.164631 -7.058409 -6.857672 -7.048740
-0.126318 10.132150 0.000010 0.000172 0.016912 -0.254603 2.264040 10.116444 10.146868 -7.074211 -6.645246 -6.965165
-0.120903 10.152134 0.000010 -0.000028 0.015303 -0.250566 2.023959 10.149669 10.116378 -7.488437 -6.539859 -7.156071
-0.119235 10.170384 -0.000009 -0.000286 0.013846 -0.259497 1.801558 10.118367 10.053190 -7.706813 -6.772971 -7.351037
-0.120421 10.183683 -0.000019 -0.000691 0.012529 -0.271866 1.590959 10.168413 9.998716 -7.595675 -7.095813 -7.387114
-0.103618 10.399526 -0.000050 -0.002124 0.013373 -0.278010 1.402011 10.548273 10.002654 -7.719813 -7.256174 -7.512812
-0.112729 10.330801 -0.000162 -0.001739 0.043436 -0.287850 1.232673 10.123299 10.001945 -7.590290 -7.512989 -7.531885
-0.136759 10.082739 -0.000036 -0.000428 0.043436 -0.293098 0.982619 10.044701 10.004435 -7.556447 -7.649979 -7.562956
-0.138607 10.088992 -0.000013 -0.000448 0.043436 -0.296982 0.777975 10.131189 10.019653 -7.703652 -7.751357 -7.696693
-0.141207 10.095810 -0.000034 -0.000404 0.043436 -0.304430 0.597153 10.070957 10.030718 -7.660596 -7.945733 -7.747144
-0.142156 10.107917 -0.000013 -0.000409 0.043436 -0.307512 0.438616 10.158103 10.059056 -7.717549 -8.026184 -7.822552
-0.143967 10.118733 -0.000030 -0.000316 0.043436 -0.310499 0.310103 10.109554 10.087340 -7.480031 -8.104134 -7.715327
-0.144818 10.137766 -0.000007 -0.000267 0.043436 -0.306392 0.210053 10.205462 10.137509 -7.256794 -7.996961 -7.555037
-0.144482 10.152140 -0.000021 -0.000078 0.043436 -0.298909 0.308522 10.163001 10.192491 -7.351363 -7.801641 -7.559350
-0.144719 10.168188 0.000008 0.000129 0.043436 -0.297581 0.405257 10.204896 10.222619 -7.279842 -7.766985 -7.513550
-0.143809 10.192438 0.000005 0.000160 0.043436 -0.294538 0.458511 10.217695 10.254824 -7.332924 -7.687554 -7.527436
-0.144372 10.199718 0.000010 0.000292 0.043436 -0.293606 0.487422 10.210979 10.274956 -7.411362 -7.663242 -7.573746
-0.142710 10.208947 0.000019 0.000350 0.039302 -0.293973 0.466250 10.225535 10.286568 -7.585839 -7.672818 -7.688398
-0.130449 10.350507 0.000018 -0.000339 0.035562 -0.295756 0.406470 10.456775 10.299251 -7.412361 -7.719339 -7.603388
-0.115730 10.532861 -0.000047 -0.001238 0.032178 -0.291501 0.265938 10.615927 10.344808 -7.128668 -7.608302 -7.398684
-0.130839 10.335250 -0.000081 0.000051 0.029116 -0.281394 0.129643 10.145389 10.378533 -7.288645 -7.344497 -7.397285
-0.149708 10.111775 0.000068 0.001413 0.026345 -0.279957 -0.139010 10.088922 10.355896 -7.181151 -7.307000 -7.314235
-0.147043 10.137488 0.000079 0.001157 0.023838 -0.276461 0.136841 10.185441 10.343155 -7.269812 -7.215735 -7.333964
-0.143268 10.155905 0.000047 0.000992 0.021569 -0.276018 -0.082002 10.128367 10.320520 -7.598096 -7.204178 -7.525765
-0.141726 10.159965 0.000057 0.000851 0.019517 -0.282582 0.372750 10.156761 10.275981 -7.595253 -7.375496 -7.574903
-0.140812 10.166461 0.000036 0.000580 0.017660 -0.284309 0.216473 10.158332 10.249139 -7.603404 -7.420589 -7.587871
-0.140775 10.173459 0.000028 0.000401 0.015979 -0.285502 0.020285 10.172342 10.228353 -7.637810 -7.451709 -7.613037
-0.142861 10.168747 0.000017 0.000316 0.014458 -0.288050 -1.461466 10.152414 10.208936 -7.581667 -7.518213 -7.596566
-0.143901 10.173284 0.000017 0.000189 0.013083 -0.289743 -1.302110 10.185392 10.200782 -7.612140 -7.562416 -7.628603
-0.146353 10.164272 0.000005 0.000193 0.011838 -0.292949 -1.162989 10.143781 10.193536 -7.465890 -7.646093 -7.567338
-0.148042 10.152264 0.000015 0.000219 0.010711 -0.291957 -1.041192 10.172080 10.202439 -7.408678 -7.620181 -7.525814
-0.147296 10.149974 0.000010 0.000278 0.009692 -0.289929 -0.937276 10.147581 10.212485 -7.433084 -7.567269 -7.525195
-0.120444 10.442368 0.000020 -0.001218 0.008769 -0.288363 -0.844041 10.687899 10.245176 -7.505424 -7.526385 -7.552276
-0.123497 10.383137 -0.000131 -0.000731 0.035122 -0.286934 -0.753826 10.140843 10.260488 -7.537350 -7.489087 -7.554444
-0.148944 10.077772 0.000035 0.000968 0.035122 -0.285808 -0.589789 10.023825 10.238726 -7.350192 -7.459691 -7.423514
-0.145207 10.117199 0.000064 0.000644 0.035122 -0.280400 -0.392222 10.199815 10.234491 -7.117250 -7.318561 -7.227302
-0.138614 10.169072 0.000011 0.000347 0.035122 -0.272302 -0.157998 10.159035 10.242505 -7.043709 -7.107187 -7.104468
-0.132821 10.199200 0.000025 0.000229 0.035122 -0.265908 0.273769 10.235921 10.242765 -6.993054 -6.940301 -7.008028
-0.129473 10.218577 0.000003 0.000128 0.035122 -0.260717 -0.026146 10.200886 10.236531 -6.817398 -6.804812 -6.845153
-0.122275 10.291448 0.000011 -0.000291 0.035122 -0.255035 2.814163 10.362987 10.241113 -6.991091 -6.656522 -6.885667
-0.073826 10.872863 -0.000036 -0.003347 0.035122 -0.257317 2.509321 11.256572 10.280096 -7.091112 -6.716072 -6.955810
-0.089229 10.708653 -0.000289 -0.002271 0.077805 -0.263076 2.235525 10.243200 10.295834 -7.208335 -6.866385 -7.076553
-0.141532 10.108848 0.000014 0.000991 0.077805 -0.270970 1.902616 9.976641 10.252410 -7.320301 -7.072417 -7.214579
-0.140094 10.153428 0.000081 0.000524 0.077805 -0.279103 1.571032 10.276935 10.224589 -7.252402 -7.284702 -7.248386
-0.139323 10.187343 -0.000016 0.000197 0.077805 -0.282600 1.262192 10.118006 10.223200 -7.245678 -7.375977 -7.281587
-0.139915 10.191739 0.000031 0.000167 0.077805 -0.285206 0.970683 10.260147 10.229475 -7.277932 -7.443986 -7.332265
-0.137567 10.206338 -0.000009 0.000123 0.077805 -0.286520 0.689842 10.175297 10.239168 -7.376666 -7.478275 -7.411049
-0.109151 10.525165 0.000019 -0.001515 0.077805 -0.287483 0.329647 10.812406 10.275115 -7.382439 -7.503411 -7.428336
-0.113499 10.473402 -0.000160 -0.001051 0.077805 -0.286141 -0.446043 10.210945 10.303690 -7.076995 -7.468399 -7.241052
-0.137260 10.186284 0.000027 0.000622 0.077805 -0.277379 0.212087 10.194857 10.320251 -6.758302 -7.239694 -6.968383
-0.133356 10.220905 0.000036 0.000526 0.077805 -0.265001 -0.964029 10.276551 10.345124 -6.453648 -6.916629 -6.669359
-0.128533 10.255421 0.000020 0.000475 0.077805 -0.252130 -0.666729 10.271994 10.369630 -6.334692 -6.580680 -6.475097
-0.122537 10.289869 0.000029 0.000423 0.070400 -0.242482 -0.411777 10.321957 10.379441 -6.483223 -6.328880 -6.465566
-0.117648 10.316452 0.000017 0.000334 0.063701 -0.240395 -0.134202 10.300888 10.361982 -6.815452 -6.274398 -6.631888
-0.114350 10.336729 0.000018 0.000134 0.057639 -0.246309 0.713707 10.326279 10.320335 -7.269962 -6.428762 -6.944655
-0.114680 10.349839 -0.000002 -0.000156 0.052154 -0.259858 0.395262 10.307862 10.262461 -7.212943 -6.782407 -7.033927
-0.117270 10.350412 -0.000013 -0.000466 0.047191 -0.266635 -0.194044 10.353322 10.240126 -6.981367 -6.959280 -6.959623
-0.079011 10.817392 -0.000034 -0.003059 0.042700 -0.267105 0.767028 11.187052 10.296255 -6.845104 -6.971542 -6.892100
-0.087381 10.726005 -0.000264 -0.002277 0.071102 -0.266192 0.523172 10.366310 10.348372 -6.510913 -6.947713 -6.702405
-0.126882 10.238410 -0.000007 0.000583 0.071102 -0.257704 0.021675 10.167674 10.368960 -6.483967 -6.726180 -6.609024
-0.121657 10.287908 0.000058 0.000429 0.071102 -0.250015 -9.295423 10.401609 10.378368 -6.481819 -6.525490 -6.531476
-0.118582 10.334278 -0.000008 0.000234 0.071102 -0.247147 -8.341727 10.283571 10.377117 -6.324547 -6.450633 -6.407922
-0.117744 10.365226 0.000027 0.000063 0.071102 -0.243170 -7.485731 10.439667 10.385045 -5.974897 -6.346839 -6.162310
-0.116067 10.394407 -0.000017 -0.000050 0.071102 -0.235078 -6.716400 10.385092 10.412875 -5.851285 -6.135630 -6.010900
-0.096083 10.614958 0.000008 -0.001071 0.071102 -0.229179 -6.035248 10.819410 10.453643 -6.213694 -5.981670 -6.150833
-0.096748 10.603920 -0.000109 -0.000796 0.071102 -0.234254 -5.417307 10.414752 10.451894 -6.465382 -6.114120 -6.341839
-0.113641 10.416596 0.000010 0.000187 0.071102 -0.242239 -4.853872 10.392673 10.422966 -6.740493 -6.322545 -6.578067
-0.070922 10.937161 0.000008 -0.002725 0.071102 -0.251649 -4.328622 11.342531 10.444165 -6.894691 -6.568150 -6.763372
-0.079097 10.840362 -0.000267 -0.002099 0.071854 -0.259940 -3.840571 10.415016 10.460173 -7.098500 -6.784532 -6.963719
-0.123715 10.312385 0.000011 0.000783 0.071854 -0.268451 -3.398251 10.207578 10.422693 -7.291571 -7.006668 -7.160113
-0.120150 10.357529 0.000062 0.000345 0.071854 -0.276086 -2.970682 10.456889 10.395576 -7.418645 -7.205964 -7.309697
-0.116531 10.397760 -0.000019 -0.000012 0.071854 -0.281702 -2.561843 10.335078 10.380416 -7.545704 -7.352528 -7.439960
-0.116072 10.413200 0.000012 -0.000174 0.071854 -0.286782 -2.171575 10.461730 10.369726 -7.365738 -7.485125 -7.386698
-0.114275 10.426382 -0.000028 -0.000300 0.071854 -0.284764 -1.800914 10.406737 10.384025 -7.309045 -7.432447 -7.336380
-0.109113 10.452756 -0.000008 -0.000364 0.071854 -0.281082 -1.478052 10.498495 10.399821 -7.477090 -7.336358 -7.396634
-0.103920 10.476756 -0.000030 -0.000408 0.071854 -0.281069 -1.178444 10.449189 10.397338 -7.710069 -7.336019 -7.526404
-0.101926 10.494289 -0.000016 -0.000514 0.071854 -0.284569 -0.870836 10.503322 10.379987 -7.714850 -7.427361 -7.559537
-0.103157 10.512944 -0.000038 -0.000705 0.071854 -0.287329 -0.502240 10.499855 10.372495 -7.337466 -7.499394 -7.370230
-0.103402 10.527260 -0.000039 -0.000820 0.071854 -0.282534 -0.095065 10.560893 10.399680 -7.215652 -7.374240 -7.253120
-0.103425 10.524989 -0.000049 -0.000664 0.065016 -0.279431 0.757641 10.507734 10.423678 -7.228415 -7.293269 -7.231066
-0.103624 10.525519 -0.000026 -0.000540 0.058829 -0.279030 0.649376 10.544436 10.438552 -7.166061 -7.282798 -7.194133
-0.107103 10.517978 -0.000033 -0.000421 0.053230 -0.278478 0.571561 10.505253 10.454935 -7.209844 -7.268379 -7.217096
-0.111743 10.510303 -0.000016 -0.000293 0.048165 -0.281988 0.512437 10.518576 10.464704 -7.324897 -7.359988 -7.324583
-0.114993 10.505003 -0.000017 -0.000214 0.043581 -0.288517 0.482574 10.496682 10.471272 -7.246655 -7.530402 -7.353575
-0.116005 10.501069 -0.000009 -0.000158 0.039434 -0.290398 0.463752 10.525096 10.494768 -7.219932 -7.579504 -7.367392
-0.114689 10.501221 -0.000010 -0.000034 0.035681 -0.289267 0.449799 10.508121 10.521413 -7.386492 -7.549986 -7.460824
-0.115700 10.491108 0.000003 0.000161 0.032286 -0.290587 0.374440 10.489320 10.530204 -7.187142 -7.584423 -7.364670
-0.081287 10.913715 0.000011 -0.002032 0.029213 -0.286109 0.230397 11.281957 10.597281 -6.884821 -7.467557 -7.159301
-0.088753 10.831977 -0.000204 -0.001244 0.054823 -0.276936 0.083823 10.514129 10.662887 -6.792182 -7.228141 -7.014129
-0.122979 10.395243 0.000042 0.001418 0.054823 -0.268842 -0.768788 10.331657 10.667645 -6.818249 -7.016893 -6.952352
-0.052913 11.180502 0.000098 -0.002718 0.054823 -0.263693 -0.609934 11.873941 10.733294 -7.161827 -6.882490 -7.062551
-0.062448 11.047064 -0.000339 -0.001663 0.091168 -0.265913 -0.389118 10.365365 10.744473 -7.436352 -6.940442 -7.223814
-0.128940 10.260908 0.000110 0.002562 0.091168 -0.273058 0.506651 10.141484 10.660259 -7.406187 -7.126910 -7.267100
-0.124606 10.322227 0.000152 0.001791 0.091168 -0.275431 -0.381484 10.446627 10.606262 -7.391622 -7.188853 -7.277063
-0.120885 10.377201 0.000047 0.001214 0.091168 -0.277746 0.685045 10.306999 10.568694 -7.479481 -7.249286 -7.349381
-0.120353 10.387497 0.000077 0.000960 0.091168 -0.282105 0.131816 10.435251 10.533930 -7.678385 -7.363045 -7.508234
-0.121776 10.393539 0.000029 0.000744 0.091168 -0.289273 -2.051607 10.337369 10.497090 -7.879615 -7.550144 -7.696702
-0.082427 10.907168 0.000048 -0.002173 0.091168 -0.298856 -1.712674 11.339185 10.514275 -8.008195 -7.800247 -7.874856
-0.095457 10.793196 -0.000244 -0.001478 0.091168 -0.309029 -1.407608 10.341368 10.527131 -8.102088 -8.065767 -8.042761
-0.141275 10.257699 0.000054 0.001428 0.091168 -0.317737 -1.133484 10.188138 10.497561 -8.075726 -8.293070 -8.117072
-0.127522 10.420794 0.000091 0.000407 0.091168 -0.319835 -0.835046 10.622634 10.505600 -7.845310 -8.347818 -8.012379
-0.127803 10.425238 -0.000035 0.000426 0.091168 -0.314248 -0.491318 10.303656 10.533899 -7.546210 -8.202001 -7.792336
-0.137794 10.319729 0.000068 0.001135 0.082493 -0.304042 -0.048101 10.380005 10.559900 -7.167263 -7.935608 -7.477766
-0.134669 10.356844 0.000054 0.001076 0.074642 -0.291151 2.234066 10.393872 10.595150 -6.979034 -7.599161 -7.251612
-0.131076 10.385213 0.000060 0.001112 0.067539 -0.280085 2.007469 10.423126 10.618996 -7.127577 -7.310323 -7.238666
-0.126839 10.407904 0.000059 0.001119 0.061112 -0.277161 1.821649 10.408940 10.611101 -7.544252 -7.234011 -7.456026
-0.120924 10.435752 0.000061 0.000929 0.055296 -0.282536 1.645077 10.434769 10.571133 -8.159483 -7.374289 -7.862752
-0.120079 10.438780 0.000042 0.000701 0.050034 -0.296532 1.430593 10.385214 10.501123 -8.319430 -7.739612 -8.085177
-0.123642 10.423131 0.000036 0.000413 0.045273 -0.306450 1.170389 10.411540 10.451399 -8.183094 -7.998467 -8.096084
-0.125825 10.402733 0.000013 0.000258 0.040965 -0.309007 0.909570 10.382337 10.433183 -8.183939 -8.065200 -8.119401
-0.128580 10.372393 0.000016 0.000322 0.037066 -0.310973 0.665600 10.355853 10.418518 -7.959787 -8.116512 -8.005064
-0.130123 10.365975 0.000020 0.000278 0.033539 -0.307620 0.427902 10.385406 10.424596 -8.005780 -8.029017 -8.002087
-0.132247 10.348488 0.000013 0.000403 0.030347 -0.308390 0.215297 10.320634 10.418666 -8.318361 -8.049092 -8.197734
-0.135586 10.312942 0.000030 0.000560 0.027459 -0.316832 -0.073254 10.287319 10.388623 -8.400665 -8.269436 -8.328147
-0.136355 10.291768 0.000031 0.000513 0.024846 -0.321887 0.619814 10.285839 10.369449 -8.226034 -8.401387 -8.272745
-0.135019 10.278036 0.000026 0.000484 0.022482 -0.317883 0.492330 10.284472 10.372987 -7.983148 -8.296870 -8.091075
-0.134109 10.267561 0.000027 0.000559 0.020342 -0.308240 0.391288 10.276717 10.385129 -7.707524 -8.045177 -7.834779
-0.131534 10.268870 0.000033 0.000616 0.018407 -0.296366 0.320259 10.287007 10.397917 -7.635769 -7.735261 -7.677773
-0.128745 10.277423 0.000034 0.000638 0.016655 -0.288255 0.297832 10.276951 10.393062 -7.417943 -7.523562 -7.465150
-0.124138 10.285831 0.000036 0.000568 0.015070 -0.278732 0.291804 10.300573 10.389976 -7.422486 -7.275017 -7.369704
-0.117044 10.300696 0.000028 0.000473 0.013636 -0.271985 0.315431 10.290131 10.370385 -7.542006 -7.098920 -7.363010
-0.111247 10.319911 0.000025 0.000267 0.012338 -0.269560 0.285945 10.311697 10.333299 -7.272289 -7.035612 -7.166712
-0.066497 10.820745 0.000008 -0.002583 0.011164 -0.261487 0.224443 11.210870 10.364931 -6.929048 -6.824913 -6.879561
-0.077526 10.702752 -0.000250 -0.001790 0.067146 -0.252473 0.149179 10.288727 10.391183 -6.501181 -6.589638 -6.537309
-0.124194 10.171243 0.000030 0.001165 0.067146 -0.241576 -0.848675 10.083652 10.375585 -6.390412 -6.305217 -6.359685
-0.122928 10.197422 0.000087 0.000944 0.067146 -0.238415 -0.641384 10.282278 10.351609 -6.335121 -6.222735 -6.290876
-0.103072 10.438640 0.000021 -0.000461 0.067146 -0.238826 -0.468572 10.555604 10.352185 -6.233727 -6.233459 -6.234281
-0.107597 10.381289 -0.000060 -0.000154 0.067146 -0.238541 -0.324237 10.241817 10.355076 -6.448845 -6.226008 -6.355338
-0.127187 10.135885 0.000034 0.001161 0.067146 -0.243861 -0.108685 10.035027 10.317045 -6.614710 -6.364876 -6.504376
-0.124961 10.153205 0.000084 0.000868 0.067146 -0.249564 1.232380 10.229682 10.282596 -6.462442 -6.513715 -6.465230
-0.121403 10.191475 0.000016 0.000483 0.067146 -0.247712 0.942807 10.164616 10.277191 -6.365252 -6.465383 -6.390011
-0.119539 10.210333 0.000034 0.000354 0.067146 -0.244572 0.610103 10.254147 10.277746 -6.225306 -6.383417 -6.277124
-0.119731 10.212665 0.000008 0.000345 0.067146 -0.240243 0.178638 10.190912 10.282670 -5.981165 -6.270450 -6.091146
-0.119250 10.221699 0.000028 0.000323 0.067146 -0.233117 -0.993821 10.267245 10.297490 -5.775188 -6.084452 -5.901811
-0.116965 10.241264 0.000010 0.000298 0.060756 -0.225805 -0.725039 10.242841 10.314229 -5.595929 -5.893601 -5.726517
-0.111884 10.266550 0.000022 0.000253 0.054975 -0.217898 -0.509351 10.307042 10.330985 -5.762439 -5.687213 -5.746914
-0.106025 10.297449 0.000008 0.000178 0.049743 -0.216337 -0.306730 10.284335 10.322192 -6.034712 -5.646471 -5.885266
-0.100701 10.334372 0.000012 -0.000065 0.045009 -0.220254 0.090279 10.346329 10.295338 -5.821972 -5.748713 -5.794791
-0.094967 10.362669 -0.000014 -0.000357 0.040726 -0.214934 -1.407613 10.370444 10.296774 -5.502387 -5.609858 -5.550631
-0.065819 10.643415 -0.000021 -0.001837 0.036851 -0.203879 -1.177652 10.869564 10.339209 -5.289180 -5.321332 -5.305457
-0.063502 10.613167 -0.000157 -0.001452 0.042182 -0.192236 -0.960630 10.410375 10.368929 -5.119120 -5.017440 -5.074368
-0.082837 10.369216 -0.000013 -0.000002 0.042182 -0.182033 -0.712616 10.328938 10.361606 -4.882736 -4.751123 -4.822182
-0.066152 10.560573 0.000009 -0.001054 0.042182 -0.173917 -0.425277 10.736365 10.371986 -4.602096 -4.539294 -4.569635
-0.063853 10.573684 -0.000108 -0.001069 0.042182 -0.166518 -0.097972 10.438998 10.387615 -4.755588 -4.346174 -4.562433
-0.075058 10.445480 -0.000016 -0.000307 0.042182 -0.168724 0.832640 10.421063 10.363798 -4.787043 -4.403771 -4.595254
-0.074978 10.474315 -0.000018 -0.000586 0.042182 -0.173205 0.631704 10.489204 10.347137 -4.727927 -4.520715 -4.605852
-0.076270 10.491221 -0.000043 -0.000763 0.042182 -0.177349 0.439068 10.477851 10.346562 -5.186817 -4.628881 -4.903608
-0.081251 10.506016 -0.000040 -0.000845 0.042182 -0.193474 0.230024 10.488205 10.322165 -5.392883 -5.049754 -5.192322
-0.089136 10.527855 -0.000050 -0.001090 0.042182 -0.211329 -0.138636 10.534764 10.317924 -5.228870 -5.515767 -5.300006
-0.095138 10.529144 -0.000065 -0.001119 0.042182 -0.221304 0.072851 10.545392 10.359790 -5.771575 -5.776124 -5.729207
-0.100211 10.531625 -0.000056 -0.000911 0.042182 -0.240661 0.482274 10.520941 10.377303 -6.117241 -6.281342 -6.146569
-0.102441 10.548094 -0.000044 -0.000905 0.038168 -0.257946 0.462913 10.581682 10.406247 -6.312116 -6.732490 -6.459299
-0.100878 10.575914 -0.000054 -0.000899 0.034536 -0.267544 0.450095 10.601696 10.453610 -6.660236 -6.983005 -6.777745
-0.079402 10.863390 -0.000046 -0.002171 0.031249 -0.276751 0.366024 11.096083 10.517926 -6.238951 -7.223299 -6.673852
-0.082270 10.835496 -0.000173 -0.001683 0.046572 -0.269431 0.271289 10.698202 10.620858 -6.192961 -7.032254 -6.587023
-0.102176 10.601286 -0.000025 0.000104 0.046572 -0.261042 0.165678 10.584440 10.679587 -6.258453 -6.813292 -6.549171
-0.098039 10.671568 0.000026 0.000042 0.046572 -0.256927 0.012643 10.781388 10.718904 -6.143306 -6.705889 -6.450040
-0.092449 10.720887 -0.000020 -0.000011 0.046572 -0.250729 0.598276 10.713165 10.759781 -6.729741 -6.544113 -6.711911
-0.090134 10.750256 0.000012 0.000050 0.046572 -0.258184 0.550991 10.766506 10.745406 -6.951601 -6.738699 -6.913426
-0.087870 10.776981 -0.000008 -0.000167 0.046572 -0.265210 0.415728 10.769967 10.733169 -7.354414 -6.922099 -7.207938
-0.086756 10.798131 -0.000012 -0.000344 0.046572 -0.275603 0.219701 10.789403 10.708406 -7.659951 -7.193351 -7.484181
-0.089588 10.808508 -0.000025 -0.000530 0.046572 -0.287830 -0.382126 10.790053 10.684678 -7.457881 -7.512488 -7.506058
-0.094511 10.788529 -0.000033 -0.000550 0.046572 -0.290846 -0.019294 10.791259 10.699012 -7.562533 -7.591189 -7.599280
-0.099294 10.777201 -0.000029 -0.000414 0.046572 -0.298171 5.309053 10.768028 10.708903 -7.470673 -7.782391 -7.634068
-0.102522 10.776568 -0.000019 -0.000359 0.046572 -0.301236 4.763478 10.805940 10.738209 -7.461991 -7.862371 -7.672061
-0.105008 10.771622 -0.000021 -0.000177 0.042140 -0.303210 4.278160 10.773118 10.770500 -7.657203 -7.913899 -7.812399
-0.107013 10.761857 -0.000002 0.000046 0.038130 -0.308148 3.846109 10.771410 10.788197 -7.873580 -8.042796 -7.994836
-0.107714 10.754855 0.000004 0.000177 0.034501 -0.313701 3.457640 10.753847 10.797098 -8.045973 -8.187723 -8.157361
-0.108968 10.745757 0.000012 0.000272 0.031218 -0.317976 3.105368 10.749534 10.802213 -7.999053 -8.299300 -8.181811
-0.110813 10.732396 0.000015 0.000370 0.028247 -0.317308 2.786727 10.740395 10.816941 -7.943602 -8.281854 -8.148651
-0.111682 10.727018 0.000022 0.000476 0.025559 -0.314548 2.505103 10.740775 10.832407 -8.139189 -8.209836 -8.233240
-0.112268 10.726909 0.000027 0.000559 0.023127 -0.316931 2.256693 10.720925 10.826965 -8.339085 -8.272012 -8.371685
-0.111333 10.731508 0.000031 0.000506 0.020926 -0.321482 2.036170 10.735124 10.812570 -8.419059 -8.390802 -8.463951
-0.111464 10.712275 0.000023 0.000531 0.018935 -0.323487 1.839038 10.691953 10.800497 -8.470638 -8.443137 -8.512377
-0.112496 10.682508 0.000032 0.000625 0.017133 -0.323686 1.660713 10.672964 10.786710 -8.685445 -8.448321 -8.632570
-0.112456 10.672648 0.000034 0.000604 0.015502 -0.327232 1.496676 10.655249 10.758158 -8.845584 -8.540884 -8.754531
-0.114303 10.662444 0.000031 0.000507 0.014027 -0.332152 1.340946 10.646168 10.726555 -8.572112 -8.669303 -8.645070
-0.117296 10.650122 0.000024 0.000405 0.012692 -0.329324 1.197108 10.660313 10.725939 -8.220627 -8.595495 -8.414371
-0.119776 10.616716 0.000020 0.000579 0.011484 -0.321445 1.075541 10.608944 10.742122 -8.235781 -8.389831 -8.343765
-0.119273 10.587963 0.000040 0.000817 0.010759 -0.317825 0.974220 10.582317 10.737845 -8.346334 -8.295358 -8.369128
-0.116890 10.584571 0.000047 0.000812 0.012579 -0.316716 0.880936 10.582689 10.718832 -8.267696 -8.266416 -8.308225
-0.116478 10.582991 0.000041 0.000720 0.012579 -0.312998 0.786735 10.583140 10.705155 -7.926878 -8.169373 -8.069692
-0.115561 10.580389 0.000037 0.000661 0.012579 -0.303475 0.697751 10.595721 10.710212 -7.683821 -7.920818 -7.829028
-0.113824 10.568656 0.000035 0.000750 0.012579 -0.293147 0.627233 10.564140 10.713193 -7.550376 -7.651242 -7.641595
-0.105136 10.634213 0.000045 0.000419 0.012579 -0.284621 0.570217 10.697563 10.712588 -7.439608 -7.428714 -7.482366
-0.103902 10.603716 0.000006 0.000577 0.012579 -0.276789 0.526058 10.527851 10.700913 -7.684701 -7.224314 -7.528527
-0.109873 10.506205 0.000052 0.001032 0.014098 -0.277815 0.478710 10.455600 10.648154 -7.807914 -7.251068 -7.595984
-0.108749 10.502758 0.000058 0.000770 0.015691 -0.281136 0.413274 10.500221 10.593350 -7.723967 -7.337752 -7.568707
-0.106804 10.490920 0.000029 0.000543 0.015691 -0.280705 0.334429 10.455553 10.555181 -7.837923 -7.326515 -7.617960
-0.105926 10.464384 0.000031 0.000481 0.015691 -0.282679 0.237385 10.434472 10.509124 -7.846575 -7.378037 -7.631086
-0.106134 10.444907 0.000024 0.000340 0.015691 -0.283716 0.073227 10.419377 10.468824 -7.615355 -7.405100 -7.498077
-0.106663 10.428349 0.000016 0.000214 0.015691 -0.279799 -0.473044 10.420325 10.449573 -7.446202 -7.302852 -7.352973
-0.107569 10.415077 0.000010 0.000183 0.015691 -0.275874 -0.347538 10.400514 10.435759 -7.118436 -7.200410 -7.118433
-0.107785 10.411314 0.000012 0.000130 0.015691 -0.268730 -0.224970 10.425881 10.439241 -6.667276 -7.013949 -6.783405
-0.095683 10.530686 0.000005 -0.000485 0.015691 -0.256786 -0.141831 10.639597 10.473453 -6.638369 -6.702219 -6.641562
-0.095659 10.507196 -0.000048 -0.000179 0.015691 -0.251065 -0.124229 10.405892 10.481444 -6.866384 -6.552898 -6.707610
-0.107014 10.382964 0.000023 0.000522 0.015691 -0.254358 -0.084615 10.341955 10.448929 -6.862268 -6.638843 -6.734214
-0.107366 10.397658 0.000033 0.000272 0.015691 -0.257561 0.063322 10.426065 10.427646 -6.780396 -6.722435 -6.717874
-0.107349 10.397901 0.000001 0.000158 0.014197 -0.258550 -0.093775 10.371178 10.420481 -6.906026 -6.748267 -6.801455
-0.108937 10.381734 0.000015 0.000205 0.012846 -0.262649 -0.012916 10.378771 10.405199 -6.931173 -6.855256 -6.858573
-0.110259 10.376489 0.000009 0.000152 0.011624 -0.265871 0.690139 10.369173 10.396839 -6.986179 -6.939347 -6.925650
-0.111552 10.379370 0.000009 0.000093 0.010518 -0.269351 0.609506 10.384142 10.391706 -7.097007 -7.030162 -7.028729
-0.111394 10.396491 0.000003 -0.000025 0.009517 -0.274490 0.536037 10.401536 10.387351 -7.119452 -7.164298 -7.098245
-0.110067 10.388463 -0.000004 -0.000006 0.008611 -0.276789 0.473861 10.381247 10.390705 -7.160996 -7.224312 -7.150714
-0.107810 10.377971 0.000003 0.000067 0.007792 -0.276043 0.418511 10.379928 10.394009 -6.893238 -7.204841 -6.991267
-0.065470 10.840064 0.000005 -0.002364 0.007050 -0.267502 0.365634 11.230704 10.461146 -6.716915 -6.981908 -6.803123
-0.071218 10.742112 -0.000228 -0.001489 0.061244 -0.257517 0.328444 10.370399 10.508403 -6.853396 -6.721286 -6.763980
-0.111316 10.274876 0.000040 0.001237 0.061244 -0.254839 -0.078152 10.188905 10.475498 -6.575530 -6.651397 -6.570186
-0.106853 10.323030 0.000085 0.000808 0.061244 -0.248382 1.585218 10.435816 10.465737 -6.492060 -6.482858 -6.454883
-0.103683 10.353160 0.000009 0.000597 0.061244 -0.244349 1.375452 10.286369 10.453814 -6.586670 -6.377616 -6.466209
-0.101620 10.366522 0.000050 0.000463 0.061244 -0.245721 1.185676 10.415528 10.429969 -6.860956 -6.413424 -6.634811
-0.098980 10.384461 0.000005 0.000241 0.061244 -0.252559 1.012445 10.327247 10.393058 -7.361246 -6.591886 -6.986773
-0.099238 10.407861 0.000020 -0.000078 0.061244 -0.267885 0.781351 10.416723 10.338909 -7.460987 -6.991909 -7.196609
-0.103296 10.415959 -0.000023 -0.000408 0.061244 -0.279686 0.463650 10.381430 10.312696 -7.396213 -7.299909 -7.281307
-0.108351 10.400691 -0.000020 -0.000466 0.061244 -0.287021 0.028763 10.409136 10.314532 -7.550289 -7.491350 -7.452076
-0.112142 10.391188 -0.000028 -0.000406 0.061244 -0.295118 -5.047327 10.372567 10.317936 -7.571139 -7.702692 -7.554810
-0.114480 10.405179 -0.000016 -0.000462 0.061244 -0.301107 -4.513363 10.440781 10.336173 -7.260369 -7.859021 -7.446930
-0.117612 10.408302 -0.000031 -0.000382 0.055416 -0.297858 -4.035264 10.425606 10.386672 -7.092491 -7.774214 -7.333349
-0.119955 10.405593 -0.000012 -0.000100 0.050143 -0.293451 -3.619271 10.438875 10.437857 -7.107610 -7.659182 -7.315359
-0.121433 10.403576 -0.000001 0.000182 0.045371 -0.291448 -3.255291 10.415219 10.474311 -7.106719 -7.606912 -7.309538
-0.119598 10.418569 0.000017 0.000295 0.041053 -0.289052 -2.931208 10.457417 10.504905 -7.205758 -7.544381 -7.355418
-0.116972 10.431400 0.000014 0.000389 0.037146 -0.287169 -2.639227 10.435071 10.522039 -7.287783 -7.495237 -7.391466
-0.115519 10.438734 0.000026 0.000441 0.033612 -0.285394 -2.369110 10.456664 10.528708 -7.237456 -7.448904 -7.347760
-0.111445 10.463707 0.000021 0.000344 0.030413 -0.280858 -2.123556 10.484631 10.537497 -7.424709 -7.330493 -7.410073
-0.109078 10.479011 0.000016 0.000310 0.027519 -0.280959 -1.901054 10.467703 10.524836 -7.360007 -7.333154 -7.370337
-0.107501 10.484255 0.000017 0.000215 0.024900 -0.278368 -1.698683 10.495556 10.518837 -7.405448 -7.265515 -7.365590
-0.106617 10.485002 0.000007 0.000179 0.022530 -0.277383 -1.523827 10.466440 10.505335 -7.589752 -7.239808 -7.455080
-0.107204 10.481244 0.000012 0.000128 0.020386 -0.281547 -1.367232 10.467783 10.477623 -7.762734 -7.348480 -7.590273
-0.110037 10.469101 0.000003 0.000045 0.018446 -0.288383 -1.228666 10.440202 10.446817 -7.900185 -7.526917 -7.733658
-0.114041 10.454975 0.000002 -0.000043 0.016691 -0.297038 -1.102618 10.439802 10.420643 -7.932099 -7.752807 -7.837651
-0.116757 10.439418 -0.000005 -0.000099 0.015103 -0.303556 -0.994691 10.426147 10.409557 -8.072154 -7.922932 -7.986286
-0.119414 10.422432 -0.000005 -0.000068 0.013665 -0.310753 -0.899865 10.408670 10.400054 -8.151410 -8.110779 -8.107808
-0.123496 10.387039 -0.000002 0.000069 0.012365 -0.316247 -0.813103 10.366796 10.395815 -8.213938 -8.254170 -8.203817
-0.125796 10.365606 0.000009 0.000160 0.011188 -0.319967 -0.732747 10.367563 10.395703 -8.282695 -8.351273 -8.286579
-0.127029 10.363665 0.000009 0.000170 0.010124 -0.322803 -0.655398 10.365504 10.397458 -8.084349 -8.425295 -8.202598
-0.128678 10.357769 0.000010 0.000210 0.009160 -0.319269 -0.582286 10.376233 10.418142 -7.870236 -8.333039 -8.048700
-0.128883 10.357477 0.000013 0.000321 0.008289 -0.312533 -0.524253 10.375936 10.445539 -7.888749 -8.157243 -8.001676
-0.128374 10.356175 0.000021 0.000474 0.007500 -0.309464 -0.479035 10.359781 10.456016 -7.929139 -8.077125 -8.000398
-0.127042 10.350208 0.000029 0.000561 0.007767 -0.307505 -0.441513 10.353251 10.456136 -8.052824 -8.026010 -8.056453
-0.125908 10.352646 0.000031 0.000548 0.008325 -0.307610 -0.405416 10.350224 10.443848 -7.942516 -8.028752 -7.990901
-0.122900 10.377484 0.000028 0.000352 0.008325 -0.304006 -0.366291 10.405526 10.443447 -7.893959 -7.934686 -7.925390
-0.121303 10.389105 0.000012 0.000288 0.008325 -0.300507 -0.332037 10.378912 10.440958 -7.808758 -7.843341 -7.838088
-0.121616 10.395584 0.000019 0.000240 0.008325 -0.297534 -0.292373 10.411422 10.438921 -7.462345 -7.765760 -7.603230
-0.120861 10.401074 0.000009 0.000201 0.008325 -0.288988 -0.260109 10.414734 10.457075 -7.297263 -7.542689 -7.421831
-0.120143 10.398314 0.000013 0.000311 0.008325 -0.281800 -0.242113 10.402925 10.468945 -7.191131 -7.355086 -7.287630
-0.118350 10.401100 0.000020 0.000359 0.008325 -0.276071 -0.229222 10.411494 10.474015 -7.157901 -7.205554 -7.209172
-0.116777 10.401284 0.000019 0.000385 0.008325 -0.272051 -0.215510 10.396561 10.470188 -7.208421 -7.100629 -7.194612
-0.117150 10.397675 0.000023 0.000384 0.008325 -0.271380 -0.185020 10.390771 10.455142 -7.189025 -7.083115 -7.171526
-0.119496 10.379539 0.000020 0.000401 0.008325 -0.271541 -0.134614 10.362895 10.439924 -7.136118 -7.087327 -7.138087
-0.120900 10.367481 0.000024 0.000384 0.008325 -0.271552 -0.070910 10.367623 10.429152 -7.093499 -7.087620 -7.110770
-0.121621 10.356599 0.000019 0.000384 0.007533 -0.271308 0.016167 10.347355 10.421472 -7.146531 -7.081259 -7.138240
-0.122190 10.343022 0.000023 0.000416 0.006816 -0.272556 -0.233047 10.334836 10.408907 -7.307117 -7.113821 -7.243538
-0.121233 10.347625 0.000023 0.000325 0.006168 -0.276591 -0.192518 10.343879 10.388802 -7.350603 -7.219131 -7.306291
-0.120965 10.344437 0.000014 0.000235 0.005581 -0.278876 -0.146761 10.335378 10.374859 -7.331018 -7.278776 -7.315165
-0.120267 10.340445 0.000013 0.000182 0.005050 -0.278847 -0.101633 10.340722 10.367640 -7.413501 -7.278019 -7.361636
-0.119360 10.345191 0.000009 0.000119 0.004569 -0.280261 -0.052756 10.338970 10.355599 -7.301780 -7.314934 -7.307273
-0.117993 10.355303 0.000006 0.000002 0.004134 -0.278159 0.027201 10.369321 10.356521 -7.101293 -7.260056 -7.167456
-0.080824 10.786494 -0.000003 -0.002278 0.003741 -0.272835 -0.053490 11.131713 10.410998 -6.799915 -7.121102 -6.945256
-0.087275 10.692045 -0.000213 -0.001489 0.057310 -0.263765 -0.038664 10.363535 10.462326 -6.677113 -6.884358 -6.779359
-0.123364 10.244542 0.000029 0.001154 0.057310 -0.255887 1.499597 10.164333 10.455533 -6.637197 -6.678751 -6.677470
-0.052899 11.056173 0.000086 -0.003183 0.057310 -0.251633 1.302327 11.772650 10.518602 -6.819029 -6.567721 -6.716149
-0.064530 10.909845 -0.000372 -0.002073 0.099971 -0.253269 1.134453 10.201430 10.539555 -7.239522 -6.610415 -6.949847
-0.134560 10.102702 0.000099 0.002315 0.099971 -0.265263 0.746376 9.978230 10.450381 -7.382687 -6.923460 -7.142765
-0.131642 10.165490 0.000139 0.001510 0.099971 -0.275049 0.100334 10.282092 10.388687 -7.382477 -7.178898 -7.232799
-0.129330 10.211349 0.000031 0.000940 0.099971 -0.280124 -4.249078 10.140034 10.356233 -7.507690 -7.311354 -7.358329
-0.130305 10.215866 0.000064 0.000744 0.099971 -0.286922 -3.730810 10.262335 10.328000 -7.562198 -7.488786 -7.459495
-0.132030 10.212456 0.000020 0.000612 0.099971 -0.292277 -3.250626 10.167244 10.311137 -7.695148 -7.628547 -7.596539
-0.133222 10.223333 0.000043 0.000465 0.099971 -0.298585 -2.809424 10.263389 10.297541 -7.934726 -7.793192 -7.807955
-0.134914 10.229770 0.000011 0.000359 0.099971 -0.308168 -2.383863 10.192640 10.280530 -7.995223 -8.043319 -7.942724
-0.135206 10.233457 0.000027 0.000249 0.099971 -0.313630 -1.974349 10.269587 10.279300 -8.072716 -8.185870 -8.050730
-0.136197 10.227310 0.000003 0.000275 0.099971 -0.316914 -1.570080 10.201671 10.282283 -7.950114 -8.271592 -8.016713
-0.135586 10.222690 0.000024 0.000316 0.099971 -0.313971 -1.163710 10.262750 10.299569 -7.955751 -8.194757 -8.001953
-0.132009 10.234260 0.000012 0.000346 0.090458 -0.310320 -0.754469 10.228749 10.310320 -8.294074 -8.099480 -8.177029
-0.131132 10.236773 0.000025 0.000390 0.081850 -0.314618 -0.277970 10.229122 10.288895 -8.204608 -8.211662 -8.164211
-0.130422 10.232097 0.000018 0.000301 0.074061 -0.313036 0.731654 10.234988 10.283725 -8.070038 -8.170374 -8.069087
-0.066253 10.957449 0.000015 -0.003570 0.067013 -0.307891 0.404215 11.542674 10.358352 -7.804110 -8.036069 -7.870771
-0.078668 10.792352 -0.000351 -0.002300 0.094273 -0.298360 0.067209 10.208867 10.418524 -7.397650 -7.787325 -7.545028
-0.140942 10.030553 0.000061 0.002056 0.094273 -0.281889 -2.744576 9.916078 10.407903 -7.687736 -7.357409 -7.573741
-0.134663 10.095393 0.000145 0.001656 0.094273 -0.282316 -2.404197 10.214960 10.352768 -7.689323 -7.368556 -7.568731
-0.130154 10.155611 0.000041 0.001045 0.094273 -0.283833 -2.068707 10.084938 10.309858 -7.631434 -7.408160 -7.539751
-0.130266 10.171133 0.000067 0.000735 0.094273 -0.284818 -1.772699 10.223946 10.279842 -7.665836 -7.433869 -7.564452
-0.131100 10.171731 0.000017 0.000573 0.094273 -0.288814 -1.495913 10.113187 10.252258 -7.787906 -7.538161 -7.673288
