0.000000 -0.003282 0.000000 0.000000 0.000000 0.000000 0.000000 0.000000 0.000000 6.833603 0.000000 6.833603
0.000000 -0.005798 0.000000 0.000000 0.000000 0.000000 0.000000 0.000000 0.000000 6.833437 0.000000 6.833437
0.000000 -0.002065 0.000000 0.000000 0.000000 0.000000 0.000000 0.000000 0.000000 6.833200 0.000000 6.833200
0.000000 0.076887 0.000000 0.000000 0.000000 0.000000 0.000000 0.000000 0.000000 6.832800 0.000000 6.832800
0.000000 0.257011 0.000000 0.000000 0.000000 0.000000 0.000000 0.000000 0.000000 6.832689 0.000000 6.832689
0.000000 0.448165 0.000000 0.000000 0.000000 0.000000 0.000000 0.000000 0.000000 6.832698 0.000000 6.832698
0.000000 0.536456 0.000000 0.000000 0.000000 0.000000 0.000000 0.000000 0.000000 6.832620 0.000000 6.832620
0.000000 0.565617 0.000000 0.000000 0.000000 0.000000 0.000000 0.000000 0.000000 6.833531 0.000000 6.833531
0.000000 0.566062 0.000000 0.000000 0.000000 0.000000 0.000000 0.000000 0.000000 6.835110 0.000000 6.835110
0.000000 0.582194 0.000000 0.000000 0.000000 0.000000 0.000000 0.000000 0.000000 6.822379 0.000000 6.822379
0.000000 0.661028 0.000000 0.000000 0.000000 0.000000 0.000000 0.000000 0.000000 6.812416 0.000000 6.812416
0.000000 0.726067 0.000000 0.000000 0.000000 0.000000 0.000000 0.000000 0.000000 6.821133 0.000000 6.821133
0.000000 0.770795 0.000000 0.000000 0.000000 0.000000 0.000000 0.000000 0.000000 6.825344 0.000000 6.825344
0.000000 0.827378 0.000000 0.000000 0.000000 0.000000 0.000000 0.000000 0.000000 6.834636 0.000000 6.834636
0.000000 0.900498 0.000000 0.000000 0.000000 0.000000 0.000000 0.000000 0.000000 6.836187 0.000000 6.836187
0.000000 0.981210 0.000000 0.000000 0.000000 0.000000 0.000000 0.000000 0.000000 6.828377 0.000000 6.828377
0.237014 1.063766 0.000000 0.000000 0.000000 0.000000 0.000000 0.000000 0.000000 6.831381 0.000000 6.831381
0.160471 1.148727 0.000000 0.000000 0.000000 0.000000 0.000000 0.000000 0.000000 6.830584 0.000000 6.830584
0.094028 1.233673 0.000000 0.000000 0.000000 0.000000 0.000000 0.000000 0.000000 6.838759 0.000000 6.838759
0.050673 1.327276 0.000000 0.000000 0.000000 0.000000 0.000000 0.000000 0.000000 6.843035 0.000000 6.843035
0.061494 1.448412 0.000000 0.000000 0.000000 0.000000 0.000000 0.000000 0.000000 6.835092 0.000000 6.835092
0.087723 1.578876 0.000000 0.000000 0.000000 0.000000 0.000000 0.000000 0.000000 6.830145 0.000000 6.830145
0.108653 1.688115 0.000000 0.000000 0.000000 0.000000 0.000000 0.000000 0.000000 6.817840 0.000000 6.817840
0.118076 1.792518 0.000000 0.000000 0.000000 0.000000 0.000000 0.000000 0.000000 6.820712 0.000000 6.820712
0.129340 1.915001 0.000000 0.000000 0.000000 0.000000 0.000000 0.000000 0.000000 6.827823 0.000000 6.827823
0.128199 2.017993 0.000000 0.000000 0.000000 0.000000 0.000000 0.000000 0.000000 6.822339 0.000000 6.822339
0.113408 2.103124 0.000000 0.000000 0.000000 0.000000 0.000000 0.000000 0.000000 6.823975 0.000000 6.823975
0.116728 2.209341 0.000000 0.000000 0.000000 0.000000 0.000000 0.000000 0.000000 6.824881 0.000000 6.824881
0.115483 2.297573 0.000000 0.000000 0.000000 0.000000 0.000000 0.000000 0.000000 6.827007 0.000000 6.827007
0.100026 2.365283 0.000000 0.000000 0.000000 0.000000 0.000000 0.000000 0.000000 6.831806 0.000000 6.831806
0.094155 2.456599 0.000000 0.000000 0.000000 0.000000 0.000000 0.000000 0.000000 6.829755 0.000000 6.829755
0.084611 2.538479 0.000000 0.000000 0.000000 0.000000 0.000000 0.000000 0.000000 6.827778 0.000000 6.827778
0.073269 2.620835 0.000000 0.000000 0.000000 0.000000 0.000000 0.000000 0.000000 6.829319 0.000000 6.829319
0.070145 2.723374 0.000000 0.000000 0.000000 0.000000 0.000000 0.000000 0.000000 6.830959 0.000000 6.830959
0.065956 2.818180 0.000000 0.000000 0.000000 0.000000 0.000000 0.000000 0.000000 6.831621 0.000000 6.831621
0.065022 2.918920 0.000000 0.000000 0.000000 0.000000 0.000000 0.000000 0.000000 6.832360 0.000000 6.832360
0.060201 3.009315 0.000000 0.000000 0.000000 0.000000 0.000000 0.000000 0.000000 6.833089 0.000000 6.833089
0.053002 3.096879 0.000000 0.000000 0.000000 0.000000 0.000000 0.000000 0.000000 6.833704 0.000000 6.833704
0.048635 3.186525 0.000000 0.000000 0.000000 0.000000 0.000000 0.000000 0.000000 6.828636 0.000000 6.828636
0.048672 3.299323 0.000000 0.000000 0.000000 0.000000 0.000000 0.000000 0.000000 6.829323 0.000000 6.829323
0.043549 3.394436 0.000000 0.000000 0.000000 0.000000 0.000000 0.000000 0.000000 6.831215 0.000000 6.831215
0.037669 3.466242 0.000000 0.000000 0.000000 0.000000 0.000000 0.000000 0.000000 6.826707 0.000000 6.826707
0.033129 3.550135 0.000000 0.000000 0.000000 0.000000 0.000000 0.000000 0.000000 6.831405 0.000000 6.831405
0.029020 3.633456 0.000000 0.000000 0.000000 0.000000 0.000000 0.000000 0.000000 6.832964 0.000000 6.832964
0.055377 3.815164 0.000000 0.000000 0.000000 0.000000 0.000000 0.000000 0.000000 6.826384 0.000000 6.826384
0.052699 3.890209 0.000000 0.000000 0.000000 0.000000 0.000000 0.000000 0.000000 6.824170 0.000000 6.824170
0.033883 3.894654 0.000000 0.000000 0.000000 0.000000 0.000000 0.000000 0.000000 6.817682 0.000000 6.817682
0.036507 3.991874 0.000000 0.000000 0.000000 0.000000 0.000000 3.991874 3.991874 6.818088 0.000000 6.818088
0.042428 4.113856 0.000000 -0.000623 0.000000 0.319659 0.000000 4.723309 4.515941 6.824656 8.343218 6.824656
0.039860 4.193765 -0.000059 0.001644 0.015929 0.169539 0.000059 3.656124 -1350.347739 6.829261 4.425027 6.829261
0.033618 4.259690 0.000204 -6.913064 0.054738 0.231856 0.691159 4.923042 -1214.706498 11.986901 6.051528 11.986901
0.033949 4.359025 -0.000109 -6.221344 0.054738 0.479609 0.159989 4.353411 -1092.354347 11.814591 12.517985 11.814591
0.031272 4.448252 0.000175 -5.597390 0.054738 0.376730 -2.071731 4.471318 -982.726895 11.638640 9.832815 11.638640
0.042182 4.596214 0.000113 -5.038676 0.054738 0.401407 -1.742001 4.831704 -883.859011 11.503910 10.476871 11.503910
0.056372 4.762546 0.000041 -4.534965 0.054738 0.385411 -1.465368 4.784324 -794.919750 11.407720 10.059384 11.407720
0.062040 4.885754 0.000071 -4.081704 0.054738 0.384975 -1.216566 5.068125 -714.837974 11.330207 10.048009 11.330207
0.071072 5.024493 0.000015 -3.673725 0.054738 0.381597 -0.971641 5.085849 -642.755466 11.266446 9.959820 11.266446
0.083297 5.190061 0.000035 -3.306706 0.054738 0.379411 -0.717537 5.371525 -577.862818 11.179145 9.902770 11.179145
0.089841 5.355753 -0.000019 -2.976381 0.054738 0.374323 -0.419334 5.438959 -519.445137 11.073225 9.769970 11.073225
0.087635 5.507874 -0.000010 -2.679030 0.054738 0.365133 0.023497 5.660847 -466.851994 10.909774 9.530124 10.909774
0.081269 5.647407 -0.000042 -2.411340 0.054738 0.353745 -9.128729 5.740232 -419.498477 10.634349 9.232875 10.634349
0.072823 5.785664 -0.000032 -2.170383 0.049529 0.335072 -8.194933 5.927226 -376.864847 10.335401 8.745525 10.335401
0.064269 5.920231 -0.000051 -1.953494 0.044816 0.316471 -7.362588 6.033995 -338.466979 10.027181 8.260005 10.027181
0.053314 6.041417 -0.000043 -1.758154 0.040551 0.299766 -6.619022 6.180026 -303.883468 9.754954 7.824003 9.754954
0.040542 6.153735 -0.000042 -1.582235 0.036692 0.285217 -5.952005 6.277668 -272.734782 9.502534 7.444276 9.502534
0.032453 6.285939 -0.000025 -1.423946 0.033201 0.272778 -5.346122 6.447080 -244.678186 9.210109 7.119604 9.210109
0.025398 6.414974 -0.000027 -1.281422 0.030041 0.260520 -4.795828 6.546235 -219.411925 8.872271 6.799670 8.872271
0.076831 6.932450 -0.000009 -1.155119 0.027182 0.243654 -4.298842 7.397023 -196.621887 8.470858 6.359463 8.470858
0.064435 6.971615 -0.000196 -1.039013 0.052571 0.233146 -3.852295 6.789802 -176.104023 8.077814 6.085199 8.077814
0.004505 6.661710 0.000030 -0.932721 0.052571 0.229191 -3.449821 6.708832 -157.677854 7.670207 5.981966 7.670207
0.008352 6.798643 0.000089 -0.839385 0.052571 0.220701 -3.109285 6.997237 -141.103460 7.431023 5.760391 7.431023
0.014762 6.945947 0.000037 -0.755551 0.052571 0.216467 -2.822547 7.030339 -126.173096 7.353044 5.649870 7.353044
0.065693 7.414097 0.000058 -0.681745 0.052571 0.215718 -2.552991 7.848969 -112.686511 7.149230 5.630322 7.149230
0.057499 7.432071 -0.000134 -0.613010 0.052571 0.215171 -2.287943 7.212584 -100.560621 6.936136 5.616040 6.936136
0.010744 7.172690 0.000082 -0.549803 0.052571 0.214792 -2.054797 7.239881 -89.688183 6.832208 5.606160 6.832208
0.054344 7.611979 0.000093 -0.496559 0.052571 0.211458 -1.830411 8.001703 -79.866121 6.750177 5.519130 6.750177
0.044474 7.646252 -0.000096 -0.446608 0.052571 0.208923 -1.594500 7.454313 -71.022463 6.728869 5.452982 6.728869
-0.000153 7.408159 0.000085 -0.400261 0.052571 0.208853 -1.346246 7.467023 -63.083614 6.637241 5.451143 6.637241
0.002010 7.515779 0.000100 -0.360295 0.052571 0.205870 -1.058716 7.643830 -55.934628 6.486170 5.373286 6.486170
0.004327 7.623343 0.000067 -0.324360 0.047568 0.201094 -0.760298 7.690504 -49.495281 6.423216 5.248633 6.423216
0.003948 7.714619 0.000070 -0.291963 0.043041 0.198600 -0.464633 7.822094 -43.686109 6.454009 5.183538 6.371515
0.000489 7.788870 0.000052 -0.262696 0.038945 0.198918 -0.104696 7.857672 -38.443230 6.460858 5.191837 6.322209
-0.001030 7.877997 0.000063 -0.236394 0.035239 0.198433 1.138781 7.989529 -33.715836 6.412081 5.179175 6.230225
-0.002057 7.959606 0.000047 -0.212685 0.031886 0.196845 0.924016 8.028228 -29.455731 6.315968 5.137724 6.100493
-0.003211 8.025328 0.000057 -0.191280 0.028852 0.194671 0.731886 8.111465 -25.619168 6.280757 5.080998 6.012863
-0.001464 8.093767 0.000053 -0.172050 0.026106 0.195290 0.559511 8.169681 -22.157803 6.162082 5.097146 5.891958
-0.000167 8.151895 0.000057 -0.154682 0.023622 0.195625 0.397779 8.217616 -19.046883 6.015617 5.105887 5.757059
0.001342 8.214301 0.000060 -0.139124 0.021374 0.194891 0.258726 8.279947 -16.252467 5.886907 5.086740 5.632704
0.005144 8.283076 0.000056 -0.125214 0.019340 0.194118 0.125069 8.345652 -13.738840 5.684823 5.066559 5.463890
0.032941 8.554253 0.000049 -0.113770 0.017499 0.191065 -0.014583 8.767550 -11.463114 5.596573 4.986864 5.359529
0.031778 8.568360 -0.000057 -0.102228 0.015834 0.190621 0.409401 8.454783 -9.414193 5.392138 4.975276 5.201053
0.009230 8.388405 0.000045 -0.090853 0.014327 0.188469 0.359338 8.366599 -7.602637 5.170983 4.919116 5.023849
0.061113 8.881317 0.000073 -0.084124 0.019658 0.183674 0.344330 9.312001 -5.935333 5.111435 4.793966 4.937419
0.053814 8.842235 -0.000184 -0.075415 0.049428 0.181858 0.343846 8.490256 -4.433742 4.857204 4.746570 4.745847
0.002212 8.418353 0.000062 -0.065589 0.049428 0.175670 0.222229 8.369137 -3.140227 4.860788 4.585053 4.693562
0.010556 8.524450 0.000091 -0.059529 0.049428 0.173419 0.078325 8.669401 -1.953058 4.722385 4.526292 4.577175
0.013014 8.584146 0.000007 -0.053775 0.049428 0.168845 -0.797504 8.530663 -0.884616 4.165630 4.406914 4.168577
0.007736 8.591028 0.000048 -0.048358 0.049428 0.151512 -0.642491 8.621206 0.044834 3.670648 3.954517 3.699776
0.006638 8.623533 0.000014 -0.043780 0.049428 0.131623 -0.446117 8.604083 0.881392 2.752304 3.435410 2.933880
0.004543 8.655809 0.000011 -0.039676 0.049428 0.100512 -0.244474 8.645907 1.607550 2.372904 2.623395 2.424679
-0.000305 8.675731 -0.000015 -0.036072 0.049428 0.079068 -0.135774 8.680784 2.295562 2.455069 2.063718 2.285598
-0.004622 8.672618 -0.000028 -0.032544 0.049428 0.073027 0.424224 8.695466 2.962649 1.847504 1.906024 1.827819
-0.007084 8.672830 -0.000021 -0.029141 0.049428 0.056354 0.053034 8.650328 3.529273 1.215963 1.470871 1.269692
-0.008788 8.692509 -0.000008 -0.026350 0.049428 0.036325 -2.163115 8.707116 4.026460 0.905738 0.948092 0.893545
-0.009120 8.713221 -0.000028 -0.023918 0.044725 0.022714 -1.897879 8.714925 4.491956 0.378790 0.592857 0.430416
-0.009779 8.726191 -0.000028 -0.021609 0.040469 0.006203 -1.661017 8.719133 4.899309 0.231453 0.161902 0.189545
-0.009122 8.733166 -0.000031 -0.019566 0.036618 -0.001296 -1.449012 8.749614 5.287916 -0.191552 -0.033818 -0.153408
0.039124 9.159726 -0.000035 -0.019759 0.033133 -0.011748 -1.238642 9.475973 5.663255 -0.681345 -0.306627 -0.557486
0.026566 9.041218 -0.000231 -0.017239 0.062059 -0.024990 -1.062802 8.665282 5.972919 -0.734948 -0.652250 -0.706829
-0.026766 8.555844 0.000002 -0.013182 0.062059 -0.028901 -0.788946 8.462085 6.225003 -1.146985 -0.754326 -1.013107
-0.025377 8.558348 0.000055 -0.011908 0.062059 -0.039161 -0.442681 8.605880 6.428859 -1.497363 -1.022128 -1.323586
-0.024453 8.559774 0.000003 -0.010875 0.062059 -0.050480 0.038944 8.487211 6.606272 -1.867438 -1.317558 -1.654322
-0.023187 8.563822 0.000025 -0.009990 0.062059 -0.061696 -4.708485 8.583829 6.760745 -2.296512 -1.610279 -2.021562
-0.020764 8.578907 -0.000014 -0.009279 0.062059 -0.076217 -4.204864 8.523450 6.891042 -2.567603 -1.989301 -2.309622
0.006956 8.816858 -0.000011 -0.009828 0.062059 -0.087203 -3.752047 9.008168 7.040208 -2.826756 -2.276043 -2.563605
0.001785 8.766927 -0.000152 -0.008812 0.062059 -0.097739 -3.339286 8.532589 7.171535 -3.070442 -2.551034 -2.805030
-0.026817 8.514172 -0.000020 -0.006852 0.062059 -0.108458 -2.962364 8.460444 7.266804 -3.487872 -2.830792 -3.165000
-0.028001 8.506883 -0.000010 -0.006329 0.062059 -0.123579 -2.604309 8.494704 7.341481 -4.066092 -3.225462 -3.667079
-0.030018 8.494732 -0.000031 -0.005885 0.062059 -0.144657 -2.263015 8.431645 7.393696 -4.594322 -3.775608 -4.181419
-0.031572 8.460528 -0.000028 -0.005444 0.056153 -0.165568 -1.941670 8.422169 7.438914 -4.953017 -4.321382 -4.581019
-0.032180 8.409728 -0.000040 -0.004954 0.050810 -0.179361 -1.649359 8.352355 7.488576 -5.216692 -4.681383 -4.862906
-0.034348 8.350027 -0.000030 -0.004396 0.045975 -0.187585 -1.398065 8.307976 7.534533 -5.451478 -4.896054 -5.082793
-0.035373 8.278881 -0.000026 -0.003799 0.041599 -0.193178 -1.179637 8.213907 7.567269 -5.549376 -5.042012 -5.186425
-0.032206 8.203152 -0.000009 -0.003245 0.037641 -0.192085 -0.986991 8.156457 7.592767 -5.825293 -5.013503 -5.364072
-0.029677 8.116249 -0.000003 -0.002672 0.034059 -0.192729 -0.839117 8.023138 7.584170 -6.400224 -5.030293 -5.757899
-0.031125 8.020800 0.000017 -0.002228 0.030818 -0.204060 -0.805747 7.916081 7.524985 -6.571997 -5.326044 -5.930371
-0.030595 7.926872 0.000016 -0.002051 0.027885 -0.208555 -0.862321 7.841964 7.471634 -6.651698 -5.443373 -5.991719
-0.028627 7.831055 0.000009 -0.001834 0.025231 -0.208131 -0.920744 7.731613 7.416861 -6.357699 -5.432291 -5.747902
-0.027558 7.732101 0.000014 -0.001609 0.022830 -0.196374 -0.965954 7.663017 7.378910 -6.000536 -5.125448 -5.388849
-0.025863 7.627849 0.000012 -0.001270 0.020658 -0.180313 -0.955924 7.534017 7.338107 -5.568708 -4.706232 -4.947661
-0.023425 7.530283 0.000028 -0.000981 0.018692 -0.161353 -0.916427 7.462545 7.292574 -4.775804 -4.211381 -4.216147
-0.020500 7.439092 0.000027 -0.000748 0.016913 -0.131499 -0.833230 7.377955 7.264851 -4.239007 -3.432177 -3.621536
-0.020835 7.336923 0.000036 -0.000368 0.015304 -0.108429 -0.710825 7.243525 7.211486 -3.604197 -2.830050 -2.985117
-0.022076 7.232565 0.000053 -0.000108 0.014150 -0.085257 -0.562657 7.165677 7.155475 -3.046223 -2.225235 -2.409711
-0.020257 7.142615 0.000053 0.000066 0.014234 -0.064435 -0.367463 7.062529 7.092553 -2.546639 -1.681769 -1.892297
-0.016352 7.070309 0.000059 0.000114 0.015890 -0.045688 -0.094006 7.011602 7.025398 -2.009050 -1.192475 -1.354399
-0.013647 6.998867 0.000050 0.000135 0.015890 -0.026601 0.946665 6.927375 6.961441 -1.584470 -0.694300 -0.907739
-0.011554 6.935059 0.000051 0.000135 0.015890 -0.011744 0.762825 6.874377 6.891973 -1.240889 -0.306531 -0.545619
-0.006673 6.894352 0.000043 -0.000012 0.015890 -0.000846 0.600923 6.840185 6.822064 -0.989800 -0.022074 -0.276845
-0.001026 6.853791 0.000029 -0.000162 0.015890 0.006721 0.477905 6.792023 6.752584 -0.883803 0.175411 -0.141463
0.002277 6.808882 0.000019 -0.000287 0.015890 0.009279 0.431289 6.742848 6.678694 -0.657587 0.242182 0.070789
0.005154 6.768457 0.000009 -0.000458 0.015890 0.014303 0.485374 6.721395 6.620120 -0.400637 0.373319 0.313891
0.006826 6.724222 -0.000004 -0.000531 0.015890 0.020853 0.540338 6.668378 6.572425 -0.129223 0.544271 0.571245
0.006440 6.682087 -0.000005 -0.000560 0.015890 0.027411 0.578384 6.642492 6.532829 0.145141 0.715433 0.827481
0.004901 6.644340 -0.000011 -0.000569 0.015890 0.033364 0.565964 6.603004 6.501165 0.362558 0.870827 1.029655
0.003349 6.607924 -0.000011 -0.000545 0.015890 0.037122 0.508339 6.573702 6.473683 0.541601 0.968908 1.188469
0.004111 6.575077 -0.000012 -0.000517 0.014378 0.040602 0.393136 6.544097 6.451742 0.669797 1.059717 1.300544
0.006162 6.545285 -0.000012 -0.000477 0.013010 0.044121 0.250391 6.516962 6.431823 0.903284 1.151572 1.501891
0.009468 6.524485 -0.000011 -0.000473 0.011772 0.052297 0.072458 6.511864 6.422449 1.166241 1.364967 1.741209
0.029300 6.619129 -0.000014 -0.001004 0.010652 0.062690 -0.441893 6.690022 6.427198 1.448123 1.636240 2.003739
0.026670 6.566191 -0.000065 -0.000709 0.017373 0.073094 -0.313389 6.453003 6.426974 3.021658 1.907782 3.389562
0.008805 6.409110 0.000002 0.000091 0.017373 0.128770 -0.056549 6.457620 6.508812 3.228888 3.360959 3.682571
0.012768 6.387534 0.000023 0.000619 0.017373 0.140908 1.022138 6.321549 6.486769 3.532662 3.677754 3.972579
0.019158 6.387669 0.000055 0.000506 0.017373 0.153695 0.897965 6.429672 6.465966 4.049633 4.011511 4.454756
0.027519 6.405297 0.000017 0.000310 0.017373 0.173402 0.819969 6.388659 6.462761 4.607176 4.525857 4.986522
0.032719 6.406195 0.000028 0.000289 0.017373 0.194745 0.751551 6.426328 6.463210 5.142232 5.082922 5.501918
0.033044 6.380411 0.000016 0.000423 0.017373 0.214414 0.694981 6.348130 6.459382 5.633932 5.596279 5.975822
0.032880 6.364323 0.000037 0.000485 0.017373 0.231787 0.640256 6.380105 6.452703 6.197750 6.049734 6.510817
0.034620 6.362405 0.000026 0.000461 0.017373 0.250539 0.595214 6.359358 6.454786 6.617118 6.539174 6.914920
0.035511 6.349231 0.000032 0.000539 0.017373 0.264948 0.529135 6.346982 6.450082 6.863599 6.915244 7.155533
0.034408 6.332563 0.000034 0.000600 0.017373 0.272791 0.519446 6.317151 6.434453 7.174202 7.119962 7.445012
0.034750 6.337509 0.000038 0.000495 0.015720 0.282216 0.565719 6.357867 6.428831 7.513050 7.365940 7.759853
0.034728 6.347945 0.000024 0.000413 0.014224 0.291872 0.622745 6.351053 6.431786 7.919172 7.617979 8.132836
0.035840 6.373875 0.000027 0.000296 0.012870 0.303749 0.647509 6.414745 6.448607 8.391022 7.927959 8.564631
0.044128 6.449215 0.000013 -0.000003 0.011645 0.317881 0.634475 6.511555 6.483433 8.840625 8.296814 8.975939
0.051427 6.525987 -0.000005 -0.000217 0.010537 0.331873 0.583657 6.578360 6.528515 8.995893 8.662027 9.120397
0.053243 6.603121 -0.000012 -0.000381 0.009534 0.333844 0.523857 6.647995 6.561040 9.270061 8.713456 9.347940
0.056810 6.704586 -0.000022 -0.000733 0.008627 0.337019 0.478909 6.791645 6.617182 9.901088 8.796322 9.882168
0.060675 6.799430 -0.000048 -0.000930 0.012848 0.353546 0.389258 6.888598 6.718347 10.155397 9.227683 10.107815
0.056228 6.883345 -0.000047 -0.000842 0.012848 0.357989 0.163969 6.948790 6.804495 10.003011 9.343657 9.952380
0.052267 6.990831 -0.000040 -0.000951 0.012848 0.344684 -0.293325 7.073964 6.872630 9.619960 8.996384 9.546120
0.051139 7.102352 -0.000057 -0.001172 0.015218 0.323173 -0.069768 7.171877 6.942417 9.431943 8.434943 9.266341
0.047701 7.193048 -0.000065 -0.001279 0.017477 0.308993 0.339645 7.284835 7.042330 9.192755 8.064847 8.962826
0.042907 7.296135 -0.000069 -0.001295 0.018577 0.295733 0.272284 7.389853 7.152388 8.984561 7.718746 8.683679
0.035241 7.397125 -0.000068 -0.001249 0.018577 0.282470 0.326788 7.497974 7.271893 9.207893 7.372578 8.734904
0.028765 7.489743 -0.000065 -0.001112 0.018577 0.283234 0.284129 7.620945 7.431465 9.123389 7.392527 8.610207
0.025366 7.595694 -0.000055 -0.000838 0.018577 0.278979 0.105919 7.705439 7.577832 9.010353 7.281469 8.439680
0.024673 7.704792 -0.000037 -0.000648 0.018577 0.274725 -0.465968 7.834071 7.720324 8.780931 7.170426 8.185968
0.024242 7.810084 -0.000034 -0.000458 0.018577 0.268809 -0.284453 7.911804 7.850209 8.535371 7.016031 7.916754
0.025827 7.921258 -0.000019 -0.000363 0.018577 0.262515 -0.107744 8.042886 7.971378 8.351242 6.851754 7.695293
0.028665 8.028795 -0.000021 -0.000293 0.018577 0.259054 0.185168 8.130097 8.089694 8.006134 6.761405 7.383292
0.030794 8.134671 -0.000013 -0.000230 0.018577 0.251824 0.130627 8.231778 8.187640 7.833551 6.572714 7.176338
0.033294 8.233413 -0.000014 -0.000234 0.018577 0.248139 0.237612 8.329379 8.286875 7.801061 6.476528 7.095867
0.033226 8.313165 -0.000013 -0.000134 0.018577 0.249313 0.313064 8.399633 8.388943 7.863890 6.507178 7.119269
0.032256 8.398807 -0.000004 -0.000050 0.016810 0.252991 0.350787 8.500002 8.491785 8.089374 6.603172 7.274624
0.032056 8.483882 -0.000003 0.000040 0.015210 0.260852 0.316946 8.582563 8.602571 8.348836 6.808339 7.484549
0.033829 8.560524 0.000005 0.000215 0.013763 0.271411 0.197259 8.658546 8.714020 8.114188 7.083929 7.385214
0.034942 8.635981 0.000015 0.000398 0.012453 0.270535 -0.017558 8.695276 8.783563 7.749625 7.061078 7.120232
0.033495 8.703714 0.000025 0.000407 0.011268 0.261453 0.938644 8.762157 8.827270 7.656962 6.824021 6.975719
0.030584 8.773324 0.000018 0.000275 0.010196 0.256293 0.841104 8.844791 8.884409 7.746215 6.689359 6.980097
0.028685 8.840092 0.000011 0.000226 0.009225 0.255893 0.755461 8.915676 8.959321 7.284114 6.678911 6.663580
0.027281 8.903120 0.000012 0.000287 0.008347 0.243928 0.672732 8.938511 8.999136 7.078952 6.366618 6.420742
0.025816 8.972230 0.000017 0.000137 0.007553 0.234564 0.615992 9.052684 9.049924 7.383155 6.122215 6.522457
0.026605 9.036596 -0.000001 0.000068 0.006834 0.239770 0.558807 9.118391 9.143257 7.071553 6.258080 6.356649
0.025476 9.098664 0.000007 0.000228 0.006184 0.235018 0.502417 9.143953 9.199869 7.377681 6.134073 6.497450
0.025107 9.162056 0.000016 0.000193 0.005595 0.241375 0.450956 9.269902 9.289452 6.942536 6.299991 6.272214
0.027344 9.226912 0.000006 0.000319 0.005063 0.234331 0.390727 9.240759 9.331437 5.818005 6.116124 5.507371
0.027087 9.288784 0.000026 0.000218 0.006997 0.205560 0.369739 9.304822 9.304790 5.488776 5.365192 5.044666
0.024421 9.347145 0.000000 -0.000216 0.006997 0.187367 0.414160 9.390282 9.318304 5.744958 4.890348 5.030453
0.020229 9.398819 -0.000020 -0.000411 0.006997 0.185779 0.461454 9.469808 9.390515 6.308199 4.848895 5.347137
0.016997 9.452767 -0.000023 -0.000318 0.006997 0.197105 0.465248 9.548691 9.506298 6.724943 5.144509 5.691447
0.013898 9.500900 -0.000012 0.000028 0.006997 0.210270 0.417901 9.581318 9.624409 6.947521 5.488124 5.937244
0.012254 9.545207 0.000012 0.000404 0.006997 0.220389 0.324008 9.625883 9.726053 6.677413 5.752229 5.865179
0.012665 9.588127 0.000029 0.000704 0.007691 0.219449 0.186241 9.627381 9.781719 6.264682 5.727695 5.607452
0.013737 9.621903 0.000044 0.000816 0.011889 0.212187 -0.012648 9.657834 9.806052 5.955102 5.538173 5.353371
0.015558 9.659954 0.000043 0.000746 0.011889 0.204953 2.662560 9.692951 9.822743 6.051909 5.349354 5.340215
0.018333 9.703700 0.000038 0.000608 0.011889 0.207595 2.391614 9.765043 9.863583 6.118227 5.418317 5.408071
0.022581 9.750964 0.000029 0.000575 0.011889 0.213368 2.149902 9.792248 9.904867 5.900387 5.568988 5.344422
0.024675 9.793105 0.000033 0.000570 0.011889 0.213038 1.936543 9.818671 9.918571 6.368385 5.560376 5.623721
0.025698 9.825868 0.000029 0.000473 0.011889 0.224877 1.747496 9.892287 9.969962 6.367882 5.869387 5.750100
0.027411 9.851415 0.000023 0.000605 0.011889 0.230532 1.571633 9.856142 9.995531 5.817949 6.016988 5.498932
0.028640 9.874237 0.000041 0.000619 0.011889 0.220969 1.419188 9.873770 9.968459 5.122145 5.767373 5.015544
0.027945 9.912140 0.000028 0.000287 0.011889 0.201045 1.299664 9.894395 9.914387 5.196364 5.247365 4.873965
0.024960 9.941934 0.000007 -0.000141 0.011889 0.192592 1.212004 9.976136 9.913312 5.916857 5.026721 5.210472
0.022547 9.963290 -0.000017 -0.000255 0.011889 0.203466 1.123472 10.019839 9.985137 6.385252 5.310555 5.590842
0.020403 9.988919 -0.000009 -0.000019 0.010757 0.216746 1.019940 10.044865 10.066198 6.611854 5.657151 5.855963
0.018370 10.015871 0.000007 0.000257 0.009734 0.225881 0.900297 10.064350 10.132840 6.381537 5.895592 5.820063
0.017331 10.049614 0.000020 0.000425 0.008807 0.223504 0.785001 10.074308 10.161000 6.191754 5.833540 5.689751
0.015227 10.079055 0.000025 0.000418 0.007969 0.217708 0.688550 10.109745 10.179698 6.431817 5.682264 5.764363
0.032869 10.325528 0.000021 -0.000744 0.007211 0.219484 0.611309 10.554428 10.250554 7.062938 5.728613 6.132127
0.090839 11.030125 -0.000086 -0.003978 0.023143 0.232523 0.533528 11.510858 10.428686 6.992718 6.068953 6.225803
0.056771 10.654267 -0.000309 -0.001151 0.083060 0.237901 0.330720 10.038346 10.520596 6.537864 6.209309 6.029644
-0.013530 9.928280 0.000137 0.003023 0.083060 0.232997 -0.942890 9.864893 10.486030 6.466842 6.081324 5.942526
-0.004555 10.043362 0.000177 0.002259 0.083060 0.231155 -0.528003 10.215080 10.470706 6.933668 6.033236 6.187180
0.012784 10.245792 0.000073 0.001148 0.083060 0.241467 -0.057441 10.337962 10.515815 7.139517 6.302387 6.414231
0.013752 10.276070 0.000052 0.001224 0.083060 0.250387 4.168705 10.289405 10.554688 6.996013 6.535205 6.435435
0.007987 10.231513 0.000077 0.001649 0.083060 0.252053 3.700741 10.219795 10.556966 6.624945 6.578675 6.256756
0.012138 10.310893 0.000098 0.001256 0.083060 0.245309 3.292183 10.387245 10.535832 6.859583 6.402669 6.320055
0.012572 10.363764 0.000044 0.000878 0.083060 0.246539 2.949610 10.379282 10.552928 7.399856 6.434762 6.631963
0.013206 10.411360 0.000051 0.000722 0.083060 0.257840 2.607028 10.509476 10.611226 7.375998 6.729724 6.745133
0.013374 10.465840 0.000031 0.000742 0.083060 0.260938 2.254861 10.479451 10.645206 6.874767 6.810573 6.512076
0.012283 10.510786 0.000049 0.000686 0.083060 0.250046 1.910521 10.540673 10.636584 6.131825 6.526308 5.996574
0.010983 10.539908 0.000029 0.000493 0.075155 0.228264 1.643261 10.509680 10.597300 6.160844 5.957781 5.771735
0.009403 10.571539 0.000027 0.000131 0.068003 0.219034 1.490800 10.636271 10.609969 6.956095 5.716877 6.089378
0.005258 10.602312 -0.000006 0.000039 0.061532 0.230740 1.386874 10.668179 10.702238 7.480389 6.022405 6.492406
0.002311 10.632195 0.000011 0.000357 0.055676 0.245480 1.227716 10.712866 10.804692 7.285482 6.407130 6.551179
0.003507 10.677417 0.000028 0.000650 0.050378 0.247911 1.014756 10.715000 10.857907 7.271988 6.470573 6.567590
0.006823 10.728652 0.000042 0.000660 0.045584 0.250181 0.803597 10.799739 10.905147 7.524021 6.529815 6.722730
0.011092 10.778788 0.000032 0.000645 0.041246 0.259073 0.597554 10.836667 10.967152 7.650231 6.761899 6.890447
0.015547 10.830149 0.000039 0.000699 0.037321 0.268680 0.393063 10.891627 11.020143 7.805207 7.012658 7.085174
0.021140 10.900462 0.000038 0.000611 0.033769 0.278739 0.176930 10.967030 11.067675 7.619188 7.275207 7.110715
0.046032 11.210858 0.000030 -0.000731 0.030556 0.280685 -0.098287 11.431744 11.107818 7.973193 7.325978 7.326837
0.043600 11.217628 -0.000091 -0.000560 0.027648 0.288794 0.085886 11.094925 11.167389 8.820483 7.537639 7.867605
0.026930 11.030561 0.000022 0.000698 0.025017 0.310230 -0.369395 11.075379 11.250015 8.950582 8.097129 8.189134
0.055514 11.377226 0.000051 -0.000649 0.022636 0.323419 -0.163505 11.682776 11.326810 9.066301 8.441357 8.410840
0.053833 11.396995 -0.000101 -0.000358 0.027052 0.331297 0.212946 11.215287 11.380746 9.439424 8.646970 8.704206
0.031087 11.175679 0.000048 0.001047 0.027052 0.341564 -0.208770 11.203486 11.419733 9.129773 8.914944 8.673098
0.084968 11.891486 0.000062 -0.002408 0.027052 0.337366 0.245250 12.458014 11.483036 8.440492 8.805377 8.279063
0.075319 11.829498 -0.000278 -0.001768 0.074650 0.319327 -0.006858 11.299291 11.490289 8.379582 8.334572 8.041502
0.018490 11.228580 0.000054 0.001336 0.074650 0.303756 16.348281 11.175390 11.467497 9.023198 7.928139 8.178343
0.018539 11.328327 0.000083 0.000710 0.074650 0.306365 14.709648 11.532888 11.535792 7.043680 7.996249 7.211387
0.018817 11.415907 0.000001 0.000612 0.074650 0.265388 13.232521 11.250808 11.452289 7.616850 6.926724 6.993986
0.018974 11.500632 0.000058 -0.000247 0.074650 0.255696 11.893202 11.752302 11.508934 6.878713 6.673761 6.498916
0.016590 11.559928 -0.000069 -0.000260 0.074650 0.235454 10.690132 11.421416 11.529421 6.283834 6.145442 5.946396
0.043866 11.965658 0.000031 -0.002226 0.074650 0.212998 9.604941 12.411441 11.583434 5.715649 5.559335 5.378470
0.037976 11.953231 -0.000236 -0.001887 0.074650 0.191815 8.638962 11.598398 11.632149 5.063538 5.006440 4.786254
0.005853 11.643825 0.000009 -0.000060 0.074650 0.170565 7.767090 11.684452 11.637603 4.446200 4.451811 4.212014
0.004760 11.728430 -0.000014 -0.000464 0.074650 0.148101 6.995120 11.763191 11.646265 4.082138 3.865495 3.742899
0.006190 11.834926 -0.000034 -0.000963 0.074650 0.129329 6.304773 11.908578 11.681395 3.781030 3.375532 3.347978
0.003173 11.865757 -0.000066 -0.000941 0.067546 0.114270 5.683225 11.861943 11.730274 3.289852 2.982493 2.910156
-0.001717 11.872152 -0.000039 -0.000724 0.061118 0.098440 5.124519 11.903395 11.767537 4.263941 2.569311 3.150707
-0.002648 11.911716 -0.000040 -0.000736 0.055302 0.109906 4.616017 12.045597 11.909179 4.831759 2.868589 3.547877
-0.000810 11.947275 -0.000040 -0.000194 0.050039 0.128911 4.124598 12.016003 12.060374 3.443756 3.364620 3.134764
0.001467 11.989118 0.000011 0.000364 0.045277 0.116167 3.660905 11.973550 12.059190 2.541773 3.032018 2.548878
0.005085 12.021454 0.000023 0.000193 0.040969 0.096191 3.251761 12.022971 12.018611 1.862968 2.510615 1.977369
0.008963 12.020606 -0.000002 -0.000010 0.037070 0.078040 2.900264 11.970092 11.970188 1.377781 2.036878 1.523685
0.011050 12.004884 -0.000001 -0.000177 0.033542 0.064618 2.612967 11.983237 11.924176 1.656131 1.686551 1.491982
0.011602 12.007925 -0.000018 -0.000427 0.030350 0.066313 2.375636 12.025391 11.930267 2.206583 1.730791 1.782439
0.009242 12.009214 -0.000028 -0.000403 0.027462 0.077721 2.163456 12.031992 11.973882 2.276681 2.028556 1.971442
0.007762 12.014857 -0.000017 -0.000209 0.024849 0.083384 1.952891 12.019777 11.996607 1.541209 2.176357 1.710350
0.050343 12.545246 -0.000007 -0.002800 0.022484 0.071520 1.750821 12.917937 12.003788 1.196947 1.866702 1.406748
0.044116 12.440697 -0.000262 -0.002230 0.070429 0.059485 1.575979 12.008623 11.997197 1.608595 1.552587 1.453593
0.003715 11.905618 -0.000005 0.000467 0.070429 0.062225 1.348808 11.827419 11.992243 1.409491 1.624103 1.403072
0.009523 11.944608 0.000045 0.000243 0.070429 0.061608 1.119105 12.022248 11.971368 0.997070 1.607998 1.211389
0.009484 11.956980 -0.000016 0.000073 0.070429 0.054030 0.926302 11.858901 11.924064 1.672174 1.410196 1.441934
0.004305 11.925460 0.000017 -0.000007 0.070429 0.061186 0.727893 11.998375 11.943871 12.375824 1.596976 6.547739
-0.000825 11.882472 -0.000017 0.000313 0.070429 0.264364 0.390091 12.598973 12.746954 7.231039 6.900009 6.726195
-0.003096 11.857259 0.000041 0.004540 0.070429 0.269750 -0.449719 11.288740 12.682837 7.043660 7.040577 6.720908
0.003804 11.925444 0.000397 0.003865 0.106880 0.268743 0.219807 12.435038 12.607329 7.015632 7.014299 6.709034
0.009671 11.968342 0.000050 0.003261 0.106880 0.269237 -1.944648 11.595085 12.543530 7.313943 7.027188 6.870243
0.008103 11.907411 0.000272 0.003246 0.106880 0.277013 -1.526546 12.178799 12.501446 7.448543 7.230151 7.048523
0.013152 11.915351 0.000095 0.002991 0.106880 0.285971 -1.111811 11.720988 12.459233 7.477946 7.463945 7.194398
0.021500 11.963384 0.000214 0.002530 0.106880 0.293734 -0.711148 12.158352 12.410699 7.174584 7.666564 7.169723
0.026384 11.998298 0.000076 0.002105 0.106880 0.293425 -0.392262 11.833319 12.332523 8.908067 7.658514 8.013563
0.031792 12.030774 0.000146 0.001540 0.106880 0.326710 -0.197750 12.282548 12.396159 10.487038 8.527270 9.204143
0.036919 12.055456 0.000036 0.001739 0.106880 0.374205 0.630633 12.020913 12.509218 10.334133 9.766901 9.745215
0.036559 12.062941 0.000143 0.002278 0.106880 0.394000 0.373794 12.139149 12.507175 10.206241 10.283547 9.954790
0.037706 12.083399 0.000109 0.002163 0.106880 0.398766 0.387907 12.032996 12.458994 9.725531 10.407959 9.805740
0.038688 12.100587 0.000126 0.001829 0.106880 0.389802 0.924987 12.103426 12.371920 10.610316 10.173983 10.134751
0.035449 12.089815 0.000081 0.001440 0.096709 0.399521 1.281311 12.111684 12.376467 11.823701 10.427668 10.847517
0.032018 12.067604 0.000080 0.001576 0.087506 0.425035 1.358873 12.137148 12.450388 11.626093 11.093590 11.082754
0.028141 12.050733 0.000094 0.002040 0.079179 0.432035 1.254060 12.021579 12.450400 11.330171 11.276297 11.038933
0.026184 12.052722 0.000127 0.002030 0.071644 0.428011 1.105066 12.081681 12.414677 10.892292 11.171257 10.787653
0.027044 12.046130 0.000100 0.001881 0.064826 0.417476 0.976752 11.996747 12.356879 10.693925 10.896288 10.567261
0.031993 12.054882 0.000107 0.001541 0.058657 0.410713 0.936269 12.086198 12.311487 11.338830 10.719775 10.797482
0.036206 12.054195 0.000069 0.001313 0.053075 0.423532 0.957885 12.075068 12.332233 11.772025 11.054343 11.175512
0.040170 12.065240 0.000078 0.001363 0.048024 0.441555 0.955528 12.111258 12.359414 11.531094 11.524766 11.298907
0.045536 12.088970 0.000075 0.001380 0.043454 0.448255 0.918404 12.071614 12.332845 11.285605 11.699620 11.282129
0.052305 12.090804 0.000079 0.001235 0.039319 0.449572 0.870099 12.075074 12.277558 11.164265 11.734020 11.260900
0.061831 12.100907 0.000062 0.000902 0.035577 0.452273 0.863240 12.078800 12.217119 11.419438 11.804491 11.444287
0.067803 12.104528 0.000044 0.000575 0.032192 0.462512 0.911766 12.096203 12.176952 11.912662 12.071733 11.839943
0.069563 12.088468 0.000027 0.000452 0.029128 0.478094 0.951724 12.070339 12.156161 11.399403 12.478449 11.803290
0.070507 12.061520 0.000028 0.000483 0.026356 0.474435 0.959787 11.973456 12.065688 10.694449 12.382948 11.437930
0.072098 12.028574 0.000030 0.000189 0.023848 0.457298 0.984923 11.945904 11.935212 10.986347 11.935658 11.403571
0.072420 11.980883 0.000000 -0.000233 0.021579 0.454190 1.021128 11.937597 11.868510 12.166636 11.854527 11.978368
0.069555 11.919333 -0.000017 -0.000259 0.019525 0.475023 1.036380 11.928154 11.897024 12.822116 12.398296 12.572200
0.066228 11.863960 -0.000006 0.000169 0.017667 0.495725 0.992369 11.844424 11.925536 12.424331 12.938632 12.633802
0.063452 11.829408 0.000025 0.000491 0.015986 0.494717 0.915982 11.778785 11.877312 12.383909 12.912310 12.614925
0.062312 11.807963 0.000030 0.000354 0.014465 0.490503 0.838691 11.791636 11.830707 12.693456 12.802327 12.729606
0.061852 11.790245 0.000013 0.000206 0.013088 0.493034 0.761645 11.780958 11.818487 13.527418 12.868377 13.184815
0.061657 11.778825 0.000013 0.000202 0.011843 0.509701 0.681418 11.826597 11.863999 13.898005 13.303395 13.572379
0.061047 11.776316 0.000012 0.000447 0.010716 0.524063 0.582680 11.780732 11.899871 13.710805 13.678248 13.652031
0.106118 12.376732 0.000036 -0.002434 0.009696 0.525540 0.485447 12.855976 11.950001 13.807845 13.716802 13.721203
0.099590 12.249797 -0.000257 -0.001530 0.069142 0.528103 0.402083 11.771688 11.986816 13.717260 13.783687 13.708563
0.055060 11.626902 0.000062 0.001837 0.069142 0.529386 -0.160232 11.506086 11.945837 14.155350 13.817173 13.950219
0.061654 11.676041 0.000126 0.001377 0.069142 0.540605 0.768043 11.837394 11.944246 14.397383 14.110001 14.210955
0.066111 11.698881 0.000032 0.001252 0.069142 0.552303 0.473596 11.609647 11.941285 13.691093 14.415325 13.997070
0.067204 11.693483 0.000096 0.001265 0.069142 0.544219 0.105691 11.706180 11.862133 13.410010 14.204330 13.770293
0.068320 11.693010 0.000046 0.000863 0.069142 0.534535 -0.436412 11.622840 11.785587 13.264380 13.951588 13.592843
0.066872 11.687842 0.000048 0.000499 0.069142 0.526084 -0.435701 11.688251 11.724221 13.723654 13.731000 13.735654
0.060682 11.665635 0.000012 0.000299 0.069142 0.528176 -0.551504 11.646990 11.717810 14.627583 13.785597 14.220639
0.056318 11.647719 0.000022 0.000358 0.069142 0.543436 -0.402212 11.711514 11.774013 14.155013 14.183892 14.158057
0.055198 11.649923 0.000019 0.000633 0.069142 0.538505 0.116052 11.598483 11.759436 13.531222 14.055183 13.780692
0.055550 11.668104 0.000047 0.000466 0.069142 0.522776 -1.329750 11.684464 11.710967 13.653821 13.644650 13.652002
0.058541 11.688736 0.000009 0.000113 0.062563 0.518112 -1.117870 11.692843 11.709432 13.677187 13.522931 13.603178
0.061978 11.704789 0.000006 0.000024 0.056609 0.518530 -0.975814 11.725926 11.720549 14.315599 13.533829 13.927777
0.064567 11.718624 -0.000000 0.000010 0.051222 0.533909 -0.884978 11.771473 11.779048 13.975784 13.935249 13.934779
0.065229 11.734966 0.000003 0.000225 0.046348 0.535541 -0.777607 11.708803 11.777683 13.669182 13.977844 13.800543
0.066140 11.748774 0.000021 0.000148 0.041937 0.529779 -0.746417 11.757577 11.751619 13.729873 13.827430 13.765466
0.068060 11.750045 -0.000001 0.000008 0.037946 0.529009 -0.714894 11.736695 11.744137 13.465146 13.807339 13.624212
0.068439 11.742200 0.000003 0.000010 0.034335 0.524068 -0.729684 11.720913 11.718253 13.796010 13.678382 13.737512
0.067408 11.725480 0.000000 -0.000037 0.031068 0.528881 -0.736681 11.737964 11.727807 13.812484 13.804016 13.804872
0.065295 11.703902 -0.000002 0.000122 0.028111 0.531116 -0.713080 11.677288 11.726052 13.662186 13.862332 13.757206
0.062918 11.689902 0.000015 0.000184 0.025436 0.528099 -0.668068 11.684967 11.707411 13.906275 13.783604 13.847201
0.061089 11.679686 0.000007 0.000141 0.023016 0.530269 -0.609179 11.684671 11.713848 13.950916 13.840223 13.894724
0.059728 11.673038 0.000009 0.000208 0.020825 0.531237 -0.522260 11.672041 11.718077 13.838665 13.865499 13.847793
0.059246 11.679847 0.000014 0.000195 0.018844 0.528527 -0.433004 11.684078 11.712240 13.725285 13.794759 13.756338
0.073627 11.852356 0.000009 -0.000715 0.017050 0.524734 -0.340029 11.981763 11.721036 12.974484 13.695753 13.329363
0.071204 11.819167 -0.000074 -0.000501 0.019863 0.508459 -0.284999 11.634942 11.676700 13.188739 13.270980 13.245437
0.057470 11.638164 0.000012 0.000197 0.019863 0.505660 -0.322660 11.634568 11.666672 13.316820 13.197927 13.275467
0.070742 11.798481 0.000009 -0.000673 0.019863 0.508045 -0.348462 11.938537 11.688779 13.333925 13.260178 13.311150
0.067350 11.770561 -0.000071 -0.000417 0.019863 0.509375 -0.389383 11.641717 11.702493 13.696179 13.294898 13.509198
0.054058 11.603844 0.000017 0.000503 0.019863 0.517051 -0.383029 11.603673 11.722755 13.516950 13.495241 13.507224
0.055662 11.603525 0.000034 0.000608 0.019863 0.517488 -0.342323 11.605037 11.712461 13.415300 13.506629 13.460731
0.056639 11.599353 0.000031 0.000577 0.019863 0.516759 -0.305751 11.587948 11.694294 13.958030 13.487611 13.729103
0.058608 11.598980 0.000031 0.000486 0.019863 0.528509 -0.271745 11.643122 11.720079 14.238319 13.794282 14.010852
0.060787 11.603047 0.000022 0.000597 0.019863 0.541169 -0.160116 11.604324 11.741712 14.232394 14.124736 14.159511
0.061382 11.606147 0.000040 0.000692 0.019863 0.547284 0.031742 11.615689 11.736238 14.481446 14.284321 14.363066
0.062132 11.605152 0.000035 0.000669 0.019863 0.555350 -1.026010 11.611521 11.737929 14.699381 14.494850 14.573625
0.071154 11.697279 0.000037 0.000207 0.017972 0.563647 -0.889990 11.781240 11.749219 14.916502 14.711404 14.786718
0.072686 11.698436 -0.000008 0.000259 0.016262 0.572303 -0.767919 11.647590 11.759538 15.239577 14.937328 15.058809
0.069595 11.644184 0.000033 0.000589 0.014715 0.583031 -0.664094 11.664151 11.770694 15.496848 15.217333 15.321371
0.073937 11.680882 0.000031 0.000458 0.013314 0.593433 -0.563131 11.715251 11.782698 15.091522 15.488836 15.240311
0.077776 11.714562 0.000020 0.000348 0.012047 0.589878 -0.475178 11.684183 11.746056 14.644943 15.396057 14.977429
0.080844 11.743350 0.000019 0.000014 0.010901 0.578807 -0.425141 11.734293 11.689395 14.382479 15.107081 14.722033
0.081625 11.760156 -0.000012 -0.000361 0.009863 0.567516 -0.415521 11.726447 11.642072 14.469274 14.812380 14.641906
0.081891 11.777731 -0.000023 -0.000692 0.008925 0.562468 -0.426663 11.792999 11.629879 14.500817 14.680634 14.602172
0.082297 11.798776 -0.000046 -0.000862 0.012384 0.559098 -0.425334 11.789898 11.633269 14.389581 14.592683 14.506010
0.082076 11.813128 -0.000044 -0.000918 0.012384 0.553540 -0.428411 11.816465 11.636007 14.444428 14.447602 14.467487
0.080813 11.813477 -0.000052 -0.000906 0.013855 0.550824 -0.413093 11.810848 11.653516 14.400054 14.376723 14.409221
0.079145 11.816734 -0.000045 -0.000833 0.013855 0.547471 -0.385983 11.823194 11.671589 14.331242 14.289210 14.329709
0.077655 11.831609 -0.000044 -0.000817 0.013855 0.543168 -0.349330 11.841497 11.690747 14.400975 14.176907 14.308149
0.076789 11.851761 -0.000044 -0.000822 0.013855 0.541205 -0.303330 11.876794 11.723670 14.290027 14.125669 14.220344
0.075197 11.857370 -0.000044 -0.000682 0.013855 0.537235 -0.249178 11.854169 11.749379 14.298289 14.022040 14.168893
0.075256 11.868830 -0.000031 -0.000610 0.013855 0.535396 -0.214979 11.901298 11.782064 14.671878 13.974039 14.327297
0.078938 11.898481 -0.000035 -0.000594 0.013855 0.543528 -0.181501 11.948617 11.846096 14.694770 14.186301 14.426740
0.082596 11.936566 -0.000030 -0.000462 0.013855 0.550117 -0.132458 11.965099 11.893316 14.701646 14.358264 14.503501
0.084858 11.973956 -0.000022 -0.000412 0.013855 0.554649 -0.078158 12.006821 11.927159 14.514667 14.476556 14.460106
0.085627 11.988799 -0.000024 -0.000315 0.013855 0.553553 0.069784 11.977242 11.936185 13.973287 14.447955 14.172417
0.085900 11.995223 -0.000013 -0.000301 0.013855 0.542442 -0.045061 11.973972 11.906453 13.485943 14.157963 13.795553
0.085782 11.996958 -0.000020 -0.000462 0.012536 0.527578 -0.146376 11.964896 11.865051 13.486286 13.769997 13.621536
0.084133 11.982486 -0.000030 -0.000599 0.011343 0.520713 -0.233446 11.975260 11.855495 13.730156 13.590826 13.663591
0.107489 12.323256 -0.000035 -0.002387 0.010264 0.521879 -0.274935 12.612113 11.912731 13.795796 13.621256 13.708341
0.097702 12.228366 -0.000201 -0.001611 0.054024 0.522115 -0.288506 11.934472 11.957398 13.759658 13.627407 13.689052
0.066183 11.839584 0.000005 0.000601 0.054024 0.520041 -0.191493 11.773603 11.955546 13.314328 13.573274 13.435410
0.066971 11.874191 0.000050 0.000415 0.054024 0.509173 -0.017161 11.935221 11.927970 13.141860 13.289619 13.214075
0.068622 11.918213 -0.000003 0.000050 0.054024 0.499627 0.731849 11.893514 11.915901 13.324325 13.040471 13.184540
0.071278 11.950859 0.000005 -0.000178 0.054024 0.499031 0.610488 12.018046 11.940707 13.472090 13.024897 13.243864
0.073274 11.963316 -0.000023 -0.000115 0.054024 0.503327 0.439321 11.953105 11.976541 13.486711 13.137036 13.296709
0.073672 11.967218 0.000006 0.000048 0.054024 0.507425 0.208987 12.004760 12.001861 13.489784 13.243981 13.343995
0.074225 11.985496 -0.000002 0.000084 0.054024 0.510352 -0.227879 11.988538 12.018678 13.706464 13.320386 13.485872
0.074136 11.987925 0.000008 0.000157 0.054024 0.516257 0.266451 12.016420 12.044588 13.743549 13.474503 13.573529
0.112687 12.497832 0.000007 -0.002313 0.054024 0.520551 -0.259161 12.903160 12.110111 13.321369 13.586585 13.413244
0.103816 12.359798 -0.000227 -0.001274 0.061086 0.515108 0.207626 11.905198 12.115168 12.737638 13.444517 13.057912
0.059221 11.778398 0.000058 0.001719 0.061086 0.501512 -0.026199 11.623890 12.028422 12.918322 13.089667 12.989969
0.058933 11.789583 0.000114 0.001219 0.061086 0.498571 -1.319031 11.909274 11.991675 13.136516 13.012889 13.065642
0.060036 11.804378 0.000023 0.000956 0.061086 0.500994 -1.195351 11.729743 11.982226 12.859431 13.076146 12.955979
0.060314 11.809115 0.000072 0.000883 0.061086 0.496423 -1.069877 11.856342 11.948645 13.086308 12.956828 13.015704
0.060756 11.816605 0.000026 0.000674 0.061086 0.498607 -0.942927 11.794536 11.945162 13.247299 13.013828 13.121953
0.061802 11.833290 0.000043 0.000571 0.061086 0.502823 -0.778744 11.881821 11.951503 13.169120 13.123869 13.132658
0.062032 11.846856 0.000020 0.000534 0.061086 0.502834 -0.576356 11.822280 11.944435 13.381633 13.124155 13.238631
0.063548 11.860553 0.000035 0.000428 0.061086 0.506842 -0.286043 11.910501 11.955377 13.419898 13.228769 13.304606
0.064543 11.864881 0.000013 0.000462 0.061086 0.509960 0.347122 11.842734 11.960677 13.502880 13.310159 13.383182
0.065426 11.869892 0.000034 0.000463 0.061086 0.513716 -0.182879 11.906087 11.966067 13.725760 13.408182 13.540257
0.066100 11.856683 0.000018 0.000558 0.055273 0.520643 0.806772 11.841002 11.978970 13.888332 13.588979 13.705621
0.066079 11.835698 0.000040 0.000731 0.050013 0.528563 0.535883 11.853928 11.987117 14.069373 13.795707 13.893883
0.066890 11.827437 0.000039 0.000815 0.045254 0.537007 0.236969 11.826790 11.991695 14.038351 14.016107 13.983045
0.109967 12.378641 0.000048 -0.001975 0.040947 0.541502 -0.279466 12.821792 12.032059 14.049521 14.133410 14.048405
0.099712 12.218774 -0.000225 -0.000953 0.060384 0.544240 0.085699 11.730062 12.044433 14.236863 14.204891 14.182447
0.053808 11.599314 0.000090 0.002272 0.060384 0.550105 -1.888882 11.497115 12.002321 14.175667 14.357956 14.228124
0.060594 11.648101 0.000145 0.001808 0.060384 0.552473 -1.614923 11.755204 11.953214 14.106972 14.419766 14.229857
0.065321 11.681736 0.000058 0.001385 0.060384 0.552992 -1.375712 11.599478 11.902583 14.116429 14.433320 14.250370
0.068773 11.704117 0.000088 0.001013 0.060384 0.553573 -1.182323 11.764037 11.858946 14.174000 14.448481 14.295860
0.072514 11.726318 0.000029 0.000677 0.060384 0.555068 -1.026170 11.675537 11.825076 14.301718 14.487496 14.387453
0.076009 11.748413 0.000044 0.000391 0.060384 0.558333 -0.898564 11.792766 11.803463 14.249256 14.572714 14.406974
0.078796 11.771538 0.000005 0.000163 0.060384 0.558369 -0.790279 11.730272 11.775986 14.335765 14.573641 14.459638
0.079852 11.775666 0.000014 0.000002 0.060384 0.559254 -0.700388 11.794123 11.758096 14.378695 14.596763 14.498345
0.081470 11.781359 -0.000009 -0.000119 0.060384 0.559787 -0.586358 11.754776 11.744051 14.031238 14.610665 14.331419
0.081958 11.772209 -0.000002 -0.000144 0.060384 0.552366 -0.479423 11.742656 11.703366 13.726864 14.416974 14.094129
0.080077 11.753044 -0.000010 -0.000254 0.054638 0.541949 -0.449887 11.709544 11.656524 13.760495 14.145075 13.994595
0.077626 11.740273 -0.000014 -0.000427 0.049438 0.536091 -0.503600 11.735983 11.636026 13.643818 13.992182 13.867448
0.073378 11.717074 -0.000028 -0.000414 0.044734 0.528818 -0.536647 11.675794 11.617977 13.920528 13.802349 13.922280
0.070012 11.707470 -0.000016 -0.000457 0.040477 0.528474 -0.539271 11.741683 11.635799 13.879880 13.793386 13.891438
0.067885 11.703027 -0.000030 -0.000343 0.036625 0.525620 -0.454264 11.678596 11.649015 13.392631 13.718890 13.602065
0.065522 11.699950 -0.000008 -0.000260 0.033139 0.513054 -0.373838 11.692539 11.629615 13.705753 13.390913 13.605412
0.065883 11.705006 -0.000018 -0.000385 0.029986 0.513123 -0.290319 11.738617 11.660791 13.937585 13.392711 13.713877
0.069133 11.713668 -0.000022 -0.000270 0.027132 0.519607 -0.130231 11.734616 11.706985 14.105491 13.561942 13.867140
0.084726 11.860495 -0.000008 -0.000783 0.024550 0.529327 0.271615 12.002006 11.763143 14.148368 13.815646 13.998416
0.088981 11.852434 -0.000068 -0.000456 0.022214 0.539254 0.033981 11.757756 11.797051 14.039958 14.074744 14.059725
0.083926 11.732811 0.000011 0.000328 0.020100 0.545944 -1.285812 11.710243 11.788016 14.224723 14.249349 14.240297
0.088582 11.748564 0.000022 0.000201 0.018187 0.555635 -1.133630 11.777372 11.782222 14.571128 14.502292 14.542161
0.090613 11.741087 0.000001 0.000210 0.016457 0.568634 -0.996483 11.717226 11.783276 14.975499 14.841564 14.913407
0.087908 11.716754 0.000019 0.000339 0.014891 0.582223 -0.865823 11.726432 11.786679 15.520032 15.196240 15.363360
0.084171 11.701702 0.000017 0.000434 0.013474 0.596144 -0.729885 11.706226 11.802490 15.519028 15.559604 15.529878
0.081878 11.695884 0.000028 0.000544 0.012191 0.598635 -0.578471 11.684565 11.788783 15.259612 15.624601 15.428452
0.097843 11.937238 0.000030 -0.000758 0.011031 0.590855 -0.434682 12.111976 11.776227 15.377631 15.421543 15.400369
0.090069 11.863261 -0.000096 -0.000444 0.025714 0.586632 -0.301184 11.660994 11.781634 15.095132 15.311322 15.202492
0.066645 11.592745 0.000034 0.000964 0.025714 0.576973 -0.011182 11.521915 11.746514 14.984452 15.059234 15.028192
0.066587 11.630483 0.000064 0.000592 0.025714 0.567491 4.145545 11.711723 11.729297 15.010072 14.811735 14.921939
0.067995 11.678458 0.000005 0.000259 0.025714 0.562395 3.724533 11.666737 11.739103 14.719355 14.678723 14.703185
0.070111 11.730452 0.000021 0.000044 0.025714 0.553628 3.347406 11.784475 11.741289 14.717234 14.449920 14.588668
0.073306 11.776854 -0.000012 -0.000182 0.025714 0.549846 3.012330 11.790826 11.764914 14.284547 14.351199 14.313334
0.077063 11.823704 -0.000007 -0.000300 0.025714 0.540875 2.713599 11.845002 11.765789 13.933540 14.117053 14.021497
0.079067 11.861205 -0.000022 -0.000487 0.025714 0.530886 2.456394 11.860390 11.761553 14.007814 13.856336 13.935705
0.079949 11.880983 -0.000028 -0.000609 0.025714 0.528737 2.230126 11.908829 11.784868 13.732238 13.800237 13.764281
0.079913 11.894039 -0.000035 -0.000557 0.025714 0.522825 2.028105 11.877103 11.790681 13.664992 13.645952 13.655894
0.077311 11.877733 -0.000025 -0.000444 0.025714 0.518838 1.846695 11.879667 11.800815 13.572926 13.541869 13.557429
0.074665 11.860747 -0.000023 -0.000306 0.023267 0.515045 1.678330 11.847943 11.809140 13.858427 13.442880 13.652326
0.086017 12.006360 -0.000011 -0.001006 0.021052 0.519177 1.518187 12.164291 11.860059 13.652306 13.550726 13.591247
0.101851 12.207376 -0.000087 -0.001772 0.023482 0.518133 1.359192 12.249471 11.902417 13.280688 13.523472 13.387572
0.084795 11.983198 -0.000100 -0.000412 0.026873 0.511096 1.214170 11.751952 11.892268 13.587127 13.339797 13.458644
0.064524 11.719415 0.000039 0.000882 0.026873 0.514719 1.069187 11.711954 11.893551 13.350919 13.434372 13.379937
0.065647 11.732986 0.000051 0.000819 0.026873 0.512310 0.928535 11.743547 11.871229 13.488617 13.371499 13.421299
0.066197 11.746655 0.000036 0.000636 0.026873 0.514050 0.801937 11.757934 11.867565 14.020107 13.416919 13.710529
0.068949 11.772324 0.000031 0.000486 0.026873 0.525875 0.660400 11.829121 11.903325 14.037401 13.725537 13.857505
0.071521 11.798589 0.000021 0.000535 0.026873 0.532437 0.490952 11.797577 11.916265 13.992543 13.896808 13.912884
0.072143 11.813308 0.000034 0.000525 0.026873 0.534664 0.307070 11.833080 11.913156 13.872742 13.954954 13.880073
0.070432 11.806181 0.000023 0.000546 0.026873 0.532779 0.082623 11.778489 11.896287 13.575370 13.905754 13.708810
0.068608 11.807086 0.000034 0.000455 0.026873 0.524795 -0.470669 11.805159 11.862563 13.472393 13.697365 13.563052
0.067315 11.802337 0.000017 0.000307 0.026873 0.517723 -0.352624 11.783190 11.839651 13.211488 13.512780 13.346345
0.065354 11.780618 0.000017 0.000301 0.026873 0.508799 -0.245798 11.755941 11.811128 13.204137 13.279848 13.235157
0.064059 11.760297 0.000016 0.000259 0.024315 0.504650 -0.182341 11.758098 11.800361 13.412726 13.171575 13.288943
0.088731 12.072458 0.000013 -0.001389 0.022002 0.507718 -0.123866 12.342051 11.845675 13.689062 13.251635 13.462532
0.082589 11.988420 -0.000141 -0.000728 0.037996 0.515437 0.000070 11.738355 10237.920518 13.760405 13.453115 13.588233
0.054698 11.627843 0.000044 52.188565 0.037996 0.548651 -5.218836 11.562503 9215.314320 12.765875 14.319999 13.507875
0.058139 11.654815 0.000093 46.969688 0.037996 0.542004 -4.680949 11.611989 8294.831694 12.651139 14.146523 13.402800
0.062205 11.685026 0.000040 42.271970 0.037996 0.535206 -4.193638 11.631190 7466.404761 12.944873 13.969085 13.499652
0.064958 11.691225 0.000000 38.044168 0.037996 0.536978 -3.756079 11.662360 6720.856515 13.285148 14.015330 13.717678
0.067305 11.689533 -0.000029 34.239368 0.037996 0.544313 -3.357822 11.656453 6049.884998 13.223582 14.206783 13.794378
0.072279 11.752855 -0.000039 30.814828 0.037996 0.545304 -2.997462 11.756162 5445.997970 13.399380 14.232650 13.916277
0.119399 12.398411 -0.000082 27.729674 0.037996 0.546712 -2.671454 12.849652 4902.575456 13.277769 14.269403 13.887513
0.103133 12.199325 -0.000386 24.957403 0.103897 0.541355 -2.367270 11.604616 4413.463396 13.311602 14.129582 13.854053
0.046816 11.506234 -0.000034 22.464820 0.103897 0.535609 -1.976263 11.366119 3973.206270 13.369798 13.979618 13.822651
0.048444 11.546857 0.000017 20.217817 0.103897 0.530954 -1.577232 11.645665 3576.994546 13.117842 13.858120 13.642665
0.049436 11.578803 -0.000072 18.195639 0.103897 0.521140 -1.187124 11.469736 3220.397396 13.012407 13.601951 13.472840
0.048800 11.587272 -0.000033 16.375748 0.103897 0.512630 -0.799829 11.637040 2899.472123 13.070485 13.379834 13.398104
0.050375 11.617802 -0.000087 14.737792 0.103897 0.508599 -0.371476 11.579187 2610.663467 13.373168 13.274640 13.497430
0.078302 11.975838 -0.000069 13.262067 0.103897 0.512030 0.493574 12.300555 2350.802101 13.470586 13.364175 13.580324
0.074381 11.914688 -0.000255 11.936210 0.103897 0.516094 -0.330636 11.613982 2116.921348 13.109031 13.470256 13.440542
0.051306 11.598478 -0.000044 10.744243 0.103897 0.511800 0.981345 11.558955 1906.361942 12.956534 13.358193 13.309479
0.058297 11.645000 -0.000032 9.669443 0.103897 0.508834 0.508180 11.683682 1716.860093 12.863729 13.280766 13.226581
0.063368 11.669098 -0.000071 8.702222 0.103897 0.508186 -0.120188 11.626121 1546.309685 13.021632 13.263861 13.301111
0.067248 11.689626 -0.000057 7.831735 0.094010 0.512359 1.532209 11.722244 1392.829493 13.487956 13.372765 13.590354
0.068216 11.701629 -0.000082 7.048408 0.085063 0.524232 1.278074 11.693786 1254.725355 13.880181 13.682655 13.931835
0.065462 11.704823 -0.000064 6.343595 0.076969 0.535565 1.008617 11.728481 1130.438131 14.199517 13.978447 14.227718
0.063223 11.711361 -0.000064 5.709278 0.069644 0.543765 0.641972 11.714262 1018.582051 13.845235 14.192484 14.142095
0.061500 11.714286 -0.000049 5.138420 0.063017 0.537479 0.079137 11.688235 917.869205 13.438727 14.028416 13.857913
0.100753 12.246607 -0.000045 4.621728 0.057020 0.524705 -3.357741 12.649033 827.262674 13.349488 13.695008 13.655800
0.092985 12.133805 -0.000312 4.159905 0.083763 0.515973 -2.955173 11.695682 745.723847 13.226876 13.467088 13.482906
0.049773 11.567822 -0.000032 3.746671 0.083763 0.510412 -2.562161 11.447500 672.290211 13.564551 13.321954 13.581038
0.053191 11.605230 0.000033 3.371721 0.083763 0.515561 -2.211650 11.749627 606.239925 13.505030 13.456343 13.605048
0.056650 11.649896 -0.000046 3.034413 0.083763 0.517354 -1.871115 11.573767 546.784578 13.168603 13.503133 13.451035
0.060892 11.690319 0.000007 2.730784 0.083763 0.511659 -1.561858 11.758447 493.250037 12.757029 13.354501 13.171825
0.064600 11.728885 -0.000051 2.457381 0.083763 0.501482 -1.286719 11.660379 445.053066 12.706041 13.088885 13.023590
0.081670 11.961580 -0.000032 2.210226 0.083763 0.495410 -1.097088 12.173798 401.715176 13.192534 12.930406 13.194418
0.076761 11.918212 -0.000175 1.989278 0.083763 0.501392 -0.899056 11.733422 362.755159 13.339740 13.086522 13.333464
0.055982 11.686176 -0.000034 1.791635 0.083763 0.505508 -0.629458 11.667390 327.667271 13.390495 13.193955 13.400595
0.096574 12.239814 -0.000008 1.609743 0.083763 0.506389 -0.190525 12.712508 296.139280 13.365304 13.216955 13.389544
0.085453 12.115080 -0.000285 1.449481 0.083763 0.504626 1.293867 11.648275 267.747998 13.643840 13.170951 13.498050
0.035331 11.510366 0.000032 1.307676 0.075792 0.508815 0.922246 11.435541 242.159737 13.784934 13.280281 13.607696
0.036230 11.543767 0.000096 1.176919 0.068579 0.513096 0.491756 11.668235 219.136027 13.782323 13.392013 13.646739
0.037577 11.578813 0.000034 1.059241 0.062053 0.514976 -0.156147 11.536578 198.409608 13.873944 13.441071 13.704887
0.040261 11.608065 0.000075 0.953318 0.056148 0.517729 1.602540 11.697753 179.761951 13.610117 13.512923 13.596783
0.045027 11.642498 0.000033 0.857976 0.050805 0.515745 1.301243 11.605591 162.957303 13.780061 13.461151 13.651804
0.050780 11.685243 0.000056 0.771997 0.045970 0.520876 1.059970 11.772907 147.854039 14.293029 13.595062 13.966494
0.054752 11.717038 0.000012 0.694758 0.041596 0.536113 0.858515 11.724742 134.292739 14.666893 13.992762 14.334550
0.057402 11.741064 0.000038 0.625427 0.037637 0.552205 0.667115 11.804732 122.088182 14.479288 14.412764 14.433265
0.061767 11.782624 0.000027 0.562930 0.034056 0.556820 0.467518 11.769932 111.062620 13.779648 14.533225 14.140612
0.065132 11.818568 0.000035 0.506479 0.030815 0.545169 0.327937 11.800902 101.081640 13.708840 14.229123 13.972510
0.066526 11.834101 0.000008 0.455463 0.027882 0.537905 0.318425 11.821600 92.117826 13.879925 14.039526 13.976524
0.066545 11.833606 -0.000009 0.409720 0.025229 0.537364 0.365529 11.831229 84.077422 13.809056 14.025424 13.936871
0.063883 11.824445 -0.000014 0.368734 0.022828 0.534492 0.400463 11.802774 76.835880 13.417364 13.950447 13.707152
0.060048 11.819583 -0.000009 0.331802 0.020656 0.522708 0.420599 11.793009 70.294229 13.105483 13.642895 13.409021
0.057285 11.811609 -0.000017 0.298459 0.018690 0.508321 0.437702 11.786143 64.405621 12.946251 13.267389 13.152558
0.054973 11.798219 -0.000024 0.268475 0.016911 0.496972 0.446467 11.783770 59.120771 13.016712 12.971155 13.044505
0.053185 11.793297 -0.000028 0.241530 0.015302 0.492358 0.447141 11.804339 54.391444 13.309987 12.850739 13.126424
0.052014 11.783206 -0.000030 0.217446 0.013846 0.496048 0.413780 11.800778 50.165098 12.954650 12.947049 12.984979
0.088927 12.251083 -0.000016 0.193489 0.012528 0.491555 0.350649 12.611898 46.374268 12.550699 12.829791 12.723218
0.082860 12.159378 -0.000234 0.174611 0.062817 0.482980 0.301365 11.776409 42.931826 12.427504 12.605965 12.554598
0.046310 11.672101 0.000008 0.159530 0.062817 0.478316 -0.016771 11.575256 39.792455 12.825124 12.484236 12.694512
0.113360 12.541154 0.000058 0.139073 0.062817 0.484899 4.126947 13.339465 37.092917 13.359633 12.656058 13.037528
0.101496 12.381345 -0.000416 0.126112 0.111961 0.499472 3.694582 11.667669 34.674581 13.452539 13.036421 13.256173
0.033557 11.509997 0.000089 0.118217 0.111961 0.508209 3.185353 11.415099 32.389363 13.329794 13.264462 13.298556
0.040272 11.586711 0.000157 0.106164 0.111961 0.509986 2.692902 11.728906 30.314002 13.187177 13.310839 13.248888
0.044856 11.643310 0.000058 0.095283 0.111961 0.507929 2.236093 11.565550 28.437649 13.204914 13.257136 13.233823
0.045258 11.656379 0.000094 0.085641 0.111961 0.506962 1.817636 11.725122 26.755602 13.383911 13.231901 13.311652
0.044981 11.676897 0.000041 0.076952 0.111961 0.509160 1.431165 11.649729 25.259143 13.234683 13.289266 13.262299
0.088369 12.274341 0.000061 0.066266 0.111961 0.505301 1.037419 12.769933 23.956565 12.851842 13.188568 13.022803
0.076250 12.155700 -0.000248 0.060224 0.111961 0.493550 0.641025 11.639034 22.751199 12.679103 12.881857 12.790270
0.027115 11.560108 0.000074 0.057112 0.111961 0.483260 0.142435 11.481745 21.616868 12.730862 12.613280 12.684292
0.043674 11.754409 0.000105 0.050332 0.111961 0.479862 -1.729975 11.981368 20.639450 12.582691 12.524591 12.562824
0.046057 11.772367 -0.000037 0.045252 0.111961 0.476656 -1.392446 11.609527 19.757103 12.153409 12.440916 12.306357
0.040192 11.676296 0.000068 0.041239 0.101307 0.468555 -1.074801 11.708128 18.927438 11.671569 12.229480 11.967283
0.047754 11.736300 0.000029 0.036699 0.091666 0.457666 -0.841450 11.716952 18.166439 11.619749 11.945273 11.811083
0.051281 11.757148 0.000012 0.032709 0.082943 0.453735 -0.754892 11.764866 17.501071 11.882773 11.842665 11.896974
0.051348 11.756864 -0.000008 0.029315 0.075050 0.458235 -0.738773 11.753474 16.929662 12.380156 11.960123 12.201091
0.050556 11.766588 -0.000004 0.026349 0.067908 0.469606 -0.683291 11.808613 16.444888 13.099024 12.256897 12.696293
0.048647 11.764592 -0.000010 0.023885 0.061446 0.487576 -0.453011 11.792597 16.040081 12.938276 12.725935 12.831798
0.046207 11.756082 0.000013 0.021863 0.055598 0.490986 0.074533 11.742812 15.627623 12.377577 12.814932 12.593854
0.044093 11.747064 0.000029 0.019804 0.050307 0.480589 -2.847694 11.717631 15.206733 12.423460 12.543552 12.489967
0.041646 11.711590 0.000024 0.017837 0.045520 0.475850 -2.498992 11.697741 14.848202 12.254914 12.419878 12.346634
0.039413 11.692278 0.000025 0.016106 0.041188 0.470547 -2.189850 11.675522 14.520225 12.104870 12.281451 12.205948
0.036197 11.679925 0.000025 0.014495 0.037269 0.464371 -1.927761 11.670190 14.222938 12.254377 12.120276 12.201694
0.033547 11.660809 0.000021 0.013075 0.033722 0.463689 -1.696096 11.663371 13.976793 12.273554 12.102476 12.198245
0.035325 11.662167 0.000023 0.011812 0.030513 0.464121 -1.489175 11.674047 13.758174 12.320686 12.113750 12.222666
0.039740 11.672356 0.000022 0.010645 0.027609 0.467629 -1.305683 11.686539 13.565128 12.416601 12.205299 12.311193
0.045084 11.688661 0.000020 0.009576 0.024982 0.474375 -1.150203 11.706222 13.393345 12.256250 12.381364 12.314770
0.049464 11.700898 0.000017 0.008637 0.022605 0.477498 -1.021689 11.687245 13.214707 12.413677 12.462874 12.437372
0.054790 11.713995 0.000018 0.007659 0.020453 0.484520 -0.924519 11.731702 13.060942 12.407642 12.646170 12.526884
0.058946 11.716233 0.000004 0.006863 0.018507 0.490177 -0.842019 11.685950 12.908564 12.870044 12.793814 12.838807
0.062207 11.716798 0.000011 0.006082 0.016746 0.503311 -0.781995 11.747200 12.795110 13.523103 13.136624 13.336338
0.065452 11.712670 -0.000005 0.005524 0.015152 0.523596 -0.703821 11.714061 12.715881 13.519625 13.666073 13.585796
0.108360 12.242455 0.000012 0.002416 0.013710 0.533579 -0.614547 12.654175 12.657544 13.222676 13.926624 13.566433
0.098789 12.089625 -0.000246 0.002898 0.066073 0.531190 -0.519527 11.585135 12.547903 12.775689 13.864258 13.325100
0.051017 11.476008 0.000052 0.005470 0.066073 0.518600 -0.215013 11.306981 12.358989 12.747054 13.535662 13.175196
0.050721 11.475330 0.000100 0.004510 0.066073 0.509692 0.180005 11.550804 12.211418 12.762945 13.303168 13.086543
0.069213 11.705164 0.000009 0.002584 0.066073 0.503709 -0.083248 11.788094 12.120236 12.757334 13.147015 13.017469
0.061302 11.625299 -0.000067 0.002526 0.066073 0.498379 0.226365 11.465809 12.041487 13.109524 13.007881 13.134634
0.037390 11.353170 0.000018 0.003513 0.066073 0.500543 0.027990 11.270691 11.980286 13.495416 13.064363 13.352534
0.038567 11.365841 0.000071 0.003136 0.066073 0.509152 -4.254812 11.474323 11.951203 13.420691 13.289065 13.411285
0.040990 11.394201 0.000018 0.002843 0.066073 0.511091 -3.784668 11.339984 11.905384 13.374947 13.339674 13.407086
0.043326 11.420617 0.000055 0.002474 0.066073 0.510917 -3.352775 11.487771 11.859556 13.317598 13.335145 13.372489
0.044745 11.432713 0.000011 0.002178 0.066073 0.509885 -2.954829 11.387349 11.815554 13.094458 13.308207 13.243966
0.046919 11.448789 0.000037 0.001872 0.066073 0.505332 -2.596699 11.481894 11.762830 12.985137 13.189376 13.133035
0.049928 11.463838 0.000003 0.001526 0.059785 0.501932 -2.279743 11.434060 11.717598 13.051676 13.100613 13.126173
0.051969 11.476096 0.000012 0.001232 0.054096 0.502881 -2.014507 11.506050 11.689774 13.595277 13.125389 13.414662
0.052379 11.483161 -0.000010 0.001054 0.048948 0.514692 -1.782217 11.500126 11.704389 14.056772 13.433660 13.787385
0.054104 11.487368 0.000002 0.001108 0.044290 0.529652 -1.544951 11.523942 11.729467 14.043431 13.824127 13.954547
0.057024 11.486576 0.000008 0.001240 0.040075 0.537388 -1.305417 11.473147 11.721642 14.191421 14.026034 14.122589
0.082712 11.767228 0.000026 -0.000233 0.036262 0.545831 -1.080929 12.014910 11.738618 14.503402 14.246395 14.385508
0.081814 11.716403 -0.000120 0.000113 0.032811 0.557967 -0.864637 11.496892 11.755691 14.805846 14.563168 14.688257
0.061218 11.430561 0.000037 0.001659 0.029688 0.570843 -0.653647 11.395715 11.741397 14.711989 14.899235 14.795787
0.078145 11.619269 0.000065 0.000623 0.026863 0.575203 -0.435266 11.784056 11.715127 14.496722 15.013033 14.743837
0.077324 11.611984 -0.000049 0.000526 0.024307 0.571886 -0.237348 11.435565 11.666050 14.891692 14.926462 14.919777
0.064817 11.467572 0.000039 0.001013 0.021994 0.576295 -0.047024 11.490567 11.643592 15.035840 15.041540 15.050233
0.066500 11.504807 0.000020 0.000708 0.019901 0.578889 0.784804 11.515770 11.629286 14.854820 15.109233 14.988855
0.064370 11.534402 0.000011 0.000484 0.018007 0.573071 0.673648 11.530208 11.600697 15.079334 14.957388 15.036488
0.060738 11.559648 0.000001 0.000209 0.016293 0.570504 0.579539 11.592356 11.605748 14.708901 14.890369 14.810452
0.058687 11.593988 -0.000014 0.000060 0.014743 0.557695 0.491937 11.581670 11.590948 13.854536 14.556052 14.215210
0.054180 11.621813 -0.000013 -0.000158 0.013340 0.530970 0.450653 11.601262 11.541368 14.120951 13.858525 14.021101
0.050835 11.658028 -0.000031 -0.000595 0.012070 0.520320 0.455228 11.723143 11.572736 14.086554 13.580563 13.857683
0.049255 11.693749 -0.000056 -0.000618 0.015034 0.512949 0.447227 11.708222 11.622824 14.086710 13.388163 13.748307
0.048481 11.726988 -0.000036 -0.000532 0.015034 0.509112 0.444720 11.794445 11.685684 14.416334 13.288020 13.844986
0.074820 12.062440 -0.000042 -0.001923 0.015034 0.515212 0.406177 12.361544 11.808068 13.725020 13.447246 13.554280
0.073867 12.041228 -0.000168 -0.001190 0.045208 0.508108 0.360842 11.805829 11.852238 13.721830 13.261810 13.454538
0.055065 11.793848 0.000003 0.000298 0.045208 0.508650 0.288085 11.818799 11.880935 13.661658 13.275966 13.422464
0.062355 11.874971 0.000009 0.000030 0.045208 0.511193 0.223835 11.948864 11.909294 13.231175 13.342338 13.233954
0.064885 11.922053 -0.000019 -0.000065 0.045208 0.505959 0.285705 11.892259 11.902225 13.871153 13.205734 13.489500
0.066248 11.952251 -0.000004 -0.000255 0.045208 0.516819 0.320299 12.050200 11.957184 13.833093 13.489187 13.599395
0.066377 11.981704 -0.000033 -0.000125 0.045208 0.521345 0.175320 11.952725 11.985454 14.037761 13.607302 13.755247
0.066248 12.016644 0.000003 -0.000159 0.045208 0.526216 -0.160260 12.100096 12.020890 14.059364 13.734453 13.823094
0.066472 12.046407 -0.000028 -0.000130 0.045208 0.527699 0.597022 12.027849 12.047835 13.370176 13.773158 13.497986
0.063121 12.042757 0.000001 0.000026 0.045208 0.513571 0.345386 12.024430 12.017073 13.144772 13.404399 13.212918
0.059912 12.036975 -0.000007 -0.000102 0.045208 0.501160 0.031861 12.027520 11.999572 12.694463 13.080479 12.836065
0.058068 12.040105 -0.000012 -0.000207 0.045208 0.486155 -2.139940 12.021194 11.974645 12.423208 12.688827 12.515030
0.055869 12.040262 -0.000017 -0.000335 0.040906 0.473323 -1.909275 12.035576 11.961265 12.397170 12.353929 12.339354
0.054295 12.045182 -0.000025 -0.000428 0.037013 0.466491 -1.713110 12.056112 11.972903 12.419814 12.175612 12.259741
0.053549 12.049087 -0.000027 -0.000389 0.033491 0.464057 -1.537410 12.061800 11.998855 12.500236 12.112073 12.262328
0.054069 12.050298 -0.000021 -0.000263 0.030304 0.465651 -1.373539 12.070239 12.033141 12.289869 12.153664 12.173964
0.055380 12.051815 -0.000013 -0.000095 0.027420 0.464448 -1.221862 12.047302 12.045234 12.067863 12.122285 12.048594
0.055758 12.050883 -0.000003 -0.000029 0.024810 0.461518 -1.096991 12.049662 12.041713 12.082170 12.045799 12.019944
0.056476 12.059543 -0.000005 -0.000091 0.022449 0.461651 -0.995791 12.070178 12.046226 12.062874 12.049269 12.013530
0.058734 12.074762 -0.000009 -0.000146 0.020313 0.462303 -0.911426 12.079451 12.050101 12.178068 12.066289 12.080240
0.060299 12.073307 -0.000010 -0.000118 0.018380 0.466239 -0.837642 12.076783 12.060814 12.306084 12.169011 12.194684
0.058907 12.053112 -0.000006 0.000039 0.016631 0.471522 -0.768979 12.044465 12.070334 12.417311 12.306908 12.318296
0.057586 12.047287 0.000006 0.000118 0.015048 0.475872 -0.698602 12.057833 12.076318 12.400260 12.420452 12.367394
0.057011 12.036955 0.000004 0.000201 0.013616 0.476933 -0.617342 12.018737 12.070866 11.884778 12.448149 12.131761
0.057009 12.022694 0.000014 0.000246 0.012321 0.467313 -0.536226 11.983564 12.023754 11.352556 12.197046 11.757969
0.055470 11.994058 0.000010 0.000152 0.011148 0.452408 -0.479431 11.939053 11.957384 11.506587 11.808035 11.656171
0.054368 11.968461 0.000004 -0.000057 0.010087 0.448405 -0.447955 11.969355 11.935860 11.931271 11.703544 11.818668
0.055502 11.961978 -0.000010 -0.000133 0.009127 0.455378 -0.414057 11.973172 11.955569 11.969886 11.885537 11.924677
0.057433 11.954030 -0.000006 0.000008 0.008259 0.460516 -0.365776 11.945049 11.961747 11.537282 12.019660 11.777505
0.060575 11.955702 0.000004 0.000031 0.007473 0.455917 -0.317996 11.928010 11.924928 11.459637 11.899613 11.689963
0.062898 11.939003 -0.000002 -0.000072 0.006762 0.453808 -0.290530 11.914766 11.893305 11.687249 11.844561 11.785254
0.071799 12.001796 -0.000007 -0.000554 0.006118 0.459362 -0.274928 12.059610 11.892343 11.889699 11.989535 11.961715
0.070401 11.955050 -0.000048 -0.000320 0.013002 0.467285 -0.265354 11.863908 11.891119 12.363663 12.196315 12.303385
0.061770 11.829862 0.000007 0.000313 0.013002 0.480164 -0.255931 11.815189 11.897557 12.508600 12.532473 12.538730
0.061609 11.807758 0.000023 0.000458 0.013002 0.488336 -0.201705 11.800022 11.886785 12.533207 12.745766 12.657120
0.060290 11.776467 0.000024 0.000563 0.013002 0.491693 -0.121834 11.741666 11.859795 12.980965 12.833393 12.929760
0.057843 11.733182 0.000033 0.000646 0.013002 0.501104 0.027960 11.737474 11.858213 13.251075 13.079013 13.183099
0.056647 11.702707 0.000034 0.000794 0.013002 0.510338 -0.961807 11.687812 11.855580 13.090326 13.320030 13.216978
0.056042 11.685498 0.000048 0.000868 0.013002 0.510612 -0.831616 11.666401 11.821326 13.020952 13.327173 13.190491
0.057074 11.679656 0.000045 0.000723 0.013002 0.508648 -0.712061 11.667270 11.784170 12.826008 13.275921 13.073262
0.059295 11.671932 0.000034 0.000573 0.013002 0.504075 -0.605836 11.641884 11.739169 12.605503 13.156558 12.912374
0.070622 11.791081 0.000028 -0.000265 0.013002 0.498225 -0.528886 11.869068 11.702990 12.902255 13.003878 12.999170
0.067378 11.752730 -0.000047 -0.000254 0.013002 0.501185 -0.478291 11.652031 11.700334 13.241962 13.081116 13.209665
0.054220 11.599983 0.000014 0.000512 0.011765 0.507965 -0.429377 11.570420 11.702375 13.055237 13.258087 13.196345
0.054122 11.606746 0.000038 0.000488 0.010645 0.505664 -0.369793 11.620577 11.677583 12.899549 13.198033 13.090837
0.052602 11.599610 0.000017 0.000398 0.009632 0.499925 -0.320182 11.560427 11.647377 13.173296 13.048235 13.160261
0.049574 11.571618 0.000025 0.000387 0.008715 0.501487 -0.278613 11.589961 11.649190 13.224569 13.088998 13.200998
0.046891 11.553370 0.000018 0.000489 0.007886 0.502365 -0.233193 11.534275 11.649786 13.190961 13.111932 13.190072
0.045043 11.551638 0.000034 0.000501 0.009050 0.500993 -0.191365 11.571460 11.645904 13.144795 13.076115 13.145322
0.045697 11.570454 0.000022 0.000385 0.009050 0.498655 -0.140303 11.574806 11.643515 13.140940 13.015081 13.109762
0.046331 11.564512 0.000020 0.000403 0.009050 0.497727 -0.097631 11.565725 11.645064 13.635125 12.990879 13.342182
0.049237 11.551750 0.000023 0.000476 0.009050 0.509518 -0.049272 11.588936 11.684099 13.821635 13.298622 13.571872
0.093151 12.068702 0.000028 -0.001963 0.009050 0.522311 0.077278 12.491781 11.761825 13.818495 13.632533 13.721680
0.087450 11.975131 -0.000208 -0.001089 0.055833 0.530422 0.034458 11.575771 11.797116 14.068409 13.844216 13.948554
0.049856 11.473871 0.000063 0.001650 0.055833 0.541035 -2.813507 11.409181 11.781623 13.783463 14.121216 13.934219
0.057047 11.540197 0.000107 0.001232 0.055833 0.541017 -2.497619 11.619652 11.732124 13.841461 14.120761 13.972511
0.061540 11.583035 0.000033 0.000761 0.055833 0.542077 -2.225205 11.532772 11.696246 14.082533 14.148418 14.116299
0.063694 11.613794 0.000047 0.000421 0.055833 0.546767 -1.983935 11.673665 11.683055 14.466178 14.270848 14.373714
0.063544 11.641557 0.000004 0.000212 0.055833 0.554481 -1.764613 11.630536 11.693569 14.978896 14.472179 14.728829
0.063640 11.680122 0.000019 0.000069 0.055833 0.565402 -1.530563 11.757833 11.730266 14.719747 14.757222 14.725218
0.062259 11.704281 -0.000007 0.000133 0.055833 0.561926 -1.276026 11.658625 11.724854 14.229146 14.666481 14.433602
0.058141 11.707831 0.000020 0.000087 0.055833 0.547236 -1.034385 11.714363 11.690319 14.161437 14.283086 14.220341
0.054652 11.711364 -0.000006 -0.000107 0.055833 0.536010 -0.818173 11.699832 11.683291 14.008593 13.990078 14.000655
0.053863 11.723473 -0.000004 -0.000205 0.055833 0.526351 -0.593863 11.743777 11.688699 13.501793 13.737963 13.620474
0.052703 11.729248 -0.000015 -0.000207 0.050520 0.511688 -0.384952 11.699894 11.675024 13.104563 13.355255 13.236100
0.051416 11.734649 -0.000007 -0.000304 0.045712 0.497326 -0.269404 11.743633 11.662165 13.005288 12.980404 13.004462
0.050882 11.740721 -0.000023 -0.000401 0.041362 0.489412 -0.276622 11.740259 11.671889 12.915141 12.773854 12.854799
0.051647 11.752184 -0.000019 -0.000410 0.037426 0.485245 -0.315126 11.772331 11.690526 13.126358 12.665081 12.901677
0.054104 11.771311 -0.000023 -0.000412 0.033864 0.489405 -0.333669 11.805126 11.733235 13.328684 12.773666 13.045768
0.057228 11.788873 -0.000021 -0.000284 0.030642 0.497905 -0.280336 11.817539 11.780467 13.259827 12.995519 13.109349
0.061838 11.830605 -0.000011 -0.000256 0.027726 0.502903 -0.208268 11.860901 11.805323 13.577207 13.125971 13.327946
0.066473 11.859774 -0.000016 -0.000278 0.025087 0.513649 -0.118782 11.892748 11.844645 13.553593 13.406440 13.446211
0.069678 11.873701 -0.000014 -0.000148 0.022700 0.520416 0.048426 11.869511 11.858598 13.681445 13.583075 13.596418
0.071524 11.885210 -0.000003 -0.000136 0.020540 0.527209 -0.043159 11.905155 11.868645 13.856339 13.760365 13.771866
0.071806 11.891443 -0.000011 -0.000116 0.018585 0.533932 0.043371 11.887678 11.878130 13.897070 13.935832 13.878968
0.070055 11.887550 -0.000003 -0.000048 0.016817 0.536464 0.045474 11.884537 11.876162 13.761498 14.001917 13.846419
0.066896 11.869847 -0.000003 0.000032 0.015216 0.532908 0.015005 11.840045 11.857481 13.535701 13.909111 13.694310
0.063420 11.847635 0.000005 0.000050 0.013768 0.524439 0.334883 11.825673 11.828462 13.673900 13.688066 13.663356
0.059996 11.823051 0.000001 0.000028 0.012458 0.521589 0.319017 11.819890 11.826858 13.664431 13.613681 13.622599
0.056019 11.792889 0.000002 0.000173 0.011273 0.518831 0.300492 11.775098 11.827271 13.606787 13.541698 13.557346
0.053926 11.787085 0.000015 0.000205 0.010200 0.515506 0.276228 11.801561 11.828139 13.602134 13.454904 13.510729
0.054785 11.801910 0.000008 0.000134 0.009229 0.513495 0.241849 11.813242 11.836569 13.284330 13.402414 13.323450
0.055271 11.800361 0.000007 0.000185 0.008351 0.507055 0.201307 11.781191 11.824083 13.000006 13.234326 13.101197
0.056116 11.805016 0.000012 0.000097 0.007556 0.499474 0.184133 11.806484 11.804585 13.045027 13.036462 13.030772
0.058313 11.821196 -0.000000 -0.000085 0.006837 0.498082 0.187979 11.833608 11.806889 13.162220 13.000148 13.071340
0.059836 11.826932 -0.000008 -0.000102 0.006186 0.501117 0.196822 11.833758 11.821061 13.453160 13.079362 13.252949
0.062420 11.839258 -0.000004 -0.000093 0.005598 0.509727 0.194661 11.871720 11.850944 13.327925 13.304077 13.294252
0.065345 11.865516 -0.000006 -0.000074 0.005065 0.512471 0.179876 11.862343 11.854191 13.287754 13.375701 13.310341
0.065737 11.868523 -0.000002 -0.000073 0.004583 0.513129 0.169213 11.866863 11.849022 13.172779 13.392867 13.264413
0.065449 11.855323 -0.000005 -0.000032 0.004147 0.511090 0.149141 11.829568 11.833129 12.717266 13.339661 13.015595
0.064995 11.838147 0.000001 -0.000026 0.003752 0.500968 0.135789 11.798283 11.786904 12.704638 13.075458 12.893092
0.064100 11.811949 -0.000003 -0.000128 0.003395 0.496079 0.134296 11.795042 11.761569 12.761807 12.947859 12.867032
0.062888 11.782224 -0.000010 -0.000105 0.003072 0.495225 0.134722 11.758002 11.749667 12.906276 12.925581 12.932504
0.060560 11.750294 -0.000002 -0.000003 0.002780 0.497711 0.132173 11.742679 11.748280 13.025417 12.990461 13.024363
0.057331 11.717433 0.000001 0.000157 0.002515 0.500548 0.117956 11.699860 11.747820 12.861050 13.064490 12.976873
0.053599 11.678464 0.000014 0.000354 0.003661 0.497483 0.093960 11.646073 11.725611 12.723205 12.984491 12.871970
0.051838 11.658706 0.000023 0.000341 0.006106 0.492377 0.056805 11.649196 11.699304 12.728650 12.851243 12.813783
0.051119 11.649353 0.000014 0.000255 0.006106 0.489642 -0.017465 11.640275 11.685105 12.865251 12.779843 12.848706
0.049431 11.633013 0.000013 0.000266 0.006106 0.490773 0.156924 11.633616 11.686308 13.065727 12.809363 12.960835
0.049997 11.639044 0.000015 0.000241 0.006106 0.495116 0.119051 11.662634 11.700828 13.144817 12.922725 13.049764
0.050605 11.637499 0.000011 0.000323 0.006106 0.499082 0.064242 11.634065 11.711169 13.187218 13.026225 13.116493
0.051136 11.640357 0.000022 0.000361 0.006106 0.502277 -0.022036 11.657477 11.716174 13.350716 13.109629 13.235884
0.052879 11.653187 0.000017 0.000321 0.006106 0.507370 0.211994 11.667855 11.727975 13.259415 13.242570 13.249939
0.055101 11.663549 0.000018 0.000329 0.006106 0.508674 0.163586 11.661368 11.722797 13.160432 13.276590 13.216562
0.093868 12.135188 0.000018 -0.002105 0.006106 0.508427 0.125814 12.505523 11.755316 13.002143 13.270136 13.136256
0.086998 12.015648 -0.000214 -0.001329 0.057495 0.506547 0.112458 11.603628 11.761229 13.134195 13.221086 13.185294
0.048426 11.502727 0.000044 0.001319 0.057495 0.509427 -0.342080 11.415483 11.728856 13.345898 13.296241 13.331459
0.116614 12.386687 0.000089 -0.003357 0.057495 0.515972 -0.155198 13.167377 11.798367 13.447801 13.467066 13.465614
0.101952 12.206350 -0.000391 -0.002082 0.105121 0.519470 0.250807 11.436082 11.837719 13.810524 13.558385 13.694551
0.027819 11.300783 0.000113 0.002740 0.105121 0.526340 -1.082067 11.211474 11.802955 13.783977 13.737672 13.763269
0.031323 11.364418 0.000168 0.002238 0.105121 0.526507 -0.592365 11.490249 11.762577 13.532825 13.742030 13.637462
0.033310 11.412438 0.000078 0.001787 0.105121 0.519441 0.187010 11.334484 11.711857 13.600268 13.557626 13.584861
0.033405 11.435267 0.000108 0.001412 0.105121 0.516395 -1.929116 11.519096 11.687400 13.571286 13.478122 13.529453
0.032858 11.457354 0.000049 0.001174 0.105121 0.513293 -1.535167 11.414956 11.671389 13.544238 13.397154 13.473074
0.031545 11.485443 0.000074 0.000949 0.105121 0.509711 -1.143979 11.552874 11.663837 13.464109 13.303652 13.382636
0.029655 11.496034 0.000033 0.000856 0.105121 0.504974 -0.685644 11.462608 11.659103 13.305289 13.180028 13.237723
0.029833 11.514981 0.000057 0.000736 0.105121 0.498995 -0.041427 11.566283 11.654095 13.427879 13.023976 13.217491
0.032005 11.534106 0.000026 0.000612 0.105121 0.497148 9.512847 11.538688 11.672419 13.360336 12.975771 13.150449
0.034478 11.548965 0.000040 0.000630 0.105121 0.497398 8.521619 11.586057 11.688945 13.515597 12.982276 13.222749
0.038812 11.593515 0.000031 0.000487 0.095117 0.503023 7.631822 11.639521 11.719441 14.063588 13.129096 13.558120
0.040877 11.596141 0.000024 0.000629 0.086066 0.518946 6.830367 11.631594 11.777268 13.879439 13.544692 13.653711
0.041339 11.573857 0.000043 0.001038 0.077876 0.525387 6.107233 11.552798 11.782058 13.856913 13.712816 13.721184
0.110309 12.427731 0.000067 -0.003295 0.070465 0.530601 5.466581 13.138496 11.857443 13.911639 13.848902 13.815991
0.102899 12.266889 -0.000364 -0.002090 0.097964 0.537305 4.904354 11.574314 11.903098 13.710955 14.023882 13.802890
0.038170 11.419066 0.000094 0.002470 0.097964 0.538029 4.367447 11.271375 11.831202 14.263950 14.042774 14.102466
0.046397 11.502500 0.000160 0.001677 0.097964 0.549833 3.896583 11.704005 11.814936 14.206445 14.350851 14.222539
0.052597 11.567178 0.000033 0.001264 0.097964 0.553909 3.458125 11.446875 11.779319 14.085906 14.457257 14.220005
0.055767 11.606810 0.000096 0.000880 0.097964 0.551980 3.065744 11.706879 11.734189 14.029746 14.406900 14.178004
0.057150 11.633029 0.000009 0.000516 0.097964 0.548279 2.713817 11.545633 11.695758 14.180856 14.310295 14.217770
