0.000000 -0.002735 0.000000 0.000000 0.000000 0.000000 0.000000 0.000000 0.000000 10.411634 0.000000 10.411634
0.000000 -0.004832 0.000000 0.000000 0.000000 0.000000 0.000000 0.000000 0.000000 10.411272 0.000000 10.411272
0.000000 -0.001265 0.000000 0.000000 0.000000 0.000000 0.000000 0.000000 0.000000 10.410989 0.000000 10.410989
0.000000 0.120213 0.000000 0.000000 0.000000 0.000000 0.000000 0.000000 0.000000 10.410886 0.000000 10.410886
0.000000 0.423733 0.000000 0.000000 0.000000 0.000000 0.000000 0.000000 0.000000 10.410658 0.000000 10.410658
0.000000 0.754026 0.000000 0.000000 0.000000 0.000000 0.000000 0.000000 0.000000 10.411414 0.000000 10.411414
0.000000 0.867201 0.000000 0.000000 0.000000 0.000000 0.000000 0.000000 0.000000 10.413248 0.000000 10.413248
0.000000 0.817528 0.000000 0.000000 0.000000 0.000000 0.000000 0.000000 0.000000 10.418867 0.000000 10.418867
0.000000 0.803277 0.000000 0.000000 0.000000 0.000000 0.000000 0.000000 0.000000 10.430442 0.000000 10.430442
0.000000 0.822049 0.000000 0.000000 0.000000 0.000000 0.000000 0.000000 0.000000 10.436579 0.000000 10.436579
0.000000 0.850449 0.000000 0.000000 0.000000 0.000000 0.000000 0.000000 0.000000 10.425430 0.000000 10.425430
0.000000 0.889287 0.000000 0.000000 0.000000 0.000000 0.000000 0.000000 0.000000 10.413462 0.000000 10.413462
0.000000 0.944522 0.000000 0.000000 0.000000 0.000000 0.000000 0.000000 0.000000 10.396882 0.000000 10.396882
0.667859 1.011123 0.000000 0.000000 0.000000 0.000000 0.000000 0.000000 0.000000 10.385899 0.000000 10.385899
0.518724 1.079596 0.000000 0.000000 0.000000 0.000000 0.000000 0.000000 0.000000 10.393096 0.000000 10.393096
0.370589 1.140700 0.000000 0.000000 0.000000 0.000000 0.000000 0.000000 0.000000 10.403480 0.000000 10.403480
0.251038 1.201328 0.000000 0.000000 0.000000 0.000000 0.000000 0.000000 0.000000 10.408683 0.000000 10.408683
0.180792 1.274781 0.000000 0.000000 0.000000 0.000000 0.000000 0.000000 0.000000 10.405411 0.000000 10.405411
0.142421 1.358985 0.000000 0.000000 0.000000 0.000000 0.000000 0.000000 0.000000 10.393345 0.000000 10.393345
0.101469 1.450860 0.000000 0.000000 0.000000 0.000000 0.000000 0.000000 0.000000 10.390031 0.000000 10.390031
0.054958 1.536706 0.000000 0.000000 0.000000 0.000000 0.000000 0.000000 0.000000 10.401781 0.000000 10.401781
0.025500 1.625239 0.000000 0.000000 0.000000 0.000000 0.000000 0.000000 0.000000 10.418878 0.000000 10.418878
0.028597 1.736327 0.000000 0.000000 0.000000 0.000000 0.000000 0.000000 0.000000 10.433977 0.000000 10.433977
0.061587 1.849923 0.000000 0.000000 0.000000 0.000000 0.000000 0.000000 0.000000 10.427800 0.000000 10.427800
0.077161 1.948267 0.000000 0.000000 0.000000 0.000000 0.000000 0.000000 0.000000 10.420995 0.000000 10.420995
0.085193 2.052448 0.000000 0.000000 0.000000 0.000000 0.000000 0.000000 0.000000 10.413064 0.000000 10.413064
0.088018 2.166477 0.000000 0.000000 0.000000 0.000000 0.000000 0.000000 0.000000 10.411859 0.000000 10.411859
0.076592 2.269602 0.000000 0.000000 0.000000 0.000000 0.000000 0.000000 0.000000 10.420259 0.000000 10.420259
0.068377 2.360438 0.000000 0.000000 0.000000 0.000000 0.000000 0.000000 0.000000 10.419502 0.000000 10.419502
0.066140 2.448425 0.000000 0.000000 0.000000 0.000000 0.000000 0.000000 0.000000 10.412472 0.000000 10.412472
0.061357 2.540485 0.000000 0.000000 0.000000 0.000000 0.000000 0.000000 0.000000 10.409714 0.000000 10.409714
0.051576 2.640024 0.000000 0.000000 0.000000 0.000000 0.000000 0.000000 0.000000 10.410984 0.000000 10.410984
0.044163 2.732081 0.000000 0.000000 0.000000 0.000000 0.000000 0.000000 0.000000 10.403337 0.000000 10.403337
0.031331 2.825342 0.000000 0.000000 0.000000 0.000000 0.000000 0.000000 0.000000 10.411562 0.000000 10.411562
0.025593 2.928210 0.000000 0.000000 0.000000 0.000000 0.000000 0.000000 0.000000 10.418723 0.000000 10.418723
0.026664 3.023803 0.000000 0.000000 0.000000 0.000000 0.000000 0.000000 0.000000 10.409457 0.000000 10.409457
0.026587 3.121912 0.000000 0.000000 0.000000 0.000000 0.000000 0.000000 0.000000 10.406460 0.000000 10.406460
0.030029 3.224550 0.000000 0.000000 0.000000 0.000000 0.000000 0.000000 0.000000 10.401896 0.000000 10.401896
0.050782 3.413619 0.000000 0.000000 0.000000 0.000000 0.000000 0.000000 0.000000 10.408570 0.000000 10.408570
0.039702 3.493563 0.000000 0.000000 0.000000 0.000000 0.000000 0.000000 0.000000 10.418660 0.000000 10.418660
0.013663 3.495119 0.000000 0.000000 0.000000 0.000000 0.000000 0.000000 0.000000 10.415100 0.000000 10.415100
0.015187 3.594591 0.000000 0.000000 0.000000 0.000000 0.000000 0.000000 0.000000 10.410579 0.000000 10.410579
0.013260 3.692194 0.000000 0.000000 0.000000 0.000000 0.000000 0.000000 0.000000 10.411251 0.000000 10.411251
0.009684 3.789033 0.000000 0.000000 0.000000 0.000000 0.000000 0.000000 0.000000 10.413882 0.000000 10.413882
0.006925 3.887705 0.000000 0.000000 0.000000 0.000000 0.000000 3.887705 3.887705 10.418554 0.000000 10.418554
0.002491 3.980339 0.000000 -0.000367 0.000000 0.431572 0.000000 4.870307 4.712831 10.429100 13.903752 10.429100
0.000502 4.068887 -0.000035 0.002552 0.009395 0.207484 0.000696 3.155656 -3062.672658 10.431090 6.684409 10.431090
-0.000076 4.163499 0.000271 -12.156323 0.072784 0.310795 1.216107 5.263170 -2755.695645 10.429753 10.012750 10.429753
0.000967 4.260742 -0.000135 -10.939913 0.072784 0.265535 0.522281 3.491454 -2479.667351 10.425923 8.554618 10.425923
0.000793 4.354480 0.000256 -9.846164 0.072784 0.286640 -0.686909 5.191440 -2231.118629 10.424480 9.234550 10.424480
-0.000162 4.447538 -0.000094 -8.861336 0.072784 0.279148 0.024186 3.945598 -2007.468831 17.218857 8.993182 17.218857
0.001220 4.536037 0.000195 -7.975184 0.072784 0.570803 -16.901977 5.652529 -1805.624204 17.040059 18.389299 17.040059
0.008414 4.634837 -0.000046 -7.175504 0.072784 0.466966 -15.179161 3.715027 -1624.703956 16.861613 15.044037 16.861613
0.053356 4.915960 0.000342 -6.459486 0.092056 0.494827 -13.644764 6.019038 -1461.599633 16.704659 15.941618 16.704659
0.062283 5.033354 -0.000143 -5.813439 0.092056 0.483391 -12.238065 4.304560 -1314.876582 16.519487 15.573184 16.519487
0.043642 4.998434 0.000242 -5.231720 0.092056 0.482780 -10.990067 5.627636 -1182.814976 16.305673 15.553510 16.305673
0.051177 5.133711 -0.000043 -4.708790 0.092056 0.475697 -9.859969 4.797472 -1063.961207 16.170344 15.325318 16.170344
0.058825 5.286501 0.000148 -4.238283 0.092056 0.469188 -8.851995 5.743897 -956.970263 15.881783 15.115614 15.881783
0.063328 5.430797 -0.000051 -3.814765 0.092056 0.456435 -7.914713 5.240314 -860.670160 15.474474 14.704761 15.474474
0.060612 5.569615 0.000072 -3.433601 0.092056 0.438520 -7.088305 5.893331 -773.985907 15.168070 14.127608 15.168070
0.058948 5.706040 -0.000059 -3.090542 0.092056 0.424110 -6.333476 5.637685 -695.935235 14.687749 13.663361 14.687749
0.048640 5.836602 0.000017 -2.781683 0.092056 0.403842 -5.649533 6.075954 -625.677833 14.231924 13.010412 14.231924
0.032994 5.951625 -0.000059 -2.503652 0.092056 0.382355 -5.048184 5.947816 -562.419233 13.836443 12.318171 13.836443
0.022061 6.062436 -0.000007 -2.253347 0.092056 0.364967 -4.478531 6.273025 -505.452172 13.323257 11.757973 13.323257
0.011225 6.174249 -0.000049 -2.027985 0.083295 0.345999 -3.954037 6.217803 -454.166955 12.871675 11.146893 12.871675
0.002663 6.285932 -0.000007 -1.825143 0.075369 0.330654 -3.500117 6.475499 -407.986601 12.441358 10.652525 12.441358
-0.006574 6.396892 -0.000032 -1.642533 0.068197 0.317447 -3.101582 6.474087 -366.408171 12.018705 10.227053 12.018705
-0.011670 6.523217 0.000000 -1.478225 0.061707 0.304549 -2.754301 6.702823 -328.974730 11.627583 9.811530 11.627583
-0.013381 6.652441 -0.000018 -1.330359 0.055835 0.294170 -2.434720 6.754349 -295.269801 11.404913 9.477133 11.404913
-0.012930 6.776916 0.000003 -1.197253 0.050521 0.289697 -2.137344 6.945932 -264.914167 11.248900 9.333053 11.248900
0.021425 7.111350 -0.000006 -1.078255 0.045713 0.287674 -1.837768 7.393712 -237.561588 11.037394 9.267872 11.037394
0.017988 7.173793 -0.000068 -0.970082 0.041363 0.287515 -1.558325 7.136426 -212.949482 10.870653 9.262740 10.870653
-0.011571 7.055615 0.000021 -0.872056 0.037427 0.289354 -1.312082 7.116880 -190.823059 10.671282 9.322000 10.671282
0.040507 7.535030 0.000050 -0.786252 0.033865 0.285873 -1.092460 7.975210 -170.881589 10.404523 9.209831 10.404523
0.031432 7.557078 -0.000113 -0.707295 0.030643 0.281706 -0.902791 7.316127 -152.944168 10.314372 9.075592 10.314372
-0.017693 7.268234 0.000056 -0.635050 0.027727 0.282461 -0.746293 7.326926 -136.825921 10.274411 9.099926 10.274411
-0.010142 7.383360 0.000069 -0.571617 0.025088 0.283929 -0.569317 7.520479 -122.313021 9.991603 9.147208 9.991603
-0.004774 7.483764 0.000041 -0.514488 0.022701 0.279627 -0.394659 7.520515 -109.267219 9.699055 9.008621 9.693020
-0.001394 7.566365 0.000051 -0.463105 0.020540 0.273730 -0.264644 7.657112 -97.529794 9.341250 8.818643 9.341739
0.000290 7.647322 0.000029 -0.416901 0.018586 0.265473 -0.197455 7.680415 -86.971157 9.097326 8.552640 9.067561
-0.001078 7.717400 0.000030 -0.375326 0.016817 0.258071 -0.240412 7.789641 -77.459648 8.954471 8.314155 8.876441
-0.001216 7.779773 0.000013 -0.337872 0.015217 0.252946 -0.248005 7.822021 -68.885564 8.661732 8.149065 8.589379
0.000230 7.847047 0.000015 -0.304153 0.013769 0.245341 -0.224534 7.907214 -61.172157 8.381338 7.904056 8.297266
0.013405 8.015725 0.000004 -0.274247 0.012458 0.237231 -0.215209 8.139909 -54.215993 8.176434 7.642780 8.058572
0.009481 8.051321 -0.000037 -0.246815 0.011273 0.230746 -0.209741 8.022240 -47.947472 7.946460 7.433853 7.814553
-0.006831 7.993308 -0.000000 -0.221738 0.010200 0.223773 -0.205271 8.010305 -42.313253 7.837910 7.209197 7.656519
-0.007455 8.055281 0.000011 -0.199651 0.009229 0.219048 -0.185268 8.140496 -37.227166 7.786050 7.056983 7.555739
-0.004199 8.114187 -0.000007 -0.179724 0.008351 0.217231 -0.127262 8.150231 -32.635938 7.535500 6.998430 7.335741
0.016415 8.316747 0.000003 -0.162328 0.007556 0.212815 -0.049208 8.492016 -28.498613 7.511726 6.856175 7.261355
0.012326 8.322889 -0.000060 -0.145953 0.016038 0.212822 0.002022 8.238923 -16.244775 7.455967 6.856397 7.202819
-0.007516 8.199598 0.000010 -0.096893 0.016038 0.213227 -0.001425 8.215089 -16.230786 7.297880 6.869443 7.077510
-0.007598 8.259505 0.000024 -0.097075 0.016038 0.209888 -0.000457 8.328589 -15.777927 7.167378 6.761876 6.943820
-0.006818 8.314413 0.000005 -0.095497 0.016038 0.205515 0.000367 8.334826 1.908790 6.584228 6.620973 6.483908
-0.007537 8.356370 0.000010 -0.025557 0.016038 0.191148 -0.005681 8.370728 2.550671 6.132774 6.158117 6.035546
-0.008190 8.397566 0.000001 -0.023176 0.016038 0.175966 3.379538 8.417052 3.133376 5.631910 5.669012 5.544096
-0.009210 8.423710 -0.000010 -0.020970 0.016038 0.161081 3.031142 8.426131 3.659504 4.688294 5.189476 4.748292
-0.011802 8.446120 -0.000011 -0.018973 0.016038 0.136253 2.716616 8.422864 4.098918 3.917901 4.389607 3.989896
-0.012660 8.472654 -0.000018 -0.017337 0.016038 0.112533 2.435665 8.475548 4.499353 3.102512 3.625441 3.209281
-0.015595 8.478991 -0.000035 -0.015774 0.016038 0.088562 2.184608 8.440796 4.856367 2.380726 2.853148 2.491870
-0.018884 8.477860 -0.000033 -0.014355 0.016038 0.066425 1.962413 8.470517 5.181522 1.742556 2.139970 1.848152
-0.021962 8.469513 -0.000044 -0.013033 0.014512 0.047215 1.762453 8.437589 5.479200 1.042193 1.521119 1.186175
-0.025946 8.452946 -0.000039 -0.011787 0.013131 0.027289 1.584009 8.427727 5.739071 0.420226 0.879145 0.574232
-0.029540 8.433114 -0.000041 -0.010679 0.011881 0.009074 1.422531 8.401487 5.972538 -0.235434 0.292344 -0.046806
-0.032867 8.401850 -0.000039 -0.009629 0.010751 -0.009258 1.275825 8.360811 6.174139 -0.746280 -0.298273 -0.564385
-0.034299 8.361121 -0.000036 -0.008669 0.009728 -0.023253 1.141468 8.326287 6.357755 -1.194991 -0.749142 -1.001033
-0.010693 8.529705 -0.000032 -0.008609 0.008802 -0.033253 1.017002 8.657526 6.540036 -1.812786 -1.071299 -1.514214
-0.016808 8.438234 -0.000106 -0.007524 0.028514 -0.046932 0.909687 8.204737 6.671791 -2.411265 -1.511985 -2.044023
-0.043294 8.177486 -0.000013 -0.005968 0.028514 -0.062385 0.790737 8.085264 6.751939 -2.905772 -2.009828 -2.514060
-0.046519 8.130562 -0.000002 -0.005465 0.028514 -0.076407 0.722307 8.096640 6.819641 -3.269941 -2.461585 -2.876335
-0.050298 8.081241 -0.000019 -0.005001 0.028514 -0.088082 0.680483 8.005620 6.882500 -3.766135 -2.837715 -3.323369
-0.055651 8.040171 -0.000011 -0.004589 0.028514 -0.103638 0.649526 7.995109 6.925564 -4.029295 -3.338866 -3.619757
-0.063734 7.973530 -0.000023 -0.004154 0.028514 -0.115561 0.621441 7.902201 6.976294 -4.285283 -3.722963 -3.891036
-0.071977 7.886348 -0.000013 -0.003607 0.028514 -0.125510 0.538771 7.829631 7.023265 -4.675977 -4.043509 -4.259121
-0.080514 7.796236 -0.000005 -0.003064 0.028514 -0.137791 0.435061 7.719992 7.051035 -4.970649 -4.439163 -4.562876
-0.088323 7.710668 0.000008 -0.002615 0.028514 -0.147378 0.313506 7.661590 7.075378 -5.485707 -4.748027 -5.035824
-0.097218 7.621940 0.000010 -0.002166 0.028514 -0.162566 0.185846 7.532453 7.072268 -5.870124 -5.237313 -5.423089
-0.104698 7.546189 0.000024 -0.001879 0.028514 -0.175184 0.030274 7.507623 7.070105 -6.063749 -5.643811 -5.638155
-0.098075 7.551040 0.000017 -0.001906 0.025800 -0.180470 -1.387192 7.552888 7.085314 -6.171422 -5.814139 -5.755442
-0.084617 7.589471 -0.000001 -0.001998 0.023345 -0.180276 -1.214030 7.590759 7.107751 -6.194341 -5.807865 -5.776313
-0.078875 7.588908 -0.000015 -0.001907 0.021123 -0.177400 -1.072501 7.557163 7.125603 -6.195665 -5.715203 -5.763066
-0.072971 7.585694 -0.000013 -0.001824 0.019113 -0.175132 -0.949581 7.570895 7.133988 -6.462743 -5.642144 -5.968017
-0.051017 7.697564 -0.000022 -0.002234 0.017294 -0.179384 -0.836457 7.734638 7.126085 -6.444194 -5.779140 -5.966103
-0.048404 7.650033 -0.000068 -0.002077 0.018260 -0.177723 -0.744844 7.530269 7.126401 -6.076545 -5.725634 -5.653630
-0.054931 7.505721 -0.000030 -0.001504 0.018260 -0.165542 -0.641151 7.458602 7.136853 -6.031541 -5.333184 -5.548448
-0.046136 7.493065 -0.000017 -0.001412 0.018260 -0.159607 -0.513658 7.465949 7.117787 -5.961462 -5.142005 -5.445202
-0.013640 7.674563 -0.000029 -0.002207 0.018260 -0.155125 -0.411139 7.777283 7.109294 -5.710185 -4.997584 -5.204543
-0.014378 7.602554 -0.000105 -0.001955 0.028165 -0.147454 -0.300364 7.406967 7.102817 -5.396619 -4.750467 -4.896183
-0.039089 7.360130 -0.000029 -0.001020 0.028165 -0.139379 -0.079575 7.272060 7.077949 -4.805254 -4.490315 -4.357711
-0.028930 7.351121 -0.000008 -0.001083 0.028165 -0.123354 1.255809 7.389707 7.080604 -4.589151 -3.974030 -4.091422
-0.018078 7.334265 -0.000037 -0.001005 0.028165 -0.113650 1.016903 7.241742 7.057801 -4.570542 -3.661413 -4.009788
-0.011483 7.299647 -0.000013 -0.000959 0.028165 -0.110220 0.811154 7.274778 7.010793 -4.453866 -3.550915 -3.877740
-0.007223 7.262873 -0.000034 -0.000999 0.028165 -0.106206 0.666177 7.182640 6.965292 -4.347305 -3.421606 -3.751150
-0.004509 7.224127 -0.000026 -0.001026 0.028165 -0.103843 0.596772 7.184826 6.918686 -4.053419 -3.345452 -3.483859
-0.001962 7.174057 -0.000039 -0.001012 0.028165 -0.097005 0.568943 7.110001 6.888783 -3.662730 -3.125159 -3.119067
0.000643 7.127126 -0.000031 -0.000945 0.028165 -0.086466 0.540184 7.098729 6.870521 -3.221031 -2.785645 -2.696706
0.023865 7.227040 -0.000035 -0.001413 0.028165 -0.073454 0.502810 7.295594 6.872078 -2.734721 -2.366421 -2.226611
0.018875 7.138988 -0.000080 -0.001058 0.028165 -0.059469 0.434329 6.984862 6.869928 -2.186801 -1.915895 -1.702166
-0.003842 6.937735 -0.000013 -0.000269 0.025485 -0.045363 0.313595 6.878819 6.855495 -1.748221 -1.461429 -1.271197
0.000211 6.903524 0.000006 -0.000190 0.023060 -0.032951 0.042456 6.900829 6.837839 -1.462540 -1.061563 -0.976257
0.002541 6.873650 -0.000004 -0.000142 0.020865 -0.023763 -1.773445 6.820506 6.810020 -1.085992 -0.765573 -0.616242
0.003989 6.843497 0.000007 -0.000133 0.018880 -0.013884 -1.560766 6.836798 6.788276 -0.939926 -0.447286 -0.451481
0.006848 6.812227 -0.000003 -0.000095 0.017083 -0.009603 -1.366335 6.753992 6.752094 -1.052430 -0.309389 -0.527857
0.020695 6.868020 0.000007 -0.000460 0.015457 -0.012868 -1.216296 6.901055 6.705500 -0.894139 -0.414566 -0.395634
0.017584 6.814940 -0.000037 -0.000434 0.013986 -0.010026 -1.110462 6.708493 6.678889 -0.563378 -0.322995 -0.097938
0.003557 6.689523 -0.000001 -0.000042 0.012655 -0.002142 -1.023472 6.655524 6.661128 -0.375634 -0.069019 0.087742
0.004733 6.656926 0.000006 0.000017 0.011451 0.002845 -0.940239 6.634037 6.636698 -0.324144 0.091668 0.145457
0.005440 6.627921 0.000005 0.000035 0.010361 0.004402 -0.869681 6.590466 6.603258 -0.220355 0.141804 0.240198
0.006181 6.600048 0.000007 0.000013 0.009375 0.006789 -0.818891 6.579354 6.574577 -0.250860 0.218732 0.217528
0.005006 6.572866 0.000003 0.000007 0.008483 0.005483 -0.778854 6.530903 6.537633 -0.108316 0.176641 0.339092
0.003363 6.553100 0.000005 -0.000061 0.007676 0.007532 -0.750565 6.548543 6.516865 0.296211 0.242667 0.697725
0.003616 6.535477 -0.000004 -0.000074 0.006945 0.017878 -0.701102 6.529217 6.522919 2.537047 0.575974 2.706855
0.002064 6.517293 0.000001 0.000022 0.006285 0.082253 -0.633732 6.661323 6.675925 2.943328 2.649903 3.193462
0.000271 6.496771 0.000006 0.000710 0.005686 0.096648 -0.556622 6.388107 6.680988 3.519992 3.113656 3.732069
0.000222 6.481758 0.000067 0.000790 0.018095 0.113492 -0.475535 6.588497 6.692884 4.105609 3.656332 4.283697
0.001694 6.474912 0.000026 0.000864 0.018095 0.131216 -0.268352 6.419226 6.706269 4.684127 4.227338 4.831562
0.034055 6.670050 0.000066 0.000144 0.018095 0.149493 0.076395 6.906479 6.738418 5.318997 4.816139 5.433025
0.035399 6.658460 -0.000035 0.000317 0.018095 0.170018 -1.099498 6.499422 6.769800 5.976172 5.477405 6.061225
0.014353 6.501981 0.000062 0.001062 0.018095 0.190631 -0.906857 6.543086 6.782076 6.667438 6.141475 6.722086
0.027396 6.565746 0.000055 0.000857 0.018095 0.212316 -0.709882 6.625062 6.801630 7.289401 6.840095 7.323495
0.043572 6.653930 0.000041 0.000585 0.018095 0.232609 -0.502213 6.712209 6.822045 7.901038 7.493863 7.915881
0.061030 6.754962 0.000026 0.000266 0.018095 0.252089 -0.291687 6.821051 6.847222 8.436553 8.121452 8.439253
0.077307 6.860723 0.000008 -0.000054 0.018095 0.269235 -0.034035 6.917135 6.873247 8.989060 8.673835 8.976616
0.095051 6.984944 -0.000008 -0.000443 0.018095 0.285373 1.173664 7.063875 6.909101 9.483220 9.193727 9.458500
0.112840 7.131390 -0.000033 -0.000881 0.018095 0.299846 1.029776 7.208072 6.954000 9.881759 9.659996 9.850125
0.129072 7.282841 -0.000055 -0.001303 0.016373 0.309434 0.921516 7.360022 7.004250 10.390415 9.968888 10.332468
0.137513 7.375507 -0.000078 -0.001472 0.020979 0.322229 0.826282 7.420904 7.074385 10.916825 10.381107 10.831397
0.131358 7.347960 -0.000076 -0.001084 0.020979 0.335185 0.728527 7.331556 7.143694 11.356193 10.798519 11.247300
0.116382 7.282223 -0.000042 -0.000549 0.020979 0.345621 0.614046 7.286427 7.201218 11.737220 11.134731 11.602500
0.106406 7.264311 -0.000019 -0.000250 0.020979 0.352114 0.488753 7.293799 7.254707 12.003011 11.343889 11.839939
0.103255 7.268654 -0.000009 -0.000055 0.020979 0.357478 0.289866 7.300153 7.307717 12.086029 11.516716 11.909302
0.095701 7.283022 0.000001 0.000098 0.020979 0.358166 0.064910 7.313898 7.349829 12.375354 11.538875 12.147837
0.091489 7.306995 0.000008 0.000170 0.020979 0.363167 -0.536575 7.366975 7.411049 12.128681 11.699992 11.923990
0.082461 7.332589 0.000010 0.000311 0.020979 0.354795 -0.416684 7.338650 7.436773 11.746766 11.430271 11.546969
0.065437 7.375555 0.000022 0.000243 0.020979 0.336859 -0.512459 7.429863 7.455436 12.016420 10.852443 11.676056
0.054909 7.423561 0.000006 0.000126 0.020979 0.334591 -0.548842 7.509669 7.543397 11.742084 10.779362 11.397528
0.041196 7.467530 0.000008 0.000301 0.020979 0.322459 -0.501270 7.509208 7.611200 11.612830 10.388514 11.188964
0.031644 7.525719 0.000023 0.000339 0.018982 0.312509 -0.463728 7.634802 7.698526 11.424847 10.067979 10.935713
0.027322 7.587922 0.000014 0.000438 0.017176 0.305512 -0.362503 7.656672 7.793720 10.820494 9.842551 10.371454
0.018704 7.655108 0.000031 0.000549 0.015541 0.289121 -0.351663 7.730439 7.856440 10.551361 9.314472 10.017944
0.009669 7.729615 0.000028 0.000503 0.014062 0.278605 -0.398129 7.825815 7.940617 10.363357 8.975702 9.759808
0.002995 7.806754 0.000026 0.000531 0.012724 0.270972 -0.415012 7.900170 8.035896 10.203060 8.729783 9.540297
-0.000561 7.889185 0.000031 0.000582 0.011513 0.265794 -0.382757 7.995768 8.136595 10.082359 8.562974 9.368778
0.000076 7.977059 0.000032 0.000632 0.010418 0.263349 -0.320163 8.081073 8.239622 9.783375 8.484212 9.091655
0.046473 8.438609 0.000036 -0.000789 0.009651 0.257476 -0.243071 8.826374 8.361256 9.404526 8.295005 8.736947
0.036007 8.444755 -0.000102 -0.000331 0.027531 0.250655 -0.200144 8.226345 8.456491 9.211172 8.075238 8.514937
-0.013870 8.129672 0.000051 0.001295 0.027531 0.247284 -0.137286 8.141288 8.512763 8.996888 7.966632 8.309006
-0.013347 8.232611 0.000083 0.001110 0.027531 0.241982 0.052288 8.386348 8.565425 8.827452 7.795819 8.122872
-0.009250 8.331424 0.000041 0.000928 0.027531 0.237830 -0.914572 8.368271 8.622811 8.527290 7.662062 7.856720
-0.006002 8.404737 0.000057 0.000864 0.027531 0.232650 -0.746108 8.501664 8.668758 8.181003 7.495174 7.556124
-0.003775 8.481007 0.000038 0.000744 0.027531 0.226121 -0.609726 8.518188 8.703689 7.990516 7.284837 7.356499
0.022622 8.792360 0.000042 -0.000351 0.027531 0.221205 -0.503707 9.066959 8.767817 7.760239 7.126457 7.146224
0.014684 8.816745 -0.000065 -0.000194 0.027531 0.214602 -0.415216 8.666205 8.822340 7.641388 6.913753 6.995184
-0.012812 8.635154 0.000035 0.000742 0.027531 0.210217 -0.302136 8.667293 8.860602 7.463038 6.772455 6.824820
-0.010346 8.709346 0.000044 0.000600 0.027531 0.206045 -0.138159 8.797067 8.899555 7.343383 6.638074 6.697847
-0.010031 8.781694 0.000024 0.000467 0.027531 0.202835 0.054432 8.824628 8.943000 7.433042 6.534653 6.720279
-0.011493 8.834841 0.000027 0.000429 0.024911 0.204153 -0.360861 8.913363 9.002536 7.291382 6.577102 6.631727
-0.010881 8.916096 0.000021 0.000343 0.022540 0.201444 -0.261943 8.974217 9.049826 7.284974 6.489836 6.594989
-0.011424 8.983211 0.000018 0.000264 0.020395 0.199877 -0.155887 9.052672 9.105431 7.295642 6.439353 6.579402
-0.012840 9.020734 0.000013 0.000336 0.018455 0.199816 0.073704 9.062237 9.164016 7.117623 6.437370 6.456195
-0.011129 9.079269 0.000024 0.000336 0.016698 0.197212 -0.356369 9.146164 9.208811 7.102227 6.353509 6.415627
-0.008701 9.139538 0.000015 0.000275 0.015109 0.197483 -0.261951 9.192867 9.260515 7.139713 6.362230 6.439789
-0.007563 9.189428 0.000016 0.000282 0.013671 0.199841 -0.193958 9.247560 9.314289 7.233584 6.438182 6.523433
-0.005887 9.244401 0.000016 0.000277 0.012370 0.203672 -0.157019 9.304161 9.369587 7.458835 6.561605 6.707005
-0.002776 9.310952 0.000015 0.000232 0.011193 0.210452 -0.136221 9.386646 9.433985 7.877116 6.780055 7.043246
0.001144 9.365543 0.000011 0.000271 0.010128 0.222227 -0.086693 9.434569 9.513050 8.031021 7.159392 7.270407
0.022261 9.587358 0.000018 -0.000295 0.009164 0.230939 0.051726 9.777844 9.588737 8.064874 7.440077 7.393217
0.020496 9.593449 -0.000041 -0.000019 0.011045 0.235778 -0.103817 9.494860 9.638135 8.087744 7.595970 7.469309
0.003297 9.454702 0.000032 0.000727 0.011045 0.238962 0.000435 9.461085 -735.705604 7.971836 7.698533 7.443559
0.003166 9.503015 0.000044 -2.953857 0.011953 0.235948 0.295870 9.557961 -661.163340 8.127561 7.601430 7.513259
0.004386 9.548599 0.000024 -2.658568 0.011953 0.237289 0.250563 9.582310 -594.050946 7.948894 7.644645 7.425424
0.005758 9.600680 0.000026 -2.392754 0.011953 0.234076 0.197018 9.639202 -533.661958 7.737415 7.541115 7.266799
0.005543 9.643280 0.000016 -2.153553 0.011953 0.228021 0.186689 9.661914 -479.316062 7.548542 7.346047 7.088537
0.005943 9.673621 0.000013 -1.938257 0.011953 0.221972 0.202168 9.698844 -430.401237 7.210181 7.151175 6.819458
0.004541 9.706696 0.000007 -1.744500 0.011953 0.213188 0.274711 9.717598 -386.385823 6.959083 6.868200 6.571397
0.002746 9.748075 0.000004 -1.570195 0.011953 0.204141 0.356681 9.779574 -346.765316 6.898723 6.576734 6.431826
0.032139 10.064978 -0.000008 -1.414404 0.011953 0.198897 0.403277 10.318517 -311.057072 6.899437 6.407788 6.370704
0.028063 10.051472 -0.000115 -1.272810 0.030904 0.198019 0.421534 9.876337 -278.907717 7.261749 6.379483 6.575864
-0.001906 9.806828 -0.000003 -1.144407 0.030904 0.204824 0.452302 9.820309 -249.967174 7.941299 6.598725 7.058269
0.058733 10.496718 0.000023 -1.032427 0.030904 0.219043 0.341551 11.142981 -223.815650 8.478836 7.056819 7.541074
0.046292 10.415293 -0.000234 -0.928444 0.062945 0.234032 0.003849 9.944499 -144.176662 9.061580 7.539715 8.059160
-0.016535 9.804440 0.000063 -0.610350 0.062945 0.251971 -0.018686 9.811568 -128.659376 9.166970 8.117653 8.328371
-0.006658 9.925440 0.000110 -0.549322 0.062945 0.254463 26.118999 10.098707 -114.718724 9.223312 8.197936 8.384548
0.001117 10.039876 0.000056 -0.494518 0.062945 0.257830 23.491101 10.073107 -102.162569 9.366674 8.306409 8.504295
0.002744 10.108393 0.000073 -0.445020 0.062945 0.262422 21.126463 10.219650 -90.852445 9.239213 8.454330 8.484490
0.002693 10.162910 0.000053 -0.400405 0.062945 0.261839 19.000556 10.178982 -80.689446 8.886923 8.435554 8.273597
0.025809 10.461466 0.000069 -0.361304 0.062945 0.254492 17.089800 10.722800 -71.539009 8.602751 8.198867 8.017622
0.020598 10.469234 -0.000044 -0.325064 0.062945 0.245931 15.377491 10.298008 -63.306557 8.152553 7.923061 7.651889
-0.004542 10.269819 0.000056 -0.291642 0.062945 0.233832 13.839046 10.265238 -55.930948 7.833242 7.533270 7.314962
-0.006192 10.328189 0.000061 -0.262638 0.062945 0.222467 12.463178 10.402039 -49.281544 7.917831 7.167128 7.213682
-0.007299 10.383584 0.000032 -0.236501 0.062945 0.218473 11.229835 10.427607 -43.256245 8.200591 7.038441 7.314085
-0.006994 10.415366 0.000036 -0.212744 0.056955 0.222493 10.115865 10.496580 -37.798078 8.489372 7.167951 7.519708
-0.005699 10.442910 0.000037 -0.191218 0.051535 0.231393 9.107044 10.503453 -32.870500 8.782247 7.454695 7.793123
0.015474 10.689827 0.000054 -0.172664 0.046631 0.242416 8.192495 10.942886 -28.410509 8.889242 7.809800 7.995501
0.016692 10.725823 -0.000022 -0.155129 0.042193 0.250878 7.365956 10.636702 -24.412346 8.514938 8.082430 7.903836
0.000065 10.591679 0.000062 -0.138749 0.038178 0.249156 6.616077 10.589530 -20.878075 8.685946 8.026958 7.980786
0.018175 10.830954 0.000073 -0.125688 0.034545 0.251202 5.942496 11.075698 -17.655567 8.918051 8.092863 8.139458
0.017287 10.842648 -0.000025 -0.112961 0.031257 0.256631 5.332393 10.720827 -14.741127 8.641806 8.267759 8.066782
0.002725 10.713548 0.000065 -0.100897 0.028283 0.254755 4.780428 10.737015 -12.166368 8.849538 8.207330 8.161364
0.005953 10.778244 0.000062 -0.090948 0.025591 0.257949 4.288816 10.861517 -9.821616 9.153390 8.310232 8.375141
0.008249 10.825690 0.000040 -0.081842 0.023156 0.265062 3.848703 10.863055 -7.690859 8.899956 8.539383 8.340732
0.009171 10.873151 0.000050 -0.073584 0.020952 0.264005 3.455270 10.909463 -5.806222 8.886764 8.505333 8.327361
0.009071 10.922864 0.000042 -0.066311 0.018959 0.262727 3.109458 10.963454 -4.103444 9.136341 8.464176 8.450332
0.008629 10.964443 0.000033 -0.059726 0.017154 0.265706 2.801263 11.017871 -2.544019 8.976700 8.560140 8.410689
0.012463 11.057989 0.000029 -0.053916 0.015522 0.263429 2.526230 11.122704 -1.151198 9.015031 8.486764 8.403708
0.011650 11.104999 0.000011 -0.048581 0.014045 0.262214 2.281671 11.132204 0.115789 8.943910 8.447632 8.351641
0.005625 11.111948 0.000017 -0.043587 0.012708 0.259390 2.062320 11.134606 1.254268 8.984772 8.356668 8.334384
0.002356 11.164550 0.000023 -0.039282 0.011499 0.257010 1.865065 11.237691 2.294482 9.422352 8.279976 8.526311
-0.001503 11.202478 0.000009 -0.035310 0.010405 0.261549 1.682300 11.263765 3.274739 9.772927 8.426197 8.766669
-0.002246 11.246968 0.000022 -0.031600 0.009415 0.268669 1.508203 11.338991 4.177423 9.784486 8.655592 8.867362
-0.000902 11.308737 0.000026 -0.028267 0.008519 0.272624 1.344926 11.372936 4.978956 9.886286 8.783018 8.971560
0.000828 11.378760 0.000035 -0.025368 0.009398 0.276809 1.197202 11.469814 5.705332 6.240980 8.917851 7.170718
0.002992 11.452733 0.000029 -0.022782 0.009398 0.219301 1.061334 11.229446 6.070450 6.837092 7.065138 6.643972
0.003145 11.508444 0.000033 -0.021555 0.009398 0.202958 0.941758 11.713784 6.596392 6.619876 6.538624 6.293745
0.001817 11.531943 -0.000075 -0.019564 0.020252 0.192387 0.844332 11.392833 7.096310 6.290612 6.198049 5.970525
0.001198 11.553571 0.000000 -0.017668 0.020252 0.183156 0.750080 11.689410 7.549284 5.687089 5.900648 5.530235
0.000720 11.591078 -0.000060 -0.016021 0.020252 0.169949 0.689855 11.495689 7.936740 5.205259 5.475176 5.094206
-0.000054 11.636841 -0.000017 -0.014666 0.020252 0.156068 0.660346 11.728625 8.285613 4.727097 5.027969 4.649725
-0.002638 11.668920 -0.000069 -0.013411 0.020252 0.141316 0.652004 11.597595 8.600383 4.357455 4.552711 4.245066
-0.007218 11.689579 -0.000040 -0.012245 0.020252 0.127297 0.644409 11.747876 8.894013 4.319496 4.101058 4.014633
-0.010379 11.695474 -0.000071 -0.011104 0.020252 0.119192 0.615400 11.670658 9.191264 4.009796 3.839949 3.733312
-0.010520 11.693084 -0.000044 -0.009917 0.020252 0.111400 0.548745 11.724325 9.454747 3.484339 3.588932 3.349920
-0.009618 11.698876 -0.000049 -0.008895 0.020252 0.101542 0.484345 11.670326 9.670969 3.579834 3.271341 3.250312
-0.009422 11.702510 -0.000034 -0.008053 0.020252 0.100789 0.440663 11.752415 9.898281 3.478689 3.247068 3.188614
-0.011542 11.699635 -0.000043 -0.007140 0.020252 0.100384 0.404320 11.675549 10.096554 3.602261 3.234014 3.246804
-0.013070 11.706240 -0.000019 -0.006380 0.018325 0.102569 0.365297 11.759630 10.286360 4.172312 3.304405 3.567204
-0.012113 11.725709 -0.000029 -0.005705 0.016581 0.113280 0.272295 11.766536 10.498259 4.289585 3.649490 3.785810
-0.009217 11.761382 -0.000013 -0.005007 0.015003 0.120861 0.098401 11.807383 10.674696 3.925121 3.893711 3.720850
-0.003303 11.810629 -0.000010 -0.004503 0.013576 0.119784 -0.362094 11.815685 10.790749 3.055076 3.859042 3.283181
-0.001203 11.841350 -0.000010 -0.004164 0.012284 0.106626 -0.240575 11.798924 10.832852 2.654498 3.435126 2.898121
-0.002188 11.855549 -0.000019 -0.004054 0.011115 0.093504 -0.174722 11.839718 10.873992 2.159591 3.012392 2.465605
-0.003452 11.851920 -0.000039 -0.003876 0.010391 0.078750 -0.144683 11.794901 10.905003 1.879451 2.537055 2.112075
-0.005526 11.831868 -0.000040 -0.003674 0.010639 0.066769 -0.167632 11.809946 10.946193 2.213339 2.151078 2.100858
-0.006050 11.806618 -0.000050 -0.003411 0.013376 0.066780 -0.178288 11.808830 11.037111 2.262845 2.151437 2.127878
-0.005923 11.781773 -0.000044 -0.002952 0.013376 0.068863 -0.167495 11.768852 11.120302 2.426407 2.218539 2.243827
-0.004901 11.769792 -0.000029 -0.002574 0.013376 0.073833 -0.145715 11.786822 11.201529 2.650461 2.378634 2.434364
0.010247 11.926332 -0.000027 -0.002873 0.013376 0.080975 -0.087321 12.059227 11.295295 -17.783175 2.608721 -7.482355
0.009649 11.884200 -0.000077 -0.002334 0.020704 -0.242483 0.073699 10.147320 9.757326 -8.476770 -7.811962 -7.709705
-0.003138 11.700550 -0.000004 -0.007703 0.020704 -0.248161 -0.694836 12.891074 9.899589 -8.875394 -7.994910 -8.004674
-0.013797 11.546769 -0.000589 -0.006529 0.158426 -0.257038 -0.582499 10.402376 9.995357 -9.537843 -8.280878 -8.481760
-0.041747 11.203610 -0.000026 -0.004789 0.158426 -0.273229 0.630419 11.746166 10.017751 -10.023500 -8.802515 -8.974411
-0.074012 10.825315 -0.000326 -0.003201 0.158426 -0.290648 -0.276688 9.993020 10.002894 -10.126743 -9.363678 -9.262669
-0.100175 10.524916 0.000053 -0.002069 0.158426 -0.301863 1.632006 10.890679 9.995342 -10.083396 -9.724999 -9.381193
-0.115113 10.410473 -0.000153 -0.001645 0.158426 -0.307741 1.104306 9.998242 10.008789 -9.615896 -9.914372 -9.173735
-0.122298 10.451060 0.000043 -0.001753 0.158426 -0.305841 0.161668 10.836687 10.076390 -10.077752 -9.853144 -9.478224
-0.124146 10.485089 -0.000132 -0.001620 0.158426 -0.318723 -9.571291 10.186222 10.099671 -12.739109 -10.268173 -11.328564
-0.128824 10.457416 0.000013 -0.001418 0.158426 -0.380262 -8.396909 10.480876 9.941950 -14.420604 -12.250725 -13.069126
-0.140393 10.429347 -0.000091 -0.001932 0.158426 -0.438979 -7.317553 10.218204 9.820770 -14.081053 -14.142397 -13.479623
-0.148837 10.378855 -0.000062 -0.002212 0.158426 -0.454148 -6.287610 10.512181 9.881382 -15.752428 -14.631079 -14.775667
-0.110282 10.869128 -0.000117 -0.003915 0.158426 -0.490943 -5.255330 11.066874 9.892345 -16.356394 -15.816485 -15.605772
-0.131109 10.634568 -0.000241 -0.002942 0.143350 -0.515954 -4.299945 10.246443 9.924288 -16.696111 -16.622260 -16.129303
-0.185909 9.945601 -0.000055 -0.000084 0.129708 -0.527734 -3.409078 9.699144 9.920636 -18.516100 -17.001789 -17.454823
-0.187713 9.921607 0.000064 -0.000004 0.117365 -0.565366 -2.646109 9.980995 9.802150 -18.554735 -18.214139 -17.908147
-0.193709 9.879895 -0.000026 -0.000308 0.106196 -0.576358 -2.010987 9.772343 9.783253 -18.659674 -18.568278 -18.130295
-0.200714 9.798639 0.000015 -0.000061 0.096090 -0.581776 -1.428924 9.812519 9.777634 -19.641806 -18.742832 -18.767883
-0.208894 9.648572 0.000003 0.000512 0.086946 -0.598270 -0.827055 9.447017 9.694331 -19.821461 -19.274212 -19.119357
-0.216951 9.495339 0.000065 0.000789 0.078672 -0.605411 -0.163654 9.491142 9.631577 -19.012215 -19.504251 -18.864364
-0.227654 9.347441 0.000040 0.001126 0.071185 -0.595784 2.061372 9.271010 9.641694 -19.109545 -19.194112 -18.760365
-0.238787 9.213965 0.000091 0.001695 0.064411 -0.591894 1.713470 9.174952 9.605544 -20.036626 -19.068794 -19.068037
-0.252328 9.068795 0.000104 0.002128 0.058282 -0.600885 1.406322 8.908080 9.476079 -19.045313 -19.358443 -18.909183
-0.267407 8.913719 0.000134 0.002229 0.052735 -0.597034 1.124051 8.942751 9.444364 -17.667435 -19.234371 -18.416812
-0.279738 8.774968 0.000119 0.002653 0.047717 -0.582743 0.777204 8.763446 9.500129 -16.712233 -18.773988 -17.855008
-0.291869 8.627332 0.000171 0.003460 0.045964 -0.565720 0.277884 8.679895 9.574302 -15.436902 -18.225551 -17.160938
-0.300663 8.499490 0.000206 0.004260 0.055394 -0.543340 -1.210599 8.573542 9.685196 -16.979585 -17.504535 -17.047786
-0.306001 8.400787 0.000254 0.005091 0.068418 -0.538798 -0.640306 8.303690 9.597863 -18.145079 -17.358222 -17.236187
-0.310531 8.326257 0.000295 0.005040 0.079427 -0.543907 0.346162 8.282692 9.409085 -17.136271 -17.522825 -17.134118
-0.315801 8.245464 0.000259 0.004612 0.079427 -0.539536 -1.281496 8.245951 9.322993 -16.984693 -17.381984 -17.009372
-0.320431 8.152870 0.000248 0.004638 0.079427 -0.534941 -0.797802 8.109516 9.237092 -17.051635 -17.233950 -16.926274
-0.328151 8.030856 0.000260 0.004781 0.079427 -0.531714 -0.293452 7.982204 9.130745 -15.676771 -17.129989 -16.569967
-0.336117 7.910164 0.000265 0.004838 0.079427 -0.520331 0.511171 7.966331 9.122487 -15.645101 -16.763291 -16.297240
-0.340729 7.840064 0.000267 0.005083 0.079427 -0.511195 0.101061 7.826614 9.081808 -14.932308 -16.468947 -15.943129
-0.344186 7.783689 0.000289 0.005145 0.079427 -0.499415 -1.347932 7.869680 9.072328 -14.859758 -16.089427 -15.647687
-0.344291 7.754925 0.000278 0.005222 0.079427 -0.489615 -1.068934 7.759414 9.036881 -16.205666 -15.773702 -15.673513
-0.341837 7.752618 0.000294 0.005091 0.079427 -0.490274 -0.788221 7.713355 8.874629 -16.129578 -15.794959 -15.680416
-0.342413 7.709206 0.000269 0.004620 0.079427 -0.490173 -0.522660 7.679683 8.731883 -16.322330 -15.791688 -15.721164
-0.348180 7.623230 0.000245 0.004394 0.079427 -0.491243 -0.333615 7.536514 8.579464 -15.055462 -15.826165 -15.510796
-0.353846 7.543495 0.000243 0.004106 0.071868 -0.484618 -0.294071 7.609433 8.536220 -13.871086 -15.612723 -15.132751
-0.361333 7.450522 0.000217 0.004303 0.065029 -0.472881 -0.257550 7.459779 8.564035 -12.793904 -15.234588 -14.653361
-0.367030 7.380285 0.000256 0.004692 0.068941 -0.457970 -0.152966 7.507815 8.636786 -12.804336 -14.754222 -14.285169
-0.355010 7.523511 0.000262 0.004413 0.070441 -0.445436 0.453600 7.688761 8.678151 -13.202481 -14.350412 -14.051209
-0.358619 7.491190 0.000231 0.004705 0.070441 -0.438255 0.124607 7.423026 8.649348 -14.063674 -14.119060 -14.030790
-0.370743 7.352053 0.000284 0.005142 0.076266 -0.437484 -1.325758 7.299612 8.523956 -15.865923 -14.094216 -14.317807
-0.367006 7.398290 0.000283 0.004462 0.076266 -0.447217 -1.059260 7.338493 8.272649 -15.464998 -14.407801 -14.498011
-0.363496 7.438573 0.000219 0.003306 0.076266 -0.453233 -0.821216 7.435850 8.106454 -14.832427 -14.601619 -14.542814
-0.361085 7.464341 0.000161 0.002545 0.076266 -0.454627 -0.615524 7.469060 8.024169 -13.837899 -14.646516 -14.405985
-0.366371 7.412186 0.000135 0.002426 0.076266 -0.450212 -0.425129 7.430008 8.026292 -11.911542 -14.504275 -13.967941
-0.374451 7.339284 0.000143 0.002723 0.076266 -0.436711 -0.158655 7.469739 8.160624 -10.962832 -14.069320 -13.474075
-0.381672 7.271318 0.000164 0.003525 0.076266 -0.421642 1.027416 7.355845 8.314958 -11.779363 -13.583865 -13.222489
-0.383289 7.267892 0.000223 0.004150 0.076266 -0.413439 0.650483 7.338838 8.351559 -12.120017 -13.319598 -13.069913
-0.378124 7.329449 0.000235 0.004051 0.076266 -0.408090 0.054619 7.415875 8.343286 -14.381307 -13.147269 -13.300001
-0.373444 7.369206 0.000216 0.003861 0.076266 -0.413655 -7.035563 7.235235 8.149242 -17.835772 -13.326554 -14.011965
-0.368636 7.412956 0.000213 0.002918 0.076266 -0.437328 -6.290027 7.202023 7.722503 -18.384455 -14.089208 -14.705716
-0.355401 7.574955 0.000126 0.000585 0.069008 -0.461517 -5.638811 7.536947 7.371394 -16.604502 -14.868499 -14.989401
-0.371907 7.401083 -0.000027 -0.000118 0.062441 -0.469820 -5.075843 7.156447 7.238419 -15.363312 -15.135981 -15.000810
-0.405292 7.029951 0.000027 0.000826 0.056499 -0.470062 -4.581083 6.910952 7.199770 -13.993263 -15.143790 -14.823166
-0.416994 6.910651 0.000072 0.001146 0.051123 -0.464679 -4.133581 7.000507 7.260954 -12.636082 -14.970358 -14.509696
-0.420167 6.881545 0.000065 0.001504 0.046258 -0.454614 -3.716882 6.969170 7.405807 -13.783734 -14.646088 -14.397334
-0.420795 6.878601 0.000104 0.002090 0.041856 -0.450848 -3.331444 6.873676 7.420616 -15.227710 -14.524770 -14.489150
-0.417171 6.920856 0.000128 0.001981 0.037872 -0.453711 -2.979815 6.903554 7.315594 -17.053135 -14.617003 -14.809873
-0.407494 7.039198 0.000098 0.001096 0.034268 -0.464436 -2.663993 6.956943 7.097185 -17.074516 -14.962535 -15.101787
-0.411181 7.000358 0.000038 0.000384 0.031007 -0.473524 -2.385878 6.869704 6.922116 -16.727807 -15.255331 -15.301918
-0.422719 6.862742 0.000018 0.000235 0.028057 -0.479412 -2.138676 6.741866 6.800871 -15.947192 -15.445015 -15.365868
-0.430356 6.773268 0.000019 0.000109 0.025387 -0.481167 -1.919473 6.759066 6.758786 -14.385265 -15.501548 -15.227431
-0.438614 6.695514 0.000005 0.000251 0.022971 -0.476682 -1.720118 6.732087 6.839873 -12.335693 -15.357050 -14.871465
-0.441431 6.678348 0.000029 0.000640 0.020785 -0.465269 -1.531791 6.871955 7.060319 -13.951143 -14.989382 -14.757098
-0.442628 6.669793 0.000046 0.001548 0.018807 -0.461482 -1.341620 6.589366 7.102569 -15.784712 -14.867367 -14.871705
-0.442779 6.666981 0.000118 0.001727 0.031728 -0.465087 -1.164494 6.657237 6.987174 -17.621028 -14.983517 -15.185950
-0.440953 6.686471 0.000077 0.001192 0.031728 -0.475180 -0.957147 6.503318 6.750564 -19.466803 -15.308671 -15.678281
-0.442763 6.674429 0.000059 0.000302 0.031728 -0.490878 -0.792749 6.485700 6.417334 -18.331115 -15.814415 -15.977391
-0.450125 6.601934 -0.000011 -0.000732 0.031728 -0.500144 -0.672154 6.497842 6.238715 -17.530866 -16.112917 -16.145991
-0.462588 6.475988 -0.000054 -0.000941 0.031728 -0.505259 -0.589130 6.347468 6.151404 -15.114347 -16.277724 -16.038523
-0.474272 6.351040 -0.000041 -0.000791 0.031728 -0.501884 -0.502347 6.445000 6.262470 -14.221471 -16.168965 -15.863122
-0.481434 6.277871 -0.000038 -0.000061 0.031728 -0.496232 -0.356226 6.296673 6.416516 -13.815178 -15.986897 -15.674010
-0.481598 6.285265 0.000029 0.000520 0.031728 -0.489983 -0.100248 6.446203 6.573455 -15.224043 -15.785570 -15.642422
-0.474389 6.372335 0.000030 0.000797 0.031728 -0.488965 1.020008 6.357213 6.597315 -17.527779 -15.752759 -15.848008
-0.461298 6.525181 0.000055 0.000286 0.031728 -0.495680 0.806554 6.520556 6.451103 -16.808104 -15.969113 -15.961626
-0.457347 6.566958 -0.000013 -0.000459 0.031728 -0.499020 0.606359 6.538380 6.396988 -14.903221 -16.076712 -15.854585
-0.454334 6.593936 -0.000030 -0.000781 0.028708 -0.495086 0.420200 6.730276 6.508577 -13.845604 -15.949959 -15.637496
-0.460058 6.513773 -0.000048 -0.000021 0.025976 -0.487812 0.239322 6.505360 6.673886 -12.759027 -15.715621 -15.327780
-0.471377 6.367593 0.000038 0.001214 0.023504 -0.477907 0.043523 6.488906 6.874783 -11.737634 -15.396534 -14.956205
-0.469272 6.379087 0.000087 0.001965 0.023329 -0.465252 -0.725965 6.577755 7.111737 -12.518423 -14.988835 -14.690894
-0.451489 6.586710 0.000120 0.002081 0.032247 -0.455799 -0.613879 6.787328 7.252688 -11.927233 -14.684277 -14.368859
-0.443158 6.668622 0.000105 0.002315 0.032247 -0.444884 -0.485299 6.789557 7.410182 -14.193001 -14.332621 -14.333166
-0.443596 6.632677 0.000140 0.003082 0.037617 -0.443634 -0.341314 6.518106 7.343365 -16.800309 -14.292375 -14.598108
-0.430940 6.758254 0.000186 0.002319 0.049948 -0.452697 -0.278294 6.753980 7.088461 -15.820776 -14.584338 -14.719615
-0.422923 6.832543 0.000077 0.001014 0.049948 -0.456656 -0.436192 6.798569 6.966046 -15.202647 -14.711890 -14.745509
-0.424667 6.809995 0.000040 0.000619 0.049948 -0.457473 -0.652969 6.780705 6.912010 -12.517158 -14.738197 -14.426685
-0.431945 6.728657 0.000032 0.000727 0.049948 -0.447643 -0.788055 6.860944 7.067601 -11.499405 -14.421504 -14.039044
-0.436393 6.685820 0.000049 0.001513 0.049948 -0.435547 -0.798754 6.774546 7.258248 -12.168024 -14.031813 -13.794246
-0.434640 6.720763 0.000110 0.002130 0.049948 -0.427874 -0.724809 6.823687 7.350450 -13.591451 -13.784622 -13.759536
-0.428935 6.800036 0.000120 0.002182 0.049948 -0.427047 -0.554385 6.796241 7.310536 -17.430251 -13.757998 -14.211220
-0.424096 6.871246 0.000118 0.001741 0.049948 -0.442371 -0.320717 6.643680 6.979038 -18.645873 -14.251679 -14.774294
-0.422573 6.892414 0.000078 0.000343 0.049948 -0.460992 -0.029201 6.747297 6.626273 -17.594641 -14.851585 -15.139835
-0.427655 6.832521 -0.000023 -0.000818 0.049948 -0.472867 1.484130 6.685895 6.432093 -14.943982 -15.234152 -15.132989
-0.436568 6.723465 -0.000053 -0.001155 0.049948 -0.472440 1.335980 6.776244 6.483953 -13.199554 -15.220379 -14.918260
-0.443503 6.634183 -0.000062 -0.000595 0.045195 -0.465380 1.216020 6.678782 6.657224 -12.243977 -14.992936 -14.621234
-0.448777 6.581640 -0.000003 0.000300 0.040894 -0.455758 1.127664 6.719194 6.864932 -9.487537 -14.682961 -14.053850
-0.449077 6.609557 0.000034 0.001012 0.037002 -0.437405 1.042398 6.928694 7.246241 -7.549912 -14.091686 -13.342057
-0.443147 6.706685 0.000072 0.002139 0.033481 -0.413853 0.903904 7.041355 7.704562 -10.265995 -13.332938 -13.016292
-0.431351 6.833619 0.000149 0.003452 0.040102 -0.402642 0.684329 6.907598 7.857636 -18.447770 -12.971734 -13.703343
-0.414428 7.004090 0.000213 0.003383 0.057354 -0.426633 0.362171 6.652463 7.343461 -22.649258 -13.744662 -14.892742
-0.402099 7.128795 0.000157 0.000851 0.057354 -0.467288 -0.020042 6.812554 6.624688 -21.866146 -15.054422 -15.854254
-0.408141 7.062207 -0.000038 -0.001734 0.057354 -0.496371 -3.172130 6.728514 6.135024 -18.214108 -15.991362 -16.128788
-0.436323 6.741158 -0.000129 -0.002403 0.057354 -0.504071 -2.916956 6.577213 6.021577 -15.121336 -16.239440 -15.973524
-0.469690 6.354314 -0.000121 -0.001319 0.057354 -0.499658 -2.698998 6.263551 6.142408 -11.546336 -16.097261 -15.492834
-0.486716 6.162594 -0.000025 -0.000080 0.057354 -0.485078 -2.496666 6.438204 6.500803 -7.325860 -15.627537 -14.695282
-0.489804 6.138731 0.000015 0.001435 0.057354 -0.459418 -2.272282 6.549245 7.114688 -9.254060 -14.800877 -14.171091
-0.484813 6.223847 0.000127 0.003531 0.057354 -0.442110 -2.021277 6.397892 7.459967 -12.514772 -14.243272 -14.007108
-0.470721 6.405511 0.000237 0.004180 0.063797 -0.436592 -1.742900 6.546963 7.489878 -18.211168 -14.065495 -14.432933
-0.453920 6.612129 0.000212 0.003479 0.063797 -0.451528 -1.433575 6.339619 7.077461 -19.604113 -14.546674 -14.995441
-0.446181 6.699806 0.000167 0.001497 0.063797 -0.470336 -1.156153 6.591915 6.643655 -19.410716 -15.152596 -15.490243
-0.452946 6.608086 0.000015 0.000141 0.063797 -0.485592 -0.925731 6.287576 6.306651 -17.877603 -15.644117 -15.744763
-0.468799 6.426792 0.000008 -0.000476 0.063797 -0.492995 -0.812529 6.363264 6.143764 -12.556367 -15.882600 -15.413027
-0.487943 6.221421 -0.000046 -0.000308 0.063797 -0.482914 -0.756479 6.368419 6.412002 -9.772753 -15.557827 -14.880760
-0.476329 6.385888 0.000012 0.000104 0.063797 -0.464773 -0.636808 6.852883 6.862411 -10.892401 -14.973380 -14.495107
-0.482867 6.317103 0.000005 0.002161 0.063797 -0.452587 -0.342104 6.208055 7.127456 -11.789047 -14.580782 -14.247689
-0.499381 6.118557 0.000206 0.003999 0.063797 -0.445093 0.382573 6.265575 7.245183 -13.419346 -14.339361 -14.188190
-0.483700 6.300081 0.000220 0.003746 0.063797 -0.442572 -0.407363 6.399731 7.222718 -20.245286 -14.258156 -14.768421
-0.470723 6.442456 0.000186 0.003093 0.063797 -0.462438 0.279720 6.007793 6.675848 -23.984141 -14.898171 -15.694831
-0.468256 6.472953 0.000152 0.000804 0.057726 -0.492436 -0.188719 6.133572 5.944050 -18.824388 -15.864610 -16.002668
-0.486873 6.256735 -0.000037 -0.001239 0.052233 -0.501410 -0.309515 6.123489 5.743542 -13.500814 -16.153697 -15.760074
-0.522645 5.826098 -0.000080 -0.000327 0.047262 -0.494331 -0.482635 5.795929 5.959541 -8.978330 -15.925648 -15.202441
-0.546744 5.537612 0.000039 0.001672 0.042765 -0.477519 -0.518797 5.874993 6.461383 -4.536745 -15.384024 -14.406489
-0.545525 5.552450 0.000133 0.003603 0.038695 -0.451222 -0.445270 6.143850 7.219924 -8.045098 -14.536814 -13.929775
-0.527025 5.788398 0.000242 0.005674 0.065107 -0.434447 -0.282155 6.012393 7.585128 -10.395817 -13.996381 -13.648246
-0.499486 6.120673 0.000353 0.005805 0.094961 -0.424295 0.239109 6.489251 7.720638 -17.261313 -13.669326 -13.975275
-0.472255 6.416787 0.000279 0.005168 0.094961 -0.435732 -0.994449 6.077532 7.308969 -23.608876 -14.037777 -14.925401
-0.456678 6.579318 0.000279 0.002892 0.094961 -0.468602 -0.774689 6.231247 6.486505 -19.743145 -15.096736 -15.414781
-0.454849 6.581611 0.000064 -0.000377 0.094961 -0.484204 -0.836765 6.498049 6.132162 -16.265590 -15.599393 -15.471380
-0.470335 6.365325 -0.000075 -0.000924 0.094961 -0.485444 -1.047076 6.206978 6.103310 -14.984834 -15.639337 -15.383081
-0.492398 6.089258 -0.000017 0.000056 0.094961 -0.482412 -1.292101 6.046336 6.153158 -7.844458 -15.541649 -14.642813
-0.499506 6.007508 0.000029 0.000577 0.094961 -0.458784 -1.484802 6.579201 6.741349 -5.965523 -14.780450 -13.823491
-0.462868 6.454462 0.000041 0.001137 0.094961 -0.427678 -1.507556 7.044955 7.402944 -8.172377 -13.778303 -13.203975
-0.454548 6.570163 0.000084 0.003301 0.094961 -0.407179 -1.391077 6.629322 7.758658 -6.431286 -13.117917 -12.453513
-0.461657 6.446250 0.000255 0.005202 0.094961 -0.383640 -1.077986 6.823413 8.151037 -15.605952 -12.359559 -12.779308
-0.434195 6.707211 0.000300 0.005723 0.094961 -0.395593 -0.584739 6.360029 7.752434 -21.402614 -12.744657 -13.799221
-0.415217 6.899221 0.000315 0.003382 0.085924 -0.431715 -0.259586 6.652583 6.989121 -18.036225 -13.908380 -14.310463
-0.414356 6.905917 0.000082 0.000330 0.077747 -0.447997 -0.814741 6.785339 6.657555 -13.061435 -14.432922 -14.081332
-0.431831 6.715338 -0.000022 -0.000229 0.070349 -0.441168 -1.078482 6.766736 6.770733 -6.680862 -14.212915 -13.122219
-0.450085 6.496526 0.000007 0.001087 0.063654 -0.412511 -1.131398 6.870181 7.333136 -7.508357 -13.289692 -12.448755
-0.457993 6.389714 0.000108 0.003740 0.057597 -0.391175 -1.014951 6.458068 7.691522 -10.315963 -12.602302 -12.183605
-0.447522 6.510688 0.000279 0.004681 0.075013 -0.382013 -0.871698 6.731823 7.752478 -10.980825 -12.307148 -12.018383
-0.428084 6.737353 0.000233 0.004024 0.075013 -0.376092 -0.686251 6.845640 7.754828 -13.917503 -12.116379 -12.233114
-0.416640 6.853121 0.000208 0.003574 0.075013 -0.383421 -0.524808 6.718062 7.523614 -16.301642 -12.352510 -12.748521
-0.411957 6.895046 0.000186 0.002492 0.075013 -0.400330 -0.533697 6.727383 7.151506 -13.653506 -12.897256 -12.840517
-0.409913 6.906793 0.000101 0.000970 0.075013 -0.403051 -0.784037 6.991100 7.067814 -13.377533 -12.984930 -12.880892
-0.415498 6.856064 0.000024 0.000839 0.075013 -0.404092 -0.981194 6.717292 7.015895 -10.590497 -13.018463 -12.542725
-0.423416 6.808863 0.000073 0.000821 0.075013 -0.393756 -1.181591 7.072251 7.185322 -5.331234 -12.685467 -11.603163
-0.426367 6.808250 0.000031 0.001495 0.075013 -0.364014 -1.185626 7.172949 7.723514 -6.537754 -11.727273 -10.967817
-0.422865 6.881710 0.000128 0.003337 0.075013 -0.343344 -1.011555 7.055102 8.045717 -7.093455 -11.061380 -10.493020
-0.407870 7.051590 0.000225 0.003941 0.075013 -0.326842 -0.648345 7.359504 8.257027 -12.407010 -10.529719 -10.786270
-0.385366 7.269898 0.000205 0.003913 0.075013 -0.337224 0.025598 7.051206 8.011306 -18.492881 -10.864191 -11.993939
-0.367407 7.453867 0.000220 0.002210 0.067874 -0.377298 -9.423777 7.178604 7.358171 -18.112159 -12.155231 -12.946962
-0.364651 7.503054 0.000047 -0.000574 0.061415 -0.408336 -8.483272 7.296135 6.906181 -13.537114 -13.155171 -12.949146
-0.374479 7.397814 -0.000080 -0.001949 0.055571 -0.408326 -7.653810 7.449247 6.925435 -11.797304 -13.154860 -12.675023
-0.389103 7.229575 -0.000111 -0.001206 0.050282 -0.399879 -6.906813 7.160144 7.062157 -10.197624 -12.882743 -12.225394
-0.399113 7.119750 -0.000017 -0.000228 0.045497 -0.385909 -6.233326 7.297702 7.278184 -8.347190 -12.432663 -11.605981
-0.398299 7.148074 -0.000000 0.000516 0.041168 -0.365667 -5.614921 7.348299 7.585100 -8.583744 -11.780549 -11.120743
-0.392697 7.255970 0.000056 0.001305 0.037250 -0.349777 -5.048422 7.432445 7.802524 -9.860718 -11.268606 -10.902774
-0.381971 7.388857 0.000085 0.001640 0.033705 -0.342597 -4.522361 7.464237 7.871407 -15.631856 -11.037300 -11.619421
-0.366607 7.534633 0.000094 0.001335 0.030498 -0.367788 -4.041166 7.231156 7.477937 -19.235827 -11.848851 -12.875559
-0.355028 7.650049 0.000058 -0.000682 0.027596 -0.410662 -3.624749 7.406700 6.916685 -17.088907 -13.230118 -13.569768
-0.354849 7.658710 -0.000105 -0.002941 0.028300 -0.432468 -3.274744 7.558142 6.688711 -14.315475 -13.932620 -13.627281
-0.369405 7.507589 -0.000190 -0.003246 0.051166 -0.433759 -2.981067 7.437166 6.740618 -11.740492 -13.974233 -13.247907
-0.385591 7.340692 -0.000153 -0.002379 0.051166 -0.422270 -2.754712 7.438433 6.975547 -8.809731 -13.604101 -12.522557
-0.394798 7.243375 -0.000102 -0.001062 0.051166 -0.399537 -2.527006 7.462768 7.377769 -8.499142 -12.871696 -11.902800
-0.394439 7.267020 -0.000019 0.000439 0.051166 -0.379034 -2.279165 7.452830 7.709103 -7.877213 -12.211185 -11.294015
-0.385349 7.384410 0.000057 0.001287 0.051166 -0.358033 -2.004097 7.669061 8.016020 -11.371471 -11.534605 -11.293317
-0.368514 7.549723 0.000077 0.001848 0.051166 -0.357447 -1.682659 7.467027 7.982165 -18.206900 -11.515714 -12.427537
-0.322824 8.055663 0.000115 -0.000291 0.051166 -0.404631 -1.388172 8.002594 7.465538 -17.643145 -13.035817 -13.449684
-0.318260 8.100125 -0.000118 -0.002515 0.051166 -0.437247 -1.209623 7.817357 7.168204 -14.579995 -14.086593 -13.556367
-0.344882 7.770506 -0.000144 -0.002387 0.051166 -0.439121 -1.158476 7.694389 7.189797 -13.078141 -14.146976 -13.342560
-0.351737 7.692544 -0.000112 -0.001993 0.051166 -0.431451 -1.164680 7.774767 7.323770 -9.781962 -13.899872 -12.572138
-0.358842 7.614981 -0.000101 -0.001154 0.051166 -0.406810 -1.173187 7.809620 7.675359 -8.160587 -13.106024 -11.695194
-0.359513 7.627669 -0.000031 0.000189 0.046297 -0.377895 -1.091237 7.869379 8.057860 -8.585138 -12.174487 -11.069077
-0.358462 7.699778 0.000041 0.001419 0.041891 -0.357590 -0.939756 7.845174 8.303128 -7.738221 -11.520318 -10.433749
-0.341910 7.897398 0.000101 0.001608 0.037905 -0.334936 -0.651559 8.235348 8.558726 -15.042237 -10.790496 -11.304248
-0.330876 7.973107 0.000071 0.002321 0.034298 -0.364483 -0.194874 7.430367 8.167216 -20.599815 -11.742383 -13.186390
-0.330719 7.955177 0.000163 0.000840 0.043964 -0.424588 0.432954 7.681413 7.452400 -17.786306 -13.678771 -14.066011
-0.331164 7.957692 -0.000050 -0.002003 0.043964 -0.452057 0.480640 7.857061 7.181274 -15.237411 -14.563724 -14.220884
-0.345758 7.782327 -0.000149 -0.002382 0.043964 -0.456036 0.690826 7.669785 7.188624 -14.450058 -14.691905 -14.191293
-0.363707 7.575791 -0.000107 -0.001535 0.043964 -0.454617 0.823734 7.519534 7.246279 -10.656828 -14.646184 -13.525983
-0.372067 7.493267 -0.000061 -0.000979 0.043964 -0.433567 0.901876 7.784654 7.583379 -7.706876 -13.968025 -12.529289
-0.375224 7.457349 -0.000046 0.000500 0.043964 -0.401180 0.872674 7.685807 8.061077 -9.117114 -12.924634 -11.949229
-0.375557 7.475064 0.000082 0.002323 0.043964 -0.381875 0.759113 7.604631 8.300637 -8.668934 -12.302705 -11.401576
-0.364494 7.611772 0.000154 0.002731 0.043964 -0.362603 0.594375 7.902040 8.516306 -11.396220 -11.681819 -11.392578
-0.346745 7.791547 0.000136 0.002873 0.043964 -0.361406 0.297389 7.725517 8.466195 -15.785780 -11.643250 -12.202794
-0.336619 7.880971 0.000165 0.002320 0.044413 -0.388400 -0.039896 7.680939 8.083277 -17.364397 -12.512917 -13.188230
-0.337243 7.881218 0.000091 0.000801 0.044413 -0.419248 -0.751067 7.661530 7.683159 -14.118958 -13.506732 -13.302273
-0.327996 8.020687 0.000007 -0.001338 0.044413 -0.422976 -0.863413 8.260071 7.668969 -10.468340 -13.626822 -12.637993
-0.348740 7.794771 -0.000129 -0.000499 0.044413 -0.403842 -0.887448 7.669867 7.928885 -9.865620 -13.010401 -12.071205
-0.383506 7.403854 0.000058 0.002081 0.044413 -0.388511 -0.813787 7.437306 8.122645 -9.052581 -12.516501 -11.573170
-0.384267 7.407769 0.000153 0.002834 0.044413 -0.372008 -0.636573 7.655393 8.322412 -10.378116 -11.984804 -11.369101
-0.375367 7.536274 0.000150 0.003116 0.044413 -0.364630 -0.342829 7.566796 8.369616 -10.986954 -11.747134 -11.295405
-0.365152 7.664168 0.000180 0.002796 0.048503 -0.361762 0.219591 7.801594 8.358600 -14.304841 -11.654725 -11.797409
-0.358323 7.732865 0.000126 0.002480 0.048503 -0.377662 -0.775585 7.470355 8.088499 -16.389713 -12.166980 -12.577712
-0.355442 7.764120 0.000140 0.001286 0.048503 -0.402645 -0.546171 7.668455 7.725385 -15.198180 -12.971829 -13.008263
-0.363120 7.681079 0.000016 0.000176 0.048503 -0.415289 -0.456088 7.516835 7.546612 -13.885072 -13.379192 -13.121332
-0.375242 7.544658 0.000010 0.000008 0.048503 -0.418180 -0.538047 7.527302 7.506802 -12.589549 -13.472334 -13.005911
-0.384699 7.440500 -0.000002 0.000263 0.048503 -0.414074 -0.620650 7.440187 7.569302 -11.772383 -13.340057 -12.792355
-0.391480 7.381486 0.000031 0.000744 0.048503 -0.406999 -0.662300 7.457288 7.673282 -11.357803 -13.112118 -12.563349
-0.376633 7.568043 0.000050 0.000417 0.048503 -0.398611 -0.620592 7.794025 7.800136 -13.131568 -12.841875 -12.640189
-0.374858 7.574251 0.000004 0.000895 0.048503 -0.400593 -0.495338 7.375746 7.754862 -14.880389 -12.905735 -12.981280
-0.383462 7.449346 0.000086 0.001211 0.048503 -0.410521 -0.368514 7.353594 7.569678 -15.829704 -13.225581 -13.393337
-0.375666 7.505376 0.000050 0.000255 0.048503 -0.423699 -0.309915 7.422877 7.359323 -17.202710 -13.650139 -13.961083
-0.370659 7.530727 -0.000012 -0.000679 0.043887 -0.441691 -0.466591 7.338810 7.098267 -16.711136 -14.229778 -14.349715
-0.372851 7.505127 -0.000051 -0.001613 0.039711 -0.453448 -0.747577 7.443869 6.944641 -12.756560 -14.608525 -14.018388
-0.377862 7.450285 -0.000109 -0.002004 0.035932 -0.442688 -0.896769 7.600442 7.140230 -10.410223 -14.261875 -13.383581
-0.382127 7.405154 -0.000101 -0.001050 0.032513 -0.422343 -0.920378 7.550540 7.468340 -8.703417 -13.606440 -12.607512
-0.382510 7.408550 -0.000018 0.000237 0.029419 -0.397133 -0.857932 7.678906 7.846310 -9.163015 -12.794264 -12.038813
-0.375033 7.491717 0.000037 0.001406 0.026619 -0.377777 -0.712259 7.626324 8.095208 -12.712812 -12.170667 -12.120547
-0.359966 7.659496 0.000104 0.001727 0.028099 -0.380510 -0.531523 7.643579 8.009182 -14.869039 -12.258713 -12.571643
-0.344290 7.825062 0.000082 0.000730 0.028099 -0.396265 -0.347148 7.765837 7.786359 -15.519969 -12.766307 -13.091736
-0.336316 7.896956 0.000006 -0.000438 0.028099 -0.413446 -0.228497 7.786215 7.581784 -14.713046 -13.319804 -13.356391
-0.337155 7.867629 -0.000044 -0.001133 0.028099 -0.421402 -0.305548 7.823657 7.501266 -12.937338 -13.576133 -13.203715
-0.342555 7.780787 -0.000071 -0.001108 0.028099 -0.415986 -0.459777 7.796513 7.579241 -11.728134 -13.401649 -12.845486
-0.348336 7.708192 -0.000048 -0.000511 0.028099 -0.404292 -0.568799 7.768586 7.723187 -9.747284 -13.024887 -12.192979
-0.351270 7.688834 -0.000010 0.000136 0.028099 -0.383451 -0.626920 7.881696 7.976416 -8.772671 -12.353483 -11.505124
-0.350807 7.717599 0.000021 0.001026 0.028099 -0.361347 -0.583393 7.866729 8.230942 -9.367033 -11.641361 -11.074886
-0.342025 7.811382 0.000081 0.001663 0.028099 -0.346863 -0.438392 7.945204 8.367085 -12.313286 -11.174732 -11.299768
-0.326458 7.957464 0.000094 0.001624 0.028099 -0.354541 -0.181862 7.878115 8.236965 -14.446362 -11.422099 -11.946170
-0.313942 8.073941 0.000081 0.000646 0.028099 -0.376681 0.170597 7.993777 7.983837 -14.778732 -12.135353 -12.545671
-0.309269 8.124690 -0.000001 -0.000558 0.025425 -0.396057 0.129812 8.022421 7.790923 -13.404071 -12.759589 -12.669913
-0.312058 8.101472 -0.000050 -0.001231 0.023005 -0.400036 0.484544 8.114243 7.771509 -11.542642 -12.887788 -12.333221
-0.318100 8.026843 -0.000075 -0.001012 0.020816 -0.389449 0.528346 8.062258 7.902379 -11.670047 -12.546713 -12.124913
-0.325071 7.955093 -0.000035 -0.000209 0.018835 -0.382943 0.539653 7.938012 7.976301 -10.022521 -12.337095 -11.623189
-0.325779 7.955566 0.000009 0.000082 0.017043 -0.366766 0.522115 8.150860 8.155478 -9.521867 -11.815956 -11.140469
-0.321315 8.011111 0.000001 0.000572 0.015421 -0.350501 0.452246 8.078959 8.320688 -10.601344 -11.291951 -11.004435
-0.315597 8.087522 0.000054 0.000924 0.014457 -0.345837 0.348022 8.148452 8.351452 -10.884954 -11.141693 -10.967551
-0.308307 8.165514 0.000045 0.000737 0.014457 -0.344376 0.203001 8.199269 8.352963 -12.210210 -11.094600 -11.259469
-0.301411 8.216523 0.000035 0.000541 0.014457 -0.353653 -0.035107 8.142965 8.251957 -13.567057 -11.393476 -11.818239
-0.297346 8.237617 0.000025 0.000057 0.014457 -0.371659 0.793891 8.143128 8.080313 -12.394162 -11.973589 -11.920791
-0.269316 8.554278 -0.000013 -0.001879 0.014457 -0.374714 0.709899 8.850263 8.094775 -10.980050 -12.072002 -11.540039
-0.279630 8.431195 -0.000167 -0.001334 0.044918 -0.362884 0.655324 8.181450 8.213927 -10.399868 -11.690861 -11.125417
-0.314580 8.022510 0.000007 0.000759 0.044918 -0.352264 0.611080 7.996453 8.295881 -9.599717 -11.348740 -10.703289
-0.311150 8.056563 0.000066 0.000949 0.044918 -0.338016 0.570758 8.241615 8.408912 -9.732068 -10.889717 -10.416232
-0.300958 8.164835 0.000037 0.000967 0.044918 -0.327723 0.500725 8.194064 8.475158 -11.324320 -10.558095 -10.598916
-0.291936 8.256241 0.000063 0.000868 0.044918 -0.333742 0.434543 8.245981 8.393265 -13.629293 -10.752007 -11.365329
-0.288366 8.297657 0.000033 0.000379 0.044918 -0.359076 0.491839 8.113681 8.158388 -14.320236 -11.568205 -12.117388
-0.291473 8.291785 0.000011 -0.000529 0.044918 -0.383233 0.704630 8.218761 7.956220 -13.074000 -12.346449 -12.318854
-0.298314 8.245897 -0.000058 -0.001148 0.044918 -0.390131 0.860003 8.210632 7.928214 -12.497462 -12.568666 -12.335845
-0.307840 8.154728 -0.000062 -0.000898 0.044918 -0.391040 0.904181 8.115582 7.956442 -12.355051 -12.597955 -12.334634
-0.316229 8.077220 -0.000035 -0.000479 0.044918 -0.391046 0.880942 8.065552 7.987541 -10.734804 -12.598147 -11.976418
-0.317735 8.072796 -0.000017 -0.000338 0.044918 -0.379327 0.794476 8.224508 8.141982 -10.176525 -12.220625 -11.587583
-0.315005 8.114472 -0.000019 0.000109 0.040643 -0.365974 0.606499 8.186514 8.299301 -10.758514 -11.790426 -11.420384
-0.309250 8.176245 0.000025 0.000488 0.036776 -0.359705 0.327885 8.248837 8.367803 -11.852826 -11.588449 -11.545686
-0.301604 8.243769 0.000026 0.000492 0.033276 -0.362894 -0.138494 8.219012 8.334697 -12.663453 -11.691185 -11.828737
-0.296232 8.282789 0.000026 0.000206 0.030109 -0.371549 0.599037 8.257675 8.253369 -12.678568 -11.970039 -12.031986
-0.294754 8.280459 -0.000001 -0.000107 0.027244 -0.377140 0.451090 8.243203 8.200594 -12.435436 -12.150153 -12.096950
-0.285034 8.398504 -0.000009 -0.000784 0.024651 -0.378775 0.388517 8.500404 8.198045 -11.035526 -12.202818 -11.740562
-0.293200 8.310445 -0.000067 -0.000446 0.022305 -0.367865 0.366776 8.249887 8.300694 -10.799274 -11.851354 -11.441933
-0.312427 8.099976 0.000011 0.000796 0.020183 -0.359501 0.300787 8.062433 8.363009 -11.102743 -11.581886 -11.326695
-0.312506 8.108423 0.000066 0.001009 0.018262 -0.356012 0.216545 8.182735 8.375072 -11.464968 -11.469475 -11.337868
-0.306726 8.169897 0.000043 0.000813 0.016524 -0.356261 0.085744 8.159979 8.354907 -12.519638 -11.477519 -11.607455
-0.302470 8.226281 0.000044 0.000510 0.014952 -0.365045 -0.107650 8.197715 8.260438 -13.917766 -11.760510 -12.163742
-0.303649 8.220020 0.000014 0.000160 0.013529 -0.382939 -0.074291 8.068932 8.087464 -15.187973 -12.336984 -12.893374
-0.307775 8.185716 0.000005 -0.000389 0.012242 -0.405875 -0.271573 8.055887 7.874033 -13.957956 -13.075895 -13.130470
-0.283231 8.495226 -0.000040 -0.002462 0.011077 -0.415069 -0.336900 8.777625 7.867079 -13.160215 -13.372084 -13.112926
-0.296957 8.355131 -0.000202 -0.001935 0.054259 -0.414514 -0.356182 8.033727 7.932475 -12.461831 -13.354202 -12.931794
-0.335079 7.930415 -0.000023 0.000008 0.054259 -0.409869 -0.397948 7.917646 8.002150 -10.972126 -13.204585 -12.531681
-0.339897 7.918887 0.000018 0.000330 0.054259 -0.397307 -0.242554 8.094701 8.168644 -10.374082 -12.799869 -12.121287
-0.342344 7.940501 0.000016 0.000904 0.054259 -0.384599 0.427098 8.007102 8.335790 -10.695726 -12.390473 -11.883906
-0.341288 7.969058 0.000072 0.001454 0.054259 -0.376554 -0.328644 8.071337 8.431830 -13.518247 -12.131280 -12.240222
-0.337952 7.996067 0.000080 0.001727 0.054259 -0.388004 0.861110 7.827239 8.279642 -15.984776 -12.500171 -13.015138
-0.327967 8.096387 0.000101 0.000726 0.054259 -0.413532 0.393544 8.038830 7.988442 -16.895931 -13.322569 -13.831536
-0.332016 8.044701 -0.000010 -0.000223 0.054259 -0.438124 -0.124710 7.769572 7.714243 -16.179968 -14.114848 -14.292365
-0.348701 7.849807 -0.000012 -0.000537 0.054259 -0.451049 0.170337 7.752278 7.566083 -15.050695 -14.531245 -14.415099
-0.338191 7.995542 -0.000041 -0.001702 0.054259 -0.454896 0.498451 8.149476 7.568352 -12.658647 -14.655192 -14.052195
-0.356500 7.784785 -0.000129 -0.000858 0.054259 -0.444132 0.621570 7.649379 7.746341 -11.576937 -14.308421 -13.604878
-0.389358 7.392061 0.000021 0.001404 0.049095 -0.431576 0.600912 7.400105 7.924812 -10.986365 -13.903901 -13.206445
-0.388664 7.415608 0.000116 0.002018 0.044423 -0.418166 0.524199 7.656478 8.102360 -9.893338 -13.471864 -12.710074
-0.380277 7.507518 0.000099 0.002358 0.040196 -0.400746 0.315255 7.668580 8.323105 -13.499122 -12.910654 -12.828354
-0.368075 7.626430 0.000146 0.002761 0.039262 -0.404066 -0.095243 7.546629 8.207355 -15.879627 -13.017623 -13.315259
-0.358877 7.714273 0.000148 0.001954 0.039799 -0.420183 0.723898 7.624269 7.933928 -14.955842 -13.536852 -13.568514
-0.354611 7.748989 0.000071 0.000733 0.039799 -0.427869 0.625714 7.737645 7.804315 -14.852813 -13.784481 -13.751832
-0.359008 7.694481 0.000017 0.000435 0.039799 -0.433215 0.610403 7.576291 7.709672 -13.537554 -13.956689 -13.665612
-0.368539 7.579158 0.000032 0.000517 0.039799 -0.430384 0.647576 7.614273 7.729442 -12.258369 -13.865489 -13.391211
-0.377762 7.473074 0.000027 0.001016 0.039799 -0.421734 0.658209 7.485966 7.829657 -11.706970 -13.586824 -13.092098
-0.382692 7.421191 0.000078 0.001619 0.039799 -0.412212 0.636419 7.516580 7.936019 -12.076882 -13.280055 -12.912819
-0.380719 7.449500 0.000095 0.001928 0.039799 -0.406178 0.552805 7.490056 7.981586 -13.528984 -13.085653 -12.991261
-0.374640 7.521913 0.000111 0.001822 0.039799 -0.408668 0.437300 7.512683 7.900902 -15.157002 -13.165894 -13.323919
-0.368198 7.584438 0.000089 0.001254 0.039799 -0.419535 0.300049 7.485921 7.713335 -15.582285 -13.515982 -13.678976
-0.363956 7.618646 0.000053 0.000375 0.039799 -0.430872 0.237517 7.563017 7.542057 -13.758326 -13.881211 -13.663341
-0.362432 7.625139 -0.000002 -0.000329 0.039799 -0.429830 0.295988 7.684459 7.559988 -11.760497 -13.847639 -13.302035
-0.364635 7.591352 -0.000025 -0.000124 0.036012 -0.417809 0.351506 7.680308 7.726565 -9.700832 -13.460366 -12.656061
-0.368563 7.535516 0.000012 0.000757 0.032585 -0.396880 0.303957 7.714087 8.001864 -8.483318 -12.786111 -11.929484
-0.366528 7.555612 0.000066 0.001769 0.029484 -0.372666 0.120400 7.765778 8.294184 -7.977259 -12.006022 -11.236434
-0.357734 7.652855 0.000119 0.002542 0.032084 -0.348670 -0.600874 7.878004 8.545538 -9.741565 -11.232934 -10.949971
-0.347458 7.761889 0.000151 0.003106 0.040483 -0.338790 -0.321126 7.785783 8.583960 -12.255859 -10.914646 -11.178557
-0.335883 7.889086 0.000180 0.002754 0.048406 -0.346897 0.227900 7.866700 8.409444 -13.370051 -11.175843 -11.599302
-0.327039 7.970999 0.000124 0.001738 0.048406 -0.361098 -0.484887 7.882613 8.193774 -15.282958 -11.633336 -12.347299
-0.324568 7.971632 0.000073 0.000881 0.048406 -0.385601 -0.265815 7.757050 7.885764 -15.707631 -12.422724 -13.023364
-0.327498 7.922723 0.000032 -0.000146 0.048406 -0.406914 -0.402531 7.798025 7.632223 -14.583466 -13.109374 -13.293878
-0.334275 7.836866 -0.000033 -0.000811 0.048406 -0.415226 -0.715582 7.752504 7.537254 -13.962024 -13.377164 -13.370075
-0.342731 7.743475 -0.000045 -0.000817 0.048406 -0.417655 -0.926505 7.690452 7.512076 -11.772167 -13.455423 -13.005475
-0.349087 7.677886 -0.000037 -0.000657 0.048406 -0.406474 -1.058595 7.799647 7.660471 -10.206492 -13.095195 -12.439898
-0.353854 7.633596 -0.000029 0.000107 0.048406 -0.388799 -1.078920 7.726966 7.883993 -10.388203 -12.525779 -12.038996
-0.354794 7.638770 0.000037 0.000972 0.048406 -0.376129 -1.008343 7.735603 8.026861 -10.916089 -12.117578 -11.823827
-0.349973 7.689476 0.000066 0.001337 0.048406 -0.369067 -0.847479 7.746661 8.087210 -14.002775 -11.890061 -12.228854
-0.344596 7.740549 0.000077 0.001374 0.048406 -0.382499 -0.631367 7.570216 7.887100 -15.732229 -12.322805 -12.895495
-0.341638 7.780272 0.000072 0.000423 0.043800 -0.404357 -0.464349 7.681330 7.609430 -14.821756 -13.027009 -13.255869
-0.345248 7.742549 -0.000014 -0.000528 0.039632 -0.415693 -0.377014 7.650981 7.482198 -14.815029 -13.392205 -13.538812
-0.355475 7.628193 -0.000036 -0.000579 0.035860 -0.424226 -0.333181 7.498543 7.385378 -14.196533 -13.667101 -13.645189
-0.365623 7.520229 -0.000024 -0.000535 0.032448 -0.427429 -0.317728 7.496119 7.357404 -13.125996 -13.770302 -13.549146
-0.374329 7.430289 -0.000030 -0.000289 0.029360 -0.424415 -0.267995 7.428080 7.415148 -13.171062 -13.673202 -13.485680
-0.381151 7.364062 -0.000002 0.000202 0.026566 -0.422413 -0.160113 7.352169 7.449361 -13.749929 -13.608712 -13.530757
-0.386825 7.310939 0.000022 0.000549 0.024038 -0.423834 0.069517 7.266897 7.424460 -14.604241 -13.654461 -13.702772
-0.389882 7.279866 0.000036 0.000573 0.021750 -0.429069 -0.517502 7.215865 7.335625 -15.988874 -13.823135 -14.050437
-0.389330 7.278248 0.000028 0.000227 0.019681 -0.440169 -0.391678 7.158559 7.160291 -16.422940 -14.180739 -14.408662
-0.390021 7.264362 0.000001 -0.000413 0.017808 -0.451396 -0.299610 7.173421 6.995115 -14.965207 -14.542435 -14.487917
-0.395027 7.207656 -0.000039 -0.000842 0.016113 -0.453570 -0.260548 7.201938 6.983262 -13.451540 -14.612459 -14.330186
-0.404286 7.110276 -0.000048 -0.000503 0.014580 -0.448473 -0.242363 7.127856 7.086874 -11.992877 -14.448266 -14.000003
-0.412171 7.037362 -0.000009 0.000196 0.013192 -0.438126 -0.203472 7.157245 7.274200 -11.037596 -14.114910 -13.605302
-0.413681 7.031260 0.000026 0.000963 0.011937 -0.425398 -0.093682 7.171452 7.490886 -12.231362 -13.704856 -13.430843
-0.401980 7.183508 0.000071 0.001218 0.019160 -0.419398 0.239272 7.308539 7.575536 -12.502406 -13.511547 -13.315274
-0.396627 7.239887 0.000060 0.001330 0.019160 -0.415327 -0.040849 7.263989 7.620995 -15.036047 -13.380414 -13.575241
-0.399614 7.189326 0.000080 0.001711 0.021542 -0.423700 1.583413 6.999946 7.448178 -16.594180 -13.650144 -14.017892
-0.400341 7.174770 0.000101 0.001084 0.027064 -0.437703 1.397106 7.084086 7.190294 -15.383995 -14.101286 -14.217248
-0.404992 7.112668 0.000025 0.000308 0.027064 -0.443708 1.242646 7.035087 7.082084 -14.684990 -14.294758 -14.282107
-0.412533 7.028129 0.000012 0.000214 0.027064 -0.445562 1.124736 6.992004 7.046130 -12.746097 -14.354476 -14.076974
-0.422860 6.918927 0.000013 0.000504 0.027064 -0.439192 1.026339 6.986415 7.159360 -11.312131 -14.149272 -13.729978
-0.428453 6.866972 0.000040 0.001159 0.027064 -0.428255 0.922572 6.993589 7.352293 -11.627516 -13.796910 -13.479453
-0.427493 6.882766 0.000081 0.001861 0.027064 -0.420054 0.795496 6.963990 7.475223 -14.265095 -13.532709 -13.587524
-0.423914 6.935549 0.000115 0.002139 0.030946 -0.423556 0.651624 6.855444 7.363903 -14.842680 -13.645514 -13.755813
-0.419447 6.984104 0.000115 0.001505 0.030946 -0.429060 0.494221 6.993284 7.232175 -17.061720 -13.822847 -14.188750
-0.417762 6.983483 0.000055 0.000986 0.030946 -0.442946 0.320559 6.722011 6.953674 -19.038250 -14.270213 -14.816235
-0.419708 6.938839 0.000054 0.000059 0.030946 -0.462840 0.229476 6.738923 6.578813 -17.165092 -14.911100 -15.108367
-0.425373 6.853611 -0.000033 -0.001089 0.030946 -0.471722 0.309575 6.768853 6.429786 -14.776135 -15.197254 -15.049929
-0.437835 6.706377 -0.000073 -0.001096 0.030946 -0.469748 0.457871 6.689373 6.490422 -11.349468 -15.133676 -14.595693
-0.450034 6.565309 -0.000043 -0.000297 0.030946 -0.455725 0.509473 6.762393 6.794247 -11.190455 -14.681896 -14.202277
-0.454343 6.523786 0.000008 0.001072 0.030946 -0.443159 0.460968 6.606310 7.040610 -10.872600 -14.277049 -13.829800
-0.450587 6.570810 0.000097 0.001862 0.030946 -0.430836 0.338773 6.809007 7.260228 -11.796142 -13.880044 -13.601157
-0.440327 6.687838 0.000102 0.002269 0.030946 -0.422911 0.084016 6.754090 7.366176 -13.356130 -13.624744 -13.571011
-0.428276 6.813287 0.000138 0.002192 0.036992 -0.421525 -0.932557 6.881680 7.331922 -15.387447 -13.580076 -13.785728
-0.418102 6.915647 0.000102 0.001650 0.036992 -0.428700 -0.738505 6.801288 7.148762 -15.259484 -13.811250 -13.960364
-0.412539 6.983951 0.000080 0.000653 0.036992 -0.434458 -0.615616 7.016673 7.018872 -12.511255 -13.996728 -13.746640
-0.411955 6.988426 0.000003 0.000121 0.036992 -0.427486 -0.537966 7.082154 7.132152 -12.457644 -13.772130 -13.556877
-0.415264 6.944638 0.000013 0.000743 0.036992 -0.421407 -0.471075 6.937561 7.216336 -10.660967 -13.576295 -13.159922
-0.416414 6.929897 0.000064 0.001135 0.036992 -0.408580 -0.417112 7.152061 7.415987 -9.599575 -13.163056 -12.681389
-0.413824 6.962230 0.000061 0.001799 0.036992 -0.392882 -0.313161 7.089417 7.649663 -10.959379 -12.657319 -12.446608
-0.410678 7.005038 0.000127 0.002555 0.036992 -0.385313 -0.121065 7.070498 7.718163 -12.662957 -12.413452 -12.475461
-0.404914 7.077033 0.000146 0.002541 0.039377 -0.386591 0.467867 7.062724 7.634512 -15.089048 -12.454618 -12.844433
-0.375860 7.407934 0.000130 0.000898 0.039377 -0.400548 0.255712 7.477803 7.405556 -17.817045 -12.904279 -13.642968
-0.379762 7.345215 -0.000013 0.000239 0.039377 -0.425737 0.052488 6.854433 7.014810 -17.978031 -13.715776 -14.316293
-0.407135 7.019452 0.000039 -0.000018 0.039377 -0.444816 0.725741 6.817696 6.681504 -15.775582 -14.330447 -14.514206
-0.416115 6.926497 -0.000027 -0.000971 0.039377 -0.451049 0.791170 6.900372 6.592837 -11.833972 -14.531259 -14.160919
-0.429601 6.784157 -0.000066 -0.000758 0.039377 -0.440511 0.873464 6.902405 6.823189 -8.042105 -14.191739 -13.413730
-0.438435 6.690013 -0.000016 0.000528 0.039377 -0.417321 0.876021 7.001669 7.291440 -7.971896 -13.444647 -12.783616
-0.438116 6.702370 0.000066 0.002335 0.039377 -0.396841 0.793763 6.891494 7.661096 -8.570434 -12.784851 -12.303915
-0.427892 6.821817 0.000173 0.003327 0.046409 -0.380424 0.629902 7.096099 7.907193 -11.978953 -12.255949 -12.285617
-0.412803 6.993819 0.000182 0.003620 0.049058 -0.379660 0.342351 6.933686 7.837547 -16.022685 -12.231349 -12.801646
-0.400675 7.138843 0.000204 0.002770 0.054761 -0.397345 -0.092903 7.006075 7.470783 -17.658878 -12.801085 -13.495034
-0.371376 7.477509 0.000107 -0.000027 0.054761 -0.423831 0.958204 7.474250 7.091049 -17.094245 -13.654385 -14.081568
-0.381308 7.336193 -0.000081 -0.000972 0.054761 -0.441473 0.843679 6.956376 6.846193 -17.393659 -14.222745 -14.587402
-0.418120 6.891747 -0.000021 -0.000181 0.054761 -0.454854 0.866661 6.591734 6.602439 -16.231962 -14.653842 -14.793120
-0.428360 6.783992 0.000005 -0.000720 0.054761 -0.461196 0.988608 6.814218 6.497014 -13.436548 -14.858135 -14.618277
-0.437085 6.717998 -0.000068 -0.000876 0.054761 -0.455976 1.080275 6.752345 6.630434 -10.670190 -14.689966 -14.153372
-0.445055 6.661734 -0.000025 -0.000124 0.054761 -0.441800 1.072620 6.904027 6.948347 -10.048193 -14.233293 -13.703449
-0.449727 6.633749 0.000011 0.001247 0.054761 -0.427695 0.919162 6.745256 7.244616 -11.387980 -13.778874 -13.473249
-0.444677 6.688865 0.000112 0.002203 0.054761 -0.419960 0.619877 6.830980 7.376269 -17.111149 -13.529656 -13.916671
-0.432718 6.802232 0.000123 0.002275 0.054761 -0.434765 0.144140 6.498773 7.038404 -22.004066 -14.006622 -14.907065
-0.422847 6.919236 0.000122 0.000472 0.054761 -0.467787 -0.864697 6.629338 6.400219 -18.065152 -15.070478 -15.296924
-0.414275 7.046642 -0.000048 -0.002562 0.049550 -0.480675 -0.772640 7.145976 6.230352 -11.055000 -15.485685 -14.728862
-0.446234 6.687616 -0.000201 -0.001813 0.054054 -0.464641 -0.712626 6.667889 6.623039 -7.456666 -14.969129 -13.901797
-0.491315 6.139233 -0.000009 0.001918 0.054054 -0.442148 -0.516568 6.304598 7.162949 -12.330658 -14.244488 -13.747653
