0.000000 -0.000547 0.000000 0.000000 0.000000 0.000000 0.000000 0.000000 0.000000 6.833839 0.000000 6.833839
0.000000 -0.000966 0.000000 0.000000 0.000000 0.000000 0.000000 0.000000 0.000000 6.834091 0.000000 6.834091
0.000000 0.004123 0.000000 0.000000 0.000000 0.000000 0.000000 0.000000 0.000000 6.834001 0.000000 6.834001
0.000000 0.093362 0.000000 0.000000 0.000000 0.000000 0.000000 0.000000 0.000000 6.833754 0.000000 6.833754
0.000000 0.306181 0.000000 0.000000 0.000000 0.000000 0.000000 0.000000 0.000000 6.833951 0.000000 6.833951
0.000000 0.547399 0.000000 0.000000 0.000000 0.000000 0.000000 0.000000 0.000000 6.834085 0.000000 6.834085
0.000000 0.678374 0.000000 0.000000 0.000000 0.000000 0.000000 0.000000 0.000000 6.833595 0.000000 6.833595
0.000000 0.653465 0.000000 0.000000 0.000000 0.000000 0.000000 0.000000 0.000000 6.832155 0.000000 6.832155
0.000000 0.624717 0.000000 0.000000 0.000000 0.000000 0.000000 0.000000 0.000000 6.834461 0.000000 6.834461
0.000000 0.672137 0.000000 0.000000 0.000000 0.000000 0.000000 0.000000 0.000000 6.834790 0.000000 6.834790
0.000000 0.735730 0.000000 0.000000 0.000000 0.000000 0.000000 0.000000 0.000000 6.823208 0.000000 6.823208
0.000000 0.810051 0.000000 0.000000 0.000000 0.000000 0.000000 0.000000 0.000000 6.818498 0.000000 6.818498
0.000000 0.893411 0.000000 0.000000 0.000000 0.000000 0.000000 0.000000 0.000000 6.823212 0.000000 6.823212
0.000000 0.970355 0.000000 0.000000 0.000000 0.000000 0.000000 0.000000 0.000000 6.840204 0.000000 6.840204
0.486045 1.040378 0.000000 0.000000 0.000000 0.000000 0.000000 0.000000 0.000000 6.845606 0.000000 6.845606
0.378552 1.106929 0.000000 0.000000 0.000000 0.000000 0.000000 0.000000 0.000000 6.828868 0.000000 6.828868
0.278388 1.185171 0.000000 0.000000 0.000000 0.000000 0.000000 0.000000 0.000000 6.826411 0.000000 6.826411
0.187245 1.275674 0.000000 0.000000 0.000000 0.000000 0.000000 0.000000 0.000000 6.833050 0.000000 6.833050
0.130745 1.371357 0.000000 0.000000 0.000000 0.000000 0.000000 0.000000 0.000000 6.831877 0.000000 6.831877
0.093738 1.478271 0.000000 0.000000 0.000000 0.000000 0.000000 0.000000 0.000000 6.829599 0.000000 6.829599
0.068406 1.596403 0.000000 0.000000 0.000000 0.000000 0.000000 0.000000 0.000000 6.831869 0.000000 6.831869
0.060072 1.720127 0.000000 0.000000 0.000000 0.000000 0.000000 0.000000 0.000000 6.836782 0.000000 6.836782
0.071178 1.849126 0.000000 0.000000 0.000000 0.000000 0.000000 0.000000 0.000000 6.837098 0.000000 6.837098
0.093396 1.981812 0.000000 0.000000 0.000000 0.000000 0.000000 0.000000 0.000000 6.831216 0.000000 6.831216
0.110561 2.111700 0.000000 0.000000 0.000000 0.000000 0.000000 0.000000 0.000000 6.830460 0.000000 6.830460
0.120792 2.233456 0.000000 0.000000 0.000000 0.000000 0.000000 0.000000 0.000000 6.833844 0.000000 6.833844
0.130609 2.350834 0.000000 0.000000 0.000000 0.000000 0.000000 0.000000 0.000000 6.827441 0.000000 6.827441
0.131997 2.461006 0.000000 0.000000 0.000000 0.000000 0.000000 0.000000 0.000000 6.823129 0.000000 6.823129
0.123692 2.559697 0.000000 0.000000 0.000000 0.000000 0.000000 0.000000 0.000000 6.827162 0.000000 6.827162
0.115887 2.654220 0.000000 0.000000 0.000000 0.000000 0.000000 0.000000 0.000000 6.829556 0.000000 6.829556
0.105155 2.748375 0.000000 0.000000 0.000000 0.000000 0.000000 0.000000 0.000000 6.833080 0.000000 6.833080
0.094415 2.850977 0.000000 0.000000 0.000000 0.000000 0.000000 0.000000 0.000000 6.835311 0.000000 6.835311
0.087580 2.951831 0.000000 0.000000 0.000000 0.000000 0.000000 0.000000 0.000000 6.833247 0.000000 6.833247
0.083422 3.052822 0.000000 0.000000 0.000000 0.000000 0.000000 0.000000 0.000000 6.828180 0.000000 6.828180
0.076527 3.155045 0.000000 0.000000 0.000000 0.000000 0.000000 0.000000 0.000000 6.827280 0.000000 6.827280
0.067700 3.250471 0.000000 0.000000 0.000000 0.000000 0.000000 0.000000 0.000000 6.830544 0.000000 6.830544
0.062207 3.350262 0.000000 0.000000 0.000000 0.000000 0.000000 0.000000 0.000000 6.835716 0.000000 6.835716
0.059594 3.466014 0.000000 0.000000 0.000000 0.000000 0.000000 0.000000 0.000000 6.838679 0.000000 6.838679
0.085861 3.691257 0.000000 0.000000 0.000000 0.000000 0.000000 0.000000 0.000000 6.833996 0.000000 6.833996
0.079593 3.773130 0.000000 0.000000 0.000000 0.000000 0.000000 0.000000 0.000000 6.827047 0.000000 6.827047
0.050931 3.760570 0.000000 0.000000 0.000000 0.000000 0.000000 0.000000 0.000000 6.827049 0.000000 6.827049
0.051017 3.872282 0.000000 0.000000 0.000000 0.000000 0.000000 0.000000 0.000000 6.834707 0.000000 6.834707
0.051258 3.982999 0.000000 0.000000 0.000000 0.000000 0.000000 0.000000 0.000000 6.836585 0.000000 6.836585
0.069972 4.178309 0.000000 0.000000 0.000000 0.000000 0.000000 4.178309 4.178309 6.835910 0.000000 6.835910
0.064195 4.268275 0.000000 -0.000459 0.000000 0.297873 0.000000 4.853454 4.700512 6.835531 7.774594 6.835531
0.042880 4.280081 -0.000044 0.002146 0.011748 0.166055 0.000870 3.750883 -1105.657866 6.834349 4.334104 6.834349
0.043664 4.387592 0.000239 -5.664974 0.064245 0.218139 0.567187 5.084664 -994.465614 6.832844 5.693516 6.832844
0.045816 4.500535 -0.000093 -5.098095 0.064245 0.199423 -0.004191 4.118766 -890.407494 6.829439 5.205027 6.829439
0.045364 4.611791 0.000199 -4.567615 0.064245 0.206507 -0.006563 5.128164 -800.783613 6.830258 5.389911 6.830258
0.043446 4.715075 -0.000059 -4.110759 0.064245 0.197514 25.310427 4.492738 -720.125610 6.830822 5.155192 6.830822
0.043415 4.817677 0.000147 -3.699654 0.064245 0.200798 22.768001 5.203425 -647.505483 11.168283 5.240911 11.168283
0.043834 4.924368 -0.000025 -3.329592 0.064245 0.406936 20.486228 5.146120 -581.817500 11.041191 10.621202 11.041191
0.047797 5.043711 0.000113 -2.994970 0.064245 0.353734 18.423154 4.993314 -523.099848 10.930394 9.232595 10.930394
0.073500 5.264335 0.000152 -2.696438 0.064245 0.360951 16.567323 5.608615 -470.135967 10.815458 9.420963 10.815458
0.080435 5.383809 0.000006 -2.426754 0.064245 0.358417 14.899645 5.308655 -422.479298 10.704986 9.354817 10.704986
0.073605 5.436117 0.000115 -2.183811 0.064245 0.357653 13.396107 5.639451 -379.586392 10.617871 9.334879 10.617871
0.084868 5.593443 0.000042 -1.965716 0.064245 0.355186 12.045991 5.652958 -340.972088 10.499229 9.270508 10.499229
0.096042 5.763665 0.000060 -1.769521 0.058131 0.350874 10.827758 5.944478 -306.206267 10.293860 9.157953 10.293860
0.094732 5.905842 0.000001 -1.592824 0.052599 0.340309 9.740407 5.960211 -274.909777 10.200723 8.882201 10.200723
0.090457 6.035229 0.000019 -1.433767 0.047594 0.330711 8.765110 6.194232 -246.716289 10.089613 8.631694 10.089613
0.086604 6.177048 -0.000019 -1.290608 0.043064 0.320568 7.878101 6.272753 -221.317502 9.898347 8.366960 9.898347
0.075252 6.310006 -0.000009 -1.161668 0.038966 0.305377 7.075666 6.454778 -198.439782 9.760660 7.970459 9.760660
0.065890 6.438546 -0.000026 -1.045570 0.035258 0.291723 6.345594 6.559960 -177.817549 9.425719 7.614093 9.425719
0.057127 6.559765 -0.000016 -0.940946 0.031903 0.274140 5.682712 6.695618 -159.243810 9.087822 7.155152 9.087822
0.048226 6.679915 -0.000014 -0.846770 0.028867 0.257965 5.095189 6.812448 -142.506342 8.843279 6.732986 8.843279
0.042488 6.810298 -0.000005 -0.762018 0.026120 0.246943 4.569122 6.967008 -127.416248 8.559131 6.445314 8.559131
0.036309 6.939520 -0.000004 -0.685667 0.023634 0.236277 4.100598 7.076224 -113.821976 8.310147 6.166927 8.310147
0.029911 7.058836 0.000010 -0.616900 0.021385 0.227427 3.681946 7.205829 -101.572992 8.053195 5.935924 8.053195
0.040156 7.283969 0.000018 -0.555537 0.019350 0.218591 3.308639 7.505436 -90.528342 7.750895 5.705324 7.750895
0.036143 7.382720 -0.000022 -0.499676 0.017509 0.211057 2.977909 7.438119 -80.583664 7.428070 5.508672 7.428070
0.023544 7.395631 0.000040 -0.448991 0.015843 0.205326 2.685458 7.505740 -71.641636 7.236337 5.359090 7.236337
0.029880 7.534791 0.000057 -0.404067 0.015206 0.203822 2.428248 7.698966 -63.583059 7.031612 5.319831 7.031612
0.034820 7.663107 0.000037 -0.363596 0.015206 0.203281 2.198682 7.762932 -56.329930 6.844684 5.305714 6.844684
0.036651 7.776124 0.000051 -0.327157 0.015206 0.202276 1.995600 7.902217 -49.803786 6.746308 5.279487 6.746308
0.038677 7.881626 0.000040 -0.294390 0.015206 0.202608 1.811812 7.975276 -43.925123 6.598713 5.288158 6.598713
0.038862 7.972109 0.000046 -0.264851 0.015206 0.201413 1.643567 8.067966 -38.637010 6.530085 5.256949 6.530085
0.039022 8.068276 0.000043 -0.238354 0.015206 0.200930 1.490065 8.164104 -33.870901 6.591323 5.244341 6.509764
0.038754 8.158134 0.000039 -0.214490 0.015206 0.203635 1.340731 8.254483 -29.566873 6.448983 5.314948 6.369253
0.037908 8.234694 0.000038 -0.192915 0.015206 0.201198 1.194103 8.304000 -25.701578 6.266406 5.251354 6.172019
0.038177 8.314391 0.000044 -0.173596 0.015206 0.196695 1.058598 8.398910 -22.223776 6.185638 5.133826 6.036187
0.037172 8.381059 0.000035 -0.156188 0.015206 0.194561 0.937465 8.445743 -19.084328 6.070890 5.078115 5.896862
0.035243 8.438221 0.000040 -0.140458 0.015206 0.192135 0.827394 8.506735 -16.257540 5.951424 5.014789 5.756236
0.031299 8.489481 0.000040 -0.126293 0.013759 0.188974 0.731940 8.545996 -13.712520 6.065793 4.932287 5.771423
0.028590 8.546303 0.000045 -0.113595 0.012449 0.191050 0.642727 8.631646 -11.401540 5.530010 4.986488 5.390857
0.027302 8.605979 0.000040 -0.102106 0.011265 0.177794 0.547212 8.626250 -9.359983 4.831747 4.640493 4.791818
0.026060 8.657767 0.000049 -0.091951 0.013121 0.156059 0.465109 8.697339 -7.543850 4.299224 4.073196 4.240226
0.027168 8.711790 0.000029 -0.082959 0.013121 0.137117 0.381258 8.740320 -5.901316 3.573246 3.578820 3.586078
0.026695 8.757237 0.000019 -0.074808 0.013121 0.114554 0.323154 8.770352 -4.435880 3.133704 2.989898 3.094175
0.024437 8.789689 0.000009 -0.067495 0.013121 0.097600 0.294963 8.815954 -3.102527 2.562563 2.547395 2.563364
0.021214 8.813851 -0.000001 -0.060814 0.013121 0.078691 0.262614 8.813307 -1.909750 1.940024 2.053866 1.985994
0.018643 8.842737 -0.000000 -0.054874 0.013121 0.057195 0.243536 8.857734 -0.843048 1.438954 1.492802 1.466570
0.017468 8.866528 -0.000014 -0.049552 0.013121 0.038335 0.220594 8.869521 0.123867 0.920036 1.000557 0.958565
0.015188 8.873730 -0.000017 -0.044654 0.013121 0.020632 0.207170 8.871052 0.992808 0.700146 0.538509 0.652461
0.012957 8.876576 -0.000018 -0.040234 0.013121 0.011073 0.189256 8.893131 1.793320 0.470674 0.289004 0.410233
0.010854 8.872403 -0.000019 -0.036127 0.013121 0.004230 0.115215 8.869459 2.514867 0.108946 0.110405 0.109935
0.008541 8.855640 -0.000007 -0.032359 0.013121 -0.004853 -0.067184 8.844476 3.148835 -0.321195 -0.126672 -0.249281
0.007188 8.837856 0.000001 -0.029033 0.011873 -0.016175 0.297242 8.817956 3.703133 -0.628626 -0.422166 -0.546495
0.006198 8.814729 0.000004 -0.026086 0.010743 -0.024908 0.201860 8.796648 4.198793 -0.881073 -0.650114 -0.784060
0.005200 8.785894 0.000005 -0.023410 0.009721 -0.031257 0.088412 8.759951 4.640164 -1.142034 -0.815832 -1.003939
0.004089 8.751564 0.000010 -0.020982 0.008796 -0.037312 -0.116418 8.720365 5.026814 -1.512676 -0.973854 -1.288530
0.002863 8.711814 0.000013 -0.018806 0.007959 -0.046368 0.029857 8.664521 5.354862 -1.993290 -1.210211 -1.666113
0.000775 8.666909 0.000016 -0.016903 0.007201 -0.059690 -0.222571 8.610030 5.627277 -2.154566 -1.557922 -1.872516
-0.001272 8.620045 0.000013 -0.015273 0.006516 -0.066833 -0.198906 8.583264 5.881761 -2.271530 -1.744360 -1.999141
-0.002284 8.591577 0.000007 -0.013829 0.005896 -0.071314 -0.185186 8.558649 6.113165 -2.509513 -1.861330 -2.182408
-0.002113 8.583852 0.000002 -0.012609 0.005335 -0.079348 -0.170259 8.555352 6.311571 -2.733349 -2.071010 -2.385980
-0.000720 8.578665 -0.000010 -0.011570 0.004827 -0.088514 -0.130899 8.547590 6.488556 -3.241163 -2.310241 -2.784272
-0.000899 8.560483 -0.000021 -0.010574 0.005519 -0.105219 -0.071585 8.500909 6.625859 -3.689597 -2.746263 -3.205784
-0.001907 8.532840 -0.000025 -0.009732 0.006677 -0.122861 0.015926 8.487563 6.745736 -4.186971 -3.206714 -3.668438
-0.002503 8.500378 -0.000038 -0.008955 0.010211 -0.141355 -0.330509 8.437036 6.847608 -4.864191 -3.689416 -4.256603
-0.004109 8.456336 -0.000041 -0.008210 0.010913 -0.164596 -0.302105 8.383580 6.920284 -5.263080 -4.296033 -4.699177
-0.005495 8.404204 -0.000046 -0.007573 0.012394 -0.181410 -0.323627 8.348102 6.996075 -5.439072 -4.734871 -4.944104
-0.003036 8.371709 -0.000052 -0.007020 0.013907 -0.189310 -0.368870 8.337726 7.080770 -5.730961 -4.941074 -5.197380
-0.005716 8.303979 -0.000058 -0.006242 0.015666 -0.197518 -0.417993 8.217681 7.143790 -5.872876 -5.155291 -5.350742
-0.011577 8.198194 -0.000036 -0.005381 0.015666 -0.202386 -0.467657 8.128732 7.195358 -6.082787 -5.282359 -5.525299
-0.013957 8.102320 -0.000023 -0.004629 0.015666 -0.206908 -0.484305 8.021099 7.225962 -6.020388 -5.400377 -5.506290
-0.017234 7.992380 -0.000008 -0.003911 0.015666 -0.203216 -0.493468 7.922857 7.256057 -5.595302 -5.304026 -5.172382
-0.020852 7.869855 0.000006 -0.003132 0.015666 -0.186261 -0.449729 7.805585 7.295569 -5.109544 -4.861476 -4.704950
-0.023051 7.752173 0.000032 -0.002330 0.015666 -0.164025 -0.332737 7.690820 7.322606 -4.798520 -4.281128 -4.329619
-0.024416 7.633212 0.000054 -0.001585 0.015666 -0.145747 -0.092441 7.548282 7.314823 -4.617779 -3.804056 -4.071309
-0.026043 7.518234 0.000077 -0.001038 0.020773 -0.133102 0.748745 7.433105 7.274074 -3.979886 -3.474020 -3.494975
-0.023658 7.421480 0.000084 -0.000752 0.022720 -0.108154 0.528825 7.374203 7.250836 -3.490438 -2.822863 -2.966805
-0.019887 7.328841 0.000082 -0.000398 0.022720 -0.084724 0.217811 7.242434 7.208519 -3.015624 -2.211328 -2.454158
-0.017531 7.240856 0.000096 -0.000165 0.025897 -0.063311 -0.336462 7.179211 7.151370 -2.430099 -1.652439 -1.862905
-0.012041 7.174585 0.000088 -0.000118 0.025897 -0.040293 0.072302 7.112501 7.095308 -2.221557 -1.051675 -1.559533
-0.004942 7.119325 0.000082 -0.000123 0.025897 -0.028887 -1.346815 7.036955 7.009881 -2.032505 -0.753956 -1.322850
0.001848 7.057573 0.000071 -0.000243 0.025897 -0.020885 -1.181628 6.978079 6.918663 -1.758892 -0.545117 -1.035838
0.013640 7.041514 0.000054 -0.000627 0.025897 -0.010564 -1.080415 7.001137 6.839824 -1.298987 -0.275731 -0.590691
0.013175 6.959881 0.000018 -0.000613 0.025897 0.003861 -1.036486 6.850054 6.775009 -0.844798 0.100782 -0.136349
0.004139 6.833924 0.000036 -0.000301 0.025897 0.016834 -0.998498 6.750030 6.709911 -0.492751 0.439367 0.224517
0.003478 6.770678 0.000041 -0.000310 0.025897 0.025667 -0.953975 6.717217 6.646008 -0.135959 0.669915 0.569245
0.003761 6.712920 0.000027 -0.000341 0.025897 0.034643 -0.890091 6.648981 6.592199 0.146114 0.904185 0.848019
0.004281 6.664827 0.000026 -0.000371 0.025897 0.041555 -0.820134 6.620592 6.542549 0.607318 1.084604 1.266171
0.005869 6.622595 0.000016 -0.000409 0.025897 0.054757 -0.735192 6.588365 6.514721 1.068642 1.429167 1.700615
0.008878 6.584721 0.000014 -0.000357 0.023432 0.069942 -0.592595 6.554739 6.494655 1.368530 1.825510 2.001923
0.011722 6.548279 0.000014 -0.000274 0.021202 0.080604 -0.405162 6.508803 6.465709 1.710417 2.103796 2.326408
0.015629 6.508734 0.000016 -0.000220 0.019185 0.093000 -0.169389 6.479145 6.440479 1.981437 2.427327 2.593806
0.020173 6.477226 0.000014 -0.000188 0.017359 0.104158 0.272195 6.442215 6.410678 2.271159 2.718577 2.875790
0.022441 6.450943 0.000014 -0.000205 0.015707 0.114747 0.082742 6.424336 6.381115 2.606107 2.994940 3.196279
0.025217 6.425011 0.000008 -0.000224 0.014212 0.126018 -0.360522 6.396359 6.356313 2.798361 3.289123 3.390458
0.030217 6.409628 0.000007 -0.000272 0.012860 0.132639 -0.244355 6.383399 6.324800 2.860761 3.461919 3.459762
0.032589 6.393725 0.000000 -0.000352 0.011636 0.133884 -0.192636 6.356854 6.286561 2.947668 3.494435 3.541233
0.030287 6.363111 -0.000005 -0.000391 0.010529 0.134113 -0.277266 6.327069 6.253167 3.162225 3.500408 3.732777
0.028997 6.336629 -0.000007 -0.000426 0.009527 0.138412 -0.350853 6.318888 6.236124 3.311122 3.612606 3.867046
0.027323 6.321964 -0.000011 -0.000438 0.008620 0.140738 -0.386070 6.301791 6.222074 3.456001 3.673308 3.991682
0.023568 6.300459 -0.000012 -0.000400 0.007800 0.141874 -0.409630 6.283080 6.213598 3.528820 3.702972 4.045158
0.020269 6.275634 -0.000010 -0.000317 0.007058 0.141371 -0.409428 6.256603 6.206728 3.631613 3.689837 4.120477
0.018955 6.263122 -0.000005 -0.000288 0.006386 0.142737 -0.409649 6.263965 6.207996 3.895178 3.725480 4.341692
0.019894 6.252430 -0.000008 -0.000227 0.005778 0.151530 -0.391327 6.255942 6.225179 4.050599 3.954984 4.474691
0.032809 6.324864 -0.000002 -0.000509 0.005228 0.158007 -0.361510 6.387181 6.242326 4.265507 4.124041 4.660640
0.034895 6.330872 -0.000035 -0.000452 0.009422 0.166060 -0.331024 6.296445 6.261801 4.473642 4.334234 4.843409
0.029624 6.283376 -0.000004 -0.000110 0.009422 0.174393 -0.276318 6.283386 6.274425 5.761449 4.551723 6.011883
0.034101 6.319923 0.000002 -0.000232 0.009422 0.221658 -0.234110 6.439973 6.369795 5.900877 5.785360 6.180161
0.036662 6.354733 -0.000016 0.000077 0.009422 0.226667 -0.248122 6.295213 6.376961 6.324667 5.916093 6.558046
0.041756 6.399477 0.000027 -0.000115 0.009422 0.240100 -0.273681 6.513562 6.409886 6.724595 6.266702 6.922767
0.044118 6.455173 -0.000026 -0.000231 0.009422 0.252519 -0.248844 6.442838 6.448791 7.162428 6.590855 7.318031
0.046790 6.504393 0.000005 -0.000284 0.009422 0.264658 -0.176914 6.596547 6.497262 7.300671 6.907668 7.440209
0.049283 6.548932 -0.000025 -0.000264 0.009422 0.268273 0.004593 6.540344 6.531934 7.325945 7.002040 7.447567
0.048036 6.594353 0.000000 -0.000319 0.009422 0.266741 -1.998832 6.661877 6.562493 7.506680 6.962035 7.581697
0.065508 6.764532 -0.000026 -0.001031 0.009422 0.269424 -1.797069 6.887546 6.623586 7.833824 7.032063 7.848184
0.062313 6.779484 -0.000074 -0.000796 0.019768 0.279106 -1.614986 6.753228 6.699368 8.392534 7.284783 8.329452
0.047442 6.701830 -0.000014 -0.000013 0.019768 0.299217 -1.421971 6.743877 6.782779 8.594209 7.809669 8.523319
0.052421 6.771729 0.000012 0.000056 0.019768 0.308310 -1.221023 6.852910 6.840574 8.703264 8.047013 8.615608
0.055220 6.840397 -0.000002 0.000001 0.019768 0.312463 -1.047069 6.879654 6.889824 8.832826 8.155408 8.715123
0.058466 6.907646 0.000004 -0.000091 0.019768 0.316389 -0.900038 6.980896 6.942463 8.802506 8.257872 8.677509
0.060658 6.975761 -0.000010 -0.000170 0.019768 0.315016 -0.793893 7.012542 6.986682 8.900400 8.222040 8.735073
0.060342 7.042452 -0.000007 -0.000285 0.019768 0.316224 -0.739599 7.117308 7.043187 9.052510 8.253580 8.843404
0.060242 7.109112 -0.000021 -0.000336 0.019768 0.318931 -0.691956 7.162534 7.109759 9.065060 8.324236 8.837654
0.060990 7.181675 -0.000015 -0.000367 0.019768 0.317576 -0.644164 7.252606 7.172568 9.127814 8.288847 8.858669
0.062175 7.268111 -0.000022 -0.000488 0.019768 0.317376 -0.607399 7.343501 7.245108 9.336400 8.283636 9.000578
0.063754 7.359793 -0.000028 -0.000585 0.019768 0.321791 -0.552312 7.451862 7.335613 9.564822 8.398870 9.172931
0.063675 7.439962 -0.000033 -0.000533 0.017887 0.327951 -0.436137 7.517976 7.433581 9.644197 8.559651 9.231930
0.061893 7.529132 -0.000024 -0.000488 0.016184 0.329166 -0.256511 7.619480 7.524559 9.476462 8.591371 9.074755
0.061605 7.643282 -0.000027 -0.000606 0.014644 0.320431 0.008585 7.728772 7.602879 9.216509 8.363367 8.798986
0.074762 7.873216 -0.000036 -0.001380 0.013251 0.307892 -5.515087 8.052821 7.693963 8.983553 8.036100 8.522901
0.067230 7.924146 -0.000103 -0.001175 0.027689 0.295252 -4.957574 7.892337 7.788111 8.886651 7.706192 8.344944
0.048443 7.879143 -0.000031 -0.000465 0.027689 0.288511 -4.455405 7.957211 7.885837 8.855149 7.530263 8.245618
0.048534 7.996007 -0.000021 -0.000562 0.027689 0.284417 -4.004988 8.126510 7.996320 8.732288 7.423390 8.093006
0.049626 8.116293 -0.000038 -0.000612 0.027689 0.278851 -3.597709 8.206385 8.106583 8.480082 7.278119 7.838830
0.050353 8.221449 -0.000030 -0.000586 0.027689 0.270177 -3.233542 8.323737 8.208307 8.022516 7.051715 7.421237
0.050826 8.317862 -0.000034 -0.000559 0.027689 0.256182 -2.913379 8.386045 8.292146 7.703771 6.686440 7.071107
0.049642 8.404149 -0.000028 -0.000572 0.027689 0.244988 -2.644216 8.495009 8.379722 7.784367 6.394290 7.019914
0.049250 8.483435 -0.000034 -0.000529 0.027689 0.245680 -2.407690 8.578537 8.494454 7.673789 6.412343 6.919576
0.048508 8.563716 -0.000025 -0.000353 0.027689 0.244793 -2.189470 8.646563 8.596083 7.772905 6.389203 6.955637
0.055159 8.723437 -0.000016 -0.000650 0.027689 0.247742 -1.983653 8.888818 8.712700 7.646295 6.466177 6.868415
0.050506 8.766528 -0.000051 -0.000275 0.027689 0.245877 -1.773240 8.757292 8.806680 7.221114 6.417481 6.549287
0.037612 8.733434 0.000013 0.000374 0.025054 0.235310 -1.577090 8.774681 8.859688 7.077533 6.141690 6.354608
0.052202 8.955220 0.000023 -0.000488 0.022670 0.228357 -1.402378 9.169910 8.939500 6.920658 5.960216 6.179096
0.047791 8.988397 -0.000067 -0.000250 0.020513 0.223036 -1.241037 8.915292 9.016495 6.657327 5.821320 5.949006
0.029269 8.886056 0.000028 0.000666 0.018561 0.216401 -1.103199 8.925431 9.066214 6.488854 5.648160 5.772785
0.031608 8.972460 0.000039 0.000478 0.016794 0.211224 -0.984727 9.073197 9.119954 6.381366 5.513027 5.649393
0.033411 9.047818 0.000013 0.000368 0.015196 0.208371 -0.883990 9.092706 9.177931 6.397333 5.438576 5.625886
0.032039 9.098375 0.000024 0.000406 0.013750 0.209312 -0.796701 9.174889 9.241954 6.451127 5.463121 5.659963
0.031727 9.158869 0.000019 0.000424 0.012442 0.211868 -0.711300 9.220227 9.307820 6.386717 5.529844 5.635163
0.032303 9.219217 0.000025 0.000452 0.011258 0.211977 -0.621841 9.282739 9.363290 6.004757 5.532679 5.393363
0.034273 9.288865 0.000023 0.000380 0.010186 0.203545 -0.539058 9.329207 9.391289 5.605788 5.312610 5.069133
0.034921 9.344771 0.000018 0.000237 0.009217 0.191797 -0.481815 9.379232 9.408647 5.455724 5.005980 4.870545
0.032744 9.384080 0.000009 0.000125 0.008340 0.184720 -0.448831 9.421722 9.439955 5.541540 4.821253 4.857856
0.030513 9.425731 0.000005 0.000073 0.007546 0.184122 -0.426376 9.483013 9.492608 5.731089 4.805645 4.965231
0.028977 9.461437 0.000003 0.000159 0.006828 0.188506 -0.389283 9.513654 9.558969 5.793776 4.920092 5.040780
0.026468 9.485325 0.000013 0.000376 0.006178 0.192085 -0.336848 9.528254 9.617196 5.931904 5.013497 5.155344
0.023695 9.502898 0.000026 0.000583 0.006891 0.197329 -0.272047 9.551564 9.674716 5.777173 5.150367 5.110847
0.021273 9.526377 0.000036 0.000757 0.009546 0.196297 -0.183523 9.553285 9.706940 5.718884 5.123436 5.067113
0.019704 9.554364 0.000044 0.000779 0.011926 0.194938 -0.039694 9.599930 9.736385 5.706187 5.087958 5.047830
0.019974 9.580480 0.000040 0.000796 0.011926 0.195028 0.811390 9.611333 9.767208 5.463249 5.090311 4.906955
0.021307 9.609889 0.000045 0.000803 0.012176 0.191272 0.697083 9.636733 9.779475 5.408375 4.992278 4.843147
0.022176 9.637462 0.000042 0.000725 0.012176 0.190543 0.608710 9.669284 9.796512 5.414950 4.973245 4.846312
0.020968 9.662842 0.000037 0.000682 0.012176 0.191613 0.550973 9.690850 9.816306 5.745923 5.001180 5.058252
0.018140 9.687180 0.000037 0.000659 0.012176 0.199308 0.512702 9.740156 9.859305 6.018577 5.202006 5.298314
0.016673 9.714158 0.000035 0.000741 0.012176 0.207630 0.460137 9.754663 9.906095 5.804244 5.419219 5.259953
0.016723 9.751137 0.000044 0.000791 0.012176 0.205348 0.399166 9.777222 9.919505 5.635206 5.359654 5.144541
0.017326 9.791874 0.000042 0.000651 0.012176 0.200256 0.356945 9.824283 9.927429 5.460388 5.226757 4.997684
0.017317 9.822494 0.000031 0.000536 0.012176 0.194364 0.341997 9.838604 9.934475 5.652272 5.072986 5.053768
0.017878 9.845641 0.000029 0.000453 0.012176 0.197067 0.353914 9.894761 9.969082 6.045645 5.143519 5.310699
0.034416 10.038371 0.000023 -0.000354 0.012176 0.208251 0.346217 10.220986 10.043738 6.272854 5.435441 5.557570
0.030388 10.035608 -0.000049 0.000041 0.013252 0.218146 0.317521 9.950175 10.105794 6.566195 5.693685 5.830036
0.014931 9.901884 0.000045 0.001041 0.013252 0.228990 0.247026 9.928754 10.150906 6.518414 5.976718 5.918156
0.019132 9.955356 0.000065 0.000998 0.017361 0.233008 0.139782 10.017305 10.172019 6.373440 6.081594 5.883673
0.023308 10.003662 0.000045 0.000859 0.017361 0.232623 -0.002601 10.014658 -264.368589 6.481243 6.071550 5.950062
0.025239 10.041529 0.000048 -1.400417 0.017361 0.235404 0.137508 10.093784 -236.896820 6.666399 6.144145 6.092330
0.025700 10.078412 0.000030 -1.260406 0.017361 0.240828 0.142447 10.105323 -212.160088 6.379073 6.285706 5.993705
0.025638 10.112919 0.000035 -1.134342 0.017361 0.235859 0.156094 10.126005 -189.925778 5.970219 6.156015 5.720525
0.024733 10.154744 0.000028 -1.021085 0.017361 0.223240 0.293583 10.163787 -169.931674 6.323745 5.826640 5.794970
0.023004 10.190620 0.000011 -0.919231 0.017361 0.223908 0.391407 10.249407 -151.882125 6.769040 5.844078 6.052660
0.029280 10.297695 -0.000003 -0.827664 0.017361 0.232546 0.409383 10.405768 -135.594701 6.860607 6.069542 6.193776
0.025396 10.308659 -0.000026 -0.744599 0.017361 0.237231 0.373383 10.290361 -120.944976 7.256158 6.191825 6.461251
0.016079 10.260336 0.000024 -0.669589 0.017361 0.246935 0.286133 10.316222 -107.744540 6.944031 6.445099 6.390550
0.016878 10.313562 0.000036 -0.602494 0.017361 0.243764 0.127360 10.348892 -95.901272 6.583695 6.362335 6.158299
0.018376 10.372124 0.000034 -0.542353 0.015709 0.234281 -0.066957 10.407328 -85.257314 6.730671 6.114825 6.135756
0.021231 10.423796 0.000019 -0.488296 0.014214 0.234089 0.097711 10.483204 -75.642969 6.935938 6.109808 6.244248
0.024155 10.472440 0.000009 -0.439479 0.012861 0.240145 0.074793 10.525850 -66.969406 7.272846 6.267872 6.493134
0.025366 10.520178 0.000014 -0.395458 0.011637 0.251400 0.051620 10.591088 -59.144999 7.529617 6.561644 6.756131
0.026681 10.569227 0.000015 -0.355778 0.010530 0.262225 -0.076094 10.624409 -52.100906 7.558758 6.844166 6.892556
0.031618 10.640207 0.000024 -0.320191 0.009528 0.268132 0.091191 10.706493 -45.773146 7.296392 6.998349 6.819841
0.049407 10.864141 0.000014 -0.289041 0.008621 0.265866 -0.004720 11.012634 -39.956407 7.434636 6.939199 6.875378
0.046997 10.871454 -0.000064 -0.259393 0.017086 0.268105 -0.004709 10.795705 -31.344266 7.838965 6.997654 7.122338
0.032494 10.745904 0.000011 -0.214802 0.017086 0.277694 -0.006566 10.769225 -27.072087 7.788333 7.247925 7.205882
0.033018 10.804669 0.000034 -0.193299 0.017086 0.279149 2.960203 10.873596 -23.243840 7.714311 7.285911 7.186311
0.033927 10.869870 0.000014 -0.174095 0.017086 0.276707 2.657294 10.899052 -19.800307 7.466738 7.222173 7.030059
0.034140 10.928679 0.000014 -0.156821 0.017086 0.269020 2.385128 10.970742 -16.709048 7.660721 7.021535 7.046264
0.034468 10.995165 -0.000002 -0.141385 0.017086 0.268201 2.145134 11.062690 -13.890639 8.103475 7.000164 7.266597
0.035273 11.063054 -0.000013 -0.127348 0.017086 0.275863 1.925402 11.146177 -11.312439 7.557976 7.200125 7.065834
0.035093 11.121395 -0.000012 -0.114488 0.017086 0.267144 1.723378 11.128435 -9.042190 7.029985 6.972564 6.689134
0.035661 11.185497 0.000001 -0.103229 0.017086 0.251623 1.550229 11.235458 -7.015110 7.064972 6.567466 6.524195
0.037535 11.245271 -0.000027 -0.093190 0.017086 0.245433 1.405632 11.290472 -5.151722 7.035983 6.405888 6.432735
0.037848 11.293625 -0.000029 -0.083927 0.017086 0.242994 1.285194 11.343452 -3.459883 7.530420 6.342247 6.653145
0.036944 11.341410 -0.000028 -0.075536 0.015460 0.252269 1.181188 11.428979 -1.890551 7.962067 6.584328 6.976842
0.036117 11.384228 -0.000024 -0.067746 0.013989 0.265392 1.069647 11.451861 -0.459639 7.847920 6.926829 7.069455
0.036106 11.433133 -0.000000 -0.060693 0.012658 0.269322 0.953085 11.487302 0.798789 7.602737 7.029415 6.989932
0.053324 11.685253 0.000009 -0.055558 0.011453 0.266304 0.842896 11.886657 1.930478 7.386733 6.950631 6.844115
0.050512 11.699969 -0.000088 -0.049857 0.023657 0.261056 0.751260 11.583359 2.940167 7.461530 6.813675 6.818128
0.033257 11.549144 0.000011 -0.043935 0.023657 0.260265 0.658610 11.570410 3.849703 4.988916 6.793013 5.577202
0.033612 11.615602 0.000027 -0.039632 0.023657 0.210181 0.579722 11.516313 4.490850 5.649591 5.485814 5.301837
0.035810 11.716887 0.000002 -0.036877 0.023657 0.198371 0.509861 11.889643 5.225749 5.682015 5.177563 5.169877
0.033853 11.765811 -0.000095 -0.033376 0.025671 0.192014 0.447387 11.704616 5.917627 5.769185 5.011643 5.128014
0.032300 11.802210 -0.000026 -0.030031 0.025671 0.190042 0.337909 11.937157 6.562958 5.524245 4.960171 4.976891
0.032940 11.872494 -0.000071 -0.027097 0.025671 0.184346 0.160188 11.863112 7.136259 5.111084 4.811510 4.699449
0.029702 11.913013 -0.000033 -0.024378 0.025671 0.173188 -0.211370 11.975425 7.636425 4.567903 4.520269 4.292458
0.025807 11.934722 -0.000054 -0.021936 0.025671 0.156449 0.096704 11.905735 8.069831 3.716265 4.083390 3.668244
0.022587 11.949944 -0.000029 -0.019802 0.025671 0.132075 -0.432036 11.957749 8.430280 3.221700 3.447207 3.119190
0.019540 11.967681 -0.000048 -0.018053 0.025671 0.111064 -0.333837 11.958697 8.767091 3.308441 2.898819 2.887132
0.016072 11.966502 -0.000048 -0.016328 0.025671 0.103082 -0.265529 12.003498 9.117784 3.304221 2.690471 2.775657
0.012140 11.953913 -0.000047 -0.014474 0.025671 0.100531 -0.151411 11.960322 9.447474 2.837648 2.623903 2.516847
0.007451 11.941104 -0.000019 -0.012726 0.025671 0.091675 0.094887 11.941777 9.712884 2.250661 2.392747 2.123996
0.004383 11.932476 -0.000008 -0.011327 0.025671 0.077336 -0.286137 11.914368 9.924176 1.668732 2.018511 1.665434
0.003442 11.932010 -0.000002 -0.010247 0.023228 0.060849 -0.177513 11.919863 10.098700 1.694813 1.588171 1.465151
0.002432 11.919590 -0.000011 -0.009293 0.021018 0.055130 -0.144387 11.927378 10.288795 1.793440 1.438921 1.437573
0.001148 11.911138 -0.000010 -0.008279 0.019018 0.056334 -0.112254 11.924762 10.477645 1.783266 1.470344 1.449637
0.054384 12.591974 -0.000001 -0.010790 0.017208 0.057865 -0.046268 13.149237 10.712571 1.714363 1.510306 1.439791
0.042078 12.428450 -0.000325 -0.008757 0.087315 0.058652 0.321445 11.867140 10.899478 1.361076 1.530847 1.289248
-0.014132 11.720345 0.000056 -0.004189 0.087315 0.054057 -0.472482 11.590164 10.968819 1.409031 1.410915 1.261541
-0.006898 11.778113 0.000122 -0.004130 0.087315 0.054652 0.040157 11.928330 11.049607 1.625444 1.426442 1.379594
0.002700 11.872465 0.000019 -0.004199 0.087315 0.062092 -4.841461 11.842714 11.146833 1.803854 1.620624 1.568607
0.003494 11.861338 0.000045 -0.003646 0.087315 0.070324 -4.314952 11.889994 11.232040 1.966080 1.835477 1.761202
-0.001616 11.774271 0.000031 -0.002767 0.087315 0.078500 -3.825112 11.691498 11.296068 1.914258 2.048881 1.852796
0.002343 11.798488 0.000084 -0.002564 0.087315 0.082324 -3.371910 11.873972 11.336203 1.933362 2.148682 1.923847
0.003391 11.796540 0.000024 -0.002349 0.087315 0.084751 -2.956348 11.718429 11.366072 13.980188 2.212035 7.660703
0.002321 11.779835 0.000060 -0.002112 0.087315 0.314523 -2.575944 12.712455 12.290943 8.322621 8.209162 7.889045
0.003171 11.791533 0.000024 0.002549 0.087315 0.321518 -2.187357 11.063313 12.249520 8.335761 8.391740 8.006782
0.010957 11.875178 0.000469 0.001910 0.126161 0.324231 -1.863728 12.520467 12.207883 8.524664 8.462561 8.151788
0.020736 11.970456 0.000030 0.001212 0.126161 0.328940 -1.429995 11.535109 12.188803 8.714238 8.585468 8.321090
0.023776 11.991304 0.000294 0.001008 0.126161 0.335143 -1.009543 12.365927 12.178720 9.002262 8.747358 8.555430
0.027204 12.030942 0.000045 0.000754 0.126161 0.343484 -0.545158 11.782090 12.183079 9.289522 8.965057 8.815288
0.034068 12.099659 0.000203 0.000426 0.126161 0.352689 0.201788 12.378073 12.199096 8.382474 9.205320 8.517316
0.040162 12.169750 0.000030 0.000150 0.126161 0.340491 -1.343900 11.941316 12.134387 8.676297 8.886938 8.522865
0.044580 12.224669 0.000128 -0.000461 0.126161 0.339293 -1.217615 12.435538 12.127601 10.557051 8.855683 9.418412
0.051245 12.270118 -0.000022 -0.000727 0.126161 0.375176 -1.265196 12.265513 12.269583 10.728385 9.792250 9.962992
0.051180 12.284268 0.000061 -0.000075 0.126161 0.396985 -1.358405 12.369552 12.341332 11.133651 10.361463 10.445931
0.047961 12.285850 0.000046 0.000283 0.126161 0.413099 -1.514478 12.276861 12.393756 11.143481 10.782038 10.667391
0.049813 12.295290 0.000082 0.000503 0.126161 0.419904 -1.543156 12.337169 12.411045 10.160712 10.959654 10.298666
0.051800 12.302065 0.000065 0.000556 0.114155 0.404885 -1.615415 12.214000 12.340166 10.164242 10.567663 10.126524
0.051548 12.303890 0.000076 0.000185 0.103292 0.397768 -1.767609 12.345515 12.306252 11.097985 10.381893 10.494726
0.052708 12.302820 0.000025 0.000018 0.093462 0.412187 -1.867886 12.322425 12.359669 11.060945 10.758235 10.668639
0.055195 12.312920 0.000044 0.000239 0.084568 0.419902 -1.853726 12.328042 12.377720 10.317584 10.959604 10.423113
0.055622 12.315611 0.000044 0.000317 0.076521 0.409971 -1.840405 12.257466 12.323309 10.593366 10.700416 10.445010
0.060087 12.317278 0.000046 0.000031 0.069239 0.411395 -1.827014 12.357091 12.314670 10.207427 10.737579 10.291300
0.066660 12.332413 0.000012 -0.000091 0.062650 0.408028 -1.808625 12.272869 12.276643 10.757667 10.649695 10.532663
0.068533 12.318833 0.000023 -0.000215 0.056688 0.419484 -1.811385 12.363710 12.288968 11.476884 10.948689 11.040687
0.067452 12.277837 -0.000001 0.000057 0.051293 0.440142 -1.751122 12.248792 12.327509 10.831634 11.487878 11.000786
0.070905 12.312785 0.000041 0.000075 0.046412 0.437222 -1.657760 12.314711 12.276769 10.725649 11.411674 10.933315
0.069432 12.257138 0.000006 0.000100 0.041995 0.432807 -1.561651 12.159576 12.223302 10.391257 11.296425 10.734107
0.063801 12.133731 0.000033 0.000457 0.037999 0.424490 -1.475173 12.045100 12.146390 11.134158 11.079367 11.013307
0.063728 12.092312 0.000042 0.000276 0.034383 0.435558 -1.410711 12.134196 12.145095 11.906552 11.368247 11.542593
0.063390 12.055704 0.000015 0.000456 0.031111 0.456500 -1.315501 12.033324 12.176570 12.023202 11.914836 11.869344
0.063110 12.027855 0.000052 0.000759 0.028150 0.468474 -1.197489 12.031615 12.169834 11.759722 12.227357 11.900060
0.065368 12.028468 0.000050 0.000721 0.025471 0.468462 -1.065142 11.990842 12.120589 11.073341 12.227031 11.576292
0.068923 12.030642 0.000047 0.000459 0.023048 0.454550 -0.960885 11.975868 12.024981 11.475991 11.863943 11.623973
0.074159 12.031154 0.000023 -0.000032 0.020854 0.456988 -0.890057 12.046258 11.996473 11.811193 11.927562 11.834472
0.078343 12.025889 -0.000006 -0.000150 0.018870 0.466723 -0.831811 12.000857 11.990678 11.776091 12.181660 11.948045
0.079961 12.010017 0.000004 -0.000099 0.017074 0.471423 -0.785162 11.986898 11.962164 11.919169 12.304315 12.092093
0.082204 11.990562 -0.000001 -0.000145 0.015449 0.476588 -0.741507 11.964579 11.936089 11.316985 12.439125 11.864955
0.084068 11.963091 -0.000002 -0.000138 0.013979 0.467191 -0.706556 11.877656 11.854544 11.057828 12.193866 11.639991
0.083095 11.923461 -0.000001 -0.000352 0.012649 0.457042 -0.702300 11.874817 11.776148 11.855786 11.928989 11.941579
0.079153 11.859900 -0.000023 -0.000427 0.011445 0.466943 -0.693417 11.842470 11.779027 12.450333 12.187386 12.370375
0.076121 11.800047 -0.000014 -0.000107 0.010356 0.481754 -0.652486 11.785849 11.800870 12.188657 12.573980 12.417898
0.074811 11.755503 0.000008 0.000232 0.009370 0.482074 -0.592375 11.702298 11.767405 12.027357 12.582323 12.347019
0.074441 11.720951 0.000022 0.000237 0.008479 0.478167 -0.542721 11.694209 11.721096 12.621151 12.480335 12.612550
0.074320 11.681142 0.000011 0.000204 0.007672 0.488583 -0.499079 11.681260 11.727672 13.118666 12.752205 12.994057
0.073095 11.642013 0.000016 0.000437 0.006942 0.503832 -0.449943 11.638127 11.746618 13.204382 13.150206 13.219767
0.070813 11.616231 0.000034 0.000665 0.009043 0.511608 -0.396429 11.602782 11.737647 13.197358 13.353181 13.311342
0.072095 11.608083 0.000041 0.000661 0.011041 0.513698 -0.337463 11.600626 11.712992 13.008479 13.407717 13.242323
0.078200 11.611410 0.000035 0.000518 0.011041 0.511905 -0.285568 11.590064 11.672861 12.902672 13.360912 13.172768
0.083992 11.616552 0.000026 0.000287 0.011041 0.511820 -0.297945 11.603339 11.632828 13.417721 13.358715 13.449583
0.088065 11.615552 0.000011 0.000088 0.011041 0.524927 -0.356851 11.629752 11.635530 13.529754 13.700807 13.666688
0.089744 11.606607 0.000004 0.000148 0.011041 0.534254 -0.393835 11.575249 11.619796 13.444682 13.944239 13.739003
0.090932 11.599649 0.000015 0.000103 0.011041 0.535857 -0.422393 11.581665 11.580277 12.949082 13.986070 13.507461
0.091076 11.589033 0.000001 -0.000045 0.011041 0.524772 -0.444967 11.517076 11.503301 13.183298 13.696749 13.517053
0.090251 11.575009 -0.000002 -0.000366 0.011041 0.522417 -0.483474 11.582809 11.471924 14.080449 13.635292 13.969891
0.089832 11.562954 -0.000030 -0.000465 0.011041 0.538359 -0.480682 11.580490 11.514447 14.217176 14.051395 14.222584
0.090256 11.591742 -0.000018 -0.000394 0.011041 0.545840 -0.435561 11.613190 11.534623 14.667783 14.246639 14.544205
0.085964 11.576623 -0.000021 -0.000214 0.011041 0.555057 -0.347247 11.578987 11.570440 15.064620 14.487212 14.852651
0.082377 11.538564 -0.000002 0.000163 0.009990 0.564670 -0.179057 11.549574 11.610601 14.168792 14.738122 14.484466
0.084376 11.555223 0.000018 0.000283 0.009040 0.549485 0.143016 11.516999 11.562321 13.220192 14.341778 13.810217
0.085419 11.576270 0.000014 -0.000071 0.008179 0.522753 -0.092360 11.539483 11.479513 13.344858 13.644065 13.569344
0.086081 11.594720 -0.000016 -0.000588 0.007401 0.513174 0.032082 11.616446 11.468570 13.529182 13.394056 13.550604
0.086389 11.611634 -0.000042 -0.000730 0.011214 0.512622 -0.016150 11.617929 11.493021 13.422814 13.379629 13.480574
0.086182 11.624988 -0.000035 -0.000673 0.011214 0.509831 -0.374973 11.633878 11.509460 13.410442 13.306779 13.434545
0.086897 11.639458 -0.000035 -0.000663 0.011214 0.508149 -0.374021 11.651705 11.530243 13.560680 13.262895 13.486050
0.088475 11.652744 -0.000035 -0.000625 0.011214 0.511112 -0.381393 11.675931 11.564849 13.885676 13.340218 13.682288
0.093171 11.719766 -0.000032 -0.000791 0.011214 0.520043 -0.378596 11.795784 11.621291 14.377623 13.573327 14.034412
0.089507 11.699409 -0.000050 -0.000399 0.013505 0.534030 -0.338217 11.682691 11.689485 14.352722 13.938401 14.174143
0.080825 11.620589 0.000001 0.000352 0.013505 0.538662 -0.229958 11.602012 11.713701 14.222241 14.059301 14.153069
0.080545 11.624317 0.000031 0.000456 0.013505 0.537075 -0.050433 11.654394 11.716995 13.987711 14.017882 14.006807
0.081249 11.634393 0.000018 0.000422 0.013505 0.531806 0.652929 11.616128 11.706470 14.561424 13.880350 14.239465
0.081385 11.649498 0.000026 0.000291 0.013505 0.541681 0.551149 11.727326 11.751904 15.762617 14.138080 14.969886
0.083807 11.675076 0.000007 0.000392 0.013505 0.571837 0.421304 11.755238 11.866184 15.546644 14.925172 15.196401
0.086204 11.718441 0.000032 0.000754 0.013505 0.581927 0.226906 11.735660 11.898067 15.312115 15.188526 15.188533
0.088064 11.775082 0.000047 0.000628 0.013505 0.580993 -0.061059 11.815898 11.895047 15.237043 15.164146 15.137927
0.090841 11.820129 0.000023 0.000382 0.013505 0.578080 0.850100 11.828986 11.893028 14.442374 15.088116 14.691630
0.094125 11.850608 0.000019 0.000216 0.013505 0.560839 0.723960 11.819427 11.840307 14.102421 14.638116 14.317461
0.094647 11.870503 0.000006 -0.000154 0.013505 0.546904 0.650896 11.871147 11.803109 14.062126 14.274416 14.136212
0.090320 11.874592 -0.000019 -0.000365 0.012220 0.538498 0.625383 11.861411 11.794319 14.213204 14.055004 14.113925
0.087657 11.872527 -0.000019 -0.000399 0.011057 0.535343 0.608542 11.893298 11.814017 13.638003 13.972670 13.775997
0.087660 11.884839 -0.000022 -0.000361 0.010005 0.521550 0.582129 11.852947 11.795974 13.351264 13.612662 13.462895
0.085562 11.893270 -0.000016 -0.000497 0.009053 0.508786 0.572071 11.905903 11.786079 13.821610 13.279527 13.547330
0.083023 11.888949 -0.000034 -0.000525 0.009209 0.511843 0.551709 11.916083 11.837063 13.805699 13.359299 13.565590
0.081764 11.893577 -0.000023 -0.000288 0.009209 0.512825 0.512948 11.909086 11.876228 13.608303 13.384936 13.467947
0.081735 11.916599 -0.000010 -0.000206 0.009209 0.509383 0.455050 11.939378 11.897035 12.774060 13.295096 12.996221
0.082164 11.944800 -0.000012 -0.000244 0.009209 0.490977 0.393660 11.910021 11.862694 12.296145 12.814686 12.531307
0.084535 11.970434 -0.000014 -0.000550 0.009209 0.473399 0.355598 11.979834 11.834539 12.249236 12.355899 12.294821
0.087761 11.988684 -0.000042 -0.000787 0.011256 0.466639 0.343095 11.987757 11.841946 12.127768 12.179460 12.149215
0.087929 12.000364 -0.000042 -0.000808 0.011340 0.463104 0.372600 12.006569 11.853907 12.425144 12.087202 12.256167
0.087210 12.019711 -0.000044 -0.000846 0.011907 0.467564 0.407689 12.055596 11.895858 12.445159 12.203595 12.315713
0.086099 12.022712 -0.000046 -0.000647 0.012490 0.469488 0.415538 12.014541 11.926679 12.055517 12.253830 12.138197
0.084660 12.018194 -0.000026 -0.000467 0.012490 0.462055 0.415125 12.006228 11.920942 12.011238 12.059811 12.025305
0.082054 12.002266 -0.000025 -0.000415 0.012490 0.457249 0.418039 11.995450 11.925428 12.220994 11.934371 12.070532
0.078331 11.977903 -0.000021 -0.000268 0.012490 0.458641 0.404883 11.985383 11.952194 12.419568 11.970718 12.182033
0.074997 11.956007 -0.000010 -0.000019 0.012490 0.462636 0.354897 11.966203 11.986272 12.094867 12.074985 12.060749
0.072214 11.931472 0.000005 0.000280 0.012490 0.457811 0.262267 11.905179 11.982285 11.313073 11.949042 11.606337
0.069895 11.924568 0.000021 0.000295 0.012490 0.439832 0.167907 11.892335 11.928768 11.678373 11.479802 11.571439
0.068317 11.920475 0.000010 0.000042 0.012490 0.438329 0.098723 11.957894 11.942846 12.487327 11.440564 11.952125
0.069086 11.906033 -0.000005 0.000188 0.012490 0.455007 -0.127791 11.943130 12.017751 12.444592 11.875853 12.123446
0.070431 11.904191 0.000021 0.000580 0.012490 0.464378 0.176320 11.915738 12.049093 12.550967 12.120454 12.286861
0.074663 11.936257 0.000038 0.000576 0.012490 0.472910 -0.081274 11.984994 12.070130 12.106851 12.343141 12.166229
0.079503 11.957191 0.000024 0.000576 0.011301 0.470402 0.462441 11.917210 12.041097 11.769848 12.277672 11.972127
0.083514 11.969459 0.000035 0.000366 0.010226 0.464892 0.370646 11.973133 11.995808 12.038056 12.133868 12.051532
0.086243 11.973042 0.000007 0.000116 0.009253 0.469825 0.317553 11.965777 11.986338 12.100485 12.262624 12.150528
0.084470 11.949549 0.000006 0.000188 0.008372 0.473814 0.295479 11.924394 11.970487 12.572506 12.366722 12.446800
0.082781 11.934197 0.000013 0.000185 0.007575 0.483867 0.280128 11.957488 11.982307 12.927592 12.629125 12.752428
0.082786 11.928098 0.000007 0.000277 0.006855 0.494416 0.242293 11.926993 11.999293 13.009724 12.904461 12.923786
0.082767 11.914365 0.000021 0.000433 0.006202 0.500141 0.192146 11.912165 11.998703 12.977352 13.053875 12.979866
0.081911 11.901823 0.000025 0.000494 0.006733 0.501609 0.138659 11.887804 11.983270 13.292089 13.092195 13.162248
0.079868 11.877946 0.000028 0.000538 0.007443 0.507670 0.069831 11.885067 11.987745 12.997595 13.250385 13.086995
0.076660 11.850598 0.000030 0.000700 0.008022 0.503539 -0.125396 11.804045 11.955052 12.700974 13.142565 12.891097
0.075824 11.849204 0.000044 0.000540 0.011759 0.494006 -0.041663 11.852178 11.911315 12.598891 12.893760 12.728701
0.075832 11.848989 0.000018 0.000318 0.011759 0.486937 0.191685 11.824301 11.882945 12.890129 12.709259 12.793420
0.075122 11.846131 0.000018 0.000188 0.011759 0.489111 0.181604 11.877174 11.892842 13.720381 12.765998 13.238375
0.075852 11.848287 0.000005 0.000227 0.011759 0.507159 0.130325 11.896828 11.960037 13.587146 13.237044 13.380329
0.076779 11.861658 0.000019 0.000502 0.011759 0.513337 -0.012384 11.859806 11.976483 13.545182 13.398287 13.431659
0.078961 11.884506 0.000034 0.000469 0.011759 0.515167 1.353640 11.915294 11.978314 13.060744 13.446060 13.207726
0.081376 11.907829 0.000019 0.000360 0.011759 0.506878 1.208111 11.872929 11.942337 12.763232 13.229723 12.961511
0.082334 11.920271 0.000021 0.000113 0.011759 0.497167 1.089354 11.923123 11.905109 13.064738 12.976264 13.002677
0.082890 11.917051 -0.000004 -0.000061 0.011759 0.499143 0.987388 11.918835 11.912945 12.986000 13.027839 12.986754
0.083023 11.910176 -0.000001 0.000014 0.011759 0.498984 0.895746 11.900108 11.909527 12.994906 13.023668 12.991191
0.083600 11.909508 0.000003 0.000000 0.011759 0.499432 0.813480 11.914869 11.907366 12.869509 13.035383 12.934658
0.084834 11.915118 -0.000002 -0.000040 0.010640 0.497446 0.738954 11.902865 11.895688 12.881103 12.983533 12.919928
0.085550 11.911558 -0.000002 -0.000081 0.009628 0.497101 0.672769 11.910822 11.889585 12.891332 12.974539 12.923767
0.086647 11.910752 -0.000006 -0.000108 0.008711 0.497615 0.609509 11.904449 11.885455 12.952251 12.987940 12.963852
0.089314 11.924252 -0.000005 -0.000198 0.007882 0.499666 0.549183 11.937415 11.886656 12.580630 13.041491 12.801034
0.091182 11.935127 -0.000014 -0.000247 0.007132 0.493640 0.491491 11.898698 11.856904 12.029370 12.884211 12.453415
0.091358 11.940601 -0.000012 -0.000427 0.006454 0.479242 0.453943 11.909947 11.801096 12.197957 12.508412 12.376880
0.091605 11.943425 -0.000031 -0.000726 0.008319 0.475270 0.432058 11.946900 11.792022 12.405342 12.404730 12.438748
0.090699 11.936631 -0.000044 -0.000738 0.011898 0.476927 0.423748 11.928462 11.806528 12.709254 12.447973 12.613793
0.086710 11.918280 -0.000035 -0.000570 0.011898 0.482292 0.423143 11.929751 11.837319 13.064140 12.588002 12.855587
0.082184 11.906225 -0.000027 -0.000352 0.011898 0.489206 0.392564 11.923150 11.879956 12.672131 12.768466 12.732269
0.077937 11.900601 -0.000013 -0.000105 0.011898 0.481504 0.328610 11.875328 11.874788 12.245433 12.567435 12.418709
0.074265 11.891289 -0.000001 -0.000084 0.011898 0.466734 0.257644 11.879883 11.852264 12.022523 12.181945 12.122352
0.071926 11.872128 -0.000008 -0.000101 0.011898 0.454489 0.178169 11.853955 11.842282 12.036975 11.862333 11.974017
0.070322 11.851465 -0.000004 -0.000047 0.011898 0.449902 0.095042 11.862583 11.856311 12.323467 11.742629 12.053809
0.069452 11.842777 -0.000002 0.000069 0.011898 0.455121 -0.074521 11.870538 11.898564 12.125278 11.878830 12.006619
0.068997 11.844137 0.000008 0.000278 0.011898 0.454863 0.197790 11.841517 11.911623 12.026923 11.872101 11.947641
0.069242 11.853680 0.000020 0.000296 0.011898 0.453787 0.088659 11.875033 11.917452 12.396319 11.844012 12.116107
0.073012 11.867943 0.000012 0.000253 0.011898 0.462409 -0.127309 11.903736 11.953966 12.606615 12.069066 12.320751
0.079632 11.889942 0.000014 0.000327 0.010766 0.474518 0.057883 11.919264 11.987920 12.582575 12.385100 12.452153
0.083484 11.904438 0.000020 0.000426 0.009742 0.483444 -0.199111 11.907402 11.994397 12.955535 12.618079 12.753215
0.085974 11.911054 0.000025 0.000425 0.008815 0.497162 -0.136713 11.939311 12.011398 12.655175 12.976136 12.768852
0.089593 11.925016 0.000021 0.000441 0.007976 0.498645 -0.057673 11.889484 11.978663 11.825516 13.014842 12.373069
0.090447 11.910599 0.000026 0.000347 0.007217 0.482901 -0.127760 11.838203 11.882568 11.613254 12.603906 12.094578
0.086262 11.864948 0.000013 0.000090 0.006530 0.470550 -0.266844 11.811970 11.806433 12.467028 12.281539 12.399162
0.080324 11.823662 -0.000001 -0.000088 0.005909 0.479404 -0.329664 11.846941 11.822081 13.227461 12.512634 12.895097
0.074712 11.789933 -0.000007 0.000164 0.005346 0.495315 -0.328854 11.797992 11.872532 13.110402 12.927917 13.021067
0.070066 11.768095 0.000022 0.000533 0.005801 0.496702 -0.287790 11.757878 11.875789 12.607273 12.964129 12.779044
0.067910 11.757789 0.000034 0.000602 0.009153 0.484617 -0.219929 11.730926 11.837198 12.036687 12.648695 12.343081
0.067920 11.745908 0.000031 0.000466 0.009153 0.466914 -0.109047 11.711947 11.782122 12.243428 12.186643 12.234957
0.068175 11.727042 0.000021 0.000281 0.009153 0.464317 0.047639 11.743381 11.780877 12.435178 12.118865 12.296822
0.067321 11.711725 0.000011 0.000353 0.009153 0.468875 -0.307225 11.710148 11.797709 11.819908 12.237810 12.033873
0.065464 11.722265 0.000026 0.000385 0.009153 0.458645 -0.233827 11.700585 11.758791 12.287936 11.970808 12.149338
0.067729 11.747906 0.000017 0.000056 0.009153 0.462525 -0.181911 11.809570 11.781511 12.500257 12.072077 12.298437
0.072966 11.760959 -0.000007 0.000105 0.009153 0.470748 -0.098819 11.754216 11.811601 12.282795 12.286716 12.282119
0.076630 11.790282 0.000017 0.000109 0.009153 0.472692 -0.085693 11.818841 11.809175 13.251569 12.337461 12.801555
0.078144 11.810800 -0.000002 -0.000008 0.009153 0.494184 -0.115766 11.872993 11.877964 13.381982 12.898405 13.120720
0.078511 11.806513 0.000002 0.000365 0.009153 0.506953 -0.016616 11.789634 11.907124 12.525926 13.231679 12.836086
0.081340 11.825090 0.000034 0.000419 0.009158 0.495274 0.765042 11.800471 11.845936 11.657818 12.926860 12.262034
0.083822 11.833384 0.000014 0.000064 0.009158 0.472629 0.688378 11.764440 11.749407 11.312760 12.335806 11.828695
0.083515 11.820899 -0.000004 -0.000365 0.009158 0.455452 0.649546 11.789261 11.679751 12.190213 11.887473 12.084379
0.083370 11.808210 -0.000031 -0.000656 0.009158 0.465347 0.630696 11.846097 11.715325 12.602560 12.145750 12.412359
0.080540 11.794724 -0.000037 -0.000405 0.009956 0.477644 0.596618 11.787921 11.757560 13.267542 12.466685 12.896847
0.078440 11.796588 -0.000009 -0.000199 0.009956 0.494253 0.542502 11.863646 11.821587 13.160250 12.900204 13.033511
0.078555 11.795789 -0.000012 0.000132 0.009956 0.498370 0.443074 11.761026 11.838531 12.439404 13.007648 12.711243
0.077843 11.792647 0.000022 0.000234 0.009956 0.484833 0.341813 11.775282 11.791281 13.054365 12.654334 12.866708
0.079319 11.804760 0.000005 -0.000069 0.009956 0.491039 0.232262 11.858374 11.822661 13.073505 12.816301 12.945554
0.081344 11.824846 -0.000010 -0.000011 0.009956 0.495010 0.070848 11.817332 11.842189 13.086536 12.919965 12.996711
0.083017 11.840626 0.000007 0.000008 0.009956 0.497673 -0.394106 11.871765 11.854538 12.644921 12.989473 12.801037
0.084415 11.852381 -0.000005 0.000011 0.009956 0.490548 -0.278186 11.811006 11.828455 12.207085 12.803496 12.495095
0.084659 11.855315 0.000005 -0.000137 0.009956 0.478468 -0.207598 11.845986 11.786366 12.794905 12.488205 12.656842
0.084517 11.852361 -0.000017 -0.000337 0.009956 0.485099 -0.178898 11.880486 11.815991 13.520272 12.661279 13.104661
0.084310 11.850196 -0.000018 -0.000175 0.009956 0.502985 -0.127593 11.890452 11.883900 13.199764 13.128116 13.147279
0.082747 11.853560 -0.000002 0.000155 0.009008 0.504039 0.022592 11.829425 11.886245 12.872867 13.155607 12.992778
0.080856 11.855263 0.000016 0.000158 0.008151 0.496201 -0.609778 11.854708 11.861920 12.625572 12.951044 12.774183
0.080786 11.843020 0.000002 0.000096 0.007375 0.486843 -0.523683 11.809235 11.835595 11.913667 12.706794 12.299698
0.080173 11.835920 0.000008 -0.000002 0.006673 0.468551 -0.460687 11.797724 11.776084 12.372271 12.229375 12.319310
0.079147 11.832310 -0.000006 -0.000287 0.006038 0.469409 -0.422323 11.870707 11.792434 12.409562 12.251759 12.345012
0.076124 11.838374 -0.000022 -0.000234 0.006012 0.469951 -0.387511 11.824354 11.808875 12.971597 12.265916 12.633024
0.072349 11.854045 -0.000005 -0.000231 0.006012 0.478583 -0.355766 11.930777 11.866371 13.522307 12.491206 13.005239
0.072045 11.861682 -0.000019 0.000024 0.006012 0.491953 -0.287071 11.883816 11.943313 12.861684 12.840177 12.820166
0.073591 11.876956 0.000017 0.000339 0.006012 0.485354 -0.202596 11.873082 11.938292 12.785568 12.667943 12.697416
0.074118 11.899257 0.000019 0.000199 0.006012 0.481703 -0.126710 11.929028 11.943219 12.921915 12.572632 12.717517
0.073219 11.909614 0.000004 0.000171 0.006012 0.483042 -0.052502 11.920305 11.966081 12.811361 12.607576 12.672328
0.071775 11.906554 0.000013 0.000304 0.006012 0.481631 0.102021 11.910853 11.975427 12.317145 12.570765 12.402507
0.069659 11.899980 0.000019 0.000385 0.006012 0.471202 0.036755 11.872241 11.948842 11.793513 12.298554 12.012143
0.066191 11.892829 0.000022 0.000286 0.006012 0.455340 0.077882 11.871385 11.905325 12.024142 11.884548 11.934252
0.063439 11.887078 0.000010 0.000093 0.006012 0.451488 0.176210 11.910112 11.913980 12.720983 11.784005 12.229251
0.061963 11.885978 0.000001 0.000143 0.006012 0.463430 0.194421 11.937014 11.981523 13.292929 12.095711 12.649427
0.061260 11.892111 0.000013 0.000456 0.005440 0.480771 0.164663 11.946070 12.062464 12.932881 12.548314 12.671248
0.061247 11.908855 0.000034 0.000784 0.009019 0.482388 0.092888 11.907954 12.075974 12.451702 12.590509 12.447502
0.062900 11.931647 0.000048 0.000737 0.013020 0.474157 -0.059448 11.940180 12.051120 12.216569 12.375696 12.229403
0.066334 11.959065 0.000032 0.000470 0.013020 0.467178 0.175695 11.962226 12.029968 11.889957 12.193527 11.982332
0.068546 11.982522 0.000020 0.000242 0.013020 0.459113 0.172880 11.975967 12.002433 11.913642 11.983033 11.898459
0.069749 12.006582 0.000008 -0.000021 0.013020 0.456670 0.247063 12.025864 11.997639 11.923797 11.919265 11.875488
0.068981 12.012838 -0.000007 -0.000078 0.013020 0.455652 0.313845 12.002757 11.999499 12.038608 11.892690 11.921229
0.068298 12.012788 -0.000000 -0.000068 0.013020 0.457020 0.353832 12.031768 12.011783 11.934024 11.928404 11.885944
0.070170 12.041349 -0.000005 -0.000151 0.013020 0.455458 0.370059 12.049435 12.015161 11.627954 11.887641 11.715560
0.067864 12.017084 -0.000009 -0.000010 0.013020 0.448476 0.382080 11.971707 11.995857 11.493390 11.705398 11.565158
0.064515 11.964636 0.000007 0.000159 0.013020 0.442689 0.385303 11.943063 11.976819 10.985439 11.554349 11.243638
0.064594 11.951408 0.000010 0.000130 0.013020 0.430735 0.383681 11.915373 11.931567 10.647734 11.242358 10.933664
0.063358 11.928024 0.000005 0.000018 0.013020 0.419094 0.400466 11.893504 11.886571 10.870527 10.938529 10.906404
0.062049 11.895581 -0.000002 -0.000046 0.011781 0.418722 0.415194 11.892137 11.882367 11.085138 10.928801 11.009909
0.061749 11.875568 -0.000002 0.000035 0.010660 0.423773 0.408082 11.874049 11.893424 11.696979 11.060648 11.377220
0.062146 11.858834 0.000006 0.000177 0.009646 0.439237 0.373634 11.894435 11.937737 11.932678 11.464268 11.681886
0.065474 11.856635 0.000013 0.000414 0.008728 0.452847 0.302034 11.861561 11.964793 11.876110 11.819486 11.820276
0.069255 11.851759 0.000030 0.000577 0.008012 0.460453 0.219198 11.848169 11.957741 12.159040 12.018001 12.061267
0.072135 11.841614 0.000032 0.000593 0.008530 0.471996 0.130535 11.846958 11.956717 12.076432 12.319285 12.166384
0.074215 11.838117 0.000032 0.000605 0.008574 0.477020 0.009968 11.812813 11.926624 12.245475 12.450419 12.324016
0.076852 11.837098 0.000033 0.000457 0.008912 0.483279 -0.878097 11.841140 11.902286 12.191228 12.613773 12.382759
0.078378 11.828809 0.000018 0.000375 0.008912 0.485219 -0.783312 11.787222 11.863215 12.457355 12.664416 12.554214
0.077358 11.809042 0.000022 0.000276 0.008912 0.490434 -0.709219 11.810952 11.842253 12.944438 12.800527 12.874531
0.076297 11.787275 0.000010 0.000281 0.008912 0.501164 -0.639575 11.779138 11.847559 12.894038 13.080582 12.982449
0.075442 11.778275 0.000020 0.000354 0.008912 0.503301 -0.572803 11.763580 11.826626 12.672331 13.136344 12.901328
0.074412 11.771665 0.000019 0.000280 0.008912 0.497618 -0.510990 11.743297 11.786294 12.150724 12.988026 12.573868
0.073990 11.763065 0.000013 0.000119 0.008912 0.482659 -0.462265 11.716019 11.721111 12.101352 12.597578 12.377098
0.075739 11.765324 0.000002 -0.000226 0.008912 0.474098 -0.433807 11.767514 11.688278 11.992056 12.374133 12.222470
0.076359 11.763779 -0.000022 -0.000385 0.008912 0.468178 -0.419713 11.732107 11.667143 12.104597 12.219640 12.211734
0.077416 11.778696 -0.000018 -0.000569 0.008912 0.467345 -0.419988 11.807330 11.669662 12.452230 12.197894 12.379206
0.079441 11.799041 -0.000039 -0.000660 0.010472 0.473810 -0.406086 11.811503 11.701694 12.815665 12.366624 12.638890
0.083282 11.818257 -0.000031 -0.000595 0.010472 0.484602 -0.373026 11.857372 11.747062 12.607163 12.648305 12.656245
0.087580 11.839894 -0.000032 -0.000474 0.010472 0.486953 -0.315011 11.822823 11.753256 12.548707 12.709671 12.655613
0.091080 11.858786 -0.000020 -0.000539 0.010472 0.488031 -0.273133 11.875472 11.751725 12.583325 12.737793 12.689657
0.094202 11.867941 -0.000036 -0.000593 0.010472 0.490494 -0.223213 11.850319 11.751750 12.137118 12.802096 12.492422
0.094773 11.867602 -0.000029 -0.000591 0.010472 0.482750 -0.194898 11.831505 11.713412 12.298831 12.599961 12.493193
0.093452 11.854441 -0.000034 -0.000720 0.010472 0.481556 -0.184549 11.850182 11.704907 12.131168 12.568792 12.396547
0.090283 11.826017 -0.000042 -0.000618 0.011320 0.475905 -0.167124 11.773830 11.684164 12.179368 12.421299 12.358311
0.085595 11.793803 -0.000026 -0.000560 0.011320 0.471920 -0.168031 11.791618 11.676965 12.844819 12.317311 12.653700
0.081415 11.767604 -0.000034 -0.000463 0.011320 0.481227 -0.120607 11.787995 11.725631 13.025872 12.560213 12.848796
0.077546 11.750371 -0.000019 -0.000126 0.011320 0.486963 0.065311 11.755232 11.763065 13.082798 12.709916 12.937205
0.076088 11.751588 0.000001 0.000059 0.011320 0.489098 -0.433651 11.776668 11.789911 12.758383 12.765644 12.787598
0.077500 11.771732 0.000003 0.000093 0.011320 0.483140 -0.298807 11.767239 11.787548 12.228408 12.610154 12.439480
0.077787 11.778975 0.000005 0.000044 0.011320 0.470033 -0.165023 11.759705 11.758031 12.239593 12.268055 12.286189
0.079060 11.785672 -0.000001 -0.000141 0.011320 0.465270 -0.036091 11.804309 11.758659 12.119479 12.143724 12.163153
0.080302 11.797078 -0.000014 -0.000196 0.011320 0.462160 0.170699 11.789474 11.760680 12.243395 12.062557 12.186073
0.079685 11.806821 -0.000009 -0.000235 0.011320 0.463831 0.186164 11.834275 11.778871 12.745874 12.106174 12.458414
0.079045 11.817867 -0.000016 -0.000199 0.011320 0.474486 0.194732 11.852766 11.830796 13.191892 12.384274 12.805454
0.078813 11.813984 -0.000007 0.000086 0.010243 0.488362 0.139199 11.843591 11.889747 12.926740 12.746443 12.827329
0.078546 11.812018 0.000013 0.000397 0.009268 0.489909 0.006350 11.800295 11.895510 12.799865 12.786831 12.778491
0.077005 11.814031 0.000027 0.000416 0.008386 0.488289 -1.977056 11.825999 11.888340 13.339945 12.744547 13.033308
0.075891 11.813978 0.000018 0.000380 0.007588 0.497868 -1.770743 11.849060 11.925604 12.950582 12.994545 12.944203
0.074573 11.817975 0.000022 0.000549 0.006866 0.493876 -1.581505 11.789807 11.911540 12.470061 12.890364 12.651248
0.073025 11.825727 0.000035 0.000438 0.009344 0.481203 -1.414253 11.822909 11.871405 12.220095 12.559586 12.372811
0.070703 11.830716 0.000014 0.000208 0.009344 0.469196 -1.264010 11.811474 11.841848 12.671321 12.246199 12.454688
0.068321 11.839622 0.000009 0.000011 0.009344 0.471223 -1.135572 11.894057 11.873542 13.539817 12.299108 12.908435
0.069758 11.881333 -0.000006 -0.000040 0.009344 0.488819 -1.012616 11.964301 11.967467 13.592490 12.758371 13.134309
0.069413 11.904001 0.000001 0.000324 0.009344 0.497939 -0.890043 11.918382 12.023742 13.378176 12.996407 13.127587
0.069449 11.920492 0.000030 0.000527 0.009344 0.497922 -0.772095 11.950841 12.042079 12.497070 12.995950 12.679825
0.070618 11.939418 0.000026 0.000524 0.009344 0.481166 -0.667406 11.892826 11.994359 11.990280 12.558617 12.222771
0.070983 11.943360 0.000029 0.000260 0.009344 0.464319 -0.595190 11.941118 11.946591 11.564942 12.118921 11.806257
0.069793 11.942740 0.000002 0.000020 0.009344 0.449095 -0.552271 11.902447 11.904616 11.477138 11.721545 11.578582
0.065499 11.927166 0.000001 -0.000115 0.009344 0.439840 -0.540207 11.928592 11.888522 11.873532 11.479988 11.661811
0.060046 11.898579 -0.000011 -0.000051 0.009344 0.442156 -0.523538 11.904113 11.919073 12.142779 11.540450 11.817325
0.054859 11.878450 0.000005 0.000207 0.008455 0.447091 -0.489551 11.903139 11.960231 12.712366 11.669243 12.151060
0.053033 11.873400 0.000017 0.000443 0.007650 0.459709 -0.423589 11.927920 12.029860 12.279693 11.998595 12.080949
0.054373 11.896768 0.000029 0.000679 0.007926 0.457848 -0.332213 11.892949 12.037654 12.085664 11.950002 11.956613
0.054672 11.895646 0.000042 0.000725 0.011240 0.454211 -0.236176 11.907988 12.033638 11.654965 11.855088 11.695496
0.054737 11.879671 0.000037 0.000786 0.011240 0.446179 -0.087569 11.841993 12.003217 10.975855 11.645436 11.261188
0.057809 11.894081 0.000047 0.000557 0.012581 0.431051 0.049554 11.885482 11.942035 10.784249 11.250590 10.985394
0.061866 11.906657 0.000017 0.000181 0.012581 0.422875 0.170609 11.888585 11.903486 10.765003 11.037216 10.881200
0.065225 11.918574 0.000005 -0.000077 0.012581 0.421156 0.317138 11.922129 11.884559 11.305074 10.992345 11.135440
0.065930 11.920268 -0.000010 -0.000182 0.012581 0.432552 0.397179 11.942258 11.911608 11.943212 11.289780 11.596056
0.066699 11.922685 -0.000008 -0.000057 0.012581 0.450601 0.419330 11.956083 11.961772 11.741265 11.760855 11.716531
0.068813 11.920903 0.000002 0.000209 0.012581 0.455339 0.387456 11.891288 11.956214 10.902605 11.884516 11.360685
0.068822 11.907548 0.000019 0.000248 0.012581 0.440967 0.361553 11.846840 11.877631 10.837419 11.509414 11.165808
0.068465 11.889997 0.000009 -0.000063 0.012581 0.432372 0.365863 11.874072 11.828417 10.749946 11.285084 11.026485
0.068250 11.870332 -0.000012 -0.000214 0.012581 0.426401 0.374083 11.827163 11.792433 10.662011 11.129247 10.917070
0.066479 11.848036 -0.000009 -0.000284 0.012581 0.421185 0.390669 11.829656 11.762916 10.778583 10.993099 10.917965
0.063355 11.821742 -0.000019 -0.000300 0.012581 0.419713 0.399634 11.799306 11.752694 11.023770 10.954670 11.025413
0.061821 11.802298 -0.000013 -0.000253 0.011383 0.422395 0.392247 11.809879 11.762842 11.838100 11.024682 11.465508
0.063499 11.789764 -0.000013 -0.000137 0.010300 0.440164 0.340312 11.834739 11.826601 11.942596 11.488459 11.727514
0.066302 11.788719 -0.000002 0.000193 0.009320 0.452235 0.239064 11.785998 11.856907 11.836103 11.803523 11.818424
0.069162 11.798741 0.000020 0.000297 0.008433 0.457167 0.117818 11.811381 11.853537 12.351592 11.932242 12.142079
0.075354 11.822251 0.000012 0.000160 0.007630 0.471703 -0.097116 11.862431 11.881891 12.049984 12.311626 12.165377
0.079144 11.816812 0.000006 0.000332 0.006904 0.474917 0.151938 11.760675 11.855740 11.882979 12.395513 12.128136
0.079353 11.793281 0.000027 0.000319 0.007354 0.474202 0.069136 11.780888 11.811016 12.123519 12.376864 12.254842
0.080320 11.790304 0.000009 0.000106 0.007354 0.478724 0.016075 11.778817 11.789925 12.446728 12.494876 12.483796
0.078526 11.776286 0.000003 0.000070 0.007354 0.485827 0.144978 11.770647 11.784946 13.093674 12.680288 12.906023
0.075407 11.755057 0.000004 0.000153 0.007354 0.499562 0.122673 11.773621 11.812992 13.075605 13.038764 13.061277
0.072352 11.740086 0.000012 0.000372 0.007354 0.502562 0.043706 11.716023 11.808467 12.849987 13.117060 12.983469
0.069181 11.724924 0.000027 0.000426 0.007354 0.496436 -0.168528 11.711994 11.780063 12.533604 12.957172 12.750280
0.067626 11.720777 0.000020 0.000303 0.007354 0.485023 -0.103925 11.696005 11.742335 12.178679 12.659291 12.433251
0.068412 11.733053 0.000014 0.000047 0.007354 0.471464 -0.064807 11.726610 11.705324 11.852616 12.305393 12.104264
0.068933 11.742368 -0.000006 -0.000189 0.007354 0.458591 -0.093840 11.720982 11.675037 11.708510 11.969398 11.875355
0.069062 11.748772 -0.000013 -0.000376 0.007354 0.449847 -0.175341 11.751417 11.662824 11.905499 11.741178 11.867595
0.070612 11.757121 -0.000025 -0.000481 0.007354 0.450533 -0.208320 11.774020 11.684590 12.023454 11.759079 11.930346
0.072479 11.771176 -0.000025 -0.000442 0.006827 0.454542 -0.218616 11.788749 11.713096 12.149732 11.863729 12.037846
0.073870 11.786719 -0.000022 -0.000376 0.006827 0.459846 -0.212758 11.806568 11.741930 12.113166 12.002175 12.078931
0.074000 11.786112 -0.000019 -0.000225 0.006827 0.462078 -0.193877 11.778081 11.754681 12.195287 12.060421 12.145675
0.073515 11.773117 -0.000007 -0.000094 0.006827 0.465129 -0.169376 11.779271 11.766650 12.376088 12.140047 12.272773
0.072756 11.757056 -0.000004 0.000049 0.006827 0.470675 -0.123704 11.757005 11.783411 12.623945 12.284807 12.463751
0.072247 11.742287 0.000007 0.000210 0.006827 0.478577 -0.036116 11.755973 11.804760 12.677094 12.491037 12.583394
0.071476 11.724525 0.000014 0.000409 0.006827 0.483642 0.382524 11.713334 11.810704 12.367511 12.623253 12.485755
0.068988 11.709675 0.000028 0.000516 0.007466 0.479346 0.305890 11.687547 11.781402 12.401497 12.511131 12.454637
0.065358 11.697562 0.000027 0.000428 0.007466 0.476376 0.234971 11.697343 11.764787 12.584518 12.433614 12.512201
0.062806 11.688415 0.000019 0.000390 0.007466 0.476772 0.157524 11.692603 11.768479 12.736321 12.443936 12.590534
0.061731 11.684853 0.000022 0.000427 0.007466 0.479017 0.048572 11.700603 11.782067 12.437444 12.502536 12.461008
0.062665 11.709899 0.000024 0.000368 0.007466 0.473667 -0.249741 11.712449 11.769963 12.375497 12.362902 12.362673
0.065038 11.743598 0.000017 0.000135 0.007466 0.469801 -0.192069 11.769463 11.768272 12.316465 12.261987 12.282961
0.066774 11.758174 0.000000 0.000052 0.007466 0.467625 -0.143690 11.753233 11.771353 11.747200 12.205204 11.965714
0.067078 11.771848 0.000006 -0.000003 0.007466 0.455838 -0.146063 11.752355 11.737017 11.622501 11.897540 11.762011
0.066748 11.780365 -0.000004 -0.000221 0.007466 0.447803 -0.206345 11.782125 11.720704 11.391476 11.687827 11.547982
0.065759 11.785462 -0.000017 -0.000330 0.007466 0.439224 -0.261940 11.765883 11.704931 11.382485 11.463926 11.439178
0.062898 11.773171 -0.000017 -0.000348 0.007466 0.434234 -0.311074 11.772888 11.705641 11.869378 11.333676 11.620872
0.060780 11.758629 -0.000019 -0.000270 0.006756 0.441192 -0.327879 11.787440 11.751157 12.121876 11.515288 11.824467
0.056714 11.733243 -0.000010 0.000091 0.006113 0.449191 -0.309677 11.735426 11.794906 12.547156 11.724075 12.127200
0.052790 11.709388 0.000017 0.000436 0.005531 0.460639 -0.263538 11.750351 11.848147 12.467361 12.022867 12.217164
0.051393 11.705329 0.000028 0.000729 0.007527 0.464198 -0.184004 11.702681 11.867235 12.050159 12.115761 12.045588
0.050152 11.710407 0.000047 0.000800 0.012690 0.457405 -0.045495 11.711662 11.846627 11.997942 11.938459 11.934103
0.048573 11.705671 0.000039 0.000719 0.012690 0.452895 0.766514 11.705345 11.836997 11.719134 11.820738 11.736234
0.046453 11.694782 0.000038 0.000726 0.012690 0.445504 0.651602 11.678704 11.815148 11.934802 11.627822 11.750894
0.045566 11.699801 0.000040 0.000589 0.012690 0.446449 0.558894 11.739726 11.826660 12.444659 11.652483 12.011085
0.045156 11.711447 0.000026 0.000588 0.012690 0.457336 0.472211 11.748297 11.874611 12.713886 11.936661 12.270759
0.045954 11.733367 0.000037 0.000721 0.012690 0.468039 0.377742 11.779774 11.918837 12.422948 12.215993 12.251162
0.047502 11.762532 0.000041 0.000798 0.012690 0.467841 0.272858 11.764276 11.918744 12.082070 12.210847 12.077864
0.048143 11.779330 0.000045 0.000711 0.012690 0.461291 0.192382 11.781706 11.895134 11.734538 12.039879 11.825742
0.046889 11.782417 0.000034 0.000575 0.012690 0.451551 0.150138 11.760062 11.860939 11.719893 11.785669 11.700244
0.045541 11.782818 0.000030 0.000399 0.012690 0.446208 0.182013 11.796084 11.848189 11.671749 11.646215 11.609965
0.045242 11.784344 0.000016 0.000326 0.012690 0.442902 0.193459 11.776868 11.843722 11.266105 11.559918 11.367709
0.043657 11.784893 0.000020 0.000300 0.011482 0.433347 0.230037 11.769255 11.815781 11.538644 11.310530 11.384749
0.042465 11.781172 0.000014 0.000177 0.010390 0.433891 0.259186 11.807832 11.829445 11.720468 11.324723 11.477962
0.042585 11.780894 0.000007 0.000248 0.009401 0.438264 0.252700 11.789054 11.854301 11.784474 11.438853 11.560106
0.043215 11.780976 0.000020 0.000374 0.008506 0.442527 0.222737 11.800462 11.872916 11.496928 11.550119 11.469036
0.044917 11.791638 0.000022 0.000415 0.007697 0.440159 0.177354 11.780585 11.860795 11.174743 11.488315 11.282647
0.048412 11.810021 0.000024 0.000259 0.006964 0.433968 0.144148 11.810029 11.832176 10.722250 11.326749 10.987057
0.057535 11.891075 0.000007 -0.000301 0.006302 0.424080 0.131812 11.910530 11.792683 10.597862 11.068658 10.811422
0.059186 11.871921 -0.000033 -0.000404 0.008792 0.418813 0.171638 11.805689 11.765262 10.434966 10.931188 10.673554
0.055253 11.787608 -0.000011 -0.000114 0.008792 0.415112 0.232845 11.735889 11.730243 10.049556 10.834592 10.445146
0.053151 11.778977 -0.000001 -0.000249 0.008792 0.405713 0.313596 11.754511 11.676179 10.824908 10.589267 10.726792
0.049999 11.763548 -0.000022 -0.000446 0.008792 0.414346 0.361454 11.788469 11.702607 10.900045 10.814590 10.870905
0.047149 11.738810 -0.000024 -0.000185 0.008792 0.417855 0.351155 11.705498 11.712643 10.516052 10.906186 10.723603
0.042503 11.709153 0.000002 0.000018 0.008792 0.409714 0.325666 11.682788 11.683004 10.801691 10.693685 10.766636
0.039232 11.683443 0.000000 -0.000002 0.008792 0.409498 0.282241 11.692075 11.691157 10.587709 10.688058 10.654416
0.036923 11.652995 -0.000000 0.000195 0.008792 0.404572 0.212215 11.614197 11.679807 10.421936 10.559494 10.509034
0.036672 11.639163 0.000019 0.000207 0.008792 0.399285 0.127785 11.648809 11.665415 10.147080 10.421491 10.305625
0.036300 11.624424 0.000005 0.000209 0.008792 0.392403 0.020550 11.584315 11.640715 9.962016 10.241862 10.128819
0.036475 11.611270 0.000016 0.000150 0.008792 0.386478 -0.164574 11.611825 11.616761 10.228583 10.087228 10.188725
0.038682 11.599827 0.000002 0.000086 0.007955 0.390764 -0.150567 11.600841 11.625680 10.480658 10.199083 10.365605
0.041133 11.579389 0.000007 0.000236 0.007198 0.400479 -0.153032 11.583367 11.642190 10.643410 10.452666 10.565810
0.043983 11.569794 0.000017 0.000369 0.006513 0.411041 -0.159078 11.573256 11.649271 11.081745 10.728330 10.917791
0.048000 11.572111 0.000022 0.000394 0.005929 0.426903 -0.163260 11.597727 11.668087 11.261328 11.142349 11.204565
0.051247 11.558759 0.000021 0.000558 0.005929 0.439915 -0.141234 11.536517 11.666087 11.095360 11.481967 11.285092
0.051844 11.531606 0.000037 0.000686 0.010078 0.443684 -0.125019 11.498652 11.623614 11.363159 11.580338 11.478926
0.051370 11.494026 0.000036 0.000661 0.010078 0.450797 -0.113005 11.474021 11.594351 11.331565 11.765988 11.558716
0.048707 11.453213 0.000035 0.000720 0.010078 0.452639 -0.091386 11.403953 11.547622 11.749589 11.814045 11.805289
0.044463 11.415579 0.000042 0.000674 0.011254 0.459384 -0.076090 11.420042 11.529579 12.185782 11.990094 12.114249
0.039866 11.374801 0.000032 0.000790 0.011254 0.468415 0.132433 11.353300 11.528793 12.329507 12.225815 12.297261
0.035661 11.345287 0.000051 0.000936 0.013747 0.472561 -0.076720 11.346662 11.518227 12.384776 12.334027 12.375187
0.031840 11.321269 0.000050 0.001005 0.013747 0.472874 0.504834 11.304765 11.502341 12.344432 12.342189 12.356803
0.029887 11.311879 0.000058 0.000972 0.015517 0.470259 0.362767 11.317739 11.483463 12.480227 12.273952 12.391163
0.030812 11.313765 0.000049 0.000866 0.015517 0.471264 0.171339 11.326071 11.481979 12.113865 12.300187 12.212905
0.033481 11.330741 0.000046 0.000772 0.015517 0.465171 -0.143928 11.320488 11.452867 12.111580 12.141149 12.137543
0.037311 11.349775 0.000039 0.000526 0.015517 0.463595 0.106473 11.370985 11.440338 11.830571 12.100016 11.974615
0.038612 11.350338 0.000021 0.000459 0.015517 0.459051 -0.081994 11.313591 11.411110 11.619181 11.981422 11.814748
0.037378 11.346181 0.000029 0.000331 0.015517 0.452976 -0.184121 11.345057 11.377421 12.090900 11.822850 11.984713
0.036597 11.341646 0.000011 0.000183 0.015517 0.459339 -0.262232 11.359040 11.393968 12.439448 11.988943 12.235866
0.035534 11.328113 0.000011 0.000336 0.015517 0.469033 -0.282302 11.337193 11.421204 12.411331 12.241940 12.334161
0.033212 11.319633 0.000025 0.000518 0.015517 0.472349 -0.264513 11.318301 11.423764 12.626199 12.328501 12.481465
0.030685 11.309210 0.000031 0.000585 0.015517 0.476807 -0.230833 11.324287 11.434658 12.568215 12.444845 12.502178
0.028470 11.289383 0.000033 0.000741 0.015517 0.476945 -0.132275 11.270723 11.429393 12.090342 12.448440 12.259166
0.026190 11.274512 0.000047 0.000790 0.014040 0.466802 0.001960 11.250658 -1274.429398 11.963710 12.183721 12.073333
0.024588 11.270405 0.000040 -6.561403 0.012704 0.455637 0.658166 11.269686 -1145.875935 11.863763 11.892303 11.883933
0.022789 11.268693 0.000027 -5.905338 0.011495 0.448240 0.589305 11.265757 -1030.163615 11.646265 11.699239 11.678941
0.020846 11.268190 0.000025 -5.314813 0.010401 0.440054 0.537888 11.266160 -926.024412 11.709190 11.485591 11.605521
0.018926 11.264639 0.000021 -4.783334 0.009412 0.437201 0.500489 11.280208 -832.278720 12.251337 11.411114 11.835310
0.018868 11.262266 0.000020 -4.304903 0.008516 0.447182 0.460643 11.310992 -747.861541 12.218991 11.671631 11.928383
0.020013 11.276690 0.000027 -3.874164 0.007706 0.452499 0.408360 11.290342 -671.906625 12.255096 11.810407 12.003318
0.020440 11.295274 0.000041 -3.486633 0.011012 0.456357 0.361109 11.332605 -603.553050 12.347182 11.911089 12.090497
0.020713 11.306862 0.000035 -3.137858 0.011012 0.460451 0.295649 11.319008 -542.034319 12.189744 12.017957 12.056210
0.020389 11.307357 0.000044 -2.823908 0.011794 0.459647 0.226499 11.310933 -486.687255 12.337675 11.996962 12.118118
0.020927 11.307587 0.000045 -2.541452 0.012193 0.463020 0.144286 11.330489 -436.862191 12.269672 12.084999 12.122083
0.021752 11.316741 0.000043 -2.287223 0.012193 0.464254 0.039610 11.319608 -392.030434 12.147973 12.117204 12.075288
0.020955 11.327915 0.000045 -2.058487 0.012193 0.462534 -0.125289 11.336870 -351.692289 12.564919 12.072333 12.263750
0.020583 11.328960 0.000037 -1.852632 0.012193 0.469638 -0.078392 11.359612 -315.353183 12.360474 12.257726 12.244840
0.021381 11.330872 0.000037 -1.667190 0.012193 0.469352 0.069342 11.315594 -282.677064 12.019323 12.250274 12.070813
0.035497 11.494918 0.000048 -1.501269 0.012816 0.462893 0.030432 11.621039 -253.277204 11.876513 12.081700 11.923695
0.033265 11.466511 -0.000044 -1.351085 0.012816 0.457486 0.142470 11.327484 -226.818237 11.537738 11.940563 11.691031
0.018745 11.301591 0.000035 -1.215214 0.012816 0.448334 0.221085 11.250635 -203.036496 12.145491 11.701700 11.888174
0.020280 11.320630 0.000044 -1.093944 0.012816 0.456236 0.283964 11.409944 -181.567466 12.812922 11.907943 12.316548
0.020773 11.331594 0.000006 -0.984435 0.012816 0.473468 0.335551 11.336855 -162.209619 13.445331 12.357703 12.838298
0.020727 11.336948 0.000044 -0.885673 0.012816 0.494089 0.372889 11.418677 -144.773308 13.956480 12.895912 13.340081
0.021086 11.350872 0.000040 -0.796760 0.012816 0.513950 0.379157 11.376251 -129.081268 14.488455 13.414311 13.844116
0.020610 11.367041 0.000069 -0.716760 0.018466 0.533291 0.364731 11.440315 -114.955796 14.910164 13.919112 14.286985
0.019899 11.389190 0.000067 -0.644785 0.018466 0.549754 0.301241 11.422693 -102.246894 14.898565 14.348788 14.479523
0.019553 11.417337 0.000085 -0.580071 0.022882 0.555855 0.199707 11.454326 -90.839196 14.762249 14.508033 14.485858
0.019322 11.438976 0.000080 -0.521963 0.022882 0.554993 0.013452 11.445780 -80.592294 14.283190 14.485530 14.238306
0.018221 11.451506 0.000079 -0.469734 0.022882 0.544729 -1.235148 11.440895 -71.403104 14.151742 14.217646 14.049614
0.019673 11.467628 0.000069 -0.422920 0.022882 0.537214 -1.119534 11.484066 -63.120979 13.841879 14.021493 13.805269
0.022394 11.485796 0.000050 -0.380746 0.022882 0.529139 -1.036556 11.473696 -55.673786 13.444427 13.810742 13.512441
0.024214 11.510481 0.000044 -0.342866 0.022882 0.518884 -0.999062 11.512408 -48.982861 13.271046 13.543086 13.305620
0.025845 11.531609 0.000022 -0.308828 0.022882 0.511483 -0.988096 11.526546 -42.951837 12.659707 13.349908 12.916949
0.028725 11.556542 0.000011 -0.278176 0.022882 0.496715 -0.992688 11.528723 -37.552816 11.980048 12.964449 12.406495
0.033461 11.582432 -0.000005 -0.250755 0.022882 0.477588 -1.015208 11.551494 -32.713195 11.457964 12.465238 11.922502
0.038957 11.604263 -0.000031 -0.226168 0.022882 0.460438 -1.055582 11.570857 -28.357071 11.284028 12.017622 11.637066
0.043332 11.612636 -0.000053 -0.203980 0.022882 0.451390 -1.106833 11.590985 -24.415174 11.377643 11.781450 11.583935
0.046291 11.613425 -0.000069 -0.183867 0.020704 0.451106 -1.148614 11.601061 -20.842630 11.436859 11.774035 11.619347
0.047085 11.600964 -0.000073 -0.165572 0.019610 0.453058 -1.157353 11.575572 -17.623584 11.388620 11.824991 11.627818
0.044704 11.559132 -0.000066 -0.148930 0.019610 0.452751 -1.139807 11.513219 -14.738073 11.427984 11.816974 11.653029
0.041776 11.513171 -0.000052 -0.133970 0.019610 0.452383 -1.103683 11.483929 -12.142152 11.465628 11.807363 11.675021
0.037524 11.471329 -0.000047 -0.120508 0.019610 0.451392 -1.046968 11.435593 -9.806460 12.105733 11.781518 11.990572
0.032716 11.422671 -0.000036 -0.108340 0.019610 0.461443 -0.965251 11.436674 -7.659206 12.288646 12.043858 12.203019
0.028411 11.371574 -0.000026 -0.097121 0.019610 0.468319 -0.836612 11.337871 -5.737751 11.997035 12.223299 12.138020
0.025932 11.334778 0.000008 -0.087127 0.019610 0.464584 -0.683226 11.315317 -4.047485 11.765311 12.125821 11.977053
0.026608 11.315438 0.000008 -0.078403 0.019610 0.458411 -0.510468 11.288469 -2.538258 11.296883 11.964709 11.668017
0.027300 11.301829 0.000008 -0.070631 0.019610 0.446953 -0.348954 11.262380 -1.204386 11.571394 11.665651 11.672946
0.028600 11.291278 0.000000 -0.063770 0.019610 0.448052 -0.205851 11.307319 0.038104 11.483968 11.694331 11.642470
0.030635 11.283984 -0.000014 -0.057392 0.019610 0.448022 -0.032271 11.249523 1.146899 11.294674 11.693549 11.548412
0.034376 11.282422 -0.000001 -0.051725 0.017744 0.445457 0.442828 11.278796 2.130505 10.977714 11.626601 11.360885
0.039712 11.288419 -0.000017 -0.046736 0.016056 0.440015 0.406485 11.247403 2.997582 11.130288 11.484562 11.382488
0.044302 11.280704 -0.000020 -0.042272 0.014528 0.442924 0.436679 11.280747 3.799297 11.491837 11.560485 11.610459
0.046329 11.257681 -0.000034 -0.038063 0.013145 0.453758 0.463865 11.234075 4.539981 11.990212 11.843250 12.002414
0.046780 11.221321 -0.000020 -0.034097 0.011894 0.469609 0.470778 11.222151 5.219148 12.001613 12.256993 12.199607
0.046986 11.177868 -0.000012 -0.030410 0.010762 0.477501 0.434791 11.123270 5.795848 11.513203 12.462965 12.046179
0.045496 11.127130 0.000011 -0.027208 0.009738 0.470427 0.406307 11.058915 6.257672 11.784953 12.278343 12.120122
0.043574 11.071262 0.000008 -0.024566 0.008812 0.472162 0.384838 11.044098 6.701990 12.244245 12.323609 12.390146
0.040958 11.015169 0.000001 -0.022012 0.007973 0.481618 0.355790 10.986067 7.127350 12.985680 12.570413 12.893905
0.038857 10.970430 0.000015 -0.019613 0.007214 0.500180 0.297486 10.989096 7.542834 13.285060 13.054908 13.265461
0.037946 10.937103 0.000021 -0.017322 0.006528 0.513610 0.194483 10.912787 7.899539 13.050949 13.405412 13.297268
0.037407 10.908821 0.000045 -0.015357 0.011975 0.513668 0.042145 10.879038 8.173856 13.086526 13.406945 13.321962
0.037601 10.883435 0.000042 -0.013828 0.011975 0.514054 -1.073454 10.862898 8.420759 13.473531 13.417002 13.536001
0.038261 10.857385 0.000036 -0.012435 0.011975 0.522434 -0.924142 10.857219 8.668665 13.658642 13.635743 13.731182
0.037347 10.838455 0.000035 -0.011073 0.011975 0.529857 -0.782905 10.825164 8.887363 13.932700 13.829484 13.963145
0.035672 10.826547 0.000041 -0.009896 0.011975 0.537348 -0.650907 10.835403 9.089031 14.160388 14.025000 14.169416
0.035723 10.807224 0.000036 -0.008769 0.011975 0.544225 -0.517951 10.794846 9.271014 14.144222 14.204496 14.237726
0.035925 10.795245 0.000047 -0.007779 0.012555 0.546722 -0.395403 10.791039 9.418912 15.122445 14.269666 14.788708
0.040023 10.834715 0.000042 -0.007225 0.012555 0.568163 -0.277733 10.933678 9.624515 15.634855 14.829278 15.298392
0.038680 10.830246 0.000017 -0.006153 0.012555 0.587783 -0.084727 10.807980 9.805567 15.883397 15.341372 15.647514
0.034754 10.801283 0.000065 -0.005082 0.017604 0.599674 0.540657 10.836619 9.945831 15.304377 15.651723 15.469375
0.036237 10.816954 0.000062 -0.004446 0.017604 0.591592 0.330223 10.775145 10.006866 14.358182 15.440797 14.875302
0.036750 10.832561 0.000066 -0.004214 0.017771 0.567066 0.174823 10.797216 10.008158 14.844605 14.800638 14.861890
0.038971 10.849790 0.000032 -0.004295 0.017771 0.566270 0.138192 10.895149 10.095622 15.145055 14.779883 15.009358
0.041830 10.868774 0.000003 -0.003946 0.017771 0.573175 0.186699 10.875089 10.200353 15.147635 14.960106 15.083888
0.043101 10.898063 0.000016 -0.003561 0.017771 0.576472 0.243517 10.930521 10.284203 15.342750 15.046152 15.222144
0.044416 10.930873 0.000003 -0.003300 0.017771 0.581227 0.270862 10.953421 10.371137 14.834532 15.170243 15.001550
0.046353 10.961481 0.000003 -0.003013 0.017771 0.571825 0.274721 10.942726 10.404968 14.150256 14.924865 14.530948
0.046849 10.986999 -0.000001 -0.002970 0.017771 0.552412 0.369387 10.964264 10.405017 14.448263 14.418178 14.469910
0.047247 11.020490 -0.000023 -0.003141 0.017771 0.548926 0.477477 11.067729 10.468823 15.100541 14.327187 14.769727
0.047902 11.047145 -0.000048 -0.002951 0.017771 0.560129 0.515107 11.088738 10.584715 14.934647 14.619577 14.798980
0.048402 11.080671 -0.000033 -0.002531 0.017771 0.560964 0.484397 11.097872 10.657964 14.351161 14.641381 14.493328
0.049432 11.123678 -0.000026 -0.002377 0.017771 0.547997 0.448284 11.122534 10.682747 13.620719 14.302931 13.955973
0.048328 11.146272 -0.000036 -0.002366 0.016079 0.526035 0.439891 11.114045 10.677883 13.798654 13.729721 13.792685
0.045840 11.159125 -0.000044 -0.002456 0.014549 0.518637 0.471642 11.200365 10.731182 14.495916 13.536643 14.061158
0.043982 11.170513 -0.000062 -0.002242 0.016690 0.529049 0.455194 11.218649 10.847133 14.243539 13.808387 14.035266
0.043173 11.213618 -0.000042 -0.001870 0.016690 0.527675 0.385100 11.242262 10.916450 14.086600 13.772517 13.925905
0.042657 11.246370 -0.000035 -0.001684 0.016690 0.522613 0.277992 11.273237 10.973022 13.331398 13.640409 13.464977
0.042544 11.248037 -0.000034 -0.001404 0.016690 0.505391 0.131081 11.204678 10.977325 12.334887 13.190901 12.741646
0.047361 11.321930 -0.000018 -0.001759 0.016690 0.478473 0.097603 11.351466 10.947520 12.258249 12.488328 12.382876
0.046558 11.360296 -0.000074 -0.002107 0.019795 0.464905 0.391587 11.350087 10.971524 12.541816 12.134205 12.360854
0.041836 11.337776 -0.000071 -0.001869 0.019795 0.463971 0.435085 11.358529 11.038751 11.634051 12.109818 11.873915
0.039900 11.322902 -0.000058 -0.001450 0.019795 0.445599 0.427590 11.258682 11.031448 10.350242 11.630304 10.994609
0.038424 11.323444 -0.000035 -0.001490 0.019795 0.411893 0.489094 11.279152 10.964547 10.424007 10.750562 10.631646
0.039904 11.344248 -0.000063 -0.001938 0.019795 0.398664 0.607605 11.371809 10.978001 11.163523 10.405293 10.845365
0.040720 11.347403 -0.000089 -0.001885 0.023929 0.409443 0.676192 11.384803 11.071865 11.818196 10.686621 11.296282
0.039739 11.356779 -0.000069 -0.001454 0.023929 0.428886 0.658942 11.419313 11.185309 11.379118 11.194091 11.292522
0.038023 11.363939 -0.000049 -0.000912 0.023929 0.428637 0.537438 11.333531 11.217063 10.642973 11.187599 10.910534
0.037071 11.359528 -0.000017 -0.000727 0.023929 0.413222 0.360212 11.339437 11.190422 10.658489 10.785251 10.733610
0.036201 11.337346 -0.000028 -0.000750 0.023929 0.407155 0.103326 11.326156 11.195598 10.910512 10.626910 10.786369
0.033766 11.308566 -0.000024 -0.000577 0.023929 0.410927 -0.780119 11.315784 11.228186 11.351433 10.725359 11.051350
0.029791 11.282733 -0.000013 -0.000278 0.023929 0.421801 -0.560921 11.303295 11.280643 11.538164 11.009164 11.270365
0.027727 11.260175 0.000004 0.000104 0.023929 0.430370 -0.251316 11.265395 11.318311 10.959481 11.232832 11.074442
0.026598 11.245511 0.000024 0.000372 0.023929 0.422986 0.363066 11.209082 11.290509 11.354817 11.040104 11.187712
0.025272 11.236206 0.000032 0.000277 0.023929 0.427798 -0.008413 11.281533 11.308706 12.423292 11.165696 11.784555
0.025493 11.228237 0.000016 0.000411 0.023929 0.448264 16.202497 11.280014 11.395073 12.758249 11.699880 12.188117
0.026256 11.236675 0.000040 0.000808 0.021652 0.465798 14.571544 11.281461 11.458691 12.851396 12.157510 12.437433
0.027894 11.250697 0.000057 0.001061 0.019592 0.476498 13.103192 11.278179 11.489985 11.919762 12.436789 12.088280
0.029608 11.266800 0.000067 0.001139 0.017936 0.463435 11.783130 11.218881 11.428851 11.775870 12.095835 11.864056
0.031009 11.280323 0.000066 0.000758 0.017936 0.454731 10.599866 11.305455 11.389976 12.726620 11.868669 12.246615
0.030917 11.272114 0.000030 0.000601 0.017936 0.470805 9.537318 11.309852 11.442601 12.893179 12.288208 12.519495
0.026729 11.257515 0.000043 0.000945 0.017936 0.481224 8.580357 11.261063 11.469511 13.316974 12.560130 12.857411
0.023065 11.240607 0.000064 0.001168 0.017936 0.492816 7.717897 11.281062 11.503440 12.532879 12.862696 12.596069
0.020736 11.239391 0.000068 0.001348 0.018349 0.481244 6.940049 11.181293 11.452274 12.337422 12.560651 12.360523
0.017705 11.231947 0.000082 0.001124 0.022044 0.470248 6.242317 11.255711 11.413483 12.827457 12.273668 12.474326
0.016342 11.213959 0.000050 0.001018 0.022044 0.474896 5.612067 11.222133 11.435106 12.687597 12.394966 12.454538
0.016357 11.216071 0.000065 0.001118 0.022044 0.475087 5.042174 11.233190 11.435172 12.574148 12.399957 12.397051
0.017127 11.224909 0.000062 0.001073 0.022044 0.473831 4.527477 11.231362 11.427223 11.742278 12.367184 11.962027
0.019476 11.240531 0.000060 0.000953 0.022044 0.457702 4.066155 11.200950 11.361639 11.498959 11.946199 11.649890
0.022371 11.257237 0.000050 0.000533 0.022044 0.446782 3.658837 11.268689 11.317622 12.169650 11.661188 11.861429
0.026373 11.270853 0.000018 0.000239 0.022044 0.457232 3.296873 11.310757 11.351118 12.097678 11.933940 11.950124
0.028696 11.289481 0.000015 0.000315 0.022044 0.462567 2.968002 11.284754 11.357247 12.351020 12.073171 12.146397
0.029824 11.306376 0.000024 0.000260 0.022044 0.470157 2.670220 11.344534 11.373019 12.059771 12.271285 12.093177
0.033596 11.318788 0.000011 0.000277 0.022044 0.468249 2.391374 11.282311 11.351717 10.635294 12.221494 11.353680
0.035708 11.322532 0.000023 0.000149 0.022044 0.439378 2.148921 11.235624 11.229714 10.962358 11.467927 11.191298
0.036048 11.317793 0.000001 -0.000450 0.019946 0.432824 1.951697 11.345574 11.200566 11.355731 11.296882 11.320842
0.032296 11.298689 -0.000039 -0.000501 0.018048 0.437052 1.776664 11.265600 11.214797 12.064222 11.407221 11.733967
0.026471 11.274378 -0.000013 -0.000304 0.016330 0.450432 1.610870 11.330724 11.270079 12.381268 11.756450 12.051347
0.022215 11.254019 -0.000016 0.000082 0.014776 0.460426 1.435816 11.239563 11.315382 11.873162 12.017307 11.909937
0.018323 11.237400 0.000023 0.000398 0.013370 0.452686 1.268622 11.224847 11.296762 12.135933 11.815272 11.947095
0.016190 11.226143 0.000022 0.000360 0.012098 0.453242 1.115990 11.251254 11.313773 12.306384 11.829792 12.033774
0.015902 11.233848 0.000019 0.000408 0.010947 0.456917 0.976724 11.255704 11.341561 12.526844 11.925702 12.182561
0.014602 11.234202 0.000026 0.000548 0.009905 0.463273 0.848739 11.262131 11.375956 12.480025 12.091601 12.229476
0.014437 11.238085 0.000034 0.000704 0.009095 0.465807 0.729784 11.248008 11.391330 12.142352 12.157758 12.086509
0.016200 11.250703 0.000042 0.000718 0.011369 0.461281 0.627521 11.251702 11.376110 12.426564 12.039614 12.173712
0.018735 11.277331 0.000037 0.000504 0.011369 0.466287 0.540089 11.326884 11.395283 13.375471 12.170270 12.708774
0.021082 11.310152 0.000021 0.000434 0.011369 0.488591 0.459315 11.387246 11.477250 13.773413 12.752423 13.172851
0.021074 11.327416 0.000027 0.000765 0.011369 0.507326 0.353353 11.356203 11.538918 13.789399 13.241398 13.404833
0.022422 11.347904 0.000054 0.000975 0.014409 0.516185 0.215839 11.382406 11.560958 12.841117 13.472645 13.037594
0.023566 11.361549 0.000053 0.001018 0.014409 0.501758 -0.009400 11.297451 11.493605 12.378038 13.096070 12.638417
0.023092 11.368155 0.000058 0.000640 0.015500 0.485177 1.219450 11.370811 11.427153 13.001193 12.663308 12.755667
0.022404 11.367126 0.000018 0.000306 0.015500 0.489738 1.098840 11.389545 11.446517 12.946171 12.782367 12.783297
0.019832 11.364421 0.000018 0.000419 0.015500 0.490359 0.989547 11.356619 11.450605 12.340880 12.798555 12.489481
0.015953 11.358152 0.000028 0.000472 0.015500 0.477065 0.892848 11.325018 11.407000 11.523481 12.451583 11.923398
0.013444 11.352303 0.000025 0.000279 0.015500 0.453078 0.820034 11.304453 11.331853 11.153208 11.825503 11.449363
0.013036 11.347094 0.000009 -0.000078 0.015500 0.434009 0.778290 11.330734 11.282904 10.960307 11.327809 11.120778
0.013094 11.344243 -0.000012 -0.000313 0.015500 0.422068 0.757361 11.327460 11.261448 10.916873 11.016132 10.952068
0.013856 11.345278 -0.000018 -0.000428 0.015500 0.416655 0.744016 11.352080 11.262379 10.860022 10.874852 10.855762
0.020944 11.395015 -0.000025 -0.000677 0.015500 0.414927 0.719864 11.428249 11.274529 10.435699 10.829754 10.622730
0.025993 11.392540 -0.000043 -0.000602 0.015500 0.408821 0.691273 11.334390 11.256747 9.644002 10.670403 10.156645
0.026543 11.349641 -0.000022 -0.000474 0.015500 0.393776 0.681625 11.284784 11.188979 9.931409 10.277706 10.130396
0.029101 11.345237 -0.000027 -0.000797 0.014025 0.394677 0.702932 11.367600 11.178607 10.485186 10.301238 10.428376
0.029617 11.323728 -0.000054 -0.000741 0.014470 0.407601 0.697201 11.302441 11.206929 10.681889 10.638559 10.688549
0.027494 11.294838 -0.000027 -0.000449 0.014470 0.417185 0.667886 11.292009 11.218973 11.023916 10.888693 10.982779
0.025395 11.258643 -0.000021 -0.000202 0.014470 0.427280 0.605311 11.242102 11.233091 10.850891 11.152174 11.020775
0.022535 11.213832 -0.000003 0.000098 0.014470 0.427399 0.518605 11.168598 11.208547 11.390162 11.155280 11.301888
0.018810 11.176112 0.000011 0.000166 0.014470 0.436917 0.419577 11.199756 11.222937 12.315233 11.403719 11.886142
0.014785 11.142845 0.000006 0.000409 0.014470 0.458268 0.257037 11.165748 11.283360 12.502844 11.960978 12.233366
0.011008 11.117449 0.000033 0.000847 0.014470 0.470094 -0.080677 11.119490 11.307449 12.260726 12.269640 12.250760
0.009604 11.107858 0.000054 0.001019 0.014470 0.468766 1.060540 11.097883 11.286821 11.747217 12.234985 11.975185
0.009139 11.099238 0.000054 0.000957 0.014589 0.457212 0.879388 11.063703 11.231443 11.737051 11.933426 11.833195
0.008695 11.095005 0.000048 0.000696 0.014589 0.451546 0.733578 11.105303 11.203057 12.623889 11.785533 12.212735
0.009209 11.102653 0.000029 0.000512 0.014589 0.466948 0.612246 11.163472 11.255956 13.417542 12.187518 12.792182
0.010611 11.117915 0.000027 0.000704 0.014589 0.490455 0.476559 11.173814 11.334496 13.492977 12.801070 13.105163
0.097717 11.151134 0.000047 0.000936 0.014589 0.526755 0.303688 11.184935 11.368105 31.861994 13.748519 23.657645
0.249231 11.173735 0.000053 0.000992 0.014589 0.706236 0.093267 12.524646 12.708538 43.963132 18.433031 29.235391
0.375621 11.188277 0.000054 0.007758 0.014589 0.813809 -0.226754 12.035856 14.473186 45.897324 21.240739 31.469910
0.485568 11.298348 0.000698 0.016202 0.187564 0.877482 -0.143341 12.559437 16.006798 68.384631 22.902621 33.329013
0.580435 11.565438 0.000989 0.022666 0.266016 0.934627 3.033469 14.184804 18.977227 99.986011 24.394125 34.875710
0.662210 11.978017 0.001378 0.035720 0.370494 0.986050 2.461128 15.887653 23.952372 115.011706 25.736300 36.145453
0.733651 12.583677 0.002318 0.058019 0.623399 1.023852 1.645499 16.642854 29.517861 112.992070 26.722952 37.195804
0.739890 13.239267 0.000000 0.000000 0.000000 0.000000 0.000000 13.239267 13.239267 36.876565 0.000000 36.876565
