0.000000 -0.004376 0.000000 0.000000 0.000000 0.000000 0.000000 0.000000 0.000000 6.833799 0.000000 6.833799
0.000000 -0.007731 0.000000 0.000000 0.000000 0.000000 0.000000 0.000000 0.000000 6.833883 0.000000 6.833883
0.000000 -0.004759 0.000000 0.000000 0.000000 0.000000 0.000000 0.000000 0.000000 6.833765 0.000000 6.833765
0.000000 0.073630 0.000000 0.000000 0.000000 0.000000 0.000000 0.000000 0.000000 6.833677 0.000000 6.833677
0.000000 0.255955 0.000000 0.000000 0.000000 0.000000 0.000000 0.000000 0.000000 6.833707 0.000000 6.833707
0.000000 0.454848 0.000000 0.000000 0.000000 0.000000 0.000000 0.000000 0.000000 6.833842 0.000000 6.833842
0.000000 0.622574 0.000000 0.000000 0.000000 0.000000 0.000000 0.000000 0.000000 6.834549 0.000000 6.834549
0.000000 0.741726 0.000000 0.000000 0.000000 0.000000 0.000000 0.000000 0.000000 6.838037 0.000000 6.838037
0.000000 0.818042 0.000000 0.000000 0.000000 0.000000 0.000000 0.000000 0.000000 6.846904 0.000000 6.846904
0.000000 0.878168 0.000000 0.000000 0.000000 0.000000 0.000000 0.000000 0.000000 6.857712 0.000000 6.857712
0.000000 0.927907 0.000000 0.000000 0.000000 0.000000 0.000000 0.000000 0.000000 6.855193 0.000000 6.855193
0.000000 0.969661 0.000000 0.000000 0.000000 0.000000 0.000000 0.000000 0.000000 6.846534 0.000000 6.846534
0.707942 1.044087 0.000000 0.000000 0.000000 0.000000 0.000000 0.000000 0.000000 6.837542 0.000000 6.837542
0.607755 1.085278 0.000000 0.000000 0.000000 0.000000 0.000000 0.000000 0.000000 6.830546 0.000000 6.830546
0.468051 1.097139 0.000000 0.000000 0.000000 0.000000 0.000000 0.000000 0.000000 6.827348 0.000000 6.827348
0.330150 1.144984 0.000000 0.000000 0.000000 0.000000 0.000000 0.000000 0.000000 6.831139 0.000000 6.831139
0.189031 1.203746 0.000000 0.000000 0.000000 0.000000 0.000000 0.000000 0.000000 6.846861 0.000000 6.846861
0.122244 1.275789 0.000000 0.000000 0.000000 0.000000 0.000000 0.000000 0.000000 6.844299 0.000000 6.844299
0.094421 1.356504 0.000000 0.000000 0.000000 0.000000 0.000000 0.000000 0.000000 6.836032 0.000000 6.836032
0.079611 1.443571 0.000000 0.000000 0.000000 0.000000 0.000000 0.000000 0.000000 6.830009 0.000000 6.830009
0.082276 1.533507 0.000000 0.000000 0.000000 0.000000 0.000000 0.000000 0.000000 6.818534 0.000000 6.818534
0.073888 1.623418 0.000000 0.000000 0.000000 0.000000 0.000000 0.000000 0.000000 6.818724 0.000000 6.818724
0.077083 1.715328 0.000000 0.000000 0.000000 0.000000 0.000000 0.000000 0.000000 6.818849 0.000000 6.818849
0.079039 1.808928 0.000000 0.000000 0.000000 0.000000 0.000000 0.000000 0.000000 6.821166 0.000000 6.821166
0.079844 1.908268 0.000000 0.000000 0.000000 0.000000 0.000000 0.000000 0.000000 6.823809 0.000000 6.823809
0.136733 2.141211 0.000000 0.000000 0.000000 0.000000 0.000000 0.000000 0.000000 6.824610 0.000000 6.824610
0.113695 2.206358 0.000000 0.000000 0.000000 0.000000 0.000000 0.000000 0.000000 6.830947 0.000000 6.830947
0.045165 2.153486 0.000000 0.000000 0.000000 0.000000 0.000000 0.000000 0.000000 6.834626 0.000000 6.834626
0.048927 2.257908 0.000000 0.000000 0.000000 0.000000 0.000000 0.000000 0.000000 6.833395 0.000000 6.833395
0.056085 2.369847 0.000000 0.000000 0.000000 0.000000 0.000000 0.000000 0.000000 6.829714 0.000000 6.829714
0.050981 2.468741 0.000000 0.000000 0.000000 0.000000 0.000000 0.000000 0.000000 6.830685 0.000000 6.830685
0.036301 2.563119 0.000000 0.000000 0.000000 0.000000 0.000000 0.000000 0.000000 6.838372 0.000000 6.838372
0.029873 2.659141 0.000000 0.000000 0.000000 0.000000 0.000000 0.000000 0.000000 6.839017 0.000000 6.839017
0.031462 2.752415 0.000000 0.000000 0.000000 0.000000 0.000000 0.000000 0.000000 6.834255 0.000000 6.834255
0.032554 2.847244 0.000000 0.000000 0.000000 0.000000 0.000000 0.000000 0.000000 6.832629 0.000000 6.832629
0.032034 2.948048 0.000000 0.000000 0.000000 0.000000 0.000000 0.000000 0.000000 6.831500 0.000000 6.831500
0.030997 3.046621 0.000000 0.000000 0.000000 0.000000 0.000000 0.000000 0.000000 6.830517 0.000000 6.830517
0.032868 3.140020 0.000000 0.000000 0.000000 0.000000 0.000000 0.000000 0.000000 6.827965 0.000000 6.827965
0.033365 3.238167 0.000000 0.000000 0.000000 0.000000 0.000000 0.000000 0.000000 6.827136 0.000000 6.827136
0.030903 3.334474 0.000000 0.000000 0.000000 0.000000 0.000000 0.000000 0.000000 6.830112 0.000000 6.830112
0.032494 3.429345 0.000000 0.000000 0.000000 0.000000 0.000000 0.000000 0.000000 6.828356 0.000000 6.828356
0.031463 3.525161 0.000000 0.000000 0.000000 0.000000 0.000000 0.000000 0.000000 6.828534 0.000000 6.828534
0.029460 3.620006 0.000000 0.000000 0.000000 0.000000 0.000000 0.000000 0.000000 6.830553 0.000000 6.830553
0.031425 3.718670 0.000000 0.000000 0.000000 0.000000 0.000000 0.000000 0.000000 6.830711 0.000000 6.830711
0.027651 3.811196 0.000000 0.000000 0.000000 0.000000 0.000000 0.000000 0.000000 6.837474 0.000000 6.837474
0.025767 3.896474 0.000000 0.000000 0.000000 0.000000 0.000000 0.000000 0.000000 6.837278 0.000000 6.837278
0.023683 3.985743 0.000000 0.000000 0.000000 0.000000 0.000000 3.985743 3.985743 6.836353 0.000000 6.836353
0.019911 4.081912 0.000000 -0.000510 0.000000 0.294058 0.000000 4.653161 4.489673 6.841210 7.675021 6.841210
0.019749 4.175041 -0.000048 0.001667 0.013039 0.177210 0.000048 3.732256 1038.687218 6.839430 4.625255 6.839430
0.017805 4.259077 0.000197 5.481197 0.053028 0.223353 -0.548243 4.840634 935.404504 6.837871 5.829612 6.837871
0.016527 4.345331 -0.000087 4.933469 0.053028 0.208422 -0.292631 4.021993 842.371490 11.185301 5.439888 11.185301
0.017848 4.436202 0.000171 4.440027 0.053028 0.428842 0.198143 5.183001 758.993392 11.029176 11.192951 11.029176
0.020647 4.535572 -0.000054 3.997699 0.053028 0.360416 -0.977349 4.005786 683.535768 10.865754 9.407007 10.865754
0.065579 4.845428 0.000277 3.596224 0.074576 0.368530 -0.623339 5.622619 615.772211 10.693885 9.618779 10.693885
0.072851 4.982898 -0.000172 3.236432 0.074576 0.358517 0.234523 4.548859 554.771017 10.532426 9.357431 10.532426
0.050814 4.950357 0.000167 2.913373 0.074576 0.355257 -2.020163 5.356515 499.873911 10.388724 9.272355 10.388724
0.062706 5.116519 -0.000052 2.621606 0.074576 0.349495 -1.566625 5.005242 450.478893 10.270302 9.121968 10.270302
0.063240 5.253731 0.000074 2.359146 0.074576 0.341663 -1.113163 5.535555 406.039409 10.139566 8.917537 10.139566
0.056927 5.361468 -0.000058 2.123100 0.074576 0.332217 -0.740771 5.310560 366.059975 9.928506 8.671008 9.928506
0.053685 5.506809 0.000035 1.910488 0.074576 0.317468 -0.415501 5.754733 330.095584 9.707734 8.286030 9.707734
0.049414 5.652175 -0.000067 1.719151 0.074576 0.302133 -0.017562 5.672927 297.754042 9.454293 7.885791 9.454293
0.039827 5.780313 -0.000009 1.547102 0.074576 0.284343 7.205081 5.979635 268.670082 9.197321 7.421471 9.197321
0.025918 5.901053 -0.000062 1.392353 0.074576 0.268120 6.461313 5.966594 242.521585 8.961483 6.998027 8.961483
0.015709 6.027550 -0.000017 1.253128 0.074576 0.252973 5.788782 6.218285 219.014152 8.635795 6.602706 8.635795
0.011241 6.152728 -0.000046 1.127904 0.067480 0.238120 5.177435 6.247287 197.875015 8.283066 6.215022 8.283066
0.005652 6.275060 -0.000008 1.015244 0.061058 0.225803 4.606456 6.446811 178.864553 8.076128 5.893556 8.076128
-0.000149 6.394189 -0.000022 0.913881 0.055248 0.218828 4.079112 6.509906 161.775331 7.865635 5.711486 7.865635
-0.005388 6.507172 0.000007 0.822730 0.049990 0.213342 3.614185 6.660744 146.404274 7.634218 5.568322 7.634218
-0.009550 6.617154 0.000008 0.740700 0.045233 0.207493 3.201145 6.731661 132.574940 7.501300 5.415649 7.501300
-0.009956 6.726261 0.000029 0.666843 0.040928 0.206129 2.844821 6.872747 120.140878 7.314971 5.380042 7.314971
-0.008487 6.842780 0.000029 0.600341 0.037034 0.204754 2.538342 6.958714 108.950977 7.162920 5.344161 7.162920
-0.005839 6.957891 0.000041 0.540438 0.033509 0.204393 2.264380 7.088740 98.883176 7.090697 5.334740 7.090697
-0.005410 7.061217 0.000038 0.486543 0.030321 0.206732 2.026638 7.166165 89.827947 7.031949 5.395775 7.031949
-0.002487 7.162279 0.000048 0.438026 0.027435 0.208945 1.824941 7.277475 81.679687 6.870923 5.453537 6.870923
0.003170 7.262259 0.000045 0.394321 0.024824 0.209624 1.656038 7.352573 74.340430 6.698718 5.471258 6.698718
0.008520 7.362673 0.000049 0.354900 0.022462 0.209350 1.498368 7.459506 67.731408 6.468308 5.464123 6.468308
0.010211 7.457128 0.000039 0.319380 0.020324 0.206189 1.348457 7.527834 61.776589 6.286202 5.381610 6.286202
0.006514 7.538566 0.000036 0.287395 0.018390 0.200491 1.193154 7.612559 56.418195 6.244956 5.232890 6.244956
0.004678 7.614565 0.000028 0.258599 0.016640 0.196753 1.058463 7.689348 51.611011 6.029907 5.135327 6.029907
0.001547 7.682032 0.000024 0.232770 0.015057 0.189344 0.944013 7.740864 47.282797 5.974492 4.941949 5.890173
-0.003422 7.743965 0.000025 0.209507 0.013624 0.184700 0.833020 7.821107 43.403573 6.053580 4.820733 5.862678
-0.005062 7.807927 0.000021 0.188613 0.012327 0.185141 0.745844 7.886526 39.933152 5.762743 4.832247 5.616324
-0.007667 7.870353 0.000026 0.169893 0.011154 0.177955 0.672318 7.924695 36.794153 5.721078 4.644683 5.491379
-0.009502 7.931094 0.000032 0.152939 0.010093 0.175126 0.598498 8.014043 33.985677 5.734468 4.570851 5.436637
-0.009547 7.987058 0.000025 0.137761 0.009132 0.176446 0.544411 8.049607 31.469952 5.561929 4.605302 5.289857
-0.010766 8.041556 0.000037 0.124142 0.009849 0.174129 0.495976 8.104286 29.196283 5.702437 4.544829 5.331970
-0.008470 8.097142 0.000037 0.111800 0.010003 0.179328 0.458047 8.175129 27.170072 5.525752 4.680526 5.221995
-0.006678 8.147331 0.000037 0.100797 0.010019 0.179723 0.436308 8.186208 25.328913 5.324651 4.690847 5.066749
-0.006877 8.197016 0.000048 0.090778 0.012834 0.176654 0.396837 8.251490 23.661551 5.393482 4.610731 5.066633
-0.004153 8.244274 0.000038 0.081693 0.012834 0.179462 0.358395 8.295100 22.176422 5.059808 4.684033 4.852989
-0.001950 8.292180 0.000038 0.073569 0.012834 0.174224 0.317328 8.317015 20.815169 4.908962 4.547317 4.699091
0.001393 8.339473 0.000036 0.066106 0.012834 0.170378 0.238807 8.383589 19.593748 4.703365 4.446933 4.523880
0.002508 8.378142 0.000021 0.059429 0.012834 0.166048 0.135306 8.392327 18.490730 4.457280 4.333925 4.322005
0.000039 8.407931 0.000022 0.053426 0.012834 0.158265 -0.113209 8.429335 17.491369 3.892965 4.130790 3.889579
-0.001101 8.438227 0.000012 0.047971 0.012834 0.140629 0.141652 8.428145 16.568859 3.242676 3.670481 3.320157
-0.003232 8.487966 0.000006 0.042819 0.012834 0.116925 -0.062794 8.504890 15.729836 2.964502 3.051798 2.933504
-0.006412 8.496381 -0.000025 0.038328 0.012834 0.099754 0.303942 8.483262 15.000179 2.544834 2.603609 2.509025
-0.008579 8.483345 -0.000018 0.034531 0.012834 0.084632 0.260673 8.479162 14.344245 1.806259 2.208940 1.900072
-0.011425 8.500521 -0.000016 0.030965 0.012834 0.061942 0.194638 8.488493 13.730757 1.375897 1.616698 1.425611
-0.013527 8.511224 -0.000026 0.027657 0.011613 0.043546 0.082364 8.511998 13.191392 0.773494 1.136577 0.876662
-0.018752 8.512314 -0.000035 0.024793 0.010508 0.022459 -0.109196 8.486313 12.697231 0.450604 0.586195 0.484387
-0.022444 8.507813 -0.000031 0.022199 0.009508 0.006223 0.043655 8.515208 12.268485 0.181420 0.162432 0.164921
-0.020488 8.496696 -0.000039 0.019986 0.010559 -0.003407 0.038644 8.483259 11.892679 -0.460590 -0.088923 -0.337709
-0.020850 8.496992 -0.000026 0.017993 0.010559 -0.019400 -0.056316 8.481105 11.526236 -0.665933 -0.506356 -0.606894
-0.020162 8.503581 -0.000031 0.016016 0.010559 -0.028029 0.142898 8.510023 11.212432 -0.993205 -0.731560 -0.892857
-0.018837 8.504992 -0.000039 0.014346 0.010559 -0.036807 0.102030 8.482050 10.922770 -1.331191 -0.960673 -1.184098
-0.017483 8.500625 -0.000033 0.012834 0.010559 -0.046537 0.046649 8.488694 10.653764 -1.472925 -1.214642 -1.355525
-0.015199 8.477172 -0.000039 0.011533 0.010559 -0.050359 0.076756 8.449278 10.417429 -1.928755 -1.314397 -1.676790
-0.013143 8.469531 -0.000030 0.010321 0.010559 -0.060226 0.071984 8.441311 10.178218 -2.176850 -1.571913 -1.911018
-0.011537 8.453500 -0.000037 0.009139 0.010559 -0.068158 -0.043693 8.419510 9.962005 -2.475489 -1.778956 -2.160566
-0.014157 8.411054 -0.000040 0.008218 0.010633 -0.077051 0.151759 8.353926 9.756546 -2.642450 -2.011060 -2.332462
-0.016338 8.376912 -0.000032 0.007310 0.010633 -0.084590 0.052093 8.349647 9.572929 -2.682091 -2.207845 -2.411901
-0.013012 8.357434 -0.000040 0.006441 0.010784 -0.087220 -0.004189 8.329372 -4.219598 -3.067844 -2.276474 -2.676522
-0.009737 8.339648 -0.000040 -0.066549 0.010813 -0.096332 0.003037 8.290648 13.281296 -3.428756 -2.514302 -2.975047
-0.007566 8.338140 -0.000042 0.026193 0.011177 -0.107739 -0.005599 8.310012 12.720860 -3.646708 -2.812018 -3.199247
-0.007244 8.337130 -0.000062 0.023228 0.016552 -0.119213 3.794410 8.298471 12.222133 -3.797248 -3.111500 -3.384003
-0.013100 8.299309 -0.000069 0.020786 0.018653 -0.129367 3.406731 8.250394 11.780267 -4.100303 -3.376525 -3.660896
-0.022467 8.244968 -0.000063 0.018733 0.018653 -0.144537 3.059002 8.188293 11.374403 -4.421528 -3.772467 -3.993693
-0.032384 8.182915 -0.000054 0.016911 0.018653 -0.161853 2.752855 8.131682 11.008323 -4.660254 -4.224419 -4.291018
-0.038536 8.119602 -0.000047 0.015307 0.018653 -0.175818 2.487005 8.078425 10.687937 -4.874275 -4.588910 -4.549206
-0.030544 8.149917 -0.000036 0.013448 0.018653 -0.184292 2.257576 8.186478 10.413501 -5.029475 -4.810107 -4.727600
-0.037495 8.040207 -0.000069 0.012576 0.018653 -0.187890 2.055193 7.907329 10.160310 -5.166757 -4.904001 -4.855422
-0.053614 7.847063 0.000012 0.012257 0.018653 -0.188109 1.871083 7.779851 9.909986 -5.234749 -4.909710 -4.908319
-0.054841 7.770292 0.000041 0.011338 0.018653 -0.185384 1.699883 7.739143 9.672515 -5.026403 -4.838604 -4.737291
-0.052496 7.683823 0.000042 0.010538 0.018653 -0.172514 1.544304 7.625987 9.460066 -4.942062 -4.502673 -4.591088
-0.046951 7.602138 0.000066 0.009845 0.018653 -0.158935 1.401251 7.551288 9.242503 -4.886562 -4.148274 -4.453220
-0.041933 7.521773 0.000072 0.009118 0.019233 -0.146428 1.253650 7.444777 9.017047 -4.656329 -3.821817 -4.183688
-0.040702 7.427738 0.000080 0.008421 0.021404 -0.131159 1.096405 7.353766 8.797775 -4.359842 -3.423301 -3.844556
-0.041454 7.333742 0.000081 0.007758 0.021677 -0.116473 0.934125 7.250004 8.583654 -4.109693 -3.040000 -3.542544
-0.039498 7.252336 0.000083 0.007054 0.022328 -0.105227 0.791778 7.176856 8.373176 -3.922023 -2.746458 -3.306395
-0.036212 7.175650 0.000074 0.006345 0.022328 -0.096665 0.672054 7.089684 8.168422 -3.693865 -2.522998 -3.052636
-0.034419 7.112190 0.000068 0.005597 0.022328 -0.088539 0.561896 7.045533 7.978138 -3.463087 -2.310914 -2.800766
-0.032693 7.068422 0.000050 0.004820 0.022328 -0.082839 0.460422 7.003423 7.803856 -3.223749 -2.162133 -2.557792
-0.030341 7.022312 0.000033 0.004141 0.022328 -0.078122 0.390956 6.960661 7.648940 -3.019302 -2.039007 -2.351923
-0.024964 7.003373 0.000021 0.003421 0.022328 -0.073998 0.364905 6.966661 7.513502 -2.829223 -1.931384 -2.164788
-0.024091 6.952562 -0.000003 0.002972 0.022328 -0.070625 0.351275 6.876362 7.392488 -2.624536 -1.843349 -1.973648
-0.025583 6.874923 0.000005 0.002742 0.022328 -0.065562 0.347408 6.817287 7.284246 -2.494500 -1.711203 -1.836982
-0.025466 6.828396 0.000005 0.002415 0.022328 -0.062198 0.295725 6.780646 7.182024 -2.384242 -1.623381 -1.725131
-0.026178 6.788474 -0.000001 0.002085 0.022328 -0.060991 0.152259 6.739720 7.087654 -2.180605 -1.591898 -1.549462
-0.023901 6.750916 -0.000005 0.001784 0.022328 -0.056405 -0.173509 6.717306 7.011412 -1.843066 -1.472185 -1.254896
-0.019960 6.709835 -0.000010 0.001598 0.020203 -0.044904 0.119553 6.677041 6.954438 -1.582520 -1.172010 -0.997314
-0.015104 6.680437 -0.000005 0.001452 0.018281 -0.033648 -0.267742 6.653471 6.897355 -1.406309 -0.878233 -0.807464
-0.009695 6.670916 -0.000007 0.001200 0.016541 -0.026039 -0.051855 6.646688 6.836528 -1.174227 -0.679639 -0.585117
-0.008504 6.657131 -0.000015 0.000951 0.014967 -0.019286 0.893021 6.629723 6.782826 -0.876776 -0.503376 -0.315114
-0.006576 6.630625 -0.000019 0.000806 0.013543 -0.011348 0.770819 6.604347 6.740607 -0.719468 -0.296178 -0.157407
-0.002300 6.609430 -0.000017 0.000695 0.012254 -0.005581 0.683936 6.582890 6.696882 -0.564017 -0.145657 -0.009494
0.000545 6.590011 -0.000018 0.000566 0.011088 -0.000339 0.603531 6.565458 6.655945 -0.401924 -0.008859 0.141369
0.001274 6.564971 -0.000020 0.000482 0.010033 0.004942 0.534191 6.536161 6.618426 -0.299217 0.128976 0.243383
0.000070 6.541195 -0.000018 0.000409 0.009078 0.006979 0.466518 6.514261 6.579742 -0.091088 0.182155 0.417872
-0.002803 6.509994 -0.000019 0.000370 0.008214 0.011498 0.412999 6.486822 6.553010 0.162822 0.300113 0.636661
-0.002730 6.483258 -0.000015 0.000370 0.007432 0.018373 0.387189 6.470480 6.536108 1.765450 0.479554 1.977859
0.000567 6.467603 -0.000012 0.000363 0.006725 0.072556 0.386797 6.558280 6.622236 1.888686 1.893753 2.252083
0.002458 6.453203 -0.000009 0.000896 0.006085 0.084057 0.375129 6.368775 6.604966 2.171242 2.193922 2.520549
0.007473 6.455951 0.000045 0.000790 0.012041 0.095163 0.349958 6.524052 6.588425 2.515007 2.483796 2.839870
0.014072 6.483679 -0.000003 0.000555 0.012041 0.108127 0.309408 6.453638 6.580207 2.957664 2.822149 3.248574
0.022956 6.516771 0.000017 0.000336 0.012041 0.123658 0.265367 6.577076 6.583662 3.327582 3.227526 3.603846
0.029454 6.537187 -0.000016 0.000246 0.012041 0.138385 0.256255 6.512510 6.586249 3.690367 3.611891 3.952092
0.034421 6.565327 0.000005 0.000111 0.012041 0.151027 0.218180 6.613255 6.589831 4.136908 3.941868 4.364255
0.042340 6.615549 -0.000022 -0.000136 0.012041 0.165982 0.207948 6.631487 6.606506 4.503672 4.332204 4.714568
0.052447 6.670610 -0.000021 -0.000340 0.012041 0.178390 0.218769 6.714306 6.625314 4.811029 4.656038 5.006247
0.064570 6.735746 -0.000039 -0.000585 0.012041 0.190341 0.223477 6.764105 6.647565 5.142342 4.967980 5.317962
0.072526 6.789145 -0.000046 -0.000750 0.012287 0.202500 0.161569 6.821785 6.674330 5.451233 5.285331 5.611458
0.086383 6.907677 -0.000054 -0.001236 0.014513 0.212689 0.019050 6.988388 6.709661 5.798474 5.551271 5.930798
0.080446 6.880505 -0.000092 -0.000905 0.024777 0.222681 -1.836899 6.812073 6.744619 6.177733 5.812063 6.273704
0.063440 6.776203 -0.000029 -0.000167 0.024777 0.233779 -1.622310 6.773947 6.774218 6.575302 6.101719 6.632360
0.057361 6.794947 -0.000008 -0.000110 0.024777 0.243896 -1.431392 6.845991 6.810534 7.044942 6.365784 7.042888
0.048115 6.814493 -0.000018 -0.000021 0.024777 0.253530 -1.286010 6.838403 6.860038 7.506328 6.617235 7.435267
0.045628 6.843367 -0.000000 0.000088 0.024777 0.263705 -1.216202 6.911625 6.922658 7.681985 6.882806 7.588221
0.045714 6.887686 -0.000003 0.000185 0.024777 0.268672 -1.198553 6.926320 6.976947 7.829133 7.012446 7.698523
0.053221 6.950821 0.000010 0.000138 0.024777 0.273402 -1.167457 7.029473 7.033386 7.728647 7.135888 7.607226
0.059277 7.026382 -0.000004 0.000037 0.024777 0.274108 -1.099158 7.066771 7.075546 7.731475 7.154339 7.590586
0.054954 7.100812 -0.000002 -0.000134 0.024777 0.271920 -0.921750 7.169776 7.119803 7.976246 7.097223 7.753406
0.046107 7.170562 -0.000019 -0.000269 0.024777 0.273002 -0.721972 7.234751 7.188438 7.808384 7.125466 7.596995
0.038254 7.249200 -0.000017 -0.000322 0.024777 0.259166 -0.525586 7.310138 7.243894 7.607852 6.764324 7.336662
0.032142 7.334213 -0.000023 -0.000479 0.022419 0.243552 -0.323709 7.414465 7.313918 7.495438 6.356795 7.124330
0.027021 7.409656 -0.000033 -0.000507 0.020286 0.231663 -0.111223 7.488139 7.405824 7.149497 6.046484 6.751026
0.026182 7.484207 -0.000027 -0.000415 0.018355 0.217671 0.241201 7.560817 7.493417 6.637917 5.681287 6.244812
0.017282 7.562623 -0.000023 -0.000367 0.016608 0.199667 -0.050027 7.633239 7.569508 6.639992 5.211383 6.087879
0.006734 7.629457 -0.000022 -0.000318 0.015028 0.191420 1.378610 7.729729 7.678801 6.378799 4.996144 5.798456
-0.001755 7.684915 -0.000018 -0.000032 0.013598 0.180755 1.220370 7.749039 7.779387 6.003052 4.717782 5.413964
-0.010772 7.749834 0.000007 0.000157 0.012304 0.166264 1.078448 7.843403 7.869366 6.139147 4.339544 5.361550
-0.013356 7.822230 0.000006 0.000250 0.011133 0.166458 0.965308 7.935414 7.994775 5.953863 4.344619 5.185983
-0.014468 7.889103 0.000016 0.000560 0.010074 0.164673 0.879134 7.968413 8.100567 5.763252 4.298028 5.000213
-0.016361 7.958415 0.000038 0.000753 0.010115 0.162555 0.796255 8.056361 8.192297 5.755922 4.242738 4.944267
-0.015289 8.043085 0.000039 0.000791 0.010508 0.164996 0.721699 8.141878 8.286789 5.523239 4.306465 4.774339
-0.014223 8.127937 0.000042 0.000842 0.011308 0.162464 0.652467 8.204764 8.358884 5.408764 4.240369 4.653655
-0.014019 8.209796 0.000045 0.000790 0.012121 0.160811 0.580113 8.298304 8.428458 5.424222 4.197239 4.629573
-0.011984 8.295322 0.000038 0.000705 0.012121 0.162395 0.513650 8.381656 8.503863 5.342332 4.238564 4.569869
-0.012042 8.370743 0.000036 0.000705 0.012121 0.162447 0.457005 8.441823 8.570361 5.369515 4.239939 4.572166
-0.010608 8.451226 0.000038 0.000631 0.012121 0.163940 0.407625 8.540425 8.640123 5.249722 4.278888 4.493713
-0.008305 8.521125 0.000030 0.000631 0.012121 0.163113 0.381927 8.575882 8.698421 5.081634 4.257320 4.369140
-0.006112 8.579274 0.000037 0.000631 0.012121 0.160845 0.348078 8.641591 8.746110 5.015443 4.198125 4.300231
-0.003850 8.646300 0.000031 0.000529 0.012121 0.161013 0.306864 8.709164 8.795226 4.946947 4.202509 4.254477
0.033892 9.024642 0.000026 -0.001216 0.012121 0.160266 0.246348 9.330852 8.871996 4.861706 4.182997 4.192153
0.027458 9.011658 -0.000135 -0.000740 0.036420 0.160071 0.183356 8.805379 8.935037 4.926933 4.177908 4.229556
-0.009547 8.733752 0.000038 0.001067 0.036420 0.162610 -0.256456 8.730610 8.969068 5.000841 4.244184 4.298094
-0.001682 8.820662 0.000071 0.000786 0.036420 0.166214 -0.024845 8.947414 9.008939 4.741239 4.338262 4.174698
0.003342 8.910101 0.000019 0.000524 0.036420 0.162183 2.360528 8.909388 9.028193 4.828657 4.233046 4.193339
0.006290 8.980276 0.000036 0.000254 0.036420 0.162590 2.086752 9.080054 9.066468 4.790693 4.243666 4.176719
0.005589 9.036447 -0.000003 0.000159 0.036420 0.161887 1.842789 9.041115 9.103019 4.823504 4.225322 4.192024
0.001646 9.099767 0.000019 0.000017 0.036420 0.159488 1.611132 9.189942 9.145947 5.139980 4.162690 4.354261
0.001565 9.157847 -0.000012 -0.000063 0.036420 0.163272 1.431103 9.202835 9.217801 4.977118 4.261463 4.290806
-0.000954 9.205331 0.000005 0.000066 0.036420 0.159907 1.292658 9.259075 9.268301 5.072945 4.173645 4.308438
-0.003877 9.250769 0.000003 0.000093 0.036420 0.159234 1.164218 9.309149 9.331573 5.028622 4.156078 4.268916
-0.006052 9.285680 0.000007 0.000243 0.036420 0.157804 1.060170 9.329996 9.390074 4.831803 4.118753 4.133753
-0.006264 9.329482 0.000018 0.000321 0.032954 0.153159 0.939641 9.380629 9.435573 4.950428 3.997506 4.150231
-0.004328 9.382756 0.000017 0.000280 0.029818 0.155819 0.816043 9.453360 9.499194 5.016609 4.066932 4.210526
-0.000885 9.432806 0.000014 0.000352 0.026980 0.160585 0.700022 9.485031 9.561223 4.980592 4.191323 4.237008
0.004928 9.488706 0.000023 0.000384 0.024413 0.165236 0.598580 9.548715 9.611041 4.873353 4.312714 4.226661
0.007624 9.531097 0.000019 0.000424 0.022090 0.167893 0.483584 9.557540 9.643584 4.856047 4.382070 4.251089
0.007846 9.569724 0.000026 0.000391 0.019987 0.170196 0.348022 9.613743 9.670470 5.042929 4.442189 4.388883
0.007926 9.615500 0.000017 0.000291 0.018085 0.175196 0.206549 9.660343 9.708410 5.338080 4.572698 4.614280
0.010144 9.663305 0.000015 0.000239 0.016364 0.183390 0.122305 9.721017 9.759242 5.251695 4.786554 4.658205
0.010594 9.707133 0.000012 0.000276 0.014807 0.184763 0.161895 9.729659 9.787664 5.223683 4.822388 4.664581
0.010126 9.744329 0.000018 0.000230 0.013398 0.183643 0.202266 9.785081 9.812347 5.234417 4.793149 4.665031
0.007829 9.786752 0.000009 0.000136 0.012123 0.182393 0.258894 9.819995 9.841694 5.318216 4.760541 4.702669
0.004996 9.827006 0.000007 0.000078 0.010969 0.180968 0.294464 9.872937 9.880548 5.204401 4.723342 4.626300
0.002199 9.854311 0.000003 0.000139 0.009925 0.176415 0.340373 9.874194 9.912708 4.864748 4.604511 4.391924
-0.002955 9.891503 0.000012 0.000112 0.008981 0.165090 0.340153 9.924167 9.929405 5.252405 4.308914 4.477143
-0.004691 9.936370 0.000002 -0.000037 0.008126 0.166497 0.325900 10.014353 9.998322 5.335079 4.345640 4.530718
0.037545 10.426702 -0.000004 -0.002270 0.007353 0.167852 0.327598 10.828124 10.112703 5.505132 4.381006 4.629084
0.030043 10.369275 -0.000212 -0.001360 0.056935 0.172936 0.322633 10.083477 10.219642 5.582032 4.513704 4.720284
-0.012071 9.950700 0.000040 0.001425 0.056935 0.180901 0.229742 9.921725 10.269995 5.428856 4.721585 4.721809
-0.004738 10.053717 0.000103 0.001146 0.056935 0.183084 -0.195803 10.210451 10.299507 5.477230 4.778575 4.774180
0.003857 10.147659 0.000027 0.000805 0.056935 0.187202 0.485024 10.147942 10.334840 5.243109 4.886039 4.701044
0.007492 10.216739 0.000056 0.000626 0.056935 0.186078 0.029058 10.297594 10.348848 5.373134 4.856709 4.764611
0.005875 10.267827 0.000016 0.000429 0.056935 0.190080 -8.720164 10.281354 10.378087 5.781548 4.961160 5.032782
0.006016 10.318256 0.000029 0.000317 0.056935 0.198467 -7.821707 10.407096 10.431423 5.799067 5.180077 5.143219
0.005388 10.374882 0.000008 0.000300 0.056935 0.201270 -7.018420 10.393867 10.470526 5.936687 5.253214 5.251547
0.004945 10.437118 0.000023 0.000177 0.056935 0.202940 -6.298119 10.521139 10.516605 6.069648 5.296825 5.341272
0.007028 10.489264 -0.000001 0.000145 0.056935 0.205690 -5.659261 10.519645 10.569751 5.775887 5.368592 5.223142
0.006987 10.538301 0.000015 0.000167 0.056935 0.201127 -5.084857 10.582676 10.596056 5.650902 5.249493 5.107960
0.004734 10.590739 0.000005 0.000028 0.051517 0.195606 -4.559539 10.626215 10.624549 5.773748 5.105398 5.106111
0.003327 10.629192 0.000000 -0.000025 0.046615 0.194279 -4.085826 10.679900 10.673339 5.729031 5.070767 5.066352
0.002330 10.658075 -0.000001 0.000081 0.042179 0.192960 -3.663644 10.688212 10.719410 5.364876 5.036339 4.866214
0.052668 11.270936 0.000010 -0.002922 0.038165 0.184624 -3.276340 11.760871 10.798318 5.335245 4.818753 4.750918
0.042526 11.186729 -0.000285 -0.002058 0.076648 0.181116 -2.911571 10.764760 10.874505 5.361188 4.727212 4.721297
-0.013345 10.618993 0.000032 0.001354 0.076648 0.181457 -2.513868 10.548220 10.894794 5.662214 4.736112 4.879666
-0.007728 10.708497 0.000102 0.000987 0.076648 0.187779 -2.139626 10.903682 10.943128 5.560409 4.901117 4.903480
0.000714 10.811470 0.000012 0.000698 0.076648 0.190328 -1.819934 10.785372 10.977633 5.234570 4.967636 4.775567
0.002421 10.879668 0.000057 0.000519 0.076648 0.185983 -1.514275 10.974406 10.987138 5.418246 4.854220 4.817763
0.001229 10.917520 0.000004 0.000369 0.076648 0.186979 -1.220074 10.912794 11.020959 5.415600 4.880216 4.831440
-0.002315 10.956658 0.000032 0.000341 0.076648 0.186278 -0.960023 11.030461 11.053240 5.744710 4.861921 4.985517
-0.004572 11.005912 0.000007 0.000251 0.076648 0.189736 -0.737107 11.050105 11.112339 5.940564 4.952191 5.121468
-0.003276 11.064894 0.000019 0.000251 0.076648 0.194192 -0.651504 11.148192 11.179060 5.845761 5.068497 5.127291
-0.002906 11.119503 0.000010 0.000316 0.076648 0.194276 -0.607641 11.152752 11.229306 6.086423 5.070687 5.241769
-0.003261 11.167856 0.000023 0.000326 0.076648 0.199071 -0.579010 11.253382 11.296605 5.997909 5.195836 5.256067
-0.004610 11.213285 0.000013 0.000441 0.069354 0.199642 -0.540943 11.239203 11.346268 5.849782 5.210729 5.189942
-0.005390 11.263752 0.000032 0.000437 0.062754 0.196741 -0.472805 11.329599 11.384224 5.934983 5.135020 5.192075
-0.004031 11.312105 0.000017 0.000382 0.056782 0.197162 -0.381403 11.355952 11.434855 5.849106 5.145997 5.154337
-0.004194 11.353873 0.000024 0.000429 0.051378 0.196920 -0.260458 11.403049 11.477596 3.596626 5.139681 4.084626
-0.003550 11.398093 0.000023 0.000421 0.046489 0.154554 -0.032639 11.282556 11.358073 4.416565 4.033919 3.936322
-0.002624 11.437580 0.000023 -0.000421 0.042065 0.149745 1.386351 11.589267 11.393691 4.079136 3.908395 3.716052
-0.001523 11.472656 -0.000057 -0.000418 0.038062 0.142025 1.208294 11.391712 11.413934 3.984788 3.706899 3.573763
0.002492 11.519954 0.000007 -0.000562 0.034440 0.138380 1.040351 11.642641 11.444629 3.721439 3.611766 3.406644
0.022083 11.763420 -0.000058 -0.001689 0.031163 0.133447 0.877927 11.867974 11.484438 3.532422 3.483015 3.259629
0.018057 11.753603 -0.000114 -0.001426 0.030569 0.128367 0.716756 11.665678 11.514927 3.254535 3.350421 3.070314
-0.000894 11.576840 -0.000045 -0.000328 0.030569 0.120017 0.545863 11.498837 11.514185 2.862345 3.132486 2.785106
-0.002785 11.615823 0.000004 -0.000539 0.030569 0.107195 0.357456 11.689879 11.504816 3.166880 2.797825 2.762247
-0.004931 11.652569 -0.000055 -0.000783 0.030569 0.104067 0.132201 11.649406 11.546276 3.547711 2.716195 2.895718
-0.007358 11.665664 -0.000031 -0.000633 0.030569 0.108321 -0.039313 11.738794 11.618339 3.467556 2.827208 2.909850
-0.009656 11.674624 -0.000037 -0.000298 0.030569 0.108708 -0.389009 11.669589 11.670269 3.322495 2.837314 2.844211
-0.010393 11.696155 -0.000001 -0.000137 0.030569 0.106592 -0.430548 11.752489 11.707939 2.787223 2.782093 2.566745
-0.012891 11.720262 -0.000014 -0.000065 0.030569 0.095785 -0.431733 11.694850 11.709543 2.870543 2.500017 2.463917
-0.015878 11.740130 0.000004 -0.000162 0.030569 0.091012 -0.385714 11.803145 11.739393 3.329340 2.375448 2.611232
-0.015677 11.745691 -0.000020 -0.000033 0.030569 0.097524 -0.398274 11.768701 11.808995 3.164777 2.545409 2.615148
-0.009547 11.755865 0.000011 0.000282 0.030569 0.101343 -0.465125 11.790381 11.848467 2.680233 2.645089 2.443034
-0.002881 11.767135 0.000017 0.000431 0.027660 0.100422 -0.480990 11.751079 11.842875 2.557200 2.621056 2.383476
-0.001695 11.781073 0.000027 0.000327 0.025028 0.101833 -0.406883 11.800451 11.832077 2.600952 2.657870 2.434760
-0.002071 11.781718 0.000009 0.000267 0.022646 0.104084 -0.299814 11.762617 11.822926 2.277751 2.716632 2.330317
0.001179 11.781746 0.000018 0.000218 0.020491 0.100232 -0.210477 11.765316 11.787074 1.774919 2.616102 2.065261
0.002900 11.776906 0.000006 0.000054 0.018541 0.090324 -0.069054 11.725355 11.725234 1.820634 2.357488 1.971548
0.003813 11.757211 -0.000000 -0.000169 0.016777 0.086441 0.485493 11.743879 11.689614 1.559107 2.256154 1.815409
0.002926 11.738487 -0.000016 -0.000259 0.015180 0.080219 0.358821 11.683772 11.644100 1.347149 2.093747 1.651338
-0.000952 11.719525 -0.000012 -0.000400 0.013736 0.071376 0.195955 11.694143 11.597659 1.380075 1.862933 1.562119
-0.003346 11.704789 -0.000029 -0.000568 0.012429 0.065127 -0.006640 11.678391 11.573458 -14.601509 1.699833 -5.842138
-0.004697 11.689375 -0.000031 -0.000614 0.011246 -0.236479 3.975694 10.519468 10.406355 -6.691094 -6.172200 -6.096691
-0.005526 11.678390 -0.000034 -0.006740 0.010176 -0.246747 3.570333 12.568008 10.496039 -6.725186 -6.440200 -6.260521
-0.009871 11.607802 -0.000615 -0.005891 0.165400 -0.252743 3.221657 10.819031 10.586609 -6.965765 -6.596695 -6.464718
-0.021561 11.444495 -0.000072 -0.004546 0.165400 -0.259113 2.652282 11.918180 10.645712 -7.031275 -6.762942 -6.589114
-0.018991 11.464584 -0.000381 -0.004339 0.165400 -0.262498 2.091903 11.082304 10.708197 -6.803419 -6.851302 -6.535312
-0.033386 11.276698 -0.000116 -0.003012 0.165400 -0.259037 1.539474 11.435674 10.768509 -7.018794 -6.760977 -6.610096
-0.068490 10.941971 -0.000203 -0.000919 0.165400 -0.262879 0.979166 10.528367 10.767213 -6.481536 -6.861240 -6.382871
-0.087641 10.835130 0.000065 -0.000360 0.165400 -0.259974 0.371370 11.107996 10.801460 -7.029288 -6.785421 -6.667348
-0.098063 10.750783 -0.000096 0.000269 0.165400 -0.276599 0.513856 10.447379 10.778759 -8.872458 -7.219342 -7.884536
-0.109547 10.690305 0.000094 0.000469 0.165400 -0.328390 0.920210 10.765114 10.650382 -9.255569 -8.571113 -8.660154
-0.118581 10.656550 -0.000038 -0.000033 0.165400 -0.362752 0.965643 10.520209 10.601509 -10.242930 -9.467962 -9.604324
-0.122326 10.652321 0.000021 -0.000269 0.165400 -0.400432 1.104936 10.701975 10.550554 -11.745798 -10.451432 -10.878557
-0.129578 10.670644 -0.000048 -0.000636 0.165400 -0.451667 0.897340 10.551989 10.468972 -11.458819 -11.788686 -11.259770
-0.137661 10.668636 -0.000028 -0.001058 0.149660 -0.468707 0.439268 10.785805 10.512790 -11.593454 -12.233432 -11.549343
-0.145305 10.626079 -0.000084 -0.000600 0.135418 -0.479462 0.388442 10.544572 10.570394 -12.317394 -12.514158 -12.123764
-0.151871 10.591684 0.000005 -0.000113 0.122531 -0.498992 0.601123 10.643602 10.586750 -12.387826 -13.023901 -12.402144
-0.157934 10.565113 -0.000019 0.000115 0.110871 -0.506067 0.824529 10.548315 10.630579 -12.642921 -13.208541 -12.653287
-0.163538 10.526829 0.000022 0.000550 0.100320 -0.512346 1.091010 10.550538 10.661102 -13.432538 -13.372437 -13.148293
-0.165546 10.476907 0.000031 0.000976 0.090773 -0.527112 1.305442 10.413657 10.638337 -13.812445 -13.757822 -13.541742
-0.164371 10.431974 0.000065 0.001093 0.082135 -0.536074 1.412880 10.442679 10.613751 -14.047479 -13.991742 -13.786493
-0.164298 10.390996 0.000049 0.001180 0.074319 -0.538822 1.454158 10.345620 10.587445 -14.302608 -14.063455 -13.957538
-0.166097 10.340820 0.000071 0.001307 0.067247 -0.540806 1.442935 10.319687 10.545490 -13.977533 -14.115239 -13.833833
-0.168631 10.279926 0.000067 0.001407 0.060847 -0.532970 1.429313 10.258075 10.528891 -13.352064 -13.910716 -13.446514
-0.170368 10.200850 0.000080 0.001738 0.055057 -0.515372 1.443646 10.195464 10.536481 -13.103896 -13.451411 -13.106269
-0.170232 10.124292 0.000101 0.002184 0.049817 -0.498458 1.484925 10.092482 10.520390 -13.156905 -13.009952 -12.910431
-0.169151 10.061264 0.000128 0.002433 0.045077 -0.487603 1.503278 10.025664 10.463851 -13.515722 -12.726639 -12.935581
-0.169546 10.010350 0.000131 0.002403 0.040787 -0.486986 1.480871 9.941043 10.361445 -13.632178 -12.710523 -12.972217
-0.172183 9.966876 0.000126 0.002091 0.036906 -0.489588 1.409837 9.920901 10.255347 -13.108853 -12.778439 -12.756219
-0.174665 9.910404 0.000101 0.001828 0.033394 -0.483328 1.332929 9.878116 10.196961 -12.887292 -12.615064 -12.567871
-0.176337 9.850403 0.000097 0.001836 0.030216 -0.477317 1.270438 9.808549 10.142622 -12.895285 -12.458164 -12.485888
-0.179268 9.790789 0.000102 0.001864 0.027371 -0.475270 1.208854 9.744974 10.075832 -12.711669 -12.404741 -12.375490
-0.183953 9.736125 0.000101 0.001800 0.027371 -0.472808 1.138449 9.706852 10.019668 -12.317614 -12.340480 -12.178748
-0.190465 9.691086 0.000096 0.001741 0.027371 -0.468046 1.069722 9.680127 9.988463 -11.520174 -12.216189 -11.808132
-0.195979 9.649182 0.000095 0.001798 0.027371 -0.456880 1.022136 9.674752 10.004862 -11.239593 -11.924743 -11.539980
-0.198417 9.615040 0.000101 0.002066 0.027371 -0.447760 1.014879 9.616811 10.015420 -11.551494 -11.686722 -11.511126
-0.199981 9.596589 0.000122 0.002219 0.032743 -0.446932 1.016055 9.590189 9.983315 -11.325372 -11.665093 -11.428000
-0.199911 9.581842 0.000120 0.002127 0.032743 -0.443401 1.025308 9.599729 9.967732 -11.913344 -11.572938 -11.580020
-0.200706 9.562478 0.000113 0.002147 0.032743 -0.448542 1.012624 9.508064 9.902593 -11.863690 -11.707113 -11.651345
-0.203503 9.549697 0.000121 0.001870 0.032743 -0.451229 0.947440 9.571681 9.855982 -10.545966 -11.777268 -11.266078
-0.190580 9.699211 0.000089 0.000831 0.032743 -0.433723 0.885566 9.890267 9.929336 -10.388098 -11.320352 -10.946109
-0.192934 9.636149 0.000016 0.001554 0.032743 -0.420227 0.856584 9.500263 9.967425 -10.461971 -10.968091 -10.768803
-0.206495 9.451768 0.000142 0.002732 0.038316 -0.412838 0.821996 9.449569 9.952455 -9.934356 -10.775241 -10.477426
-0.204258 9.480010 0.000153 0.002503 0.041244 -0.400325 0.776716 9.565164 9.966012 -9.539714 -10.448636 -10.142569
-0.201453 9.522478 0.000123 0.002350 0.041244 -0.386887 0.742204 9.554050 9.987380 -9.457761 -10.097905 -9.897432
-0.198362 9.545546 0.000133 0.002341 0.041244 -0.377120 0.747040 9.585029 9.989483 -9.644164 -9.842970 -9.806417
-0.195372 9.558833 0.000125 0.002282 0.041244 -0.372980 0.781748 9.552251 9.960793 -9.865695 -9.734923 -9.819224
-0.192821 9.579903 0.000126 0.002018 0.041244 -0.373244 0.795669 9.592570 9.913248 -10.067530 -9.741803 -9.894495
-0.192752 9.590435 0.000100 0.001711 0.041244 -0.376602 0.777448 9.565175 9.857415 -10.340870 -9.829451 -10.043817
-0.195078 9.592276 0.000092 0.001405 0.041244 -0.383735 0.720935 9.576978 9.793922 -10.167257 -10.015626 -10.089766
-0.196704 9.579232 0.000069 0.001138 0.041244 -0.386916 0.641788 9.570072 9.761489 -10.233551 -10.098673 -10.163332
-0.197545 9.554915 0.000062 0.001095 0.041244 -0.389932 0.560381 9.533036 9.731079 -10.544400 -10.177379 -10.320835
-0.200494 9.526200 0.000063 0.001086 0.041244 -0.395866 0.418649 9.494192 9.684053 -10.459007 -10.332265 -10.386675
-0.201376 9.518112 0.000061 0.000879 0.041244 -0.398600 0.172543 9.528083 9.658295 -10.773690 -10.403627 -10.537953
-0.203719 9.510115 0.000043 0.000785 0.037319 -0.404460 -0.465204 9.468982 9.616719 -10.346135 -10.556573 -10.492567
-0.205634 9.494951 0.000048 0.000645 0.033767 -0.403400 -0.189802 9.530942 9.619758 -10.148596 -10.528896 -10.412861
-0.204130 9.486074 0.000030 0.000708 0.030554 -0.399558 0.122895 9.477677 9.633888 -10.059064 -10.428623 -10.321657
-0.202815 9.473689 0.000050 0.000849 0.027646 -0.394519 -0.172426 9.497220 9.644589 -9.536659 -10.297104 -10.064186
-0.173680 9.807380 0.000047 -0.000863 0.025015 -0.378737 -0.107764 10.110494 9.715854 -9.633726 -9.885194 -9.896352
-0.183102 9.715938 -0.000114 -0.000000 0.030558 -0.372956 -0.147794 9.418475 9.734045 -9.261347 -9.734310 -9.653904
-0.215965 9.339347 0.000096 0.002091 0.030558 -0.366884 -0.390013 9.310242 9.728773 -9.054966 -9.575808 -9.485108
-0.212312 9.371306 0.000127 0.001894 0.034116 -0.360311 -0.570806 9.457817 9.730687 -9.510780 -9.404251 -9.509589
-0.206315 9.408660 0.000084 0.001706 0.034116 -0.360919 -0.709409 9.361632 9.690782 -10.039483 -9.420126 -9.687006
-0.204118 9.422479 0.000101 0.001422 0.034116 -0.367375 -0.761023 9.426373 9.619168 -9.827021 -9.588620 -9.716222
-0.204053 9.416536 0.000061 0.001074 0.034116 -0.368639 -0.728744 9.391428 9.581667 -9.965063 -9.621619 -9.778091
-0.196615 9.510505 0.000060 0.000377 0.034116 -0.371530 -0.666733 9.580933 9.549717 -9.912077 -9.697068 -9.800095
-0.200378 9.472457 -0.000006 0.000409 0.034116 -0.373477 -0.544520 9.370129 9.526445 -9.633156 -9.747908 -9.732408
-0.209139 9.349606 0.000049 0.000937 0.034116 -0.371209 -0.411806 9.341486 9.517058 -9.991625 -9.688693 -9.806310
-0.209898 9.356032 0.000055 0.000853 0.034116 -0.374430 -0.195545 9.345766 9.479052 -9.211715 -9.772772 -9.613384
-0.211835 9.357256 0.000042 0.000645 0.034116 -0.368029 0.273767 9.407016 9.507440 -8.912465 -9.605694 -9.413237
-0.214714 9.343454 0.000033 0.000869 0.034116 -0.361021 0.048446 9.342730 9.541167 -9.098408 -9.422789 -9.349697
-0.216036 9.336292 0.000061 0.001086 0.034116 -0.359085 -0.415588 9.354597 9.544134 -9.168464 -9.372273 -9.338213
-0.215518 9.345011 0.000059 0.001055 0.030869 -0.358553 -0.412499 9.352079 9.538958 -9.223244 -9.358373 -9.346277
-0.216358 9.345397 0.000058 0.001026 0.027931 -0.358855 -0.437084 9.349823 9.529373 -9.261758 -9.366254 -9.363727
-0.219898 9.341462 0.000056 0.000996 0.025273 -0.359733 -0.467226 9.342329 9.518138 -8.721532 -9.389177 -9.227383
-0.222201 9.340026 0.000055 0.000944 0.022868 -0.355263 -0.492348 9.386458 9.548602 -8.859562 -9.272503 -9.188819
-0.220394 9.341258 0.000051 0.001099 0.020692 -0.353329 -0.550089 9.334956 9.557726 -9.681021 -9.222018 -9.387845
-0.219496 9.346286 0.000069 0.001120 0.018723 -0.360386 -0.561492 9.322161 9.503393 -9.276450 -9.406210 -9.396893
-0.218931 9.351096 0.000056 0.000807 0.016941 -0.360089 -0.530570 9.383626 9.497546 -9.590359 -9.398457 -9.481448
-0.217475 9.371353 0.000037 0.000669 0.015329 -0.362983 -0.489240 9.347659 9.471051 -9.690405 -9.473993 -9.560124
-0.215696 9.385066 0.000039 0.000456 0.013870 -0.366003 -0.431571 9.399344 9.446804 -9.565437 -9.552830 -9.574865
-0.213198 9.393044 0.000017 0.000285 0.012550 -0.365854 -0.375895 9.387092 9.440517 -9.552175 -9.548945 -9.567099
-0.210728 9.403289 0.000018 0.000197 0.011356 -0.364823 -0.310040 9.416013 9.436560 -9.456312 -9.522035 -9.517964
-0.211539 9.394187 0.000008 0.000225 0.010275 -0.362457 -0.238720 9.381478 9.437075 -9.288470 -9.460270 -9.423787
-0.214960 9.386193 0.000019 0.000270 0.009298 -0.359605 -0.156026 9.402386 9.444409 -8.696279 -9.385825 -9.197497
-0.216261 9.395964 0.000014 0.000257 0.008413 -0.352002 -0.107220 9.440684 9.489423 -8.842808 -9.187400 -9.108865
-0.214913 9.416712 0.000016 0.000385 0.007612 -0.349210 -0.165068 9.422450 9.507068 -9.461972 -9.114518 -9.244446
-0.210703 9.449963 0.000027 0.000303 0.007206 -0.354832 -0.223663 9.446849 9.476235 -10.198577 -9.261266 -9.566873
-0.209693 9.469163 0.000010 0.000037 0.007206 -0.367342 -0.238089 9.419239 9.407754 -10.314843 -9.587772 -9.813428
-0.213111 9.461578 -0.000002 -0.000285 0.007206 -0.377422 -0.208326 9.442876 9.360564 -10.086856 -9.850854 -9.918392
-0.214655 9.456760 -0.000023 -0.000510 0.007206 -0.382200 -0.163444 9.450802 9.353119 -9.693985 -9.975558 -9.887002
-0.214863 9.454525 -0.000028 -0.000537 0.007487 -0.380995 -0.106210 9.477864 9.383619 -8.992826 -9.944109 -9.662343
-0.215727 9.443678 -0.000027 -0.000318 0.007487 -0.371694 -0.030823 9.485113 9.458409 -8.916006 -9.701359 -9.481537
-0.215962 9.448093 -0.000007 0.000055 0.007487 -0.364183 0.190381 9.475262 9.514164 -9.031310 -9.505333 -9.386760
-0.217153 9.465994 0.000012 0.000255 0.007487 -0.360588 0.132180 9.492854 9.543622 -8.838768 -9.411491 -9.270196
-0.219870 9.484228 0.000016 0.000315 0.007487 -0.357022 0.076325 9.518739 9.579094 -8.660478 -9.318412 -9.160084
-0.218429 9.501724 0.000018 0.000410 0.007487 -0.353246 0.106675 9.535684 9.618930 -9.820822 -9.219853 -9.424756
-0.216092 9.520749 0.000025 0.000520 0.007487 -0.363263 0.184571 9.465346 9.565658 -10.105341 -9.481316 -9.683125
-0.214495 9.534423 0.000030 0.000166 0.008182 -0.373043 0.179119 9.544563 9.517413 -10.625898 -9.736575 -10.006629
-0.217074 9.524945 -0.000007 -0.000040 0.008182 -0.384887 0.146729 9.444946 9.453862 -10.969895 -10.045695 -10.312860
-0.224671 9.511303 0.000003 -0.000304 0.008182 -0.397268 0.032070 9.497563 9.392781 -9.473157 -10.368852 -10.141640
-0.227739 9.511676 -0.000030 -0.000630 0.008197 -0.391974 -0.235364 9.587732 9.469435 -9.629245 -10.230670 -10.089772
-0.228068 9.505602 -0.000035 -0.000192 0.009330 -0.389925 -0.241001 9.483384 9.516539 -9.942104 -10.177188 -10.136732
-0.228165 9.496931 0.000010 0.000104 0.009330 -0.390964 -0.273669 9.524767 9.531576 -10.230657 -10.204316 -10.232671
-0.228076 9.499132 0.000002 0.000172 0.009330 -0.393737 -0.295126 9.476720 9.526427 -10.672811 -10.276701 -10.398373
-0.228884 9.492616 0.000015 0.000179 0.009330 -0.399645 -0.285292 9.476692 9.494405 -10.360614 -10.430898 -10.428256
-0.229990 9.479105 0.000006 0.000081 0.009330 -0.400202 -0.254882 9.486117 9.497957 -9.579357 -10.445427 -10.242628
-0.229180 9.468367 0.000004 0.000157 0.009330 -0.392046 -0.219320 9.516790 9.557620 -9.370515 -10.232555 -10.040436
-0.227504 9.460092 0.000012 0.000517 0.009330 -0.382639 -0.196422 9.477065 9.610199 -9.106443 -9.987017 -9.799255
-0.228217 9.451501 0.000040 0.000841 0.010694 -0.372423 -0.167168 9.494721 9.658000 -8.523619 -9.720378 -9.460316
-0.229168 9.452247 0.000049 0.001090 0.013142 -0.359164 -0.172846 9.504802 9.723958 -8.698142 -9.374334 -9.259130
-0.229056 9.456573 0.000066 0.001417 0.017650 -0.351576 -0.266010 9.466883 9.746113 -8.814276 -9.176270 -9.146562
-0.224354 9.461648 0.000084 0.001507 0.022509 -0.346618 -0.415347 9.483635 9.743841 -10.213711 -9.046864 -9.426635
-0.217438 9.476322 0.000078 0.001418 0.022509 -0.356890 -0.527384 9.386101 9.632718 -11.095455 -9.314967 -9.852308
-0.213221 9.480611 0.000075 0.000806 0.022509 -0.373213 -0.496824 9.427478 9.488767 -10.966637 -9.740996 -10.086765
-0.209649 9.478812 0.000020 0.000053 0.022509 -0.381978 -0.355584 9.431257 9.399149 -11.131847 -9.969765 -10.279309
-0.208824 9.457879 -0.000008 -0.000311 0.022509 -0.389549 -0.043136 9.395150 9.320996 -11.320246 -10.167395 -10.459297
-0.210018 9.428891 -0.000021 -0.000572 0.022509 -0.398088 3.205479 9.372526 9.248427 -10.553644 -10.390245 -10.360229
-0.210320 9.407510 -0.000036 -0.000843 0.022509 -0.394983 2.835787 9.423682 9.252520 -10.246623 -10.309216 -10.210347
-0.213888 9.376057 -0.000050 -0.000655 0.022509 -0.390267 2.502351 9.342482 9.269400 -9.868176 -10.186124 -10.015268
-0.215985 9.354249 -0.000021 -0.000450 0.022509 -0.384290 2.205386 9.386652 9.300874 -10.085946 -10.030116 -9.977453
-0.215487 9.352518 -0.000025 -0.000274 0.022509 -0.383475 1.954244 9.321174 9.302002 -10.567877 -10.008855 -10.107671
-0.216846 9.353420 -0.000005 -0.000272 0.022509 -0.389547 1.732397 9.338795 9.266723 -9.682515 -10.167331 -9.956830
-0.218967 9.344554 -0.000021 -0.000412 0.020367 -0.384493 1.545268 9.384217 9.309561 -9.124889 -10.035425 -9.713326
-0.220085 9.331566 -0.000022 -0.000117 0.018429 -0.375361 1.398267 9.355283 9.377599 -9.227149 -9.797080 -9.586635
-0.221182 9.335036 0.000007 0.000226 0.016675 -0.370407 1.282326 9.360047 9.414553 -8.395401 -9.667770 -9.271026
-0.222909 9.358919 0.000016 0.000295 0.015088 -0.358757 1.184439 9.450016 9.500990 -6.959144 -9.363697 -8.675785
-0.221133 9.391896 0.000015 0.000578 0.013652 -0.335158 1.118036 9.519265 9.663946 -7.521294 -8.747760 -8.420037
-0.213321 9.470789 0.000043 0.001023 0.012353 -0.323618 1.076032 9.520691 9.733312 -8.397958 -8.446546 -8.486786
-0.205677 9.526730 0.000063 0.001095 0.017045 -0.325159 1.031466 9.535075 9.716167 -9.107656 -8.486768 -8.741341
-0.202808 9.537954 0.000054 0.000944 0.017045 -0.333724 0.988091 9.495363 9.653451 -8.998017 -8.710320 -8.841811
-0.201531 9.561146 0.000048 0.000489 0.017045 -0.337086 0.900022 9.592970 9.623418 -8.311035 -8.798077 -8.662236
-0.199631 9.580858 0.000010 0.000226 0.017045 -0.329739 0.794647 9.606384 9.654378 -8.223491 -8.606326 -8.512752
-0.196595 9.609755 0.000015 0.000236 0.017045 -0.323540 0.684532 9.640133 9.677598 -7.996223 -8.444529 -8.332202
-0.192784 9.648224 0.000012 0.000156 0.017045 -0.316077 0.565836 9.687112 9.707076 -8.216195 -8.249739 -8.295776
-0.190521 9.689200 0.000007 0.000095 0.017045 -0.314951 0.429763 9.693296 9.707714 -8.421255 -8.220353 -8.352630
-0.189947 9.721626 0.000005 -0.000074 0.017045 -0.318580 0.250709 9.729763 9.694578 -8.360492 -8.315063 -8.382197
-0.187890 9.741277 -0.000010 -0.000247 0.017045 -0.320639 -0.004192 9.747204 9.695963 -8.877882 -8.368811 -8.612186
-0.185584 9.756451 -0.000015 -0.000321 0.017045 -0.332591 11.044469 9.727039 9.665203 -9.034949 -8.680746 -8.851018
-0.185309 9.772907 -0.000018 -0.000571 0.017045 -0.341625 9.934279 9.783991 9.650362 -8.712013 -8.916547 -8.856419
-0.185994 9.790058 -0.000039 -0.000740 0.015423 -0.342177 8.934648 9.809702 9.679121 -8.478136 -8.930949 -8.775888
-0.189600 9.791742 -0.000039 -0.000597 0.013955 -0.340061 8.035991 9.810116 9.723124 -7.879795 -8.875723 -8.523122
-0.192764 9.793290 -0.000026 -0.000372 0.012627 -0.331747 7.229490 9.851842 9.802153 -7.360076 -8.658716 -8.212856
-0.189930 9.808672 -0.000015 -0.000035 0.011426 -0.318697 6.507606 9.868037 9.896705 -7.935946 -8.318128 -8.237354
-0.185210 9.825548 0.000008 0.000377 0.010338 -0.317188 5.859825 9.819190 9.917224 -8.428310 -8.278733 -8.412478
-0.181690 9.839484 0.000029 0.000412 0.009355 -0.321604 5.275843 9.844903 9.898634 -8.657120 -8.393990 -8.568250
-0.178124 9.851053 0.000016 0.000252 0.008464 -0.325587 4.749003 9.836948 9.874850 -9.101749 -8.497954 -8.810723
-0.177222 9.863879 0.000011 0.000058 0.007659 -0.333971 4.272286 9.841766 9.830095 -8.742572 -8.716785 -8.763083
-0.176510 9.864484 -0.000003 -0.000182 0.006930 -0.332404 3.841564 9.880794 9.831669 -8.548985 -8.675876 -8.652926
-0.174781 9.849890 -0.000014 -0.000097 0.006271 -0.327148 3.454854 9.834342 9.842666 -8.743789 -8.538682 -8.666044
-0.126716 10.425455 0.000002 -0.003088 0.005674 -0.327036 3.105833 10.883514 9.886115 -8.774483 -8.535771 -8.676817
-0.139821 10.291542 -0.000296 -0.002148 0.079545 -0.329518 2.797828 9.800704 9.909397 -8.915648 -8.600560 -8.781054
-0.193527 9.668166 0.000031 0.001278 0.079545 -0.333944 2.404496 9.539353 9.862491 -8.837915 -8.716076 -8.817438
-0.188634 9.711758 0.000095 0.000799 0.079545 -0.336485 2.089109 9.840873 9.838608 -9.136626 -8.782387 -8.968345
-0.182699 9.754120 -0.000001 0.000448 0.079545 -0.342179 1.816279 9.659104 9.804545 -9.341881 -8.931011 -9.131412
-0.148873 10.175201 0.000043 -0.001964 0.079545 -0.351326 1.524687 10.558370 9.811902 -8.924870 -9.169749 -8.955463
-0.162101 10.056795 -0.000222 -0.001298 0.079545 -0.347154 1.193815 9.673242 9.854098 -8.363067 -9.060850 -8.621424
-0.201125 9.614834 0.000052 0.001268 0.079545 -0.339818 0.922112 9.618563 9.880626 -7.906691 -8.869381 -8.361708
-0.197575 9.661326 0.000077 0.001162 0.079545 -0.329332 0.796660 9.765147 9.928305 -7.980234 -8.595692 -8.233270
-0.173704 9.941640 0.000048 -0.000071 0.079545 -0.321802 0.729091 10.127336 9.974140 -8.015770 -8.399147 -8.158753
-0.176391 9.905070 -0.000046 0.000366 0.079545 -0.317753 0.609010 9.754978 9.994954 -8.130852 -8.293487 -8.161220
-0.195255 9.655686 0.000071 0.001798 0.079545 -0.316616 0.461038 9.588013 9.972786 -9.258770 -8.263810 -8.552569
-0.187455 9.725147 0.000114 0.001312 0.071975 -0.331835 0.202869 9.762913 9.876080 -9.939626 -8.661029 -9.046562
-0.187892 9.740595 0.000034 0.000718 0.065126 -0.350466 -1.038624 9.630290 9.770081 -9.269167 -9.147289 -9.066772
-0.190921 9.700478 0.000042 0.000369 0.058928 -0.351814 -0.649581 9.747815 9.754308 -9.422101 -9.182495 -9.149960
-0.176882 9.863189 0.000003 -0.000577 0.053321 -0.355145 -0.225183 9.938163 9.747871 -9.277264 -9.269422 -9.137124
-0.181264 9.823824 -0.000056 -0.000402 0.048246 -0.355372 0.850158 9.731785 9.754899 -8.838427 -9.275342 -8.964460
-0.196397 9.645999 0.000007 0.000577 0.043655 -0.349512 0.572302 9.608962 9.775601 -8.937934 -9.122397 -8.915679
-0.197753 9.659617 0.000050 0.000615 0.039501 -0.347969 0.321510 9.713479 9.777341 -8.359238 -9.082122 -8.697852
-0.195110 9.677934 0.000020 0.000527 0.035742 -0.339294 0.161740 9.701767 9.819669 -9.121099 -8.855700 -8.843574
-0.190510 9.683978 0.000036 0.000719 0.032341 -0.343618 0.216905 9.650556 9.786910 -9.641892 -8.968567 -9.110990
-0.186790 9.690429 0.000041 0.000511 0.029263 -0.352413 0.099816 9.673641 9.728576 -9.315448 -9.198122 -9.114601
-0.185173 9.697569 0.000017 0.000164 0.026478 -0.350631 -0.422176 9.708229 9.716992 -9.004312 -9.151600 -8.965789
-0.184491 9.698778 0.000003 0.000097 0.023958 -0.344477 -0.230628 9.701868 9.725820 -8.590707 -8.990987 -8.711599
-0.181626 9.711379 0.000008 0.000077 0.021679 -0.333721 -0.011389 9.747930 9.753319 -8.357145 -8.710253 -8.463918
-0.165762 9.876301 0.000002 -0.000652 0.019616 -0.322066 2.613008 10.004530 9.791149 -8.261354 -8.406057 -8.276448
-0.164927 9.861466 -0.000063 -0.000373 0.017749 -0.313981 2.346572 9.757478 9.808644 -8.340686 -8.195021 -8.219729
-0.174848 9.733002 0.000015 0.000401 0.016060 -0.312089 2.106009 9.702889 9.790547 -8.612481 -8.145655 -8.315144
-0.169927 9.773447 0.000026 0.000091 0.014532 -0.316578 1.891210 9.796139 9.755083 -9.153156 -8.262812 -8.628382
-0.168760 9.794447 -0.000012 -0.000209 0.013149 -0.329901 1.694171 9.728715 9.694641 -8.843874 -8.610556 -8.637851
-0.165006 9.855709 -0.000010 -0.000853 0.011897 -0.332432 1.508864 9.940433 9.693878 -8.439778 -8.676594 -8.462840
-0.165458 9.851702 -0.000073 -0.000836 0.019594 -0.326871 1.349176 9.797840 9.726783 -8.525783 -8.531460 -8.445097
-0.172628 9.802864 -0.000021 -0.000403 0.019594 -0.327737 1.194582 9.807294 9.734802 -7.903940 -8.554073 -8.172695
-0.177055 9.805658 -0.000022 -0.000375 0.019594 -0.319946 1.060625 9.851359 9.788897 -7.581923 -8.350715 -7.935436
-0.179737 9.824267 -0.000019 -0.000187 0.019594 -0.313114 0.964972 9.858183 9.848022 -7.856436 -8.172396 -7.968693
-0.179601 9.851944 -0.000003 -0.000021 0.019594 -0.315840 0.902283 9.869799 9.871261 -8.225387 -8.243538 -8.175532
-0.177367 9.872140 0.000000 -0.000005 0.019594 -0.323610 0.856456 9.875326 9.872661 -8.841111 -8.446343 -8.560822
-0.175365 9.890133 -0.000001 -0.000093 0.019594 -0.337268 0.795482 9.873434 9.845864 -9.129350 -8.802822 -8.881528
-0.176933 9.900371 -0.000008 -0.000289 0.019594 -0.348300 0.696772 9.898311 9.827705 -8.460864 -9.090777 -8.749478
-0.177780 9.914350 -0.000021 -0.000459 0.019594 -0.342849 0.572674 9.972727 9.881916 -7.704412 -8.948485 -8.359333
-0.177075 9.917349 -0.000027 -0.000188 0.019594 -0.326016 0.474291 9.963001 9.975414 -7.402344 -8.509157 -8.007590
-0.177558 9.909761 0.000003 0.000348 0.019594 -0.310480 0.407689 9.947198 10.048878 -7.062311 -8.103662 -7.654221
-0.177182 9.918594 0.000030 0.000690 0.017729 -0.295085 0.386941 9.971007 10.111146 -7.363752 -7.701841 -7.578357
-0.175122 9.945410 0.000041 0.000878 0.016042 -0.291193 0.407895 9.949378 10.119019 -8.008246 -7.600249 -7.813330
-0.169519 9.981328 0.000050 0.000730 0.014515 -0.300035 0.423180 9.977388 10.075749 -8.583872 -7.831022 -8.197591
-0.162927 10.017258 0.000029 0.000310 0.013134 -0.313816 0.399476 9.994718 10.015464 -8.772480 -8.190721 -8.451568
-0.157820 10.046967 0.000007 -0.000167 0.011884 -0.322015 0.315199 10.046702 9.976549 -8.798866 -8.404732 -8.549674
-0.154300 10.062296 -0.000020 -0.000454 0.010753 -0.324191 0.181988 10.046272 9.956625 -9.027017 -8.461507 -8.698693
-0.154349 10.069502 -0.000026 -0.000598 0.009730 -0.330127 -0.070981 10.047195 9.927023 -8.883938 -8.616448 -8.670170
-0.156358 10.076941 -0.000036 -0.000794 0.009564 -0.331808 0.607266 10.081396 9.922673 -8.491298 -8.660311 -8.466505
-0.160103 10.067851 -0.000047 -0.000769 0.012686 -0.327362 0.479535 10.069235 9.949412 -8.197169 -8.544267 -8.264705
-0.160974 10.063929 -0.000036 -0.000607 0.012686 -0.321932 0.360118 10.084781 9.985961 -8.519857 -8.402565 -8.381173
-0.156194 10.070586 -0.000030 -0.000448 0.012686 -0.326117 0.292518 10.050750 9.985943 -9.393997 -8.511774 -8.921945
-0.152029 10.073183 -0.000020 -0.000462 0.012686 -0.345285 0.216679 10.027339 9.930876 -9.774512 -9.012075 -9.331214
-0.151022 10.065867 -0.000029 -0.000715 0.012686 -0.359120 0.022803 10.041561 9.889246 -9.882317 -9.373168 -9.523607
-0.155330 10.043043 -0.000046 -0.000815 0.012686 -0.365614 -2.264262 10.007413 9.867811 -9.332739 -9.542676 -9.275153
-0.161843 10.029952 -0.000042 -0.000859 0.012686 -0.359943 -2.016541 10.063163 9.899205 -8.317504 -9.394654 -8.686449
-0.165563 10.012431 -0.000050 -0.000600 0.013332 -0.340884 -1.808519 10.049731 9.988412 -7.697539 -8.897220 -8.161684
-0.165233 9.998415 -0.000019 -0.000053 0.013332 -0.320310 -1.644779 10.044107 10.076158 -7.874209 -8.360210 -8.017371
-0.165686 10.003861 0.000008 0.000383 0.013332 -0.313506 -1.515472 10.006806 10.104069 -8.205799 -8.182623 -8.109619
-0.161703 10.030148 0.000028 0.000392 0.013332 -0.316904 -1.402570 10.047147 10.095001 -8.971202 -8.271310 -8.556268
-0.155916 10.052315 0.000013 0.000226 0.013332 -0.332525 -1.296929 10.005842 10.040126 -9.525023 -8.679036 -9.033125
-0.155902 10.047732 0.000010 -0.000040 0.013332 -0.349260 -1.171234 10.020074 9.979716 -9.178978 -9.115828 -9.009618
-0.153107 10.043726 -0.000012 -0.000339 0.013332 -0.346666 -1.035881 10.058081 9.981551 -9.529900 -9.048108 -9.193742
-0.155678 10.029716 -0.000023 -0.000255 0.013332 -0.352525 -0.895618 9.972187 9.951530 -9.092386 -9.201052 -9.003635
-0.162264 10.020695 -0.000007 -0.000366 0.013332 -0.349046 -0.742465 10.067358 9.966304 -8.184614 -9.110251 -8.497116
-0.167573 10.003987 -0.000030 -0.000200 0.013332 -0.333752 -0.626556 10.020221 10.037002 -8.219864 -8.711058 -8.338096
-0.172477 9.993880 0.000004 0.000228 0.013332 -0.330501 -0.564184 10.008324 10.068207 -8.031555 -8.626214 -8.223816
-0.169943 10.002442 0.000017 0.000348 0.012063 -0.326489 -0.559480 10.040733 10.104628 -8.964409 -8.521486 -8.626848
-0.165094 10.001311 0.000019 0.000547 0.010915 -0.339772 -0.570762 9.937748 10.062270 -9.887288 -8.868179 -9.257736
-0.165277 9.991624 0.000037 0.000374 0.009876 -0.361249 -0.522610 9.961037 9.981517 -9.495033 -9.428734 -9.322183
-0.167540 9.973200 0.000006 0.000044 0.008936 -0.362322 -0.430795 9.978136 9.975891 -8.912472 -9.456735 -9.057709
-0.170059 9.942767 -0.000001 0.000176 0.008086 -0.351511 -0.337069 9.953825 10.011933 -8.205341 -9.174568 -8.593527
-0.171055 9.917281 0.000017 0.000502 0.007317 -0.332528 -0.260793 9.958127 10.072549 -7.499849 -8.679104 -8.027404
-0.170896 9.910765 0.000034 0.000857 0.009141 -0.308887 -0.223541 9.958143 10.141639 -7.238253 -8.062067 -7.608257
-0.173318 9.914469 0.000055 0.001204 0.014693 -0.292993 -0.240334 9.939097 10.178489 -6.844739 -7.647240 -7.224735
-0.168261 9.934124 0.000071 0.001295 0.019215 -0.277259 -0.382643 9.988172 10.212078 -7.849307 -7.236581 -7.520086
-0.155436 9.955744 0.000067 0.001358 0.019215 -0.285791 -0.547980 9.885497 10.142141 -9.213359 -7.459258 -8.386048
-0.149258 9.973941 0.000077 0.000891 0.020738 -0.316521 -0.520296 9.917863 9.998488 -9.042461 -8.261330 -8.533482
-0.148251 9.975577 0.000025 0.000121 0.020738 -0.321133 -0.323019 9.965267 9.939716 -8.722576 -8.381705 -8.363649
-0.140709 10.063907 -0.000006 -0.000658 0.020738 -0.315677 0.001009 10.118171 13113.982350 -8.422972 -8.239289 -8.124835
-0.146335 10.037153 -0.000055 69.434795 0.020738 -0.274160 -6.942479 9.959057 11803.574549 -7.967546 -7.155679 -7.438957
-0.156514 9.932429 -0.000009 62.491800 0.020738 -0.255920 -6.240029 9.852424 10624.151634 -7.605448 -6.679604 -7.014148
-0.158462 9.942295 0.000005 56.242257 0.020738 -0.246336 -5.615630 9.947246 9562.663755 -7.538702 -6.429466 -6.849389
-0.157111 9.955384 -0.000041 50.617607 0.020738 -0.247471 -5.059284 9.881689 8607.312713 -8.245122 -6.459094 -7.239468
-0.148303 9.965919 -0.000041 45.555365 0.020738 -0.269136 -4.565161 9.904161 7747.448892 -9.602302 -7.024554 -8.266857
-0.144752 9.979316 -0.000080 40.999074 0.021400 -0.307692 -4.106479 9.853051 6973.515546 -9.652132 -8.030894 -8.614378
-0.146977 9.990932 -0.000110 36.898117 0.029552 -0.324554 -3.670561 9.984011 6277.045858 -9.087753 -8.470990 -8.396048
-0.149036 9.985187 -0.000169 33.207715 0.045434 -0.320620 -3.256827 9.941532 5650.295195 -8.663847 -8.368311 -8.094951
-0.151610 9.975428 -0.000153 29.886759 0.045434 -0.312565 -2.856819 9.981176 5086.241849 -7.750557 -8.158061 -7.471406
-0.155782 9.978156 -0.000156 26.897955 0.045434 -0.292524 -2.508150 10.005205 4578.644945 -6.755726 -7.634991 -6.711492
-0.159922 9.995742 -0.000140 24.208222 0.045434 -0.268008 -2.233800 10.051749 4121.843602 -6.319598 -6.995121 -6.225323
-0.161970 10.010960 -0.000122 21.787656 0.045434 -0.252552 -2.054862 10.027174 3710.709182 -6.806947 -6.591708 -6.324385
-0.155436 10.033770 -0.000089 19.609029 0.045434 -0.257719 -1.954115 10.023484 3340.626078 -8.225576 -6.726562 -7.204943
-0.146601 10.060983 -0.000084 17.647899 0.045434 -0.290398 -1.852417 9.982593 3007.461180 -9.384511 -7.579510 -8.225798
-0.146230 10.077893 -0.000095 15.882445 0.045434 -0.326483 -1.647281 10.023620 2707.592338 -9.463652 -8.521345 -8.600374
-0.150039 10.080919 -0.000134 14.293493 0.045434 -0.342081 -1.349815 10.058623 2437.773061 -9.045576 -8.928453 -8.497217
-0.154849 10.061152 -0.000150 12.863888 0.045434 -0.340429 -1.029725 10.054706 2194.993401 -8.773279 -8.885328 -8.343054
-0.160906 10.042208 -0.000137 11.577554 0.045434 -0.336980 -0.725217 10.040311 1976.506384 -8.378582 -8.795309 -8.117713
-0.165621 10.035871 -0.000118 10.419875 0.041110 -0.330982 -0.463735 10.062450 1779.889465 -7.861812 -8.638756 -7.814500
-0.129499 10.518421 -0.000104 9.375491 0.037198 -0.319837 -0.359353 10.939376 1603.008538 -7.816561 -8.347872 -7.706407
-0.144070 10.399214 -0.000324 8.438871 0.087218 -0.316924 -0.461473 10.005501 1443.786023 -7.976027 -8.271836 -7.802485
-0.184431 9.890746 -0.000021 7.597882 0.087218 -0.317193 -0.751101 9.820331 1300.417884 -9.643526 -8.278874 -8.491549
-0.172662 9.952019 0.000039 6.837882 0.087218 -0.344609 -1.024811 9.958697 1171.272625 -10.824750 -8.994425 -9.409784
-0.169171 9.990821 -0.000031 6.153365 0.087218 -0.377507 -0.852589 9.884176 1055.012100 -10.065254 -9.853079 -9.478083
-0.174411 9.991258 -0.000045 5.537325 0.087218 -0.379372 -0.323711 10.061582 950.494674 -8.805087 -9.901750 -8.961948
-0.174486 9.985924 -0.000094 4.983540 0.087218 -0.359541 0.629161 10.004693 856.523095 -8.897431 -9.384152 -8.760522
-0.173231 9.999638 -0.000047 4.485533 0.087218 -0.349904 0.316645 10.030787 771.905942 -8.066489 -9.132621 -8.277067
-0.170243 10.034936 -0.000040 4.036979 0.087218 -0.329421 -0.155095 10.115344 695.795930 -7.632653 -8.598031 -7.830326
-0.167278 10.066604 -0.000038 3.633522 0.087218 -0.309338 -0.118729 10.097415 627.292801 -8.356377 -8.073851 -7.947285
-0.168098 10.077043 -0.000010 3.270484 0.087218 -0.314118 -0.094774 10.040318 565.550796 -8.839498 -8.198607 -8.249652
-0.161379 10.094257 0.000001 2.943237 0.087218 -0.326168 -0.014629 10.091067 509.958802 -10.344720 -8.513124 -9.184234
-0.156701 10.112561 -0.000026 2.648570 0.078918 -0.365041 13.678585 9.997319 459.841741 -10.511272 -9.527710 -9.694877
-0.161178 10.102026 -0.000035 2.383067 0.071408 -0.383770 12.273404 10.114673 414.796652 -9.433033 -10.016545 -9.354884
-0.164277 10.071914 -0.000084 2.144543 0.064612 -0.371928 11.009178 10.079899 374.366370 -9.460577 -9.707466 -9.246933
-0.130885 10.496383 -0.000055 1.928063 0.058464 -0.367070 9.879119 10.847422 337.997223 -8.805560 -9.580677 -8.832251
-0.147168 10.361662 -0.000259 1.736066 0.069732 -0.352715 8.872156 10.029099 305.289713 -7.644749 -9.206010 -8.017210
-0.191282 9.851862 0.000010 1.565457 0.069732 -0.334769 7.973470 9.822961 275.858817 -7.730957 -8.737610 -7.809337
-0.188666 9.873880 0.000099 1.409393 0.069732 -0.324955 7.204716 9.987403 249.333111 -9.220597 -8.481463 -8.257862
-0.181454 9.909903 0.000064 1.268649 0.069732 -0.341221 6.525692 9.794459 225.337346 -10.305674 -8.905991 -8.964609
-0.174023 9.935013 0.000097 1.141367 0.069732 -0.366625 5.896461 9.946250 203.695906 -10.547715 -9.569055 -9.435461
-0.174643 9.926317 0.000017 1.026741 0.069732 -0.381224 5.292521 9.839606 184.248184 -9.690098 -9.950090 -9.269461
-0.151810 10.209699 0.000025 0.922190 0.069732 -0.370790 4.720005 10.524573 166.863135 -8.979869 -9.677764 -8.770847
-0.156406 10.132217 -0.000164 0.830481 0.069732 -0.351167 4.207339 9.868794 151.240505 -8.565647 -9.165603 -8.356499
-0.182433 9.807307 0.000049 0.749422 0.069732 -0.338448 3.746819 9.801498 137.140566 -8.158329 -8.833631 -8.032128
-0.138102 10.357132 0.000076 0.671796 0.069732 -0.318437 3.350334 10.850468 124.511052 -8.416753 -8.311329 -8.015956
-0.148790 10.265103 -0.000212 0.605363 0.069732 -0.320168 2.996339 9.789189 113.078834 -8.851795 -8.356522 -8.313944
-0.191147 9.732638 0.000104 0.547608 0.063096 -0.328435 2.674387 9.651586 102.708403 -10.028667 -8.572286 -8.890009
-0.179112 9.789187 0.000122 0.492358 0.057092 -0.352263 2.401834 9.793962 93.311175 -10.832805 -9.194200 -9.574854
-0.171158 9.830362 0.000041 0.442346 0.051659 -0.377684 2.093982 9.741000 84.844612 -10.366741 -9.857709 -9.687444
-0.170626 9.828847 0.000019 0.397491 0.046743 -0.380096 1.739848 9.862319 77.306229 -9.652040 -9.920646 -9.389108
-0.173498 9.819450 -0.000027 0.357597 0.042295 -0.368925 1.394943 9.804577 70.576973 -8.828356 -9.629080 -8.879008
-0.177805 9.819321 -0.000003 0.321941 0.038270 -0.352247 1.090296 9.889014 64.559106 -7.905203 -9.193794 -8.267681
-0.178404 9.822517 -0.000010 0.290037 0.034628 -0.330367 0.895078 9.862493 59.178621 -7.705560 -8.622720 -7.900678
-0.176463 9.841384 0.000024 0.261427 0.031333 -0.315566 0.827161 9.890814 54.311214 -7.804548 -8.236396 -7.762473
-0.174694 9.858890 0.000033 0.235543 0.028351 -0.309550 0.840086 9.864576 49.897207 -8.606458 -8.079385 -8.059106
-0.167075 9.868625 0.000046 0.212102 0.025653 -0.320075 0.878163 9.833753 45.856238 -10.421879 -8.354081 -9.098233
-0.164844 9.874083 0.000039 0.190661 0.023212 -0.358126 0.837722 9.756830 42.108507 -10.370152 -9.347236 -9.522950
-0.169180 9.873711 0.000015 0.170805 0.021003 -0.374883 0.673057 9.893252 38.811064 -9.269453 -9.784585 -9.210900
-0.171195 9.844681 -0.000045 0.153486 0.019004 -0.363825 0.520156 9.843072 35.951673 -9.510969 -9.495983 -9.199178
-0.173657 9.810666 -0.000016 0.138515 0.017196 -0.363306 0.388563 9.783657 33.336489 -8.844160 -9.482425 -8.900737
-0.173602 9.807414 0.000002 0.124675 0.015559 -0.351190 0.254749 9.872571 31.029732 -8.119057 -9.166191 -8.424857
-0.175439 9.809972 -0.000011 0.112439 0.014079 -0.332414 0.162696 9.835607 28.983471 -8.071796 -8.676140 -8.168278
-0.181208 9.813583 0.000022 0.101577 0.012739 -0.324825 0.156310 9.839662 27.110180 -7.887181 -8.478060 -7.999989
-0.178639 9.836890 0.000031 0.091527 0.011527 -0.319629 0.326418 9.877397 25.425575 -9.155345 -8.342450 -8.489087
-0.171310 9.848819 0.000029 0.082538 0.010430 -0.337997 0.418580 9.767179 23.809122 -10.354104 -8.821846 -9.299511
-0.171016 9.848409 0.000041 0.073975 0.011041 -0.366738 0.395741 9.802601 22.302258 -9.848870 -9.572008 -9.434785
-0.173968 9.848663 -0.000004 0.065989 0.011041 -0.371562 0.300175 9.865494 21.036880 -9.285117 -9.697917 -9.254005
-0.176314 9.830711 -0.000027 0.059379 0.011041 -0.364944 0.201904 9.832732 19.946111 -9.121104 -9.525188 -9.106265
-0.178641 9.829130 -0.000007 0.053608 0.011041 -0.359502 0.117372 9.855467 18.963631 -8.114787 -9.383148 -8.613284
-0.179148 9.830729 -0.000004 0.048393 0.011041 -0.340465 0.102665 9.902650 18.142052 -8.035897 -8.886264 -8.331283
-0.179137 9.832708 0.000009 0.044029 0.011041 -0.328427 0.300011 9.838241 17.372604 -8.824293 -8.572079 -8.513608
-0.179427 9.844664 0.000043 0.039889 0.011605 -0.335543 0.349440 9.831565 16.601574 -9.302675 -8.757815 -8.826299
-0.176566 9.857216 0.000036 0.035737 0.011605 -0.347548 0.375777 9.838340 15.887741 -9.778157 -9.071128 -9.207565
-0.176246 9.850050 0.000019 0.031992 0.011605 -0.360934 0.355049 9.808295 15.232849 -9.503456 -9.420526 -9.275097
-0.177743 9.822233 0.000012 0.028670 0.011605 -0.362422 0.289360 9.827388 14.685791 -9.375145 -9.459367 -9.248276
-0.177100 9.798460 0.000004 0.025897 0.011605 -0.359581 0.211383 9.781407 14.203148 -9.545341 -9.385206 -9.291397
-0.160027 9.975376 0.000018 0.022402 0.011605 -0.359468 0.071986 10.118971 13.768792 -9.613566 -9.382269 -9.331274
-0.169593 9.901215 -0.000082 0.020493 0.021966 -0.360674 -0.454256 9.710286 13.365310 -8.993143 -9.413734 -9.053640
-0.194585 9.656363 0.000036 0.019653 0.021966 -0.354741 -0.248693 9.643636 13.024827 -8.866436 -9.258885 -8.926097
-0.196261 9.641649 0.000060 0.017927 0.021966 -0.351004 -0.152909 9.668435 12.714885 -9.915343 -9.161348 -9.251026
-0.193086 9.640408 0.000055 0.016291 0.021966 -0.363972 -0.194410 9.563466 12.352919 -10.762973 -9.499808 -9.772555
-0.191986 9.639807 0.000064 0.014376 0.021966 -0.383026 -0.175065 9.609544 11.990272 -11.222569 -9.997141 -10.242836
-0.201204 9.621313 0.000019 0.012553 0.021966 -0.400670 0.102643 9.542122 11.664770 -9.387143 -10.457652 -9.919987
-0.209704 9.581377 0.000012 0.011039 0.021966 -0.391243 -0.317553 9.690187 11.533835 -8.598582 -10.211598 -9.532776
-0.214884 9.541116 -0.000009 0.010559 0.021966 -0.377100 -0.363179 9.538490 11.451195 -8.493877 -9.842459 -9.273191
-0.217005 9.523148 0.000067 0.010216 0.021966 -0.366681 -0.480929 9.608386 11.355902 -7.911859 -9.570519 -8.939634
-0.214537 9.519294 0.000068 0.009732 0.021966 -0.351051 -0.607180 9.567953 11.292173 -9.143939 -9.162566 -9.043565
-0.214680 9.527356 0.000107 0.009351 0.028645 -0.353181 -0.671352 9.496226 11.117038 -9.404624 -9.218165 -9.164943
-0.212534 9.548878 0.000117 0.008309 0.031422 -0.357276 -0.687469 9.577517 10.946740 -10.046034 -9.325040 -9.434285
-0.208660 9.562944 0.000079 0.007332 0.031422 -0.366680 -0.668838 9.499153 10.756228 -9.889813 -9.570490 -9.549420
-0.206039 9.562129 0.000079 0.006327 0.031422 -0.369693 -0.570881 9.589420 10.613729 -9.060101 -9.649130 -9.337898
-0.202118 9.556118 0.000040 0.005604 0.031422 -0.358621 -0.453554 9.572067 10.550558 -9.364719 -9.360139 -9.262560
-0.199618 9.550795 0.000053 0.005298 0.031422 -0.353694 -0.284083 9.533447 10.450251 -9.309235 -9.231561 -9.163822
-0.201360 9.564819 0.000058 0.004692 0.031422 -0.349984 0.055342 9.584300 10.356091 -8.056405 -9.134734 -8.680076
-0.204323 9.569443 0.000037 0.004168 0.031422 -0.333266 -1.402775 9.635528 10.355397 -7.564928 -8.698368 -8.247372
-0.201536 9.563667 0.000041 0.004195 0.031422 -0.316474 -1.266828 9.588133 10.358179 -8.948340 -8.260099 -8.444248
-0.195202 9.583378 0.000073 0.004105 0.031422 -0.323738 -1.174729 9.529810 10.230934 -9.494523 -8.449694 -8.753870
-0.150790 10.050624 0.000069 0.000955 0.031422 -0.341493 -1.059742 10.391727 10.137355 -10.040593 -8.913098 -9.253133
-0.161201 9.944691 -0.000200 0.001021 0.053886 -0.357126 -0.875924 9.505536 10.036564 -9.874017 -9.321121 -9.339307
-0.206106 9.453778 0.000044 0.003088 0.053886 -0.361528 -0.457107 9.372394 9.938307 -8.802472 -9.436015 -9.068957
-0.201246 9.486796 0.000066 0.002392 0.053886 -0.351276 0.032768 9.624128 9.938965 -9.190199 -9.168439 -9.042124
-0.198125 9.507904 0.000002 0.002284 0.053886 -0.348665 -5.379889 9.413352 9.894286 -8.449744 -9.100297 -8.743267
-0.196023 9.511665 0.000060 0.002027 0.053886 -0.336331 -4.813290 9.637354 9.903063 -8.779291 -8.778374 -8.673203
-0.197681 9.523955 0.000005 0.002009 0.053886 -0.333720 -4.306354 9.433170 9.865086 -9.170713 -8.710232 -8.772429
-0.202768 9.530914 0.000062 0.001771 0.053886 -0.339968 -3.851432 9.575814 9.798373 -9.253795 -8.873298 -8.905866
-0.203595 9.535715 0.000007 0.001392 0.053886 -0.347172 -3.459772 9.476123 9.744595 -10.459446 -9.061336 -9.428374
-0.202287 9.536887 0.000026 0.001101 0.053886 -0.368552 -3.117875 9.484405 9.622731 -10.580121 -9.619349 -9.822402
-0.202446 9.536450 -0.000007 0.000457 0.053886 -0.383384 -2.792362 9.508615 9.544633 -9.887280 -10.006466 -9.838691
-0.206368 9.518451 -0.000032 0.000139 0.053886 -0.383713 -2.482391 9.534938 9.550633 -9.533191 -10.015066 -9.738910
-0.214484 9.492721 -0.000034 0.000307 0.048758 -0.380725 -2.204048 9.493789 9.579684 -8.426835 -9.937073 -9.370918
-0.222083 9.481346 -0.000010 0.000521 0.044118 -0.368817 -1.982146 9.580591 9.679051 -7.300322 -9.626276 -8.864695
-0.227018 9.471763 -0.000003 0.001098 0.039919 -0.350466 -1.849585 9.552882 9.826504 -7.481735 -9.147292 -8.593357
-0.228365 9.473843 0.000053 0.001869 0.036121 -0.339640 -1.787984 9.531042 9.911668 -8.518715 -8.864732 -8.674919
-0.223045 9.501051 0.000087 0.002176 0.032683 -0.341369 -1.753061 9.502078 9.895626 -10.383298 -8.909855 -9.219220
