0.000000 -0.001094 0.000000 0.000000 0.000000 0.000000 0.000000 0.000000 0.000000 10.411628 0.000000 10.411628
0.000000 -0.001933 0.000000 0.000000 0.000000 0.000000 0.000000 0.000000 0.000000 10.411838 0.000000 10.411838
0.000000 0.003323 0.000000 0.000000 0.000000 0.000000 0.000000 0.000000 0.000000 10.412269 0.000000 10.412269
0.000000 0.127159 0.000000 0.000000 0.000000 0.000000 0.000000 0.000000 0.000000 10.412230 0.000000 10.412230
0.000000 0.301425 0.000000 0.000000 0.000000 0.000000 0.000000 0.000000 0.000000 10.411785 0.000000 10.411785
0.000000 0.347790 0.000000 0.000000 0.000000 0.000000 0.000000 0.000000 0.000000 10.412776 0.000000 10.412776
0.000000 0.366557 0.000000 0.000000 0.000000 0.000000 0.000000 0.000000 0.000000 10.417251 0.000000 10.417251
0.000000 0.441976 0.000000 0.000000 0.000000 0.000000 0.000000 0.000000 0.000000 10.425306 0.000000 10.425306
0.000000 0.521123 0.000000 0.000000 0.000000 0.000000 0.000000 0.000000 0.000000 10.431843 0.000000 10.431843
0.000000 0.594532 0.000000 0.000000 0.000000 0.000000 0.000000 0.000000 0.000000 10.426491 0.000000 10.426491
0.000000 0.672102 0.000000 0.000000 0.000000 0.000000 0.000000 0.000000 0.000000 10.414907 0.000000 10.414907
0.000000 0.747981 0.000000 0.000000 0.000000 0.000000 0.000000 0.000000 0.000000 10.407980 0.000000 10.407980
0.000000 0.821366 0.000000 0.000000 0.000000 0.000000 0.000000 0.000000 0.000000 10.414447 0.000000 10.414447
0.000000 0.903145 0.000000 0.000000 0.000000 0.000000 0.000000 0.000000 0.000000 10.418642 0.000000 10.418642
0.000000 0.985156 0.000000 0.000000 0.000000 0.000000 0.000000 0.000000 0.000000 10.418188 0.000000 10.418188
0.129476 1.065144 0.000000 0.000000 0.000000 0.000000 0.000000 0.000000 0.000000 10.423472 0.000000 10.423472
0.104601 1.155718 0.000000 0.000000 0.000000 0.000000 0.000000 0.000000 0.000000 10.422067 0.000000 10.422067
0.098106 1.260044 0.000000 0.000000 0.000000 0.000000 0.000000 0.000000 0.000000 10.419363 0.000000 10.419363
0.119142 1.380310 0.000000 0.000000 0.000000 0.000000 0.000000 0.000000 0.000000 10.414838 0.000000 10.414838
0.139440 1.493053 0.000000 0.000000 0.000000 0.000000 0.000000 0.000000 0.000000 10.413659 0.000000 10.413659
0.148672 1.595846 0.000000 0.000000 0.000000 0.000000 0.000000 0.000000 0.000000 10.411494 0.000000 10.411494
0.151673 1.704818 0.000000 0.000000 0.000000 0.000000 0.000000 0.000000 0.000000 10.411162 0.000000 10.411162
0.164104 1.854971 0.000000 0.000000 0.000000 0.000000 0.000000 0.000000 0.000000 10.415664 0.000000 10.415664
0.140400 1.932573 0.000000 0.000000 0.000000 0.000000 0.000000 0.000000 0.000000 10.419879 0.000000 10.419879
0.109855 1.979446 0.000000 0.000000 0.000000 0.000000 0.000000 0.000000 0.000000 10.419710 0.000000 10.419710
0.118063 2.088430 0.000000 0.000000 0.000000 0.000000 0.000000 0.000000 0.000000 10.411281 0.000000 10.411281
0.108844 2.172297 0.000000 0.000000 0.000000 0.000000 0.000000 0.000000 0.000000 10.408162 0.000000 10.408162
0.099201 2.258284 0.000000 0.000000 0.000000 0.000000 0.000000 0.000000 0.000000 10.404638 0.000000 10.404638
0.096603 2.369366 0.000000 0.000000 0.000000 0.000000 0.000000 0.000000 0.000000 10.405712 0.000000 10.405712
0.086562 2.459904 0.000000 0.000000 0.000000 0.000000 0.000000 0.000000 0.000000 10.407741 0.000000 10.407741
0.078796 2.547787 0.000000 0.000000 0.000000 0.000000 0.000000 0.000000 0.000000 10.408824 0.000000 10.408824
0.077778 2.652265 0.000000 0.000000 0.000000 0.000000 0.000000 0.000000 0.000000 10.411010 0.000000 10.411010
0.079575 2.752573 0.000000 0.000000 0.000000 0.000000 0.000000 0.000000 0.000000 10.406124 0.000000 10.406124
0.078165 2.856473 0.000000 0.000000 0.000000 0.000000 0.000000 0.000000 0.000000 10.408086 0.000000 10.408086
0.073993 2.954773 0.000000 0.000000 0.000000 0.000000 0.000000 0.000000 0.000000 10.408879 0.000000 10.408879
0.076778 3.062982 0.000000 0.000000 0.000000 0.000000 0.000000 0.000000 0.000000 10.400016 0.000000 10.400016
0.073767 3.170032 0.000000 0.000000 0.000000 0.000000 0.000000 0.000000 0.000000 10.403830 0.000000 10.403830
0.070792 3.273916 0.000000 0.000000 0.000000 0.000000 0.000000 0.000000 0.000000 10.408746 0.000000 10.408746
0.067533 3.371637 0.000000 0.000000 0.000000 0.000000 0.000000 0.000000 0.000000 10.407201 0.000000 10.407201
0.061500 3.468994 0.000000 0.000000 0.000000 0.000000 0.000000 0.000000 0.000000 10.411256 0.000000 10.411256
0.063332 3.593415 0.000000 0.000000 0.000000 0.000000 0.000000 0.000000 0.000000 10.414335 0.000000 10.414335
0.058675 3.696851 0.000000 0.000000 0.000000 0.000000 0.000000 0.000000 0.000000 10.416161 0.000000 10.416161
0.052668 3.786311 0.000000 0.000000 0.000000 0.000000 0.000000 0.000000 0.000000 10.416318 0.000000 10.416318
0.050755 3.894103 0.000000 0.000000 0.000000 0.000000 0.000000 0.000000 0.000000 10.421145 0.000000 10.421145
0.048332 3.993406 0.000000 0.000000 0.000000 0.000000 0.000000 0.000000 0.000000 10.422677 0.000000 10.422677
0.045200 4.088936 0.000000 0.000000 0.000000 0.000000 0.000000 4.088936 4.088936 10.422581 0.000000 10.422581
0.044585 4.202567 0.000000 -0.000450 0.000000 0.421791 0.000000 5.109649 4.916476 10.429500 13.588670 10.429500
0.063559 4.393371 -0.000043 0.002073 0.011525 0.208998 0.000854 3.572958 -3655.401438 10.428863 6.733207 10.428863
0.057695 4.466654 0.000231 -14.506983 0.062222 0.302774 1.451337 5.471012 -3289.125227 10.424904 9.754343 10.424904
0.039726 4.477924 -0.000128 -13.055182 0.062222 0.265228 1.024038 3.735965 -2959.712401 10.422062 8.544728 10.422062
0.040833 4.588386 0.000259 -11.749894 0.069649 0.282391 0.611148 5.417333 -2663.135311 16.786915 9.097677 16.786915
0.042180 4.697408 -0.000087 -10.574754 0.069649 0.543850 0.056424 4.723600 -2395.749906 16.522648 17.520978 16.522648
0.044198 4.813277 0.000193 -9.515351 0.069649 0.445471 -6.749490 4.806840 -2155.771766 16.258923 14.351560 16.258923
0.053664 4.964563 0.000141 -8.564725 0.069649 0.465246 -6.030566 5.240104 -1939.548770 16.024528 14.988625 16.024528
0.066736 5.114677 0.000068 -7.708256 0.069649 0.451158 -5.371217 5.095454 -1745.001305 15.712651 14.534755 15.712651
0.071796 5.230443 0.000109 -6.937568 0.069649 0.445127 -4.783437 5.430673 -1569.885891 15.395151 14.340448 15.395151
0.077778 5.360500 0.000047 -6.243961 0.069649 0.435794 -4.284493 5.386953 -1412.278660 15.115216 14.039800 15.115216
0.080128 5.512784 0.000069 -5.619841 0.069649 0.426774 -3.866644 5.697663 -1270.415301 14.871367 13.749179 14.871367
0.074200 5.647175 0.000015 -5.058056 0.069649 0.414651 -3.494246 5.694663 -1142.721177 14.578656 13.358632 14.578656
0.067150 5.774140 0.000033 -4.552405 0.069649 0.400218 -3.117725 5.933261 -1027.776107 14.187827 12.893634 14.187827
0.060093 5.911272 -0.000000 -4.097329 0.069649 0.382568 -2.744842 5.995027 -924.306022 13.785261 12.325037 13.785261
0.051770 6.049796 0.000008 -3.687744 0.063021 0.365260 -2.376737 6.207959 -831.156093 13.311803 11.767438 13.311803
0.042207 6.184383 -0.000013 -3.319050 0.057024 0.346125 -2.038801 6.286460 -747.301108 12.826851 11.150944 12.826851
0.030878 6.312350 -0.000003 -2.987173 0.051597 0.327696 -1.747321 6.464301 -671.808524 12.434857 10.557232 12.434857
0.021185 6.448824 -0.000013 -2.688476 0.046687 0.312536 -1.486980 6.583477 -603.835755 12.045997 10.068821 12.045997
0.016044 6.593894 -0.000006 -2.419621 0.042244 0.298817 -1.232680 6.757058 -542.637961 11.568643 9.626863 11.568643
0.012673 6.730719 -0.000009 -2.177587 0.038224 0.284800 -0.993802 6.861705 -487.549035 11.070469 9.175269 11.070469
0.009654 6.864466 0.000002 -1.959756 0.034587 0.271771 -0.800691 7.015085 -437.959274 10.642338 8.755516 10.642338
0.009679 7.005939 0.000001 -1.763753 0.031295 0.261232 -0.654232 7.146376 -393.314999 10.178935 8.416001 10.178935
0.012590 7.143413 0.000004 -1.587337 0.028317 0.251109 -0.547494 7.279096 -353.131105 9.665284 8.089857 9.665284
0.013346 7.274931 0.000005 -1.428577 0.025622 0.240382 -0.520890 7.394968 -316.967132 9.399678 7.744278 9.399678
0.014160 7.404913 0.000006 -1.285746 0.023184 0.234809 -0.544057 7.542500 -284.400296 9.226380 7.564734 9.226380
0.015822 7.533823 0.000002 -1.157168 0.020978 0.232299 -0.516074 7.657002 -255.076763 9.044398 7.483879 9.044398
0.016501 7.655629 0.000005 -1.041418 0.018982 0.229379 -0.462252 7.776733 -228.681321 8.954908 7.389791 8.954908
0.016974 7.766652 0.000005 -0.937232 0.017175 0.228613 -0.369463 7.881150 -204.913962 8.822735 7.365127 8.822735
0.018245 7.871251 0.000008 -0.843438 0.015541 0.227217 -0.236998 7.977474 -183.521298 8.588305 7.320141 8.588305
0.017116 7.960205 0.000011 -0.758994 0.014062 0.223529 -0.063134 8.045698 -164.273839 8.466294 7.201351 8.466294
0.016930 8.046075 0.000016 -0.683042 0.012724 0.221325 0.365417 8.145433 -146.942792 8.245147 7.130340 8.245147
0.018409 8.138649 0.000015 -0.614712 0.011513 0.217794 0.261936 8.220521 -131.347349 7.960005 7.016562 7.953981
0.019097 8.227976 0.000016 -0.553249 0.010417 0.211831 0.211408 8.307819 -117.315937 7.925172 6.824469 7.830161
0.020724 8.313039 0.000012 -0.497968 0.009426 0.211194 0.197577 8.403410 -104.666845 7.762933 6.803945 7.660870
0.020094 8.396248 0.000009 -0.448159 0.008529 0.208530 0.212413 8.465616 -93.285439 7.907487 6.718132 7.696504
0.020036 8.468490 0.000010 -0.403332 0.007717 0.211526 0.223917 8.563927 -83.016909 7.796993 6.814651 7.601882
0.019719 8.533449 0.000008 -0.362887 0.006983 0.211125 0.195807 8.585992 -73.784948 7.593686 6.801710 7.419581
0.018197 8.600908 0.000019 -0.326561 0.006318 0.206936 0.179682 8.674860 -65.484343 7.654324 6.666768 7.389430
0.017395 8.666263 0.000012 -0.293918 0.005717 0.207478 0.150811 8.736720 -57.991949 6.480768 6.684229 6.561988
0.016161 8.733771 0.000014 -0.264487 0.005173 0.182026 0.111029 8.715479 -51.335309 5.752790 5.864256 5.809877
0.016047 8.794556 0.000014 -0.238343 0.004681 0.158943 0.053237 8.849089 -45.331052 5.053247 5.120586 5.098347
0.015033 8.842920 -0.000018 -0.214735 0.004724 0.138064 -0.091311 8.832711 -39.918928 4.331928 4.447953 4.394382
0.010241 8.870275 -0.000014 -0.193391 0.004724 0.116918 0.003109 8.891240 -28.147749 3.798931 3.766702 3.813536
0.012359 8.946843 -0.000026 -0.147036 0.007111 0.099444 0.000386 8.993850 -6.698123 2.915427 3.203744 3.038134
0.005962 8.950331 -0.000045 -0.062027 0.012074 0.076100 -0.006626 8.892937 -5.155856 2.041377 2.451692 2.214508
-0.006185 8.897826 -0.000024 -0.055706 0.012074 0.049182 5.226529 8.869605 -3.782619 1.205472 1.584484 1.379107
-0.007892 8.915233 -0.000024 -0.050332 0.012074 0.024203 4.697117 8.922055 -2.542514 0.035112 0.779723 0.344599
-0.009859 8.915154 -0.000039 -0.045416 0.012074 -0.006487 4.222207 8.851324 -1.455056 -0.990027 -0.208989 -0.647306
-0.013036 8.898174 -0.000032 -0.041038 0.012074 -0.035338 3.797693 8.874492 -0.480895 -1.875097 -1.138456 -1.526605
-0.015102 8.883538 -0.000047 -0.037119 0.012638 -0.060622 3.419890 8.833089 0.397863 -2.809110 -1.953031 -2.401803
-0.017290 8.864925 -0.000046 -0.033562 0.012638 -0.085880 3.083382 8.823355 1.177531 -3.553265 -2.766753 -3.147879
-0.022551 8.832348 -0.000054 -0.030342 0.014405 -0.107965 2.784701 8.777951 1.881422 -3.966609 -3.478275 -3.641107
-0.029417 8.773844 -0.000052 -0.027320 0.014405 -0.122676 2.516424 8.732317 2.532423 -4.607443 -3.952208 -4.220860
-0.035558 8.710240 -0.000045 -0.024488 0.014405 -0.139844 2.269703 8.641268 3.098895 -5.212941 -4.505305 -4.797311
-0.040734 8.649697 -0.000033 -0.022002 0.014405 -0.156900 2.044552 8.601027 3.598561 -5.900906 -5.054766 -5.429598
-0.045367 8.582231 -0.000033 -0.019754 0.014405 -0.175416 1.838130 8.500934 4.030668 -6.867856 -5.651316 -6.270282
-0.049969 8.512562 -0.000023 -0.017765 0.014405 -0.200749 1.652376 8.426599 4.383592 -7.705968 -6.467445 -7.072689
-0.057736 8.429103 -0.000025 -0.016036 0.014405 -0.225527 1.489130 8.334119 4.691156 -8.212321 -7.265698 -7.629150
-0.067313 8.327785 -0.000023 -0.014415 0.014405 -0.243367 1.344520 8.248589 4.980690 -8.673702 -7.840456 -8.102014
-0.077456 8.213638 -0.000019 -0.012815 0.014405 -0.258229 1.205981 8.120427 5.238735 -9.207393 -8.319253 -8.610336
-0.090178 8.087330 -0.000004 -0.011291 0.014405 -0.274763 1.075685 7.991304 5.454045 -9.680476 -8.851925 -9.082218
-0.103281 7.953691 0.000009 -0.009908 0.014405 -0.290474 0.949856 7.858717 5.639127 -10.290299 -9.358059 -9.661631
-0.115910 7.793030 0.000022 -0.008538 0.013034 -0.308807 0.827224 7.667478 5.781515 -11.023087 -9.948697 -10.357373
-0.114862 7.735599 0.000045 -0.007746 0.012103 -0.328174 0.723362 7.705962 5.892790 -11.642033 -10.572650 -10.957628
-0.109974 7.717962 0.000015 -0.007235 0.012103 -0.343991 0.661478 7.643820 5.991565 -12.030218 -11.082203 -11.346463
-0.112539 7.665751 0.000009 -0.006636 0.012103 -0.354702 0.637746 7.609059 6.084746 -11.904013 -11.427284 -11.277518
-0.114427 7.609109 -0.000000 -0.006042 0.012103 -0.352556 0.617753 7.571818 6.199850 -11.901596 -11.358127 -11.272888
-0.117221 7.521100 -0.000000 -0.005237 0.012103 -0.351169 0.552154 7.437968 6.289417 -12.122542 -11.313465 -11.464104
-0.117999 7.442810 0.000019 -0.004572 0.012103 -0.355742 0.474178 7.383326 6.341399 -11.969358 -11.460774 -11.338981
-0.117351 7.353141 0.000015 -0.004010 0.012103 -0.348507 0.379780 7.289167 6.402747 -11.672267 -11.227712 -11.054550
-0.115985 7.258270 0.000025 -0.003391 0.012103 -0.335107 0.264878 7.198740 6.453486 -11.036430 -10.796003 -10.446734
-0.109634 7.165067 0.000035 -0.002821 0.012103 -0.310010 0.094729 7.119302 6.505817 -10.260777 -9.987441 -9.684696
-0.098556 7.086527 0.000044 -0.002302 0.012103 -0.277796 -0.414845 7.038903 6.542484 -9.386926 -8.949638 -8.810035
-0.088407 7.015921 0.000052 -0.001877 0.014027 -0.243364 -0.281515 6.963293 6.555584 -8.328212 -7.840336 -7.753217
-0.072107 6.963364 0.000056 -0.001616 0.015022 -0.204725 -0.125057 6.925217 6.558157 -7.580065 -6.595529 -6.957993
-0.051888 6.920778 0.000051 -0.001437 0.015022 -0.174016 0.067140 6.840128 6.517322 -7.073929 -5.606202 -6.378127
-0.034227 6.874079 0.000047 -0.001414 0.015022 -0.152447 0.652989 6.786303 6.438062 -6.303403 -4.911332 -5.580461
-0.019980 6.832866 0.000030 -0.001565 0.015022 -0.126882 0.755133 6.761105 6.368531 -5.325527 -4.087699 -4.591487
-0.007494 6.787765 0.000010 -0.001662 0.015022 -0.098739 0.867238 6.712160 6.313522 -4.276478 -3.181020 -3.538357
-0.000178 6.737503 -0.000001 -0.001681 0.015022 -0.070029 0.929644 6.671994 6.270136 -3.166908 -2.256095 -2.437577
0.017115 6.781824 -0.000011 -0.002028 0.015022 -0.041973 0.937540 6.798364 6.249981 -2.308869 -1.352225 -1.564907
0.014464 6.688544 -0.000051 -0.001738 0.015022 -0.022221 0.875791 6.525774 6.218924 -1.711857 -0.715880 -0.953013
-0.007293 6.505471 -0.000005 -0.001136 0.015022 -0.011857 0.778653 6.411235 6.169585 -1.002435 -0.382002 -0.270864
-0.011708 6.449005 0.000003 -0.001108 0.015022 0.001297 0.652012 6.430635 6.148942 -0.386536 0.041782 0.322300
-0.015033 6.393991 -0.000011 -0.000971 0.015022 0.013277 0.462750 6.331134 6.139906 -0.111273 0.427754 0.593048
-0.017338 6.339172 0.000004 -0.000790 0.013593 0.016882 0.193242 6.303392 6.117622 0.169772 0.543870 0.854719
-0.016591 6.291639 0.000000 -0.000690 0.012299 0.022919 -0.322367 6.252941 6.105729 0.389141 0.738357 1.057708
-0.014953 6.252391 0.000005 -0.000581 0.011129 0.028759 -0.074481 6.224604 6.093048 0.637281 0.926519 1.287095
-0.014545 6.223083 0.000004 -0.000515 0.010070 0.035459 0.465544 6.199216 6.083402 0.974758 1.142353 1.600703
-0.012925 6.202003 0.000005 -0.000470 0.009112 0.044525 0.373920 6.191109 6.082138 1.350748 1.434449 1.950385
-0.009713 6.186642 0.000003 -0.000414 0.008244 0.055346 0.287685 6.176513 6.086034 1.753715 1.783051 2.325840
-0.004686 6.181003 0.000004 -0.000376 0.007460 0.067302 0.201528 6.182297 6.093233 2.177232 2.168229 2.721284
0.005045 6.189061 0.000002 -0.000380 0.006750 0.080944 0.093467 6.195178 6.103521 2.509593 2.607723 3.033624
0.013965 6.206818 -0.000000 -0.000409 0.006108 0.092523 -0.061986 6.208446 6.106166 2.854567 2.980763 3.359809
0.019801 6.218482 -0.000005 -0.000445 0.005526 0.102816 0.035837 6.216628 6.107516 3.178449 3.312367 3.666022
0.028545 6.243919 -0.000008 -0.000541 0.005000 0.112352 -0.111214 6.255265 6.110669 3.478114 3.619595 3.949184
0.041139 6.288188 -0.000018 -0.000704 0.004741 0.121303 -0.069644 6.303448 6.117342 3.813995 3.907966 4.267521
0.069995 6.444520 -0.000028 -0.001297 0.007629 0.132388 -0.035577 6.550020 6.142701 4.128345 4.265073 4.566166
0.077598 6.487959 -0.000079 -0.001369 0.021212 0.141435 -0.074860 6.427603 6.166520 4.474776 4.556544 4.896518
0.074000 6.451153 -0.000048 -0.001128 0.021212 0.149745 0.070974 6.463590 6.188580 4.716763 4.824274 5.123086
0.087674 6.547850 -0.000052 -0.001424 0.021212 0.155432 -0.411815 6.606840 6.216088 4.943245 5.007477 5.334043
0.104534 6.664302 -0.000079 -0.001777 0.021266 0.159583 -0.280363 6.705242 6.255879 5.107409 5.141227 5.481776
0.119597 6.760280 -0.000093 -0.001999 0.025070 0.163857 -0.048172 6.801662 6.303671 5.211479 5.278919 5.570516
0.119686 6.755337 -0.000105 -0.001790 0.028266 0.165792 0.808836 6.712997 6.343557 7.253409 5.341260 7.547966
0.108884 6.663628 -0.000078 -0.001269 0.028266 0.230082 0.685643 6.773870 6.525301 7.861668 7.412456 8.086432
0.097238 6.581388 -0.000052 -0.000222 0.028266 0.246996 0.570232 6.462580 6.566087 8.533697 7.957369 8.723230
0.092135 6.554559 0.000026 0.000046 0.028266 0.266367 0.430883 6.673273 6.610066 9.137311 8.581443 9.290910
0.094587 6.558543 -0.000011 0.000204 0.028266 0.284231 0.182372 6.510287 6.648443 9.537081 9.156945 9.661139
0.096246 6.565669 0.000033 0.000328 0.028266 0.297236 -0.285355 6.639743 6.669933 10.014262 9.575939 10.112948
0.097645 6.590479 0.000009 0.000315 0.028266 0.311152 -0.172753 6.585392 6.696312 10.331326 10.024240 10.407798
0.097187 6.629773 0.000027 0.000264 0.028266 0.318730 -0.165396 6.689325 6.713706 10.366127 10.268396 10.431001
0.089232 6.668050 0.000007 0.000181 0.028266 0.314042 -0.556939 6.658683 6.716793 10.520960 10.117343 10.564078
0.081730 6.708934 0.000015 0.000031 0.028266 0.310924 -0.647248 6.780741 6.747614 10.689221 10.016919 10.695113
0.076532 6.763642 -0.000006 -0.000064 0.028266 0.309419 -0.621820 6.802610 6.801864 10.673976 9.968406 10.645169
0.068649 6.824505 0.000001 -0.000090 0.025576 0.302818 -0.547560 6.897272 6.859380 10.562152 9.755757 10.492217
0.065691 6.942544 -0.000007 -0.000330 0.023142 0.292792 -0.459881 7.041908 6.930844 10.425939 9.432761 10.301018
0.053377 7.007842 -0.000023 -0.000305 0.020940 0.282028 -0.343698 7.058363 7.016318 10.126212 9.085958 9.953992
0.037851 7.036426 -0.000008 -0.000080 0.018947 0.267569 -0.168553 7.100338 7.099790 9.744459 8.620168 9.518798
0.032871 7.130124 0.000001 -0.000120 0.017144 0.252504 0.139466 7.241995 7.190865 9.576549 8.134809 9.257415
0.029848 7.226677 -0.000011 -0.000142 0.015512 0.244886 -0.163523 7.327324 7.307347 9.392402 7.889401 9.009184
0.044306 7.411668 -0.000004 -0.000414 0.014036 0.239526 0.103105 7.596842 7.435477 8.871094 7.716720 8.497968
0.041401 7.484475 -0.000035 -0.000194 0.012701 0.228732 -0.071178 7.484979 7.530774 8.673368 7.368964 8.234187
0.026837 7.490135 0.000011 0.000161 0.011492 0.223953 -0.351324 7.596407 7.628856 8.571296 7.215010 8.080278
0.025910 7.596065 0.000008 0.000130 0.010398 0.221318 -0.357595 7.702001 7.731786 8.250549 7.130117 7.769469
0.022770 7.694627 0.000007 0.000147 0.009409 0.212664 -0.350007 7.776467 7.815809 8.263916 6.851300 7.685379
0.021974 7.789290 0.000009 0.000105 0.008513 0.211262 -0.308354 7.910168 7.923777 8.176988 6.806143 7.568730
0.022518 7.877263 0.000003 0.000184 0.007703 0.210121 -0.226470 7.958289 8.026474 7.891674 6.769371 7.308595
0.020143 7.958472 0.000015 0.000270 0.006970 0.204524 -0.137115 8.046505 8.107560 7.837938 6.589061 7.196664
0.018896 8.037016 0.000014 0.000280 0.006307 0.202870 -0.033402 8.127223 8.198303 7.567022 6.535761 6.954504
0.015976 8.114081 0.000016 0.000334 0.005707 0.197253 0.389903 8.184324 8.270638 7.405528 6.354800 6.767732
0.024074 8.295788 0.000020 -0.000100 0.005271 0.191430 0.324469 8.467239 8.355434 7.651234 6.167225 6.870618
0.021139 8.333663 -0.000024 0.000086 0.006536 0.196344 0.238875 8.343013 8.469467 7.145765 6.325520 6.523901
0.007740 8.283808 0.000028 0.000736 0.007634 0.188838 0.103880 8.300677 8.515134 6.909518 6.083720 6.276569
0.010732 8.364527 0.000048 0.000597 0.012912 0.183529 -0.091531 8.480274 8.564740 6.744980 5.912678 6.100898
0.014317 8.431626 0.000019 0.000528 0.012912 0.181352 0.221998 8.457884 8.616605 6.170446 5.842546 5.670106
0.013931 8.493967 0.000036 0.000486 0.012912 0.170124 0.179346 8.548512 8.630019 6.146179 5.480808 5.550064
0.017121 8.556426 0.000019 0.000292 0.012912 0.167777 0.222372 8.614861 8.674763 5.819070 5.405211 5.297867
0.021250 8.607516 0.000014 0.000267 0.012912 0.162695 0.247121 8.634048 8.700447 5.205673 5.241465 4.829942
0.020021 8.657565 0.000015 0.000170 0.012912 0.149334 0.371398 8.673576 8.693356 5.262968 4.811034 4.752230
0.019369 8.711556 0.000005 -0.000072 0.012912 0.146479 0.467560 8.777330 8.730567 5.037879 4.719059 4.572760
0.016361 8.754922 -0.000010 -0.000097 0.012912 0.140129 0.502512 8.761962 8.757969 5.061973 4.514477 4.529022
0.014336 8.787839 -0.000000 -0.000118 0.012912 0.137458 0.511162 8.851414 8.803829 5.132756 4.428422 4.547199
0.014333 8.820457 -0.000010 -0.000066 0.012912 0.138806 0.469575 8.850847 8.860647 5.022822 4.471865 4.482756
0.012507 8.859805 0.000003 0.000003 0.012912 0.137081 0.422750 8.910117 8.903708 5.323438 4.416290 4.662582
0.011284 8.900048 -0.000001 0.000015 0.011684 0.142947 0.350833 8.963031 8.974379 5.260445 4.605251 4.673896
0.019957 9.061932 0.000003 -0.000347 0.010572 0.142590 0.250350 9.192361 9.034442 5.548547 4.593746 4.854613
0.014741 9.077028 -0.000035 -0.000169 0.009566 0.146868 0.114378 9.059531 9.113470 5.627819 4.731586 4.942081
0.000460 8.993143 0.000012 0.000477 0.008655 0.150270 -0.258219 9.010214 9.171620 5.620326 4.841190 4.966174
0.003363 9.055302 0.000036 0.000461 0.009678 0.151410 -0.102029 9.152385 9.221001 5.682086 4.877920 5.013024
0.008917 9.113234 0.000016 0.000427 0.009678 0.155021 0.262512 9.144886 9.273197 5.312600 4.994244 4.811223
0.009904 9.158109 0.000029 0.000456 0.009678 0.150611 0.165878 9.193617 9.286618 5.333845 4.852168 4.782239
0.013104 9.209477 0.000021 0.000306 0.009678 0.150662 0.148294 9.259885 9.316624 5.062124 4.853798 4.612915
0.013790 9.255508 0.000013 0.000242 0.009678 0.146344 0.196513 9.268320 9.326826 5.037994 4.714695 4.558274
0.014375 9.289290 0.000014 0.000149 0.009678 0.144144 0.296625 9.331383 9.348389 4.839011 4.643809 4.413762
0.015016 9.324612 0.000004 0.000094 0.009678 0.140240 0.347261 9.334481 9.361298 4.768418 4.518057 4.333765
0.021942 9.448311 0.000006 -0.000345 0.009678 0.136548 0.418556 9.558980 9.389604 5.201091 4.399094 4.569497
0.015804 9.437895 -0.000037 -0.000191 0.009972 0.143223 0.441858 9.403830 9.457236 5.276645 4.614140 4.689406
-0.000223 9.350078 0.000012 0.000425 0.009972 0.145822 0.427056 9.358956 9.498400 5.893913 4.697875 5.100295
0.003185 9.391141 0.000031 0.000425 0.009972 0.158570 0.362844 9.510550 9.581335 6.023433 5.108588 5.317779
0.007806 9.435305 0.000016 0.000579 0.009972 0.167809 0.233764 9.446750 9.638372 6.123041 5.406228 5.482877
0.010669 9.474699 0.000043 0.000649 0.011555 0.174649 0.064559 9.553191 9.678137 5.957797 5.626588 5.461204
0.011964 9.518529 0.000028 0.000633 0.011555 0.175336 -0.572158 9.516735 9.688113 5.846716 5.648724 5.409131
0.010498 9.559300 0.000039 0.000511 0.011555 0.172552 -0.477174 9.608855 9.690736 6.226555 5.559032 5.618497
0.008126 9.589901 0.000019 0.000400 0.011555 0.177882 -0.382434 9.627011 9.732925 6.403805 5.730739 5.790749
0.007263 9.623505 0.000024 0.000434 0.011555 0.181791 -0.286048 9.673407 9.774690 6.844385 5.856667 6.104674
0.009700 9.669898 0.000023 0.000415 0.011555 0.191735 -0.158555 9.744438 9.841558 6.914281 6.177036 6.261664
0.010853 9.720829 0.000022 0.000479 0.011555 0.196815 0.020072 9.759675 9.887217 7.144899 6.340719 6.461656
0.014498 9.763337 0.000029 0.000491 0.011555 0.203814 -0.959215 9.829240 9.937803 6.788451 6.566181 6.330898
0.013878 9.801973 0.000025 0.000538 0.011555 0.200622 -0.849973 9.797565 9.941626 6.751483 6.463358 6.278759
0.011371 9.832495 0.000033 0.000433 0.011555 0.197429 -0.777818 9.883002 9.953276 6.686922 6.360485 6.207516
0.011024 9.866400 0.000017 0.000344 0.011555 0.194720 -0.709265 9.878681 9.970151 6.470336 6.273203 6.050727
0.009549 9.908846 0.000021 0.000243 0.010455 0.188528 -0.664819 9.948416 9.979458 6.959331 6.073710 6.268348
0.009288 9.952735 0.000008 0.000106 0.009460 0.194830 -0.617322 10.025542 10.046137 7.033001 6.276745 6.386087
0.006495 9.991268 0.000006 0.000217 0.008560 0.197772 -0.563930 10.023069 10.099871 7.398909 6.371547 6.633949
0.003432 10.029001 0.000018 0.000281 0.007746 0.204424 -0.503242 10.114198 10.173236 7.630336 6.585843 6.845682
0.004275 10.076492 0.000014 0.000383 0.007008 0.210717 -0.423039 10.128120 10.245354 7.131206 6.788565 6.630674
0.007576 10.129693 0.000027 0.000458 0.007225 0.204668 -0.338882 10.157783 10.260620 6.433524 6.593689 6.153484
0.010898 10.189607 0.000024 0.000281 0.007225 0.190715 -0.276509 10.202525 10.240976 5.990289 6.144172 5.728541
0.013827 10.245848 0.000009 -0.000019 0.007225 0.178188 -0.270112 10.268456 10.229413 5.663684 5.740616 5.388909
0.012189 10.291343 -0.000008 -0.000245 0.007225 0.167765 -0.314168 10.303628 10.229581 5.933316 5.404823 5.414972
0.008923 10.321380 -0.000016 -0.000364 0.007225 0.167304 -0.368471 10.376967 10.280147 6.215583 5.389958 5.567948
0.005398 10.345584 -0.000021 -0.000259 0.007225 0.171491 -0.384446 10.385132 10.351344 6.645697 5.524853 5.860624
0.003484 10.388226 -0.000007 -0.000146 0.007225 0.179693 -0.381154 10.478473 10.442804 7.012263 5.789083 6.166150
0.005168 10.468983 -0.000008 -0.000104 0.007225 0.189021 -0.342145 10.557176 10.541207 6.970086 6.089603 6.258039
0.005737 10.529108 -0.000003 0.000048 0.007225 0.191283 -0.287931 10.575603 10.608947 6.840544 6.162467 6.210842
0.007363 10.577701 0.000008 0.000124 0.007225 0.190460 -0.214841 10.632478 10.658921 6.651489 6.135956 6.092320
0.010507 10.641184 0.000006 0.000070 0.007225 0.187744 -0.150947 10.688519 10.697518 6.800425 6.048458 6.137021
0.014806 10.703948 0.000002 -0.000025 0.006538 0.190839 -0.101867 10.775176 10.757047 6.790333 6.148173 6.172179
0.018283 10.760953 -0.000004 -0.000015 0.005915 0.193699 -0.102482 10.799860 10.807724 7.014118 6.240320 6.335391
0.018996 10.814212 0.000002 -0.000026 0.005353 0.199854 -0.165882 10.886288 10.868968 7.645976 6.438615 6.765983
0.018178 10.871039 -0.000004 -0.000008 0.004843 0.213014 -0.205063 10.953387 10.963721 8.155779 6.862572 7.220959
0.015854 10.920916 0.000002 0.000170 0.004382 0.226061 -0.204575 10.996208 11.060710 8.481357 7.282905 7.573137
0.014974 10.977799 0.000014 0.000329 0.003965 0.235526 -0.176462 11.056920 11.146268 8.678847 7.587832 7.806669
0.018309 11.042236 0.000020 0.000412 0.005386 0.242512 -0.121430 11.115924 11.221300 8.272701 7.812891 7.683881
0.019872 11.105021 0.000024 0.000461 0.006363 0.239192 -0.024986 11.132307 11.245680 8.198438 7.705941 7.600476
0.019466 11.166094 0.000026 0.000315 0.006863 0.236077 0.202443 11.231690 11.276288 8.041019 7.605590 7.474943
0.018072 11.224487 0.000010 0.000205 0.006863 0.231403 0.158606 11.252822 11.305206 7.902657 7.455016 7.337011
0.013916 11.272691 0.000012 0.000129 0.006863 0.225414 0.125863 11.323640 11.337008 8.414380 7.262074 7.517040
0.012687 11.322026 0.000003 0.000059 0.006863 0.229960 0.047106 11.410971 11.425745 8.264770 7.408506 7.497864
0.014892 11.382950 0.000004 0.000170 0.006863 0.229871 -0.294616 11.427586 11.488519 7.889860 7.405668 7.298493
0.018725 11.457429 0.000014 0.000123 0.006863 0.224756 -0.219911 11.519219 11.523326 7.481074 7.240882 7.013047
0.021808 11.529634 0.000001 -0.000025 0.006863 0.217137 -0.166272 11.556775 11.542766 6.919151 6.995415 6.615832
0.022701 11.584170 -0.000003 -0.000164 0.006863 0.205293 -0.171939 11.600113 11.540934 6.683404 6.613825 6.326968
0.021174 11.625586 -0.000013 -0.000336 0.006863 0.196377 -0.220687 11.651412 11.554848 3.428402 6.326584 4.542092
0.020869 11.672584 -0.000021 -0.000467 0.006863 0.138122 -0.260971 11.462568 11.339669 4.358667 4.449828 4.173554
0.021532 11.724262 -0.000027 -0.001524 0.007299 0.126491 -0.264639 11.926477 11.370990 3.980354 4.075110 3.810176
0.017017 11.737024 -0.000123 -0.001451 0.033147 0.114601 -0.273789 11.578041 11.400173 4.193301 3.692040 3.739083
0.011559 11.744982 -0.000040 -0.001367 0.033147 0.111620 -0.243692 11.917788 11.473907 4.021293 3.596011 3.602888
0.006622 11.774134 -0.000099 -0.001190 0.033147 0.106143 -0.058435 11.692515 11.537233 3.882253 3.419551 3.444640
0.001175 11.797206 -0.000036 -0.001030 0.033147 0.099329 1.346451 11.917192 11.599464 3.570146 3.200027 3.178391
-0.000436 11.821261 -0.000072 -0.000879 0.033147 0.090472 1.116481 11.773499 11.650627 2.334140 2.914709 2.427869
0.000599 11.858343 -0.000029 -0.000823 0.033147 0.067759 0.881085 11.880754 11.625935 1.445129 2.182946 1.642400
-0.000642 11.872989 -0.000058 -0.000979 0.033147 0.044262 0.697789 11.809000 11.592863 0.951045 1.425973 1.039558
-0.004072 11.859435 -0.000050 -0.001057 0.033147 0.026611 0.591618 11.862591 11.582329 0.592201 0.857321 0.592243
-0.007971 11.836728 -0.000064 -0.001008 0.033147 0.013699 0.583750 11.795276 11.587008 0.776657 0.441347 0.485203
-0.011774 11.813162 -0.000048 -0.000896 0.033147 0.011763 0.618925 11.853729 11.635881 1.078783 0.378971 0.601671
-0.013351 11.809149 -0.000050 -0.000687 0.033147 0.016812 0.626425 11.828287 11.708009 1.134000 0.541628 0.700289
-0.012766 11.800304 -0.000029 -0.000366 0.029992 0.021706 0.569590 11.824305 11.763626 0.965203 0.699301 0.688012
-0.011463 11.782944 -0.000015 -0.000077 0.027138 0.023826 0.475922 11.770677 11.786380 0.962991 0.767591 0.721765
-0.009218 11.778732 0.000002 0.000030 0.024556 0.027381 0.372354 11.800477 11.800917 0.636644 0.882131 0.619564
-0.007530 11.778126 -0.000001 0.000090 0.022219 0.025820 0.267003 11.741022 11.779414 0.406950 0.831832 0.492836
-0.005937 11.780560 0.000007 -0.000005 0.020104 0.022441 0.188639 11.778919 11.746257 0.446851 0.722982 0.473736
-0.005010 11.786583 -0.000008 -0.000160 0.018191 0.021882 0.114606 11.771092 11.728666 0.885174 0.704956 0.693071
0.000125 11.839256 -0.000011 -0.000438 0.016460 0.028287 0.003194 11.907900 11.753838 1.088004 0.911322 0.898272
0.001095 11.831721 -0.000035 -0.000309 0.014894 0.035838 -4.910911 11.784614 11.775462 0.936396 1.154562 0.948536
-0.003579 11.773993 -0.000003 0.000006 0.013476 0.036728 -4.415467 11.748412 11.758231 1.022563 1.183239 1.015421
-0.001485 11.782842 0.000001 -0.000098 0.012194 0.037996 -3.968826 11.797803 11.748109 0.464495 1.224111 0.769286
-0.001581 11.777513 -0.000012 -0.000117 0.011034 0.029530 -3.566926 11.701796 11.691565 0.056402 0.951348 0.451490
-0.004678 11.764578 -0.000003 -0.000289 0.009984 0.017640 -3.208437 11.744721 11.628785 -22.508238 0.568293 -10.885009
-0.002803 11.769591 -0.000027 -0.000558 0.009034 -0.352198 -2.885848 9.982398 9.835776 -13.343424 -11.346624 -11.846617
-0.005398 11.734013 -0.000033 -0.007524 0.008981 -0.382795 -2.592855 12.978939 9.869233 -13.461550 -12.332354 -12.377747
-0.019330 11.562945 -0.000691 -0.006714 0.185786 -0.400348 -2.325124 10.341724 9.950179 -13.399976 -12.897846 -12.620625
-0.047867 11.195414 -0.000091 -0.004936 0.185786 -0.407255 -1.778141 11.839046 10.035381 -13.861786 -13.120372 -12.986435
-0.083141 10.762074 -0.000404 -0.002880 0.185786 -0.418648 -1.145563 9.842437 10.049991 -13.847848 -13.487406 -13.136110
-0.112946 10.400774 0.000040 -0.001390 0.185786 -0.422716 -0.208846 10.819217 10.056844 -13.923862 -13.618460 -13.249323
-0.132149 10.193627 -0.000174 -0.000542 0.185786 -0.427716 5.265645 9.669239 10.046607 -13.874251 -13.779543 -13.289971
-0.141189 10.174537 0.000078 -0.000507 0.185786 -0.431215 4.463543 10.571360 10.051983 -14.694361 -13.892280 -13.895133
-0.145679 10.187628 -0.000120 -0.000538 0.185786 -0.455571 3.591906 9.817832 10.002738 -16.988027 -14.676927 -15.684356
-0.149071 10.166442 0.000037 -0.000649 0.185786 -0.515358 2.516771 10.264350 9.838129 -19.050556 -16.603054 -17.653879
-0.155453 10.117939 -0.000098 -0.001109 0.185786 -0.579585 1.221095 9.809151 9.674450 -21.366214 -18.672236 -19.840169
-0.169856 10.039517 -0.000034 -0.001447 0.185786 -0.651833 -0.927892 10.012848 9.499995 -22.411836 -20.999808 -21.220781
-0.190192 9.904853 -0.000118 -0.001605 0.185786 -0.694473 1.602578 9.707884 9.429907 -22.541395 -22.373531 -21.823550
-0.214258 9.660642 -0.000066 -0.000915 0.168106 -0.709816 -0.150561 9.609703 9.439835 -24.560015 -22.867840 -23.074356
-0.239955 9.376949 -0.000042 0.000249 0.152109 -0.744435 14.869289 9.058233 9.301035 -25.897245 -23.983128 -24.264297
-0.264388 9.105815 0.000050 0.000774 0.137634 -0.774565 13.257196 8.993988 9.131621 -25.866565 -24.953816 -24.908648
-0.290245 8.836793 0.000027 0.001169 0.124536 -0.790615 11.822697 8.639561 9.030662 -26.044765 -25.470913 -25.340522
-0.320272 8.513249 0.000084 0.002051 0.112685 -0.801435 10.532130 8.367262 8.933984 -27.573035 -25.819487 -25.943621
-0.349439 8.154506 0.000124 0.003090 0.101962 -0.817048 9.364857 7.846983 8.718718 -25.972837 -26.322475 -26.069113
-0.377066 7.797859 0.000192 0.003650 0.092259 -0.819394 8.307078 7.785940 8.654012 -24.054746 -26.398073 -25.853861
-0.414207 7.333549 0.000192 0.005234 0.083479 -0.812685 7.350643 7.155139 8.705468 -26.135252 -26.181934 -25.952786
-0.450860 6.882616 0.000345 0.007225 0.092715 -0.814718 6.484348 6.668253 8.526838 -27.670883 -26.247424 -26.185228
-0.478703 6.563494 0.000415 0.007782 0.111530 -0.820901 5.683416 6.368218 8.219035 -22.080721 -26.446622 -25.844786
-0.518728 6.081945 0.000415 0.008471 0.111537 -0.811225 4.909435 6.194814 8.347213 -20.310032 -26.134884 -25.445685
-0.564926 5.484032 0.000483 0.011349 0.129955 -0.799785 4.151207 5.371542 8.517031 -25.611654 -25.766310 -25.491091
-0.597677 5.049839 0.000705 0.013743 0.189675 -0.800410 3.362375 4.804588 8.182423 -21.406081 -25.786471 -25.269500
-0.621750 4.734763 0.000760 0.013666 0.204247 -0.792988 2.429910 5.021926 8.180679 -20.069857 -25.547336 -24.993674
-0.645241 4.437083 0.000714 0.014839 0.204247 -0.783954 1.419511 4.398143 8.235252 -20.777455 -25.256301 -24.780864
-0.671257 4.117665 0.000866 0.016321 0.232936 -0.776898 0.177611 4.244015 8.174226 -11.427194 -25.028974 -24.139063
-0.693190 3.838384 0.000890 0.017186 0.239208 -0.754528 -9.406956 4.579016 8.805777 -13.548590 -24.308309 -23.588619
-0.708471 3.636804 0.000958 0.020489 0.257577 -0.737227 -8.270259 3.725613 9.131457 -17.931391 -23.750923 -23.278855
-0.711894 3.586654 0.001222 0.021978 0.328621 -0.727188 -7.218174 3.931206 9.032696 -20.220014 -23.427484 -23.089851
-0.708042 3.626939 0.001158 0.021427 0.328621 -0.720980 -6.168860 3.634699 8.743293 -21.083131 -23.227514 -22.952119
-0.711953 3.574175 0.001163 0.020489 0.328621 -0.716543 -5.215000 3.693679 8.394304 -14.197206 -23.084548 -22.532354
-0.724872 3.397145 0.001075 0.019808 0.328621 -0.703261 -4.316388 3.855873 8.590543 -16.429676 -22.656638 -22.241625
-0.741488 3.164789 0.001084 0.021507 0.328621 -0.694071 -3.448675 3.099547 8.535592 -16.105603 -22.360576 -21.964200
-0.745941 3.090018 0.001242 0.021585 0.333916 -0.685007 -2.744614 3.572212 8.480852 0.185907 -22.068576 -21.051778
-0.744500 3.092144 0.001127 0.021360 0.333916 -0.654938 -2.243908 4.450806 9.684698 8.065492 -21.099860 -19.852890
-0.745885 3.064311 0.001201 0.026242 0.333916 -0.615886 -1.833608 4.239012 11.306555 13.063993 -19.841723 -18.503368
-0.726305 3.291141 0.001610 0.031771 0.432815 -0.569524 -1.369257 5.109643 13.081812 10.010362 -18.348093 -17.267319
-0.667289 3.982179 0.001814 0.036069 0.487750 -0.522215 -0.028197 5.300916 14.392558 -3.908729 -16.823964 -16.578244
-0.587487 4.901125 0.002066 0.037622 0.555671 -0.518715 99.685484 5.592664 14.454788 -4.116666 -16.711216 -16.498345
-0.519054 5.660771 0.002021 0.034858 0.555671 -0.504995 89.678436 6.701516 14.561647 -11.099165 -16.269205 -16.699606
-0.474228 6.123637 0.001803 0.033447 0.555671 -0.505991 80.680521 6.066192 14.122704 -10.716661 -16.301290 -16.668394
-0.444899 6.382861 0.001849 0.030679 0.555671 -0.499948 72.590985 7.073520 13.786044 -10.823096 -16.106591 -16.491993
-0.426998 6.509445 0.001553 0.028843 0.555671 -0.490399 65.334255 6.471928 13.472127 -11.706512 -15.798963 -16.321509
-0.418249 6.561119 0.001618 0.027394 0.555671 -0.482996 58.822868 6.952945 13.101500 -12.792043 -15.560464 -16.239603
-0.415961 6.612346 0.001431 0.025722 0.555671 -0.480372 52.997313 6.556657 12.669375 -10.610275 -15.475938 -15.833227
-0.419137 6.641390 0.001423 0.023894 0.555671 -0.468951 47.765198 7.090200 12.447600 -8.757501 -15.107997 -15.248373
-0.423346 6.634744 0.001255 0.023041 0.555671 -0.451935 43.022041 6.767677 12.363612 -10.751401 -14.559798 -15.026859
-0.420632 6.658038 0.001308 0.022616 0.555671 -0.445303 38.689310 6.868557 12.091285 -16.456328 -14.346118 -15.578085
-0.406754 6.765515 0.001225 0.021110 0.555671 -0.464063 34.742020 6.517834 11.393460 -23.302708 -14.950504 -17.018400
-0.393122 6.906791 0.001147 0.017784 0.502792 -0.513536 31.199001 6.563908 10.290744 -21.373878 -16.544374 -17.972197
-0.400601 6.889845 0.000891 0.013480 0.454945 -0.543713 28.080058 6.772403 9.572463 -12.590941 -17.516551 -17.446343
-0.432069 6.605987 0.000683 0.011759 0.411651 -0.530934 25.290714 6.858572 9.661533 -7.854610 -17.104884 -16.499456
-0.463291 6.287531 0.000681 0.013374 0.372477 -0.505520 22.728274 6.555072 10.048508 -4.671305 -16.286118 -15.455229
-0.469921 6.224034 0.000832 0.015159 0.337032 -0.472669 20.366158 6.868742 10.575599 -1.828866 -15.227766 -14.250377
-0.454503 6.430454 0.000877 0.016431 0.304959 -0.430370 18.190475 7.129071 11.210333 -4.368423 -13.865045 -13.367537
-0.433416 6.757516 0.000959 0.017650 0.275938 -0.399115 16.195917 7.203938 11.508718 -5.308281 -12.858127 -12.619282
-0.407391 7.085834 0.001008 0.017531 0.271016 -0.371908 14.357066 7.582568 11.657647 -15.102263 -11.981593 -13.208148
-0.377888 7.374552 0.000956 0.016977 0.271016 -0.393826 12.643788 6.963763 10.984962 -20.958210 -12.687725 -14.678554
-0.355324 7.602112 0.000944 0.013409 0.271016 -0.446937 11.140857 7.465141 9.999028 -16.453666 -14.398760 -15.165847
-0.344637 7.679526 0.000613 0.009194 0.271016 -0.462489 9.890701 7.690117 9.606161 -15.325211 -14.899800 -15.313760
-0.352931 7.550733 0.000474 0.008147 0.271016 -0.466126 8.864679 7.405913 9.367305 -13.461049 -15.016981 -15.042611
-0.372308 7.360311 0.000481 0.007955 0.271016 -0.458571 8.071315 7.445672 9.288448 -7.924400 -14.773594 -13.917357
-0.381626 7.278867 0.000453 0.007966 0.271016 -0.424705 7.396040 7.681774 9.623840 -9.245715 -13.682544 -13.247609
-0.383809 7.280971 0.000473 0.009287 0.271016 -0.403932 6.710685 7.307769 9.736995 -10.865777 -13.013313 -12.954745
-0.379712 7.355851 0.000579 0.009438 0.271016 -0.394979 6.008702 7.562488 9.667051 -13.956998 -12.724880 -13.203613
-0.364929 7.491156 0.000506 0.008625 0.271016 -0.403927 5.243407 7.337604 9.352976 -21.979698 -13.013153 -14.800519
-0.354277 7.591320 0.000484 0.006983 0.271016 -0.458680 4.517892 7.092135 8.474653 -22.813581 -14.777101 -16.308908
-0.355625 7.598682 0.000343 0.003472 0.245225 -0.507093 4.023700 7.374594 7.757731 -20.443230 -16.336792 -17.083056
-0.370213 7.467889 0.000119 0.001149 0.221889 -0.530526 3.723052 7.220956 7.407178 -17.270907 -17.091711 -17.148990
-0.396818 7.203124 0.000072 0.000809 0.200773 -0.533023 3.489351 7.174825 7.372740 -12.548405 -17.172181 -16.536036
-0.423652 6.938102 0.000072 0.001723 0.181667 -0.516155 3.177585 7.110805 7.691357 -7.991097 -16.628726 -15.520506
-0.436342 6.820692 0.000155 0.003451 0.164379 -0.485353 2.737846 7.265003 8.280691 -8.251676 -15.636401 -14.728010
-0.432186 6.885420 0.000249 0.005531 0.148737 -0.458836 2.134094 7.160041 8.719451 -11.717553 -14.782112 -14.432762
-0.417479 7.099459 0.000369 0.006421 0.134582 -0.448304 1.430692 7.290975 8.797433 -12.436430 -14.442825 -14.244821
-0.396601 7.352206 0.000357 0.005729 0.121775 -0.441213 0.538709 7.558308 8.810028 -19.346554 -14.214375 -15.033017
-0.381781 7.492445 0.000299 0.005223 0.110187 -0.467937 -1.376402 7.037860 8.276376 -23.511767 -15.075331 -16.360810
-0.377148 7.549905 0.000296 0.002880 0.099701 -0.511573 -0.848272 7.298896 7.543084 -19.525358 -16.481109 -16.859674
-0.382781 7.488737 0.000075 0.000215 0.090213 -0.526931 -0.632571 7.402219 7.299259 -17.476535 -16.975906 -16.949529
-0.400852 7.273943 -0.000004 0.000100 0.081628 -0.529230 -0.698100 7.132119 7.257524 -15.262606 -17.049959 -16.707675
-0.420220 7.075475 0.000045 0.000722 0.073860 -0.521999 -0.929057 7.170125 7.379284 -8.636962 -16.817021 -15.688857
-0.427321 6.983635 0.000062 0.001568 0.066832 -0.489878 -0.984146 7.475012 7.980287 -12.184852 -15.782186 -15.264260
-0.424959 7.008384 0.000126 0.003852 0.060472 -0.475579 -0.853185 6.916783 8.164799 -12.135329 -15.321531 -14.878781
-0.415874 7.154797 0.000290 0.004003 0.078027 -0.462598 -0.697077 7.594715 8.313306 -9.755440 -14.903329 -14.231254
-0.399882 7.319926 0.000173 0.003938 0.078027 -0.439822 -0.123947 7.503218 8.617091 -22.852301 -14.169543 -15.447003
-0.384973 7.445855 0.000260 0.004643 0.078027 -0.483255 3.714200 6.720030 7.820034 -26.893559 -15.568828 -17.183638
-0.374388 7.575819 0.000257 0.000968 0.078027 -0.542167 3.297925 7.373627 6.908789 -19.111156 -17.466749 -17.462417
-0.373625 7.586616 -0.000090 -0.002687 0.078027 -0.550787 3.004488 7.628235 6.847801 -17.093187 -17.744450 -17.373164
-0.401087 7.260060 -0.000162 -0.001634 0.078027 -0.548012 2.762083 7.016519 6.940026 -13.838992 -17.655058 -16.862594
-0.438431 6.834161 -0.000008 0.000420 0.078027 -0.534151 2.564889 6.987106 7.228270 -6.396059 -17.208494 -15.645007
-0.448522 6.699487 0.000062 0.002096 0.078027 -0.495829 2.344596 7.316098 8.022098 -12.327030 -15.973920 -15.277755
-0.443209 6.786519 0.000164 0.004898 0.078027 -0.483030 2.082419 6.648439 8.184123 -12.345987 -15.561581 -14.947279
-0.429083 6.990282 0.000348 0.004732 0.093694 -0.471418 1.822739 7.515565 8.316547 -14.871744 -15.187473 -14.950285
-0.408513 7.195152 0.000186 0.004445 0.093694 -0.470905 1.419728 6.963547 8.229132 -24.836895 -15.170946 -16.274676
-0.392723 7.343515 0.000289 0.003510 0.093694 -0.516716 1.015726 6.890562 7.383644 -22.777561 -16.646822 -17.185419
-0.392800 7.318373 0.000119 0.000259 0.093694 -0.545333 0.831741 7.180532 6.897027 -19.900422 -17.568743 -17.529255
-0.415019 7.027279 -0.000054 -0.000516 0.093694 -0.554603 0.900944 6.722086 6.727462 -17.488453 -17.867390 -17.475523
-0.440331 6.720373 0.000009 0.000028 0.093694 -0.552613 1.129545 6.748677 6.756427 -10.486048 -17.803283 -16.624208
-0.457547 6.541617 0.000009 0.000851 0.093694 -0.526842 1.279767 6.948970 7.307948 -5.586927 -16.973044 -15.414287
-0.465593 6.451986 0.000086 0.003393 0.093694 -0.488633 1.213930 6.946028 8.113982 -9.785233 -15.742087 -14.818528
-0.457575 6.543280 0.000265 0.006226 0.093694 -0.468006 0.914235 6.687553 8.423384 -12.619081 -15.077551 -14.572532
-0.438135 6.797071 0.000392 0.006446 0.105378 -0.458874 0.462962 7.077205 8.453272 -11.337011 -14.783331 -14.187328
-0.417493 7.009513 0.000313 0.005723 0.105378 -0.444318 -0.842467 7.225235 8.578772 -22.530855 -14.314404 -15.250446
-0.403467 7.116535 0.000309 0.005796 0.105378 -0.481114 0.006516 6.386157 7.789130 -26.808355 -15.499833 -16.821859
-0.399020 7.170551 0.000321 0.002452 0.105378 -0.527460 -20.693013 6.912512 6.841719 -17.731852 -16.992936 -16.747444
-0.412834 7.000473 -0.000006 -0.000629 0.105378 -0.525210 -18.631061 7.012979 6.799731 -13.780799 -16.920452 -16.170487
-0.454441 6.505617 -0.000038 0.001166 0.105378 -0.509203 -16.786664 6.345590 7.016181 -8.612064 -16.404785 -15.179593
-0.488022 6.129488 0.000157 0.003515 0.105378 -0.481110 -15.133749 6.566843 7.537748 -1.248578 -15.499725 -13.720372
-0.488848 6.124455 0.000223 0.005602 0.105378 -0.433847 -13.626586 6.886532 8.512405 -9.545670 -13.977068 -13.209850
-0.471435 6.358528 0.000369 0.008538 0.105378 -0.416370 -12.249723 6.283141 8.644034 -12.423186 -13.414011 -13.031314
-0.442828 6.706494 0.000533 0.007680 0.143285 -0.410428 -10.996260 7.122766 8.527870 -19.157992 -13.222590 -13.651630
-0.418139 6.941014 0.000322 0.006290 0.143285 -0.433327 -9.818341 6.330821 7.904392 -28.591037 -13.960293 -15.496291
-0.414974 6.946158 0.000360 0.003798 0.143285 -0.493789 -8.792146 6.292715 6.662856 -23.342239 -15.908195 -16.419227
-0.432372 6.744926 0.000094 -0.000325 0.143285 -0.520726 -7.935440 6.524545 6.088914 -16.193288 -16.776018 -16.286819
-0.471437 6.281474 -0.000086 -0.000763 0.143285 -0.516565 -7.203673 6.132650 6.153803 -15.114603 -16.641966 -16.079349
-0.523818 5.687074 0.000014 0.001850 0.143285 -0.510647 -6.566197 5.450220 6.226735 -5.512183 -16.451284 -15.138808
-0.552147 5.395269 0.000181 0.003296 0.143285 -0.483058 -5.984081 6.207934 7.000214 2.486692 -15.562469 -13.788989
-0.549078 5.448979 0.000184 0.006149 0.143285 -0.438486 -5.365129 6.255218 8.258494 -8.562855 -14.126513 -13.364222
-0.529334 5.687963 0.000453 0.010189 0.143285 -0.423379 -4.703684 5.669842 8.437123 -14.175743 -13.639825 -13.400946
-0.490242 6.134747 0.000624 0.009126 0.167787 -0.424569 -4.050130 6.464704 8.164918 -18.678904 -13.678169 -13.868095
-0.452324 6.544650 0.000389 0.006422 0.167787 -0.441939 -3.373851 6.217007 7.611291 -23.186141 -14.237751 -14.855258
-0.442628 6.646254 0.000322 0.003825 0.167787 -0.474686 -2.845576 6.288916 6.814052 -20.597497 -15.292743 -15.459092
-0.458063 6.476402 0.000129 0.001338 0.167787 -0.492316 -2.527947 6.210983 6.364879 -14.627500 -15.860722 -15.314064
-0.487900 6.123966 0.000046 0.000955 0.167787 -0.487697 -2.341312 6.150924 6.437360 -11.579970 -15.711935 -14.915947
-0.516411 5.804670 0.000075 0.002508 0.167787 -0.475701 -2.173421 5.851234 6.697659 -4.978521 -15.325449 -14.042340
-0.522167 5.764730 0.000198 0.003698 0.167787 -0.447671 -1.977006 6.505779 7.414619 -7.085591 -14.422420 -13.447863
-0.510315 5.907365 0.000212 0.005974 0.167787 -0.427043 -1.558777 6.003169 7.838430 -20.816231 -13.757870 -14.068790
-0.488835 6.182503 0.000418 0.006564 0.167787 -0.448729 -1.052599 5.773240 7.120107 -19.197693 -14.456519 -14.535830
-0.461801 6.488526 0.000310 0.002503 0.167787 -0.465360 -0.517815 6.689481 6.685675 -24.142379 -14.992302 -15.531551
-0.451955 6.550595 0.000011 0.000535 0.167787 -0.498522 0.374399 5.722958 5.955638 -28.838477 -16.060676 -16.976048
-0.466078 6.376772 0.000062 -0.001669 0.151820 -0.541811 0.959718 5.899213 4.997140 -14.461749 -17.455282 -16.683222
-0.500435 5.958800 -0.000190 -0.003812 0.137372 -0.533029 1.602212 6.240889 5.327725 -6.757789 -17.172360 -15.765274
-0.547516 5.407259 -0.000195 -0.000315 0.124300 -0.507581 1.810226 5.555904 6.151228 1.018767 -16.352522 -14.487306
-0.574779 5.121388 0.000138 0.004082 0.112471 -0.469528 1.835070 6.134095 7.408565 14.739082 -15.126583 -12.501061
-0.560116 5.307008 0.000289 0.008330 0.101768 -0.400555 1.531664 6.984076 9.537145 -0.450269 -12.904513 -11.647958
-0.513525 5.879972 0.000573 0.014496 0.154206 -0.366671 0.891349 5.971963 10.146702 -8.738273 -11.812873 -11.411912
-0.450673 6.627181 0.000935 0.013951 0.251511 -0.355921 -0.938906 7.392122 10.035517 -16.571971 -11.466556 -11.987433
-0.397586 7.191198 0.000599 0.011274 0.251511 -0.380495 2.486760 6.630662 9.351288 -24.640065 -12.258233 -13.797059
-0.374275 7.406546 0.000618 0.007709 0.251511 -0.445552 1.285599 7.057651 8.187210 -21.565379 -14.354145 -14.976436
-0.374640 7.341923 0.000266 0.003351 0.251511 -0.482220 0.495168 7.004639 7.537980 -17.124126 -15.535470 -15.205426
-0.396756 6.995225 0.000134 0.002151 0.251511 -0.487662 1.447775 6.863288 7.359300 -17.015505 -15.710781 -15.354391
-0.428359 6.601937 0.000125 0.003002 0.251511 -0.491154 2.684118 6.290686 7.181392 -9.926194 -15.823284 -14.564874
-0.447151 6.431344 0.000211 0.002973 0.251511 -0.467835 3.622439 7.005663 7.568180 -5.751639 -15.072038 -13.475559
-0.451313 6.409388 0.000138 0.004593 0.251511 -0.433289 4.051891 6.662234 8.182168 -16.133344 -13.959092 -13.745053
-0.445259 6.508770 0.000350 0.006633 0.251511 -0.442166 4.139821 6.215736 7.844565 -14.344597 -14.245071 -13.800034
-0.424077 6.757225 0.000375 0.004310 0.251511 -0.443771 4.036870 7.182623 7.728038 -15.684430 -14.296777 -14.038013
-0.405222 6.940988 0.000135 0.003120 0.251511 -0.451198 3.632234 6.639015 7.540668 -25.377665 -14.536048 -15.623723
-0.404367 6.953634 0.000213 0.002327 0.227576 -0.502014 3.183637 6.356338 6.632973 -24.805459 -16.173169 -16.896076
-0.414580 6.878317 0.000074 -0.000972 0.205920 -0.540580 2.922790 6.619919 5.981525 -14.144792 -17.415629 -16.510204
-0.442750 6.608004 -0.000130 -0.002483 0.186324 -0.529508 2.697566 6.854606 6.300308 -4.794795 -17.058932 -15.150426
-0.487011 6.135175 -0.000113 0.000655 0.168593 -0.492914 2.242437 6.520017 7.244181 3.103578 -15.879989 -13.421790
-0.510545 5.861003 0.000169 0.005483 0.152549 -0.440729 1.465115 6.820367 8.592439 4.291879 -14.198785 -11.900346
-0.493337 6.078813 0.000402 0.009964 0.138032 -0.386010 0.102128 6.933547 9.789053 0.658891 -12.435906 -10.746614
-0.452186 6.622792 0.000643 0.012550 0.172906 -0.336131 -18.434787 7.399623 10.497861 -7.597296 -10.828977 -10.299083
-0.405141 7.158840 0.000699 0.013235 0.187965 -0.319422 -16.440664 7.219282 10.417027 -22.598712 -10.290692 -11.913359
-0.366429 7.553281 0.000723 0.011351 0.194492 -0.384578 -14.622124 6.856657 9.166829 -21.638175 -12.389784 -13.418311
-0.346819 7.751703 0.000528 0.005609 0.194492 -0.438213 -13.042626 7.743511 8.301089 -13.505704 -14.117727 -13.229360
-0.344029 7.689323 0.000141 0.002425 0.194492 -0.429801 -11.687621 7.693898 8.287839 -14.828971 -13.846723 -13.311401
-0.361252 7.440962 0.000148 0.003357 0.194492 -0.430032 -10.555897 7.161694 8.126233 -11.319735 -13.854167 -12.718809
-0.384555 7.236179 0.000229 0.003528 0.194492 -0.412654 -9.661480 7.494235 8.235695 -1.449767 -13.294290 -10.765060
-0.394285 7.185322 0.000179 0.004163 0.194492 -0.353027 -8.855702 7.865719 9.058185 -6.126960 -11.373325 -9.932052
-0.394670 7.245137 0.000279 0.007187 0.194492 -0.326600 -8.030828 7.159506 9.287715 -11.012198 -10.521938 -9.981382
-0.378382 7.453250 0.000486 0.007271 0.194492 -0.328775 -7.196534 7.649854 9.065877 -16.120605 -10.591995 -10.870846
-0.349574 7.710294 0.000329 0.005373 0.194492 -0.362170 -6.339091 7.325710 8.497382 -24.470121 -11.667880 -13.291246
-0.335325 7.830546 0.000275 0.002643 0.194492 -0.445834 -5.601163 7.231889 7.428173 -24.834076 -14.363238 -15.433378
-0.342435 7.790943 0.000058 -0.001438 0.194492 -0.510426 -5.119822 7.418229 6.644494 -19.826425 -16.444176 -16.083651
-0.362787 7.587201 -0.000158 -0.003737 0.175984 -0.528305 -4.823738 7.457520 6.473906 -15.610576 -17.020166 -15.849943
-0.392135 7.276925 -0.000207 -0.003183 0.159237 -0.520947 -4.547838 7.242831 6.664591 -9.039956 -16.783116 -14.738221
-0.418206 7.028530 -0.000119 -0.001443 0.144083 -0.488660 -4.244139 7.463446 7.307340 -0.312746 -15.742939 -12.811597
-0.420863 6.992401 -0.000027 0.001248 0.130372 -0.425579 -3.803819 7.823882 8.484162 -6.667208 -13.710685 -11.979401
-0.406061 7.195450 0.000153 0.005108 0.117965 -0.395107 -3.236496 7.244269 8.906855 -7.862966 -12.728989 -11.374917
-0.382353 7.551826 0.000376 0.005371 0.106739 -0.372504 -2.658560 8.178922 9.152403 -10.484871 -12.000793 -11.218014
-0.354744 7.843535 0.000224 0.005188 0.096582 -0.365706 -1.942565 7.693934 9.140226 -23.625890 -11.781783 -13.398004
-0.340547 7.960766 0.000329 0.004675 0.088528 -0.441188 -1.204763 7.246737 8.094786 -24.587240 -14.213564 -15.468800
-0.339134 7.980991 0.000197 0.000451 0.088528 -0.507073 -0.723404 7.756046 7.271059 -18.915233 -16.336149 -16.014073
-0.348264 7.854074 -0.000098 -0.002311 0.088528 -0.522234 -0.592216 7.730533 7.127396 -17.315656 -16.824595 -16.131553
-0.379130 7.519765 -0.000126 -0.001555 0.088528 -0.524194 -0.861376 7.312696 7.128179 -8.933857 -16.887727 -14.915942
-0.410881 7.190233 -0.000035 -0.000246 0.088528 -0.490253 -1.114913 7.715119 7.757240 -2.826559 -15.794282 -13.258380
-0.421457 7.049937 0.000015 0.002804 0.088528 -0.437845 -0.967967 7.533276 8.701993 -9.724066 -14.105873 -12.763389
-0.418788 7.096567 0.000264 0.006364 0.088528 -0.420255 -0.607720 7.090333 8.884583 -6.688569 -13.539168 -11.948856
-0.395177 7.376243 0.000404 0.005979 0.108617 -0.389328 0.052326 8.141431 9.270210 -15.410142 -12.542822 -12.408034
-0.363807 7.676529 0.000258 0.006317 0.108617 -0.401837 -13.636047 7.080072 8.886306 -27.687405 -12.945817 -14.828031
-0.345894 7.856485 0.000408 0.004082 0.109836 -0.488002 -12.255440 7.323223 7.628932 -23.544544 -15.721741 -16.212367
-0.344997 7.882184 0.000077 -0.001004 0.109836 -0.531860 -11.056154 7.716760 7.041665 -18.286320 -17.134691 -16.342447
-0.370721 7.558373 -0.000141 -0.002048 0.109836 -0.534382 -10.006705 7.341481 7.003153 -19.203494 -17.215952 -16.598368
-0.406053 7.141144 -0.000068 -0.000547 0.109836 -0.540126 -9.083355 6.825232 6.861311 -12.241417 -17.401002 -15.837887
-0.426709 6.937930 0.000014 -0.000304 0.109836 -0.517181 -8.265801 7.432128 7.273012 -3.957112 -16.661791 -14.247177
-0.438435 6.835776 -0.000030 0.001733 0.109836 -0.467787 -7.484657 7.353579 8.224173 -8.269963 -15.070495 -13.453187
-0.440987 6.849274 0.000198 0.005450 0.109836 -0.441785 -6.720293 6.978370 8.619223 -11.224722 -14.232791 -13.122905
-0.422428 7.066030 0.000369 0.006157 0.109836 -0.429380 -5.962356 7.371716 8.699461 -21.205033 -13.833138 -14.061849
-0.394385 7.345811 0.000301 0.005366 0.109836 -0.463387 -5.217100 6.747805 7.986814 -27.350138 -14.928743 -15.870326
-0.378498 7.513218 0.000282 0.001877 0.109836 -0.525493 -4.582180 7.152847 6.966753 -23.357355 -16.929567 -16.890453
-0.389167 7.399375 -0.000033 -0.001715 0.109836 -0.555042 -4.092306 7.093246 6.506665 -18.696898 -17.881545 -17.017036
-0.426489 6.949667 -0.000123 -0.001756 0.099384 -0.557179 -3.717594 6.770955 6.487116 -14.599995 -17.950398 -16.615975
-0.463236 6.512219 -0.000057 -0.000100 0.089926 -0.544870 -3.397604 6.567594 6.751991 -7.096421 -17.553842 -15.544771
-0.478833 6.332595 0.000046 0.001662 0.081368 -0.511052 -3.102654 6.963500 7.528957 -3.439323 -16.464325 -14.301705
-0.477271 6.336122 0.000130 0.004728 0.073625 -0.468830 -2.776947 6.854188 8.429642 -9.403057 -15.104098 -13.761759
-0.463765 6.509766 0.000354 0.007610 0.095256 -0.448979 -2.442251 6.680669 8.684095 -11.245359 -14.464572 -13.443193
-0.436475 6.831463 0.000450 0.007343 0.121121 -0.436255 -2.069909 7.204190 8.750924 -18.153490 -14.054647 -13.938764
-0.410353 7.093984 0.000351 0.006568 0.121121 -0.453386 -1.573479 6.684845 8.264255 -23.385824 -14.606527 -15.120914
-0.397465 7.203976 0.000359 0.004203 0.121121 -0.493096 -1.185828 6.931788 7.470733 -21.444532 -15.885852 -15.914658
-0.399694 7.143366 0.000129 0.001298 0.121121 -0.517164 -1.062460 6.877337 7.002705 -16.062735 -16.661260 -15.812842
-0.425460 6.814471 0.000037 0.000746 0.121121 -0.512981 -1.227545 6.811048 7.030751 -8.181140 -16.526484 -14.742741
-0.452594 6.482860 0.000057 0.002172 0.121121 -0.481132 -1.367292 6.873821 7.629473 -3.032331 -15.500434 -13.342067
-0.461697 6.390635 0.000175 0.004911 0.121121 -0.436477 -1.320846 6.980445 8.481948 0.885965 -14.061805 -11.741248
-0.445899 6.569041 0.000341 0.007582 0.121121 -0.379692 -1.011684 7.410456 9.461196 -5.024779 -12.232377 -10.910291
-0.409101 6.983212 0.000464 0.009822 0.124677 -0.346740 -0.253061 7.205833 9.777814 -11.478302 -11.170770 -10.939101
-0.368923 7.427207 0.000581 0.009317 0.156141 -0.348118 2.825751 7.580223 9.518671 -16.905689 -11.215171 -11.903279
-0.337157 7.725861 0.000442 0.007106 0.156141 -0.384560 2.223002 7.396755 8.893774 -21.459754 -12.389211 -13.734396
-0.326228 7.816450 0.000345 0.004270 0.156141 -0.446747 1.884655 7.441906 8.075741 -18.590595 -14.392639 -14.606553
-0.331982 7.748852 0.000154 0.001296 0.156141 -0.473303 1.996509 7.665674 7.714316 -14.261127 -15.248206 -14.355189
-0.346111 7.563932 0.000023 0.000596 0.156141 -0.465280 2.227347 7.559836 7.776574 -12.861221 -14.989731 -13.916494
-0.366866 7.339500 0.000059 0.001732 0.156141 -0.452208 2.387531 7.329912 7.899547 -9.213825 -14.568603 -12.987299
-0.383979 7.195251 0.000137 0.002792 0.156141 -0.424859 2.446968 7.506847 8.248442 -5.641206 -13.687506 -11.758868
-0.386139 7.199688 0.000175 0.004157 0.156141 -0.385248 2.240672 7.584055 8.773661 -8.462965 -12.411376 -11.208247
-0.377068 7.335444 0.000274 0.005701 0.156141 -0.365935 1.754965 7.445749 8.939034 -9.899713 -11.789165 -10.975876
-0.355850 7.572642 0.000342 0.005416 0.156141 -0.356549 0.991148 7.822117 8.950355 -14.247678 -11.486798 -11.556974
-0.328961 7.804831 0.000261 0.004541 0.156141 -0.376657 -0.449393 7.574803 8.619602 -20.302559 -12.134581 -13.363108
-0.317274 7.930289 0.000243 0.002732 0.141283 -0.438017 1.465686 7.575056 7.911048 -16.578650 -14.111395 -13.963013
-0.324060 7.911470 0.000086 -0.000002 0.127838 -0.455718 1.333479 7.987394 7.717883 -11.147341 -14.681677 -13.219981
-0.344506 7.705650 -0.000049 0.000048 0.115672 -0.434189 1.245825 7.757024 7.993429 -11.144723 -13.988081 -12.729915
-0.365547 7.500626 0.000062 0.001953 0.104665 -0.419598 1.009570 7.518166 8.166807 -7.699670 -13.518021 -11.810514
-0.369723 7.474716 0.000152 0.002743 0.094705 -0.389705 0.641291 7.895582 8.553225 -8.236109 -12.554957 -11.178888
-0.360301 7.588699 0.000154 0.003823 0.085692 -0.366667 -0.156996 7.681394 8.794975 -12.261144 -11.812743 -11.339303
-0.349658 7.740876 0.000255 0.004178 0.077538 -0.371825 2.540698 7.753348 8.654451 -12.676460 -11.978913 -11.574314
-0.336389 7.894991 0.000209 0.003010 0.070159 -0.378815 2.150641 7.953681 8.523881 -16.286835 -12.204113 -12.498754
-0.322320 8.001441 0.000135 0.002071 0.063482 -0.409727 1.807851 7.719937 8.151925 -20.091427 -13.200000 -14.099796
-0.317773 8.027655 0.000104 0.000493 0.057441 -0.460937 1.606966 7.734172 7.599841 -16.349494 -14.849822 -14.479697
-0.320861 7.972987 -0.000022 -0.001479 0.051975 -0.471321 1.579992 8.046601 7.519718 -12.987564 -15.184356 -14.004822
-0.330275 7.834904 -0.000110 -0.001249 0.047029 -0.455046 1.572392 7.837573 7.723264 -12.227586 -14.660033 -13.486730
-0.346499 7.692952 -0.000019 0.000120 0.042554 -0.439134 1.571544 7.767736 7.910715 -6.017323 -14.147381 -11.939827
-0.353867 7.650325 0.000037 0.001032 0.038504 -0.391136 1.505388 8.193049 8.521328 -5.915492 -12.601066 -10.762088
-0.347307 7.730273 0.000078 0.003136 0.034840 -0.350778 1.302438 7.883589 8.965760 -10.941469 -11.300847 -10.746908
-0.337552 7.841862 0.000245 0.004455 0.065875 -0.349469 1.039399 7.836624 8.881513 -13.013917 -11.258697 -11.155083
-0.320231 8.011659 0.000237 0.003448 0.065875 -0.362934 0.559536 8.014239 8.657079 -17.289470 -11.692485 -12.453364
-0.306601 8.143929 0.000149 0.002034 0.065875 -0.407258 -0.037709 7.809389 8.167472 -19.368481 -13.120466 -14.004567
-0.312153 8.121886 0.000086 0.000181 0.065875 -0.454766 0.432007 7.882612 7.673641 -14.958930 -14.650987 -14.096861
-0.325264 8.007229 -0.000040 -0.001322 0.065875 -0.457577 0.785208 8.082808 7.682885 -11.960642 -14.741557 -13.548529
-0.339885 7.839770 -0.000084 -0.000622 0.065875 -0.440774 0.835442 7.863110 7.916343 -11.012012 -14.200237 -12.983739
-0.352822 7.714851 0.000016 0.000799 0.065875 -0.423093 0.788349 7.845908 8.145859 -6.359696 -13.630602 -11.728051
-0.354977 7.722809 0.000071 0.001677 0.065875 -0.382223 0.591898 8.193703 8.672928 -6.209159 -12.313913 -10.710980
-0.347045 7.852301 0.000110 0.003253 0.065875 -0.346965 0.000563 8.057233 -17625.212310 -10.309662 -11.178025 -10.629061
-0.330969 8.064556 0.000229 -69.894772 0.065875 -0.380274 6.990320 8.138415 -15861.816624 -8.480542 -12.251136 -11.133945
-0.309307 8.291040 0.000204 -62.905923 0.065875 -0.386692 6.221317 8.708411 -14274.510587 -12.442027 -12.457882 -12.278008
-0.295806 8.420612 0.000127 -56.614674 0.059607 -0.417432 5.535268 8.191615 -12846.216226 -12.896470 -13.448226 -13.138417
-0.289571 8.484850 0.000223 -50.953456 0.060090 -0.439441 4.953213 8.762646 -11560.702911 -11.389952 -14.157292 -13.263979
-0.283246 8.536298 0.000092 -45.858143 0.060090 -0.437278 4.456233 8.571927 -10403.562284 -12.088245 -14.087589 -13.454168
-0.283527 8.541300 0.000168 -41.271490 0.060090 -0.439376 4.026821 8.673365 -9362.195360 -10.207181 -14.155194 -13.002070
-0.280384 8.594116 0.000164 -37.143930 0.060090 -0.421101 3.667458 8.839880 -8424.807249 -9.644671 -13.566421 -12.475772
-0.276350 8.627861 0.000178 -33.428445 0.060090 -0.400153 3.331265 8.765352 -7581.156631 -11.798226 -12.891544 -12.692840
-0.275181 8.622894 0.000241 -30.084364 0.064831 -0.404532 3.025031 8.594543 -6822.093063 -13.282420 -13.032624 -13.246551
-0.267133 8.683523 0.000272 -27.075828 0.073108 -0.420028 2.763292 8.735145 -6139.034965 -15.925940 -13.531846 -14.421377
-0.263211 8.719015 0.000212 -24.368464 0.073108 -0.456532 2.570317 8.518633 -5524.447045 -16.557515 -14.707900 -15.375482
-0.269764 8.673643 0.000198 -21.932180 0.073108 -0.485498 2.466263 8.652810 -4971.279817 -14.451197 -15.641074 -15.325984
-0.281728 8.555828 0.000121 -19.739070 0.073108 -0.484579 2.375629 8.571420 -4473.203075 -13.471690 -15.611476 -15.039694
-0.297065 8.408496 0.000146 -17.764209 0.073108 -0.476766 2.230880 8.445719 -4024.874355 -12.289336 -15.359756 -14.576802
-0.310898 8.307272 0.000194 -15.986723 0.073108 -0.463741 2.033013 8.436954 -3621.315752 -9.526354 -14.940138 -13.650639
-0.320710 8.245810 0.000227 -14.386854 0.073108 -0.435866 1.733397 8.516841 -3257.935650 -10.598853 -14.042096 -13.240793
-0.327149 8.219266 0.000278 -12.946383 0.074704 -0.422805 1.282265 8.250841 -2931.050523 -13.004292 -13.621324 -13.442740
-0.327096 8.228922 0.000364 -11.650714 0.097774 -0.428305 0.643853 8.259705 -2637.074260 -16.653304 -13.798522 -14.345987
-0.318777 8.278731 0.000337 -10.485649 0.097774 -0.456689 -0.860590 8.070399 -2372.762514 -21.923164 -14.712946 -16.188053
-0.316565 8.300738 0.000298 -9.438057 0.097774 -0.515171 -0.082040 7.920388 -2135.220811 -19.807389 -16.597026 -17.113239
-0.328319 8.199191 0.000183 -8.496087 0.097774 -0.542325 1.047814 8.170835 -1921.130210 -15.129533 -17.471844 -16.822346
-0.346587 7.982047 0.000060 -7.646614 0.097774 -0.533366 0.997892 8.014440 -1728.035561 -14.609436 -17.183206 -16.521982
-0.366945 7.734815 0.000126 -6.880246 0.097774 -0.523984 0.924010 7.712663 -1554.256975 -12.685981 -16.880954 -15.984740
-0.377279 7.611307 0.000219 -6.190933 0.097774 -0.506645 0.859133 7.858725 -1397.741645 -11.958367 -16.322350 -15.442543
-0.377946 7.613322 0.000237 -5.570545 0.097774 -0.488094 0.713778 7.758736 -1256.864411 -12.920450 -15.724718 -15.128060
-0.377608 7.651741 0.000307 -5.012288 0.097774 -0.477277 0.475342 7.785744 -1130.193197 -13.669110 -15.376211 -14.977214
-0.373215 7.701888 0.000318 -4.510388 0.097774 -0.471555 -0.146562 7.768484 -1016.270008 -20.455801 -15.191884 -15.913254
-0.368421 7.728265 0.000319 -4.058924 0.097774 -0.502592 2.372790 7.283879 -914.282391 -24.373808 -16.191775 -17.353903
-0.373302 7.668775 0.000304 -3.654429 0.088470 -0.547281 2.076124 7.335968 -822.727997 -21.267374 -17.631501 -18.017365
-0.388837 7.492028 0.000130 -3.290826 0.080051 -0.566713 1.919330 7.332156 -739.990714 -18.087399 -18.257535 -18.069729
-0.413967 7.190788 0.000059 -2.961678 0.072433 -0.568011 1.803295 7.091017 -665.259241 -14.684557 -18.299350 -17.677497
-0.439224 6.892199 0.000106 -2.664273 0.065540 -0.556479 1.680911 7.016214 -597.761028 -8.323517 -17.927847 -16.652503
-0.451170 6.739157 0.000171 -2.396117 0.059303 -0.524383 1.507635 7.269613 -536.558908 -8.564521 -16.893829 -15.817160
-0.450300 6.747661 0.000259 -2.153558 0.069753 -0.496386 1.254863 6.982355 -481.575996 -10.865667 -15.991838 -15.314437
-0.436176 6.922256 0.000432 -1.936309 0.116053 -0.478350 0.908938 7.275600 -432.324747 -12.483705 -15.410801 -15.020250
-0.413644 7.170405 0.000413 -1.742071 0.116053 -0.466856 0.074821 7.315467 -388.146016 -16.992691 -15.040506 -15.299151
-0.397974 7.325148 0.000414 -1.567568 0.116053 -0.473790 -9.148489 7.180020 -348.751772 -18.989729 -15.263886 -15.759097
-0.390529 7.371855 0.000370 -1.411603 0.116053 -0.489223 -8.176674 7.233558 -313.431175 -19.387802 -15.761069 -16.218170
-0.391176 7.312787 0.000263 -1.271365 0.116053 -0.503826 -7.324382 7.092165 -281.640783 -17.068682 -16.231537 -16.256443
-0.401898 7.166379 0.000208 -1.144774 0.116053 -0.504744 -6.592985 7.160195 -252.825622 -12.319379 -16.261111 -15.617100
-0.416647 6.994690 0.000160 -1.029876 0.116053 -0.485594 -5.954273 7.170957 -226.534920 -12.299040 -15.644169 -15.108334
-0.425447 6.885992 0.000207 -0.925234 0.116053 -0.470012 -5.367010 6.919972 -202.930876 -14.104831 -15.142161 -14.919517
-0.420809 6.941696 0.000295 -0.831893 0.116053 -0.464059 -4.830169 7.040307 -181.862387 -12.151295 -14.950387 -14.513871
-0.411799 7.043048 0.000259 -0.748783 0.116053 -0.450565 -4.328539 7.264433 -162.752651 -14.880855 -14.515653 -14.521333
-0.404760 7.119964 0.000233 -0.673341 0.116053 -0.451047 -3.841131 6.975790 -145.793988 -17.722656 -14.531170 -14.926583
-0.396050 7.190058 0.000265 -0.606398 0.105009 -0.465000 -3.397326 7.111551 -130.745504 -20.014229 -14.980691 -15.624025
-0.389693 7.243380 0.000159 -0.546960 0.095016 -0.488225 -3.025635 6.954673 -117.340784 -16.621609 -15.728919 -15.720344
-0.394170 7.204493 0.000094 -0.493672 0.085974 -0.491266 -2.771126 7.334444 -104.956162 -9.907383 -15.826902 -14.821724
-0.406787 7.041581 -0.000009 -0.443937 0.077792 -0.463765 -2.525341 7.270840 -93.292839 -9.791833 -14.940912 -14.089667
-0.417154 6.899715 0.000103 -0.397143 0.070389 -0.440840 -2.254303 7.006031 -82.870367 -8.137042 -14.202364 -13.271380
-0.399005 7.103300 0.000233 -0.356638 0.063691 -0.411492 -1.984239 7.656082 -73.398033 -8.087087 -13.256862 -12.498909
-0.381508 7.300284 0.000174 -0.319872 0.057630 -0.383986 -1.695694 7.420483 -64.923364 -10.533420 -12.370701 -12.173395
-0.373804 7.369733 0.000292 -0.286555 0.078398 -0.373145 -1.403696 7.473008 -57.550180 -13.094485 -12.021457 -12.312114
-0.353635 7.557529 0.000283 -0.258074 0.078398 -0.378208 -1.036699 7.541118 -51.123436 -15.277743 -12.184564 -12.834977
-0.340816 7.658469 0.000224 -0.233000 0.078398 -0.396259 -0.733723 7.510127 -45.487468 -15.552518 -12.766100 -13.324072
-0.337799 7.679516 0.000159 -0.210743 0.078398 -0.412258 -0.654195 7.596826 -40.388970 -13.839063 -13.281524 -13.357456
-0.343550 7.607602 0.000080 -0.190249 0.078398 -0.413560 -0.831966 7.572563 -35.632973 -12.612633 -13.323493 -13.145047
-0.352531 7.497388 0.000068 -0.170960 0.078398 -0.407315 -0.981502 7.492915 -31.264270 -11.905554 -13.122305 -12.857296
-0.358097 7.442739 0.000090 -0.153427 0.078398 -0.398711 -1.092854 7.497880 -27.298287 -10.270288 -12.845084 -12.345702
-0.357867 7.453203 0.000100 -0.137748 0.078398 -0.382580 -1.113677 7.619091 -23.621510 -10.691341 -12.325425 -12.020954
-0.352765 7.510477 0.000107 -0.123401 0.078398 -0.372124 -1.014513 7.551550 -20.380348 -12.238052 -11.988543 -12.051300
-0.343819 7.589279 0.000138 -0.110866 0.078398 -0.373334 -0.850651 7.599925 -17.602924 -14.264321 -12.027523 -12.480351
-0.335293 7.662208 0.000111 -0.100146 0.078398 -0.387798 -0.708094 7.536874 -15.251571 -14.313445 -12.493507 -12.837786
-0.335161 7.680402 0.000077 -0.090898 0.070938 -0.399340 -0.748309 7.652708 -13.100891 -11.589250 -12.865373 -12.548096
-0.342513 7.616114 0.000015 -0.082118 0.064187 -0.390732 -0.814548 7.686771 -10.929259 -10.723781 -12.588058 -12.168853
-0.351562 7.519195 0.000028 -0.073126 0.058079 -0.379317 -0.735961 7.531124 -8.938425 -9.913683 -12.220295 -11.737591
-0.354385 7.505229 0.000088 -0.065179 0.052552 -0.365791 -0.569583 7.665140 -7.113432 -7.628374 -11.784543 -10.982247
-0.349692 7.581406 0.000090 -0.058247 0.047551 -0.340952 -0.254795 7.839882 -5.318485 -8.552603 -10.984294 -10.547310
-0.342285 7.693911 0.000113 -0.051579 0.043026 -0.326779 0.642385 7.767557 -3.826823 -10.372950 -10.527703 -10.560788
-0.332610 7.827445 0.000157 -0.046195 0.042219 -0.327506 0.211830 7.887474 -2.649278 -11.519271 -10.551129 -10.816663
-0.320095 7.972168 0.000119 -0.042101 0.042219 -0.336256 -0.919953 7.964110 -1.662947 -13.251279 -10.833008 -11.412301
-0.313696 8.049600 0.000076 -0.038499 0.042219 -0.356180 -0.622787 7.928620 -0.881063 -12.952978 -11.474889 -11.806320
-0.314925 8.043195 0.000037 -0.035374 0.042219 -0.368635 -0.410189 8.019107 -0.104384 -12.121505 -11.876143 -11.905508
-0.318027 8.022104 -0.000010 -0.032212 0.042219 -0.371567 -0.311373 8.005288 0.689050 -11.210321 -11.970628 -11.770014
-0.323552 7.988650 -0.000010 -0.028934 0.042219 -0.367384 -0.374483 8.034878 1.478549 -9.783450 -11.835850 -11.362171
-0.327664 7.970263 -0.000003 -0.025732 0.042219 -0.354718 -0.392421 8.079291 2.288441 -10.594275 -11.427785 -11.235635
-0.326913 8.007590 0.000022 -0.022670 0.042219 -0.350831 -0.300828 8.015500 2.925627 -12.067509 -11.302565 -11.459533
-0.321856 8.089296 0.000047 -0.020468 0.042219 -0.358512 -0.122442 8.088431 3.382092 -13.826468 -11.550022 -12.030287
-0.316597 8.162541 0.000014 -0.018949 0.042219 -0.377643 0.318429 8.043563 3.681872 -15.717081 -12.166368 -12.911591
-0.312781 8.202909 -0.000015 -0.017920 0.042219 -0.406510 0.212349 8.052334 3.855924 -16.475523 -13.096362 -13.766372
-0.313583 8.190067 -0.000074 -0.017180 0.038201 -0.433388 0.353759 8.035636 4.024721 -14.609953 -13.962263 -13.970823
-0.317029 8.143205 -0.000119 -0.016325 0.034566 -0.439209 0.565397 8.178541 4.385850 -12.843720 -14.149803 -13.717079
-0.322560 8.067532 -0.000148 -0.014593 0.039757 -0.430464 0.655953 8.081003 4.856296 -12.256082 -13.868061 -13.389183
-0.329232 8.002985 -0.000092 -0.012473 0.039757 -0.419832 0.724213 8.066802 5.297196 -10.511735 -13.525542 -12.776349
-0.328705 8.033223 -0.000054 -0.010845 0.039757 -0.399885 0.726699 8.242367 5.806806 -9.931911 -12.882912 -12.182531
-0.329028 8.059046 -0.000036 -0.008927 0.039757 -0.380845 0.617455 8.143478 6.263118 -10.897490 -12.269524 -11.930862
-0.326975 8.098541 0.000037 -0.007275 0.039757 -0.372784 0.377234 8.170034 6.554103 -13.604317 -12.009809 -12.310836
-0.319555 8.163050 0.000050 -0.006378 0.039757 -0.385384 -0.087838 8.032599 6.590134 -16.956018 -12.415755 -13.352695
-0.313054 8.225677 0.000048 -0.006483 0.039757 -0.420308 1.204299 8.024597 6.398147 -17.060638 -13.540893 -14.198056
-0.313689 8.239383 -0.000029 -0.007298 0.039757 -0.447127 1.088942 8.135586 6.306644 -15.208123 -14.404889 -14.408929
-0.321424 8.166906 -0.000108 -0.007374 0.039757 -0.453609 1.046722 8.129062 6.429770 -14.543936 -14.613727 -14.427711
-0.333065 8.045690 -0.000109 -0.006405 0.039757 -0.454138 1.017642 7.984457 6.596828 -12.689613 -14.630764 -14.075465
-0.345135 7.923951 -0.000067 -0.005260 0.039757 -0.443496 0.976994 8.027554 6.881549 -10.869790 -14.287908 -13.481953
-0.350544 7.885422 -0.000038 -0.003979 0.035974 -0.424745 0.873046 8.039384 7.249604 9.979528 -13.683830 -9.246855
-0.352663 7.896256 0.000019 -0.002563 0.032550 -0.288988 0.700032 9.634797 9.167312 29.889237 -9.310191 -2.315241
-0.346166 7.978965 0.000071 0.004710 0.029453 -0.054649 0.425462 9.723950 12.118127 23.777869 -1.760618 2.375050
-0.320351 8.266189 0.000689 0.015268 0.185286 0.124057 -0.006313 9.099863 13.732815 23.730281 3.996697 6.677796
-0.275556 8.798856 0.001173 0.019557 0.315502 0.274110 149.380477 10.103359 14.784727 25.556294 8.830884 10.502257
-0.217989 9.486981 0.001175 0.020999 0.315996 0.495549 134.428931 10.303620 15.564695 25.427176 15.964881 14.149654
-0.155553 10.192514 0.001296 0.021294 0.348431 0.674483 120.964747 10.844607 15.768455 27.096396 21.729528 17.243427
-0.086437 10.896158 0.001214 0.019313 0.348431 0.755242 108.838074 11.357671 15.701497 28.697909 24.331314 19.476536
-0.008682 11.592801 0.001079 0.016286 0.348431 0.816135 97.935191 12.122847 15.632569 28.263281 26.293075 20.461116
0.042498 11.974746 0.000888 0.014499 0.348431 0.851214 88.146558 12.010550 15.421071 27.432946 27.423204 20.878140
0.060076 12.028106 0.000859 0.013449 0.348431 0.864555 79.367946 12.042914 15.082537 18.476554 27.853004 16.808557
0.074892 12.076855 0.000771 0.011914 0.348431 0.725591 71.504445 11.369752 14.047713 6.839667 23.376064 9.143865
0.095128 12.207157 0.000685 0.007296 0.348431 0.466080 64.460208 11.582140 12.568716 2.326733 15.015507 3.479546
0.112746 12.301991 0.000304 0.001057 0.348431 0.271767 58.150235 11.884233 11.548404 -1.878118 8.755390 -1.140088
0.115540 12.204908 0.000003 -0.002602 0.348431 0.111629 52.480409 11.628752 10.781360 -5.893025 3.596317 -5.213737
0.112487 11.986144 -0.000118 -0.004776 0.348431 -0.030500 47.374635 11.528961 10.158742 -11.244813 -0.982608 -9.794143
0.106055 11.780066 -0.000242 -0.006427 0.348431 -0.187172 42.783514 11.177331 9.517256 -11.943982 -6.030047 -12.029227
0.087101 11.594493 -0.000313 -0.008234 0.315273 -0.271246 38.667229 11.465110 9.261868 -12.996777 -8.738624 -13.545624
0.054269 11.383497 -0.000441 -0.008410 0.285271 -0.337689 34.927313 10.984757 9.140582 -14.369451 -10.879188 -15.043954
0.002708 11.070108 -0.000368 -0.007648 0.258124 -0.406114 31.481482 10.865071 9.060217 -14.994230 -13.083594 -16.220911
-0.053032 10.691135 -0.000365 -0.006465 0.233560 -0.467375 28.278123 10.402368 9.073690 -15.799138 -15.057232 -17.376199
-0.097665 10.277075 -0.000265 -0.004770 0.211334 -0.519645 25.282562 10.118743 9.135931 -17.099870 -16.741165 -18.710247
-0.132075 9.857669 -0.000192 -0.002861 0.191223 -0.566111 22.518796 9.620721 9.180015 -18.395315 -18.238157 -19.976965
-0.163240 9.587696 -0.000076 -0.001616 0.173026 -0.604201 20.017466 9.548968 9.208476 -18.961815 -19.465296 -20.644115
-0.191393 9.435480 -0.000056 -0.000900 0.156560 -0.625053 17.783637 9.384116 9.270603 -20.461334 -20.137058 -21.783412
-0.222360 9.234628 -0.000008 0.000143 0.141661 -0.655181 15.769870 9.089645 9.241612 -22.800324 -21.107697 -23.305849
-0.262799 8.935593 0.000049 0.001213 0.128180 -0.693069 13.979972 8.679805 9.078463 -11.499540 -22.328292 -20.376952
-0.305796 8.580295 0.000103 0.001975 0.115982 -0.626557 12.380257 9.348672 9.876630 9.601857 -20.185498 -13.891409
-0.345438 8.203870 0.000130 0.006630 0.104945 -0.463951 10.934974 9.620632 12.041958 12.308156 -14.946908 -9.410404
-0.373133 7.983030 0.000550 0.016089 0.147854 -0.339159 9.630216 8.807252 13.770369 20.751284 -10.926544 -4.979143
-0.368610 8.190335 0.001115 0.022118 0.299875 -0.191545 8.367545 10.177446 15.693010 27.288456 -6.170913 -0.233390
-0.330469 8.792595 0.001242 0.027352 0.333898 0.001003 6.767277 10.304868 17.623123 17.171165 0.032329 2.609898
-0.270294 9.689777 0.001646 0.031446 0.442572 0.138071 4.962926 10.539821 18.171905 15.327428 4.448168 5.158221
-0.226135 10.340296 0.001721 0.031043 0.462825 0.253790 2.293819 11.032615 18.240684 15.004972 8.176233 7.249451
-0.184680 10.800160 0.001633 0.029493 0.462825 0.358005 -3.174248 11.148945 18.031380 13.169559 11.533698 7.542910
-0.124608 11.361679 0.001565 0.026437 0.462825 0.374316 0.901834 11.659969 17.492512 12.622978 12.059169 7.633804
-0.070557 11.791920 0.001336 0.022596 0.462825 0.390942 -6.881022 11.941631 16.966603 13.263753 12.594815 8.435767
-0.028055 12.109892 0.001159 0.019251 0.462825 0.424322 -6.058456 12.296885 16.533316 12.878843 13.670204 8.990253
0.003904 12.328367 0.000985 0.016668 0.462825 0.444603 -6.124160 12.291582 16.050851 12.115848 14.323579 9.198122
0.025385 12.427135 0.000879 0.014364 0.462825 0.449472 -6.713888 12.362694 15.515595 12.277639 14.480431 9.601406
0.040953 12.442388 0.000744 0.012182 0.462825 0.457797 -7.302519 12.333647 15.035777 11.692774 14.748634 9.687676
0.064843 12.397257 0.000644 0.010459 0.462825 0.457745 -7.627795 12.208846 14.532625 7.287219 14.746983 7.725778
0.086525 12.301441 0.000558 0.008844 0.462825 0.394353 -7.918941 11.791353 13.725343 3.817849 12.704697 5.281903
0.094618 12.186411 0.000470 0.006100 0.462825 0.310772 -8.557387 11.806541 12.875534 2.739640 10.012017 3.790626
0.085991 12.046546 0.000276 0.003286 0.418782 0.250222 -9.258492 11.669061 12.223146 3.137417 8.061300 3.372162
0.062369 11.887964 0.000160 0.001329 0.378929 0.214039 -9.619054 11.677504 11.804046 6.116508 6.895587 4.584533
0.049887 11.731089 0.000062 0.000289 0.342870 0.230828 -9.349508 11.712949 11.735742 6.971236 7.436480 5.398642
0.055570 11.717072 0.000036 0.000074 0.310241 0.244656 -8.552276 11.683939 11.697442 7.641965 7.881978 6.059124
0.047914 11.612119 0.000031 0.000338 0.280718 0.256077 -7.522463 11.535868 11.670115 9.392533 8.249928 7.238573
0.032371 11.430749 0.000055 0.000949 0.254004 0.285790 -6.289158 11.436130 11.735654 8.979596 9.207170 7.526123
0.023022 11.371250 0.000089 0.001444 0.229832 0.286902 -4.895390 11.301525 11.681393 8.166174 9.242991 7.199018
0.010951 11.315700 0.000105 0.001450 0.207961 0.267758 -3.421213 11.242716 11.560499 9.269813 8.626251 7.570380
0.006199 11.262192 0.000090 0.001182 0.188171 0.273081 -1.723099 11.328169 11.581065 9.485992 8.797743 7.815289
0.010183 11.201275 0.000074 0.001505 0.170264 0.280053 0.997589 11.153656 11.596982 8.295514 9.022360 7.347077
0.013298 11.219921 0.000115 0.001495 0.154061 0.267709 -2.515989 11.216014 11.502358 9.011348 8.624669 7.612022
0.005196 11.209698 0.000079 0.001160 0.139400 0.273298 -1.398278 11.234925 11.503372 10.262007 8.804713 8.396631
-0.004153 11.148304 0.000074 0.001407 0.126135 0.294217 -0.102982 11.193125 11.581984 9.820117 9.478672 8.507591
0.006659 11.271069 0.000099 0.001232 0.114131 0.291676 12.848729 11.360162 11.577630 8.758430 9.396799 7.964827
0.013041 11.264935 0.000061 0.001239 0.103270 0.274417 11.492525 11.138764 11.496371 6.436706 8.840772 6.556690
0.010142 11.149434 0.000091 0.001375 0.093443 0.232056 10.311766 10.969711 11.273418 4.634903 7.476041 5.071232
0.006920 11.157087 0.000078 0.000461 0.084551 0.184709 9.318774 11.084503 11.039300 4.862810 5.950696 4.577362
-0.000227 11.152450 -0.000000 -0.000449 0.076505 0.164870 8.465532 11.121617 10.965424 5.057349 5.311559 4.436899
0.010938 11.328718 -0.000026 -0.001440 0.069224 0.156105 7.684344 11.474492 10.981847 5.391228 5.029173 4.514880
0.003502 11.262246 -0.000101 -0.001111 0.062637 0.155541 6.953576 11.120802 11.038239 5.512227 5.010994 4.593055
-0.016659 11.050620 -0.000012 -0.000049 0.056676 0.157276 6.258483 11.033725 11.078727 5.278256 5.066902 4.514280
-0.019445 11.083527 0.000016 -0.000019 0.051283 0.153045 5.614242 11.139919 11.095758 5.749799 4.930594 4.728394
-0.023445 11.110713 -0.000004 -0.000059 0.046402 0.157323 5.012965 11.151500 11.161404 5.636978 5.068394 4.741972
-0.024503 11.122300 0.000007 0.000155 0.041987 0.155973 4.443520 11.143465 11.202019 4.795784 5.024926 4.287985
-0.019667 11.151168 0.000017 0.000202 0.037991 0.142308 3.916313 11.139387 11.178990 4.592724 4.584670 4.008556
-0.013525 11.167747 0.000013 0.000045 0.034376 0.136358 3.448007 11.191066 11.178496 4.543514 4.392979 3.919244
-0.011498 11.165637 0.000001 0.000051 0.031104 0.136930 3.042141 11.157082 11.188999 4.646725 4.411400 4.004741
-0.012252 11.170947 0.000010 0.000072 0.028144 0.140718 2.698703 11.200467 11.205622 5.277210 4.533458 4.413177
-0.001287 11.290340 0.000004 -0.000336 0.025466 0.153427 2.397420 11.420480 11.272336 5.218912 4.942906 4.587970
-0.002248 11.266620 -0.000030 0.000023 0.023043 0.158947 2.128069 11.165145 11.293378 5.104677 5.120736 4.632144
-0.009481 11.144118 0.000031 0.000592 0.020850 0.160488 1.893723 11.126039 11.277194 4.517464 5.170371 4.370721
-0.003892 11.154361 0.000036 0.000487 0.018866 0.153374 1.699055 11.125891 11.213783 3.540993 4.941196 3.789878
-0.005444 11.153889 0.000022 0.000237 0.017070 0.134329 1.558504 11.066639 11.098145 3.736250 4.327615 3.653641
-0.010182 11.142199 0.000009 -0.000175 0.015446 0.126942 1.454186 11.156337 11.056242 3.873019 4.089645 3.644664
-0.013423 11.122676 -0.000020 -0.000263 0.013976 0.123703 1.350881 11.078783 11.045922 3.692563 3.985296 3.521313
-0.015064 11.104928 -0.000006 -0.000234 0.012646 0.117753 1.243025 11.102920 11.028899 3.789284 3.793584 3.504509
-0.015776 11.096333 -0.000015 -0.000267 0.011443 0.116418 1.133276 11.090726 11.035305 3.936650 3.750574 3.576278
-0.018098 11.083815 -0.000011 -0.000192 0.010354 0.118050 1.024506 11.092857 11.054728 4.398277 3.803151 3.854956
-0.020217 11.075907 -0.000007 -0.000084 0.009368 0.126249 0.913405 11.108950 11.103449 4.957900 4.067304 4.274420
-0.019203 11.089745 -0.000000 0.000054 0.008477 0.139260 0.794318 11.144122 11.171820 5.234045 4.486482 4.607532
-0.016640 11.100333 0.000007 0.000283 0.007670 0.150341 0.668571 11.123842 11.223212 5.251235 4.843456 4.778358
-0.013831 11.103401 0.000023 0.000475 0.006940 0.156996 0.545757 11.118982 11.243163 5.356972 5.057857 4.938352
-0.010404 11.115320 0.000028 0.000507 0.007626 0.163432 0.437497 11.135813 11.253802 5.417589 5.265205 5.074091
-0.009021 11.126693 0.000027 0.000504 0.007626 0.168412 0.339552 11.131330 11.253024 5.901853 5.425655 5.413820
-0.006521 11.137235 0.000028 0.000459 0.007626 0.179082 0.257559 11.179250 11.278736 6.058213 5.769400 5.659990
-0.001046 11.150785 0.000023 0.000507 0.007626 0.187655 0.171655 11.150629 11.288557 5.610205 6.045605 5.564653
0.004453 11.167817 0.000032 0.000479 0.008488 0.185542 0.124839 11.147472 11.242388 5.496502 5.977525 5.495696
0.009277 11.185032 0.000022 0.000227 0.008488 0.183921 0.205129 11.177411 11.198984 5.349631 5.925308 5.416925
0.011455 11.191044 0.000006 0.000031 0.008488 0.181142 0.318691 11.156870 11.153109 5.439491 5.835784 5.445573
0.013372 11.184522 0.000000 -0.000125 0.008488 0.181119 0.407896 11.175610 11.125218 5.519159 5.835030 5.505633
0.012052 11.186433 -0.000010 -0.000243 0.008488 0.181798 0.471759 11.170357 11.106604 6.468774 5.856914 6.029651
0.006145 11.187929 -0.000013 -0.000322 0.008488 0.194722 0.510346 11.249900 11.162650 7.900948 6.273265 6.967179
0.003143 11.185392 -0.000019 -0.000090 0.008488 0.221116 0.481967 11.261246 11.292386 8.100929 7.123598 7.446478
0.014631 11.354159 0.000007 -0.000245 0.008488 0.234063 0.395050 11.505022 11.375096 8.507594 7.540720 7.842808
0.010429 11.352478 -0.000028 0.000090 0.008488 0.244445 0.271409 11.306158 11.448549 8.673676 7.875192 8.076035
-0.003409 11.214419 0.000032 0.000928 0.008562 0.251009 0.071538 11.203556 11.487664 8.228160 8.086645 7.937287
-0.001323 11.254999 0.000063 0.000922 0.017052 0.246625 -0.566351 11.307236 11.475480 8.304790 7.945426 7.915492
0.001136 11.299323 0.000038 0.000698 0.017052 0.246195 -0.383656 11.321134 11.486005 8.114232 7.931552 7.812328
0.001755 11.326736 0.000037 0.000631 0.017052 0.243311 -0.228615 11.345523 11.484384 7.933973 7.838652 7.680334
0.002352 11.364230 0.000032 0.000476 0.017052 0.239103 -0.155694 11.386661 11.479833 8.238483 7.703061 7.777226
0.004604 11.417306 0.000022 0.000248 0.017052 0.242108 -0.207117 11.483751 11.515508 8.374643 7.799881 7.890574
0.009057 11.484295 0.000008 0.000124 0.017052 0.245897 -0.280546 11.529739 11.557396 8.391729 7.921943 7.954863
0.014104 11.543703 0.000007 0.000054 0.017052 0.248662 -0.341519 11.591662 11.592815 8.401858 8.011037 8.002183
0.018459 11.597377 0.000001 -0.000018 0.017052 0.251280 -0.393519 11.632554 11.623876 8.127426 8.095364 7.904301
0.022829 11.643095 -0.000001 -0.000076 0.017052 0.249003 -0.444961 11.654039 11.628308 7.332705 8.022031 7.472639
0.025533 11.678974 -0.000005 -0.000201 0.017052 0.235956 -0.510563 11.644941 11.579395 7.002482 7.601707 7.124354
0.024379 11.707526 -0.000014 -0.000508 0.017052 0.224237 -0.599512 11.710669 11.545283 7.332414 7.224138 7.128456
0.020839 11.719215 -0.000036 -0.000689 0.015429 0.222626 -0.657245 11.734531 11.571155 7.595829 7.172251 7.240352
0.029711 11.889834 -0.000036 -0.001263 0.013961 0.224010 -0.659129 12.047247 11.636193 8.298366 7.216833 7.612182
0.023367 11.860317 -0.000091 -0.000888 0.024514 0.234065 -0.609022 11.795467 11.743299 8.592962 7.540761 7.902610
0.009264 11.716713 -0.000012 0.000105 0.024514 0.243001 -0.467191 11.736105 11.823037 8.460620 7.828653 7.963489
0.012593 11.778541 0.000019 0.000176 0.024514 0.245194 -0.250088 11.861978 11.868075 8.312475 7.899296 7.918698
0.015967 11.835852 0.000001 0.000128 0.024514 0.244424 0.121856 11.847307 11.897209 7.811988 7.874517 7.656310
0.019058 11.874030 0.000011 0.000092 0.024514 0.237215 -0.469573 11.890511 11.889994 7.434278 7.642243 7.362071
0.022125 11.912183 -0.000000 -0.000088 0.024514 0.229227 -0.342546 11.913236 11.875928 7.585426 7.384898 7.321280
0.025400 11.955446 -0.000008 -0.000315 0.024514 0.229073 -0.307844 12.004918 11.899582 7.654367 7.379935 7.356102
0.029432 11.999597 -0.000024 -0.000396 0.024514 0.231342 -0.345366 12.016831 11.931074 7.696133 7.453044 7.414751
0.032202 12.045904 -0.000019 -0.000455 0.024514 0.233945 -0.433972 12.088197 11.961593 8.608567 7.536891 7.912286
0.034980 12.094082 -0.000028 -0.000525 0.024514 0.249945 -0.492153 12.182710 12.058764 9.098595 8.052369 8.397252
0.037730 12.132816 -0.000028 -0.000294 0.024514 0.265589 -0.471598 12.174828 12.148097 9.251471 8.556370 8.710551
0.041469 12.167155 -0.000006 -0.000076 0.022181 0.275891 -0.415782 12.215448 12.204435 9.571416 8.888273 9.029171
0.047335 12.217272 -0.000003 -0.000051 0.020070 0.287189 -0.338065 12.272227 12.259215 9.627527 9.252253 9.233159
0.052174 12.270158 -0.000003 -0.000043 0.018160 0.294535 -0.280658 12.297890 12.289696 10.080922 9.488915 9.578721
0.055390 12.306727 -0.000002 -0.000068 0.016432 0.305842 -0.258784 12.360155 12.337759 10.622668 9.853188 10.027184
0.058454 12.330968 -0.000005 0.000027 0.014869 0.320361 -0.245248 12.367876 12.397336 10.536402 10.320916 10.210119
0.058562 12.351449 0.000006 0.000182 0.013454 0.325798 -0.253692 12.355182 12.409622 11.089789 10.496095 10.579053
0.058637 12.392023 0.000012 0.000070 0.012173 0.335589 -0.293017 12.467987 12.454353 11.633844 10.811513 11.004096
0.058545 12.432279 -0.000003 0.000087 0.011015 0.347067 -0.281782 12.468108 12.516542 11.294217 11.181320 11.013494
0.057833 12.454058 0.000011 0.000248 0.009967 0.345057 -0.253545 12.451658 12.519134 10.536766 11.116537 10.614623
0.057141 12.476742 0.000015 0.000168 0.009018 0.330893 -0.234729 12.451408 12.469494 10.043399 10.660251 10.163972
0.055551 12.505878 0.000004 -0.000144 0.008160 0.314861 -0.259880 12.501150 12.424827 9.789934 10.143749 9.800154
0.054065 12.535961 -0.000017 -0.000441 0.007384 0.301852 -0.289460 12.536102 12.408234 9.868116 9.724646 9.640424
0.052451 12.558328 -0.000028 -0.000595 0.007661 0.295748 -0.309340 12.587344 12.434478 10.624264 9.527969 9.911760
0.052312 12.578999 -0.000034 -0.000573 0.009186 0.304574 -0.302542 12.658172 12.534780 10.687013 9.812313 10.070110
0.052144 12.608590 -0.000028 -0.000293 0.009186 0.310350 -0.265912 12.637421 12.610657 10.861071 9.998421 10.238099
0.052162 12.649374 -0.000006 -0.000153 0.009186 0.315975 -0.213215 12.726489 12.682082 11.280477 10.179645 10.523029
0.052018 12.687690 -0.000010 -0.000022 0.009186 0.325321 -0.123774 12.742856 12.768847 11.360355 10.480739 10.701192
0.051443 12.717834 0.000005 0.000202 0.009186 0.331006 0.052182 12.766699 12.832627 11.224266 10.663892 10.720496
0.051889 12.752120 0.000014 0.000319 0.009186 0.332004 -0.390435 12.784339 12.868459 11.153438 10.696031 10.700589
0.054120 12.793028 0.000018 0.000299 0.009186 0.332008 -0.300942 12.835798 12.896734 11.217899 10.696152 10.731305
0.057116 12.816298 0.000013 0.000319 0.009186 0.334641 -0.222136 12.841556 12.929548 10.858352 10.780974 10.601362
0.064040 12.866480 0.000019 0.000250 0.009186 0.332998 -0.181145 12.892478 12.929300 10.226041 10.728050 10.278191
0.086018 13.124684 0.000008 -0.000774 0.009186 0.325665 -0.246046 13.271138 12.909527 9.936610 10.491814 10.037680
0.080051 13.055321 -0.000080 -0.000578 0.021561 0.319607 -0.380310 12.839191 12.880629 10.660804 10.296638 10.307717
0.059658 12.804263 0.000009 0.000303 0.021561 0.327117 -0.654830 12.804838 12.901510 10.886801 10.538602 10.541469
0.058658 12.820517 0.000021 0.000321 0.021561 0.333122 -0.748604 12.860327 12.920678 12.082497 10.732057 11.216026
0.057498 12.850807 0.000013 0.000277 0.021561 0.352618 -0.782327 12.948943 13.019442 13.902111 11.360145 12.391143
0.058476 12.870012 0.000016 0.000592 0.021561 0.389238 -0.719836 13.005924 13.203556 13.365407 12.539919 12.700962
0.060451 12.872422 0.000044 0.001313 0.021561 0.399535 -0.588884 12.830263 13.235086 12.287967 12.871643 12.349833
0.063109 12.910104 0.000090 0.001288 0.024215 0.388924 -0.473582 12.928270 13.156881 12.638767 12.529799 12.364680
0.061119 12.926961 0.000051 0.000911 0.024215 0.388857 -0.419638 12.934446 13.142422 13.336784 12.527622 12.704677
0.055445 12.899100 0.000047 0.000964 0.024215 0.398109 -0.389482 12.934188 13.181454 13.722715 12.825715 13.036116
0.056745 12.907462 0.000056 0.001086 0.024215 0.407862 -0.326175 12.956323 13.224297 13.816155 13.139915 13.235224
0.079202 13.190608 0.000061 0.000134 0.024215 0.415612 -0.238251 13.430991 13.273884 14.507533 13.389588 13.691097
0.078642 13.164634 -0.000034 0.000433 0.024215 0.431907 -0.212590 13.039093 13.350503 15.329081 13.914548 14.343396
0.062637 12.928364 0.000070 0.001673 0.024215 0.454343 -0.189948 12.950550 13.419059 15.368693 14.637386 14.719109
0.065973 12.973441 0.000105 0.001766 0.028290 0.466750 -0.177502 13.049020 13.431765 15.046700 15.037066 14.769780
0.067530 13.011549 0.000087 0.001666 0.028290 0.467860 -0.200740 12.982326 13.390498 15.335388 15.072850 14.939082
0.071716 13.070677 0.000092 0.001268 0.028290 0.472183 -0.285435 13.161917 13.379075 15.336963 15.212120 15.018959
0.076837 13.066305 0.000050 0.001240 0.028290 0.475533 -0.303469 12.999593 13.357574 13.759335 15.320024 14.326319
0.078230 13.042566 0.000082 0.001249 0.028290 0.455301 -0.467855 12.954730 13.203858 14.676834 14.668227 14.478257
0.079100 13.060433 0.000058 0.000569 0.028290 0.460284 -0.710357 13.145670 13.190190 16.293519 14.828761 15.349417
0.079052 13.049970 0.000012 0.000556 0.028290 0.487851 -0.810994 13.088113 13.290871 16.339954 15.716898 15.806921
0.079155 13.044644 0.000047 0.000976 0.028290 0.501629 -0.838916 13.058660 13.315039 17.086192 16.160770 16.392372
0.081199 13.072286 0.000059 0.000962 0.028290 0.519445 -0.826295 13.155656 13.363232 17.774765 16.734723 17.010597
0.082239 13.094480 0.000048 0.001065 0.028290 0.538088 -0.774355 13.126983 13.417801 17.677711 17.335334 17.261660
0.081005 13.098191 0.000067 0.001267 0.028290 0.544461 -0.701548 13.101969 13.412651 17.788740 17.540673 17.425106
0.079946 13.095561 0.000071 0.001257 0.025598 0.547922 -0.634663 13.109860 13.400368 18.621816 17.652166 17.889150
0.080206 13.087933 0.000067 0.001238 0.023162 0.562254 -0.566528 13.146324 13.445056 19.498607 18.113885 18.539387
0.082541 13.092359 0.000069 0.001398 0.020958 0.583764 -0.489452 13.157622 13.518222 19.913891 18.806857 19.078132
0.087489 13.108135 0.000083 0.001626 0.022221 0.602735 -0.415589 13.155236 13.563903 19.645709 19.418064 19.250389
0.091549 13.137851 0.000093 0.001689 0.025124 0.609996 -0.393396 13.141769 13.539125 20.551801 19.651973 19.818646
0.094274 13.172107 0.000091 0.001455 0.025124 0.628421 -0.475892 13.266842 13.572887 22.130251 20.245574 20.882674
0.100763 13.209863 0.000071 0.001439 0.025124 0.663256 -0.508517 13.311866 13.684171 21.875318 21.367815 21.302750
0.109844 13.261235 0.000086 0.001676 0.025124 0.678608 -0.515781 13.260472 13.681619 21.616332 21.862409 21.430513
0.118881 13.333790 0.000097 0.001379 0.025990 0.684329 -0.608333 13.373175 13.627566 22.343782 22.046727 21.903288
0.123515 13.407351 0.000060 0.000873 0.025990 0.699378 -0.746741 13.457954 13.628807 23.021084 22.531572 22.489868
0.123237 13.458219 0.000041 0.000676 0.025990 0.714559 -0.848758 13.496765 13.650081 23.486533 23.020624 22.969314
0.118213 13.461213 0.000037 0.000749 0.025990 0.724636 -0.882532 13.469257 13.667679 22.732239 23.345286 22.769679
0.111178 13.457077 0.000047 0.000835 0.025990 0.711946 -0.864695 13.399326 13.598612 21.847546 22.936442 22.157706
0.109309 13.478852 0.000047 0.000475 0.025990 0.687224 -0.816826 13.457202 13.501366 20.708562 22.140011 21.233014
0.108016 13.494109 0.000013 0.000029 0.025990 0.655526 -0.764189 13.411539 13.388546 20.333007 21.118793 20.565832
0.106756 13.493811 -0.000002 -0.000417 0.025990 0.633432 -0.761746 13.498096 13.337538 20.245798 20.406988 20.180644
0.106786 13.490337 -0.000033 -0.000606 0.025990 0.622592 -0.777319 13.471508 13.340196 20.139878 20.057783 19.959215
0.107268 13.498034 -0.000027 -0.000626 0.025990 0.617315 -0.822674 13.525683 13.362408 20.971397 19.887783 20.275534
0.109414 13.488242 -0.000035 -0.000499 0.025990 0.630314 -0.851413 13.543146 13.459848 20.943295 20.306541 20.460261
0.110443 13.471560 -0.000017 -0.000046 0.023517 0.639620 -0.862246 13.464154 13.510882 21.382454 20.606362 20.820140
0.110118 13.471304 0.000011 0.000157 0.021279 0.652814 -0.870065 13.537798 13.567699 22.269688 21.031440 21.458441
0.108718 13.458858 0.000008 0.000431 0.019254 0.673589 -0.847036 13.492672 13.653781 22.899691 21.700728 22.088418
0.108721 13.442927 0.000037 0.000836 0.017422 0.693767 -0.792567 13.497020 13.726584 23.039742 22.350775 22.473342
0.108722 13.422094 0.000052 0.001207 0.015764 0.706626 -0.720423 13.416106 13.750087 23.192293 22.765078 22.755015
0.109414 13.409646 0.000075 0.001349 0.020250 0.715901 -0.660611 13.437932 13.749498 22.593423 23.063864 22.618711
0.108794 13.377901 0.000071 0.001473 0.020250 0.711810 -0.629798 13.293037 13.675499 21.789659 22.932074 22.181510
0.104220 13.352419 0.000087 0.001281 0.023260 0.696544 -0.676744 13.310463 13.553730 23.083325 22.440251 22.590470
0.104886 13.407752 0.000056 0.000579 0.023260 0.706756 -0.760007 13.535940 13.589490 24.034503 22.769251 23.212731
0.110758 13.471871 0.000014 0.000466 0.023260 0.725570 -0.775290 13.519696 13.676808 24.134752 23.375386 23.553041
0.116962 13.515211 0.000037 0.000641 0.023260 0.737680 -0.762115 13.571089 13.720113 24.923689 23.765526 24.128359
0.122808 13.535239 0.000035 0.000733 0.023260 0.758730 -0.754914 13.597254 13.792320 25.356706 24.443685 24.669594
0.128228 13.566414 0.000045 0.000895 0.023260 0.779005 -0.761661 13.613240 13.841227 26.285257 25.096855 25.446936
0.137274 13.677466 0.000052 0.000649 0.023260 0.805263 -0.791112 13.821909 13.917913 28.001538 25.942819 26.703635
0.150868 13.824303 0.000023 0.000371 0.023260 0.847073 -0.792393 13.987433 14.069767 28.827423 27.289788 27.757139
0.165063 13.962890 0.000020 0.000424 0.023260 0.883262 -0.762949 14.063666 14.179489 29.661720 28.455658 28.735942
0.179183 14.083576 0.000027 0.000380 0.023260 0.916782 -0.741925 14.193949 14.2