0.000000 0.000547 0.000000 0.000000 0.000000 0.000000 0.000000 0.000000 0.000000 6.833519 0.000000 6.833519
0.000000 0.000966 0.000000 0.000000 0.000000 0.000000 0.000000 0.000000 0.000000 6.833410 0.000000 6.833410
0.000000 0.001347 0.000000 0.000000 0.000000 0.000000 0.000000 0.000000 0.000000 6.833105 0.000000 6.833105
0.000000 0.071094 0.000000 0.000000 0.000000 0.000000 0.000000 0.000000 0.000000 6.832770 0.000000 6.832770
0.000000 0.266289 0.000000 0.000000 0.000000 0.000000 0.000000 0.000000 0.000000 6.832688 0.000000 6.832688
0.000000 0.412494 0.000000 0.000000 0.000000 0.000000 0.000000 0.000000 0.000000 6.832732 0.000000 6.832732
0.000000 0.416108 0.000000 0.000000 0.000000 0.000000 0.000000 0.000000 0.000000 6.832848 0.000000 6.832848
0.000000 0.434596 0.000000 0.000000 0.000000 0.000000 0.000000 0.000000 0.000000 6.832070 0.000000 6.832070
0.000000 0.509085 0.000000 0.000000 0.000000 0.000000 0.000000 0.000000 0.000000 6.830273 0.000000 6.830273
0.000000 0.581051 0.000000 0.000000 0.000000 0.000000 0.000000 0.000000 0.000000 6.818488 0.000000 6.818488
0.000000 0.662471 0.000000 0.000000 0.000000 0.000000 0.000000 0.000000 0.000000 6.828050 0.000000 6.828050
0.000000 0.737867 0.000000 0.000000 0.000000 0.000000 0.000000 0.000000 0.000000 6.837155 0.000000 6.837155
0.000000 0.803748 0.000000 0.000000 0.000000 0.000000 0.000000 0.000000 0.000000 6.828123 0.000000 6.828123
0.000000 0.873793 0.000000 0.000000 0.000000 0.000000 0.000000 0.000000 0.000000 6.837102 0.000000 6.837102
0.000000 0.945897 0.000000 0.000000 0.000000 0.000000 0.000000 0.000000 0.000000 6.825365 0.000000 6.825365
0.337729 1.023961 0.000000 0.000000 0.000000 0.000000 0.000000 0.000000 0.000000 6.823048 0.000000 6.823048
0.236382 1.107873 0.000000 0.000000 0.000000 0.000000 0.000000 0.000000 0.000000 6.830035 0.000000 6.830035
0.178793 1.203336 0.000000 0.000000 0.000000 0.000000 0.000000 0.000000 0.000000 6.831057 0.000000 6.831057
0.125015 1.309968 0.000000 0.000000 0.000000 0.000000 0.000000 0.000000 0.000000 6.848598 0.000000 6.848598
0.101924 1.429060 0.000000 0.000000 0.000000 0.000000 0.000000 0.000000 0.000000 6.854563 0.000000 6.854563
0.103913 1.558335 0.000000 0.000000 0.000000 0.000000 0.000000 0.000000 0.000000 6.854772 0.000000 6.854772
0.125498 1.691796 0.000000 0.000000 0.000000 0.000000 0.000000 0.000000 0.000000 6.842799 0.000000 6.842799
0.150220 1.819557 0.000000 0.000000 0.000000 0.000000 0.000000 0.000000 0.000000 6.831918 0.000000 6.831918
0.170379 1.938658 0.000000 0.000000 0.000000 0.000000 0.000000 0.000000 0.000000 6.827793 0.000000 6.827793
0.178606 2.048783 0.000000 0.000000 0.000000 0.000000 0.000000 0.000000 0.000000 6.825345 0.000000 6.825345
0.168133 2.149556 0.000000 0.000000 0.000000 0.000000 0.000000 0.000000 0.000000 6.835794 0.000000 6.835794
0.166681 2.247377 0.000000 0.000000 0.000000 0.000000 0.000000 0.000000 0.000000 6.836370 0.000000 6.836370
0.168801 2.342587 0.000000 0.000000 0.000000 0.000000 0.000000 0.000000 0.000000 6.834600 0.000000 6.834600
0.163195 2.435803 0.000000 0.000000 0.000000 0.000000 0.000000 0.000000 0.000000 6.841395 0.000000 6.841395
0.160822 2.533218 0.000000 0.000000 0.000000 0.000000 0.000000 0.000000 0.000000 6.840753 0.000000 6.840753
0.157614 2.627892 0.000000 0.000000 0.000000 0.000000 0.000000 0.000000 0.000000 6.837793 0.000000 6.837793
0.148945 2.715395 0.000000 0.000000 0.000000 0.000000 0.000000 0.000000 0.000000 6.837912 0.000000 6.837912
0.140852 2.802744 0.000000 0.000000 0.000000 0.000000 0.000000 0.000000 0.000000 6.837152 0.000000 6.837152
0.136518 2.890927 0.000000 0.000000 0.000000 0.000000 0.000000 0.000000 0.000000 6.834994 0.000000 6.834994
0.133066 2.986977 0.000000 0.000000 0.000000 0.000000 0.000000 0.000000 0.000000 6.835673 0.000000 6.835673
0.131322 3.087945 0.000000 0.000000 0.000000 0.000000 0.000000 0.000000 0.000000 6.834441 0.000000 6.834441
0.133091 3.193552 0.000000 0.000000 0.000000 0.000000 0.000000 0.000000 0.000000 6.833320 0.000000 6.833320
0.134145 3.295320 0.000000 0.000000 0.000000 0.000000 0.000000 0.000000 0.000000 6.836703 0.000000 6.836703
0.135116 3.386708 0.000000 0.000000 0.000000 0.000000 0.000000 0.000000 0.000000 6.834477 0.000000 6.834477
0.135283 3.480488 0.000000 0.000000 0.000000 0.000000 0.000000 0.000000 0.000000 6.835479 0.000000 6.835479
0.135367 3.578237 0.000000 0.000000 0.000000 0.000000 0.000000 0.000000 0.000000 6.839012 0.000000 6.839012
0.137122 3.680431 0.000000 0.000000 0.000000 0.000000 0.000000 0.000000 0.000000 6.838920 0.000000 6.838920
0.137250 3.781797 0.000000 0.000000 0.000000 0.000000 0.000000 0.000000 0.000000 6.837797 0.000000 6.837797
0.135216 3.871390 0.000000 0.000000 0.000000 0.000000 0.000000 0.000000 0.000000 6.835236 0.000000 6.835236
0.132179 3.957008 0.000000 0.000000 0.000000 0.000000 0.000000 0.000000 0.000000 6.836051 0.000000 6.836051
0.129781 4.049641 0.000000 0.000000 0.000000 0.000000 0.000000 0.000000 0.000000 6.836242 0.000000 6.836242
0.126711 4.146953 0.000000 0.000000 0.000000 0.000000 0.000000 0.000000 0.000000 6.839816 0.000000 6.839816
0.126090 4.243863 0.000000 0.000000 0.000000 0.000000 0.000000 0.000000 0.000000 6.838165 0.000000 6.838165
0.123777 4.329668 0.000000 0.000000 0.000000 0.000000 0.000000 0.000000 0.000000 6.836434 0.000000 6.836434
0.120240 4.411157 0.000000 0.000000 0.000000 0.000000 0.000000 4.411157 4.411157 6.835185 0.000000 6.835185
0.118676 4.502526 0.000000 -0.000466 0.000000 0.309503 0.000000 5.088773 4.933446 13.502222 8.078145 13.502222
0.118119 4.600333 -0.000044 0.001700 0.011932 0.534273 0.000884 4.616794 -236.616527 13.379198 13.944746 13.379198
0.118977 4.698200 0.000197 -1.231519 0.052988 0.431017 0.124105 4.720866 -212.527513 13.258701 11.249704 13.258701
0.128766 4.844383 0.000139 -1.109329 0.052988 0.466482 -0.790939 5.094022 -190.639498 13.139748 12.175365 13.139748
0.141596 5.006160 0.000066 -0.998452 0.052988 0.447413 -0.598742 5.008271 -171.002531 13.020989 11.677656 13.020989
0.149972 5.145836 0.000102 -0.898950 0.052988 0.449116 -0.449974 5.356738 -153.286843 12.930794 11.722113 12.930794
0.164940 5.323226 0.000025 -0.809446 0.052988 0.445561 -0.331348 5.387159 -137.335094 12.837358 11.629330 12.837358
0.173750 5.482135 0.000039 -0.728849 0.052988 0.443072 -0.264012 5.648809 -122.962679 12.687204 11.564362 12.687204
0.176464 5.633532 -0.000011 -0.656274 0.052988 0.436361 -0.456910 5.705607 -110.018760 12.484713 11.389183 12.484713
0.179437 5.822137 -0.000002 -0.591179 0.052988 0.425121 -0.767241 5.997608 -98.352423 12.345784 11.095829 12.345784
0.173214 5.955251 -0.000059 -0.532321 0.052988 0.411673 -0.995880 6.015206 -87.827816 12.205772 10.744825 12.205772
0.162986 6.090886 -0.000032 -0.479302 0.052988 0.396676 -1.049641 6.261110 -78.326265 12.051442 10.353394 12.051442
0.150166 6.231017 -0.000066 -0.431527 0.052988 0.377277 -1.009871 6.334423 -69.743056 11.865020 9.847090 11.865020
0.135773 6.339107 -0.000045 -0.388275 0.047945 0.361891 -0.775443 6.494351 -61.983343 11.514233 9.445494 11.514233
0.123777 6.468819 -0.000043 -0.349337 0.043383 0.342346 -0.474847 6.603705 -54.982816 11.226675 8.935371 11.226675
0.117533 6.613281 -0.000027 -0.314348 0.039254 0.327408 -0.118006 6.792962 -48.651186 10.868022 8.545474 10.868022
0.111326 6.745406 -0.000029 -0.282709 0.035519 0.313939 0.956032 6.881727 -42.937162 10.630066 8.193920 10.630066
0.104694 6.876958 -0.000003 -0.254220 0.032139 0.306113 0.806984 7.056037 -37.772856 10.635537 7.989660 10.635537
0.101831 7.021415 -0.000000 -0.228602 0.029080 0.308124 0.616683 7.192357 -33.094789 10.529026 8.042149 10.529026
0.098488 7.157319 0.000017 -0.205421 0.026313 0.307668 0.345809 7.315991 -28.882876 10.426631 8.030250 10.426631
0.098502 7.289110 0.000032 -0.184599 0.023809 0.308047 -0.094824 7.447515 -25.085769 10.125372 8.040150 10.125372
0.101778 7.427490 0.000042 -0.165927 0.021543 0.303652 1.239008 7.568018 -21.677895 9.767613 7.925437 9.767613
0.105627 7.557961 0.000048 -0.149201 0.019493 0.297796 1.073196 7.688217 -18.616008 9.501863 7.772581 9.501863
0.107290 7.680187 0.000048 -0.134199 0.017638 0.295016 0.963481 7.803588 -15.856562 9.389483 7.700033 9.389483
0.106599 7.796359 0.000047 -0.120710 0.015960 0.294785 0.897042 7.917412 -13.364435 9.385278 7.694017 9.385278
0.107139 7.896803 0.000046 -0.108504 0.014441 0.297665 0.818600 8.007287 -11.111339 9.140004 7.769186 9.140004
0.105295 7.984705 0.000052 -0.097454 0.013976 0.293728 0.739777 8.069555 -9.098821 9.012062 7.666416 9.012062
0.101186 8.063355 0.000058 -0.087585 0.015594 0.290398 0.679248 8.159419 -7.281579 8.942190 7.579501 8.942190
0.099027 8.142995 0.000055 -0.078717 0.015594 0.288557 0.605395 8.232159 -5.636817 8.703024 7.531458 8.703024
0.096838 8.219740 0.000058 -0.070715 0.015644 0.282253 0.531360 8.297760 -4.163206 8.547108 7.366903 8.547108
0.094045 8.288706 0.000059 -0.063547 0.015776 0.277397 0.465691 8.370067 -2.829411 8.361924 7.240162 8.361924
0.091258 8.365186 0.000057 -0.057130 0.015776 0.271800 0.395257 8.445498 -1.625735 8.262893 7.094097 8.196816
0.088457 8.435253 0.000054 -0.051345 0.015776 0.267790 0.335920 8.514804 -0.531889 8.119228 6.989422 8.011458
0.086913 8.505721 0.000054 -0.046122 0.015776 0.263638 0.268034 8.583276 0.456693 7.953782 6.881052 7.813592
0.085795 8.580937 0.000053 -0.041461 0.015776 0.258877 0.225471 8.659602 1.349652 7.808134 6.756788 7.629778
0.085639 8.648737 0.000049 -0.037250 0.015776 0.254985 0.190973 8.718975 2.158491 7.461047 6.655205 7.314153
0.087113 8.730716 0.000050 -0.033541 0.015776 0.246320 0.223317 8.800607 2.876212 7.375892 6.429039 7.154900
0.088625 8.803393 0.000040 -0.030249 0.015776 0.243548 0.313538 8.876707 3.540015 7.206246 6.356706 6.980618
0.087688 8.859467 0.000034 -0.027147 0.015776 0.240418 0.365131 8.909454 4.135740 7.276584 6.275010 6.973713
0.084080 8.904804 0.000040 -0.024338 0.015776 0.242096 0.403787 8.976277 4.687839 7.729732 6.318790 7.263064
0.080519 8.934697 0.000038 -0.021673 0.015776 0.255220 0.339110 9.007359 5.218452 7.871228 6.661350 7.424690
0.078319 8.973049 0.000055 -0.019161 0.014686 0.263644 0.138728 9.036433 5.684743 7.854850 6.881216 7.449510
0.076688 9.008406 0.000066 -0.016962 0.017768 0.266804 -0.426852 9.059079 6.090205 7.591598 6.963681 7.273998
0.075211 9.045832 0.000073 -0.015084 0.019737 0.262097 -0.155868 9.082375 6.432908 7.484932 6.840829 7.147119
0.073308 9.084050 0.000073 -0.013530 0.019737 0.258536 0.405490 9.133746 6.746379 7.644927 6.747890 7.206518
0.071958 9.117795 0.000065 -0.012102 0.019737 0.262536 0.171875 9.172379 7.050865 7.700240 6.852301 7.256855
0.071510 9.152273 0.000067 -0.010724 0.019737 0.266529 -0.325842 9.199846 7.324665 7.742110 6.956515 7.301046
0.071528 9.187510 0.000070 -0.009507 0.019737 0.270282 -0.025573 9.236620 7.569928 7.776957 7.054462 7.341492
0.071920 9.230367 0.000069 -0.008474 0.019737 0.272805 3.450944 9.279606 7.790214 7.528475 7.120313 7.189824
0.071276 9.271527 0.000066 -0.007560 0.019737 0.267873 3.082851 9.295706 7.968988 7.153475 6.991600 6.898898
0.072808 9.324162 0.000063 -0.006916 0.019737 0.256826 2.760134 9.359080 8.116658 6.131184 6.703271 6.143331
0.080706 9.454694 0.000044 -0.006828 0.019737 0.227248 2.485245 9.488237 8.207512 5.300349 5.931260 5.360384
0.076008 9.467680 -0.000007 -0.006431 0.019737 0.195388 2.260190 9.403869 8.286163 4.601343 5.099709 4.640193
0.063549 9.402368 0.000004 -0.005696 0.019737 0.166196 2.066732 9.363753 8.360369 4.006226 4.337788 4.005400
0.058981 9.419759 0.000004 -0.005406 0.017858 0.139971 1.901699 9.439672 8.441416 3.528364 3.653288 3.466238
0.053944 9.434635 -0.000024 -0.005069 0.016159 0.118018 1.745034 9.421227 8.531359 3.104020 3.080315 2.994682
0.047970 9.440967 -0.000019 -0.004642 0.014621 0.098705 1.594719 9.458538 8.624099 2.955936 2.576242 2.714724
0.045001 9.444901 -0.000027 -0.004189 0.013230 0.088312 1.440122 9.462497 8.734685 2.057542 2.304974 2.050600
0.041366 9.447924 -0.000017 -0.003640 0.011971 0.064152 1.288173 9.417689 8.787433 1.646179 1.674382 1.566595
0.038044 9.440267 -0.000009 -0.003332 0.010832 0.046814 1.153049 9.456212 8.850599 1.095457 1.221873 1.059134
0.034745 9.422844 -0.000019 -0.002920 0.009801 0.029937 1.023436 9.386658 8.898333 0.545544 0.781374 0.559554
0.031611 9.407080 -0.000001 -0.002596 0.008868 0.012607 0.910205 9.405712 8.931503 0.012308 0.329058 0.068452
0.029647 9.395471 -0.000011 -0.002368 0.008024 -0.004050 0.803298 9.363498 8.954119 -0.684777 -0.105700 -0.513750
0.025375 9.387602 -0.000005 -0.002212 0.007261 -0.025716 0.714244 9.363411 8.953993 -0.710855 -0.671200 -0.732280
0.022337 9.379794 -0.000016 -0.002173 0.006570 -0.034076 0.629999 9.389924 8.993596 -1.287280 -0.889406 -1.164594
0.019300 9.361018 -0.000022 -0.001875 0.006025 -0.050337 0.542812 9.308023 9.000468 -1.924672 -1.313819 -1.704789
0.015483 9.326831 -0.000006 -0.001666 0.006025 -0.070825 0.464826 9.296018 8.987245 -2.990840 -1.848569 -2.542440
0.012047 9.281149 -0.000015 -0.001500 0.006025 -0.102368 0.399124 9.183498 8.930879 -3.918092 -2.671836 -3.395668
0.011525 9.228452 -0.000006 -0.001519 0.006025 -0.133613 0.363334 9.170853 8.867074 -4.778224 -3.487361 -4.203891
0.011948 9.165640 -0.000027 -0.001524 0.007366 -0.161005 0.361117 9.064557 8.800019 -5.516058 -4.202297 -4.898754
0.006705 9.078244 -0.000022 -0.001420 0.007366 -0.184806 0.419096 8.990563 8.729210 -5.686374 -4.823517 -5.209010
-0.001067 8.961455 -0.000027 -0.001185 0.007366 -0.195036 0.473829 8.873389 8.687656 -6.128618 -5.090510 -5.566407
-0.009079 8.826150 -0.000010 -0.000707 0.007366 -0.207334 0.500803 8.710422 8.623569 -6.416460 -5.411504 -5.843681
-0.015459 8.686836 0.000014 -0.000323 0.007366 -0.216057 0.513217 8.592521 8.554449 -6.850269 -5.639177 -6.184675
-0.021022 8.550782 0.000024 0.000019 0.007366 -0.226655 0.514965 8.426468 8.463159 -6.583746 -5.915779 -6.074849
-0.025572 8.414243 0.000042 0.000250 0.011276 -0.219335 0.515266 8.354316 8.408120 -6.357723 -5.724720 -5.852524
-0.030876 8.279592 0.000044 0.000656 0.011799 -0.207416 0.492108 8.172290 8.347744 -6.358822 -5.413629 -5.751499
-0.038917 8.148457 0.000076 0.001017 0.020434 -0.203325 0.449657 8.058430 8.256855 -5.727044 -5.306857 -5.256199
-0.042851 8.025256 0.000080 0.001182 0.021601 -0.183754 0.290164 7.967171 8.202150 -5.389081 -4.796043 -4.872811
-0.044637 7.911504 0.000089 0.001483 0.023877 -0.167298 -0.153024 7.822448 8.128563 -5.054610 -4.366539 -4.509503
-0.044982 7.797023 0.000107 0.001692 0.028873 -0.151933 0.970873 7.725025 8.043752 -4.694245 -3.965516 -4.132007
-0.040788 7.684459 0.000110 0.001834 0.029444 -0.133405 0.628260 7.597296 7.953113 -4.509438 -3.481936 -3.865684
-0.036273 7.586690 0.000119 0.001870 0.031939 -0.118666 0.218840 7.501065 7.839331 -4.157705 -3.097241 -3.487761
-0.030854 7.500800 0.000113 0.001728 0.031939 -0.101328 -0.594510 7.420975 7.725864 -3.873328 -2.644693 -3.145140
-0.024502 7.416908 0.000102 0.001577 0.031939 -0.086363 -0.322310 7.321414 7.602728 -3.784430 -2.254111 -2.962376
-0.019139 7.339724 0.000094 0.001342 0.031939 -0.079499 -0.133248 7.239483 7.461539 -3.615205 -2.074948 -2.757156
-0.010400 7.275865 0.000076 0.000948 0.031939 -0.072532 -0.323350 7.189335 7.327337 -3.325557 -1.893106 -2.459646
-0.001883 7.200543 0.000051 0.000647 0.031939 -0.061128 -0.555636 7.101968 7.207116 -2.817050 -1.595453 -1.972025
0.002473 7.115527 0.000041 0.000467 0.031939 -0.042824 -0.720372 7.034663 7.106245 -2.333424 -1.117726 -1.471748
0.004419 7.038107 0.000031 0.000348 0.031939 -0.026314 -0.803830 6.949593 7.008163 -2.023441 -0.686798 -1.119854
0.003493 6.960164 0.000026 0.000245 0.031939 -0.018103 -0.827232 6.868272 6.903015 -1.718659 -0.472494 -0.812457
0.002339 6.895050 0.000018 0.000041 0.031939 -0.012940 -0.801446 6.822916 6.808662 -1.442581 -0.337746 -0.547378
-0.002239 6.819383 0.000004 -0.000055 0.031939 -0.009914 -0.725529 6.733611 6.726789 -1.120691 -0.258758 -0.260079
-0.007974 6.730039 0.000005 -0.000017 0.028899 -0.005244 -0.595464 6.662472 6.662404 -0.763054 -0.136883 0.058042
-0.012484 6.656080 0.000006 0.000032 0.026149 0.002699 -0.403704 6.603957 6.614762 -0.343417 0.070437 0.435532
-0.018723 6.586105 0.000009 0.000146 0.023661 0.013090 -0.117706 6.540754 6.580826 0.262757 0.341652 0.977299
-0.023986 6.504647 0.000017 0.000389 0.021409 0.031383 1.060110 6.469839 6.567285 0.601623 0.819101 1.303209
-0.028617 6.426665 0.000033 0.000718 0.019372 0.043656 0.797492 6.375798 6.536896 0.737883 1.139442 1.436679
-0.030481 6.372270 0.000050 0.000840 0.017528 0.048426 0.557899 6.339300 6.490286 0.908254 1.263944 1.588274
-0.021149 6.384273 0.000047 0.000541 0.015860 0.054913 0.345406 6.393547 6.452981 0.972318 1.433246 1.648576
-0.024271 6.328750 0.000021 0.000634 0.014351 0.057584 0.184951 6.242308 6.405954 2.461337 1.502976 2.984936
-0.032787 6.235001 0.000050 0.000872 0.013573 0.111888 0.135110 6.301104 6.460808 2.811786 2.920328 3.348854
-0.028825 6.217272 0.000049 0.001243 0.013573 0.126784 0.133543 6.142058 6.428305 3.192456 3.309108 3.709766
-0.023866 6.214329 0.000085 0.001092 0.022922 0.141074 0.247235 6.263389 6.398150 3.531568 3.682097 4.032650
-0.017997 6.224040 0.000042 0.000889 0.022922 0.153345 0.320117 6.181259 6.369438 3.907444 4.002357 4.386769
-0.010431 6.245965 0.000057 0.000630 0.022922 0.166143 0.386470 6.290604 6.349965 4.298745 4.336387 4.753971
0.007627 6.336328 0.000020 0.000070 0.022922 0.179742 0.386439 6.370081 6.345776 4.656900 4.691331 5.091867
0.015509 6.370031 -0.000004 -0.000124 0.022922 0.191857 0.363034 6.367407 6.345616 5.061799 5.007533 5.467571
0.016207 6.359801 -0.000003 -0.000072 0.022922 0.205358 0.288158 6.357791 6.351109 5.467055 5.359919 5.844995
0.018635 6.368099 0.000001 -0.000087 0.022922 0.218813 0.151986 6.384389 6.360851 5.971366 5.711097 6.309205
0.013273 6.314850 -0.000005 0.000235 0.022922 0.236091 -0.249426 6.278759 6.375791 6.368184 6.162077 6.683413
0.007912 6.266323 0.000030 0.000559 0.022922 0.250872 0.123912 6.271848 6.380317 6.786044 6.547867 7.073036
0.007389 6.253393 0.000033 0.000648 0.022922 0.265921 -0.522860 6.256510 6.385506 7.100257 6.940646 7.370489
0.011265 6.261846 0.000039 0.000631 0.022922 0.277802 -0.325795 6.278098 6.385123 7.300444 7.250752 7.561495
0.015820 6.284038 0.000032 0.000516 0.020741 0.285274 -0.217352 6.292521 6.378745 7.666673 7.445759 7.895511
0.023816 6.327269 0.000026 0.000263 0.018767 0.298247 -0.301597 6.371652 6.390183 7.854907 7.784366 8.077447
0.034658 6.391904 0.000007 -0.000009 0.016981 0.305367 -0.452156 6.413401 6.395651 7.887303 7.970202 8.111176
0.039145 6.444261 -0.000003 -0.000248 0.015365 0.305244 -0.638999 6.462725 6.394288 8.195741 7.966987 8.380867
0.039994 6.489330 -0.000018 -0.000485 0.013903 0.312090 -0.773736 6.527788 6.420966 8.510003 8.145682 8.660749
0.037301 6.543440 -0.000029 -0.000625 0.012580 0.317851 -0.828241 6.583314 6.460565 9.033404 8.296027 9.115574
0.031308 6.587319 -0.000034 -0.000647 0.011383 0.328283 -0.821929 6.645881 6.528599 9.510129 8.568326 9.526826
0.027575 6.628965 -0.000033 -0.000512 0.010300 0.339159 -0.735722 6.686137 6.609341 9.638566 8.852191 9.631095
0.022133 6.693915 -0.000021 -0.000432 0.009320 0.338925 -0.617480 6.759175 6.676836 9.938163 8.846070 9.847353
0.013281 6.762889 -0.000023 -0.000439 0.008433 0.341649 -0.476107 6.847849 6.767430 9.953845 8.917170 9.824636
0.003317 6.833860 -0.000023 -0.000339 0.007630 0.335170 -0.289508 6.900497 6.851902 9.851906 8.748081 9.667105
-0.001585 6.932051 -0.000014 -0.000409 0.006904 0.324134 -0.043999 7.040163 6.942786 9.819900 8.460035 9.540820
-0.001502 7.037605 -0.000028 -0.000484 0.007484 0.317285 1.266839 7.137651 7.054360 9.624641 8.281259 9.297547
-0.003351 7.144541 -0.000024 -0.000460 0.007484 0.308759 1.100628 7.250907 7.164233 9.651451 8.058722 9.221158
-0.002783 7.271376 -0.000025 -0.000547 0.007484 0.306477 0.959930 7.407325 7.294521 9.572767 7.999179 9.091595
0.001097 7.399648 -0.000033 -0.000537 0.008757 0.303649 0.835149 7.511644 7.423171 9.121225 7.925348 8.681853
0.003053 7.525903 -0.000026 -0.000524 0.008757 0.290667 0.736061 7.627091 7.523225 8.880896 7.586518 8.379934
0.006162 7.661620 -0.000030 -0.000706 0.008757 0.281158 0.681272 7.786419 7.634240 8.623213 7.338326 8.087036
0.010057 7.783457 -0.000044 -0.000762 0.011860 0.272743 0.654487 7.877551 7.745625 8.285125 7.118698 7.746343
0.010727 7.892239 -0.000038 -0.000748 0.011860 0.262899 0.674080 7.991559 7.847856 8.298624 6.861766 7.651951
0.011197 7.996323 -0.000042 -0.000758 0.011860 0.261743 0.698446 8.108006 7.970575 8.169428 6.831589 7.514573
0.011342 8.086145 -0.000040 -0.000590 0.011860 0.259452 0.696711 8.169095 8.082570 7.994699 6.771800 7.342385
0.011098 8.183406 -0.000026 -0.000515 0.011860 0.255253 0.684555 8.286664 8.184463 8.233547 6.662198 7.444823
0.012370 8.276257 -0.000030 -0.000468 0.011860 0.261620 0.649669 8.385901 8.311611 8.241935 6.828391 7.466493
0.013028 8.357996 -0.000022 -0.000237 0.011860 0.265654 0.582003 8.441794 8.422372 8.375211 6.933676 7.560244
0.013786 8.446771 -0.000007 -0.000125 0.011860 0.271904 0.499535 8.558975 8.533035 8.477913 7.096792 7.653232
0.016294 8.534459 -0.000008 -0.000007 0.011860 0.278076 0.387326 8.618534 8.636865 8.245165 7.257888 7.527210
0.019630 8.629139 0.000004 0.000039 0.011860 0.275810 0.264416 8.711744 8.710213 8.316244 7.198750 7.540760
0.024244 8.722890 -0.000001 -0.000065 0.011860 0.278801 0.144826 8.815703 8.795376 8.145809 7.276829 7.440344
0.028894 8.804359 -0.000007 -0.000046 0.010731 0.278105 -0.007641 8.860523 8.861513 7.930617 7.258643 7.286362
0.031898 8.886301 -0.000000 -0.000126 0.009710 0.274624 -0.069713 8.957371 8.914441 8.001991 7.167798 7.298955
0.033922 8.967172 -0.000013 -0.000269 0.008786 0.276419 -0.200229 9.037639 8.982341 7.928888 7.214646 7.262633
0.035394 9.059624 -0.000016 -0.000394 0.007950 0.274950 -0.232596 9.130833 9.043691 8.019064 7.176311 7.303710
0.033565 9.123848 -0.000026 -0.000409 0.007193 0.275247 -0.243133 9.181529 9.114976 7.840234 7.184065 7.187840
0.028961 9.166469 -0.000020 -0.000263 0.006509 0.269386 -0.224230 9.203682 9.169387 7.844459 7.031072 7.132795
0.024349 9.221266 -0.000011 -0.000265 0.005889 0.265284 -0.206739 9.296399 9.235640 8.269899 6.924010 7.349713
0.022464 9.279208 -0.000018 -0.000222 0.005329 0.272591 -0.143755 9.366498 9.341040 7.948034 7.114737 7.206222
0.020722 9.331874 -0.000008 0.000047 0.004822 0.267180 -0.018701 9.366735 9.402683 7.703356 6.973492 6.997741
0.021469 9.391221 0.000010 0.000058 0.004363 0.259691 0.677466 9.465603 9.456331 7.319948 6.778037 6.687504
0.025113 9.458670 -0.000003 -0.000012 0.003948 0.250106 0.596541 9.493807 9.497249 6.960544 6.527868 6.375834
0.028128 9.519594 0.000000 -0.000114 0.003572 0.240825 0.538900 9.572707 9.531967 7.168990 6.285635 6.411466
0.029892 9.572841 -0.000012 -0.000209 0.003261 0.245228 0.497818 9.639267 9.602372 7.478872 6.400539 6.637019
0.029676 9.617734 -0.000011 -0.000078 0.003261 0.255921 0.463702 9.681463 9.684864 7.696267 6.679648 6.868129
0.031865 9.677568 0.000000 0.000037 0.003261 0.265997 0.428616 9.750774 9.760457 7.557002 6.942616 6.883613
0.034959 9.745688 0.000002 0.000075 0.003261 0.267384 0.394794 9.787743 9.805106 7.813991 6.978841 7.053054
0.039646 9.815652 0.000005 -0.000054 0.003261 0.274834 0.364925 9.900677 9.868859 7.856839 7.173267 7.154613
0.043410 9.877756 -0.000009 -0.000045 0.003261 0.280285 0.332417 9.910739 9.921068 8.002192 7.315561 7.299594
0.046451 9.938899 0.000003 -0.000091 0.003261 0.286541 0.303320 10.012976 9.974400 8.016386 7.478842 7.376240
0.048297 9.997263 -0.000011 -0.000117 0.003261 0.289755 0.269777 10.025048 10.017042 8.041841 7.562714 7.430888
0.048253 10.048778 -0.000003 -0.000162 0.003261 0.290673 0.240656 10.103733 10.056186 8.355488 7.586692 7.629409
0.047916 10.105010 -0.000014 -0.000249 0.003734 0.296934 0.205371 10.163749 10.118786 8.599588 7.750085 7.837372
0.045036 10.157889 -0.000013 -0.000200 0.003734 0.302494 0.160903 10.216977 10.186473 9.251911 7.895201 8.268816
0.045173 10.218998 -0.000009 -0.000166 0.003734 0.316993 0.082937 10.322470 10.291581 8.991238 8.273636 8.265570
0.046171 10.285092 -0.000009 0.000033 0.003734 0.316023 -0.103006 10.309064 10.344806 8.912186 8.248315 8.210205
0.045824 10.340798 0.000010 0.000020 0.003734 0.312961 0.015020 10.416026 10.394245 9.093313 8.168395 8.279082
0.048198 10.398979 -0.000007 -0.000024 0.003734 0.316412 -0.695669 10.454779 10.464157 8.415577 8.258483 7.932924
0.050978 10.461141 0.000002 0.000015 0.003734 0.304093 -0.617613 10.478025 10.475649 8.106781 7.936935 7.634015
0.053189 10.526140 -0.000001 -0.000258 0.003734 0.293432 -0.559930 10.577383 10.493449 8.297980 7.658679 7.631875
0.055008 10.581980 -0.000024 -0.000452 0.006511 0.294283 -0.518439 10.633652 10.550298 8.391771 7.680907 7.695137
0.053328 10.622721 -0.000024 -0.000370 0.006511 0.297201 -0.502872 10.667344 10.610908 8.974919 7.757066 8.050704
0.051686 10.672142 -0.000017 -0.000312 0.006511 0.310054 -0.488931 10.767411 10.708462 9.091839 8.092537 8.252221
0.051404 10.728114 -0.000017 -0.000100 0.006511 0.316993 -0.453741 10.771699 10.785450 8.821063 8.273637 8.179032
0.049461 10.785220 0.000003 0.000001 0.006511 0.312605 -0.418954 10.837135 10.826525 9.210267 8.159122 8.341994
0.048773 10.845666 -0.000003 -0.000098 0.006511 0.317460 -0.374771 10.931406 10.907354 8.771250 8.285844 8.155356
0.047790 10.900292 -0.000007 0.000036 0.006511 0.309388 -0.317242 10.911843 10.943090 8.383512 8.075140 7.856109
0.044302 10.940622 0.000009 0.000013 0.006511 0.296648 -0.269782 10.986797 10.965994 8.061343 7.742634 7.539525
0.041860 10.987402 -0.000006 -0.000109 0.006511 0.283288 -0.229721 11.011813 10.992062 7.486771 7.393925 7.081295
0.040714 11.046390 -0.000006 -0.000277 0.006511 0.264712 -0.221391 11.081021 11.004465 7.708716 6.909081 6.981890
0.039877 11.105378 -0.000022 -0.000515 0.006511 0.260841 -0.237428 11.184897 11.074589 7.939604 6.808061 7.050339
0.038975 11.159826 -0.000032 -0.000435 0.008577 0.264117 -0.239715 11.224719 11.168063 7.979115 6.893558 7.100478
0.039398 11.214776 -0.000017 -0.000238 0.008577 0.267072 -0.221929 11.288319 11.254233 7.700106 6.970695 6.984099
0.040797 11.271663 -0.000010 -0.000089 0.008577 0.264206 -0.179632 11.313098 11.310736 7.200282 6.895878 6.690257
0.040952 11.320841 -0.000001 -0.000052 0.008577 0.254130 -0.152723 11.349889 11.334600 7.066855 6.632901 6.503361
0.040196 11.360971 -0.000005 -0.000135 0.008577 0.247864 -0.148147 11.402416 11.369816 6.975595 6.469339 6.382805
0.039139 11.387694 -0.000010 -0.000091 0.008577 0.244038 -0.149973 11.413923 11.409611 6.687853 6.369488 6.191677
0.036684 11.407961 -0.000002 0.000008 0.008577 0.237350 -0.154049 11.427092 11.433347 7.069160 6.194923 6.306592
0.033177 11.431648 0.000001 0.000009 0.008577 0.241739 -0.156114 11.500926 11.498811 6.821359 6.309490 6.233694
0.029803 11.455398 -0.000001 0.000222 0.008577 0.238085 -0.100040 11.457404 11.532898 6.181683 6.214112 5.869847
0.027059 11.490887 0.000021 0.000214 0.008577 0.222655 -0.038830 11.515239 11.526262 6.300524 5.811381 5.742689
0.024877 11.524254 0.000003 0.000010 0.008577 0.216803 0.106772 11.568188 11.562784 5.892076 5.658647 5.466809
0.021701 11.543757 -0.000002 0.000097 0.007760 0.205766 0.046063 11.541737 11.578406 5.647580 5.370573 5.209307
0.017095 11.559801 0.000010 0.000095 0.007022 0.195306 0.015179 11.595049 11.597342 5.851300 5.097554 5.177070
0.014931 11.585764 0.000001 0.000059 0.006354 0.193905 -0.062725 11.634923 11.652772 5.398977 5.061004 4.934342
0.013994 11.619515 0.000005 0.000170 0.005749 0.185094 -0.022213 11.632561 11.674819 5.306090 4.831030 4.776874
0.011268 11.648614 0.000012 0.000134 0.005202 0.179402 -0.113489 11.697122 11.707864 5.773661 4.682461 4.928087
0.009149 11.672022 0.000003 0.000183 0.004707 0.185814 -0.106700 11.733865 11.786202 5.672254 4.849831 4.954649
0.006140 11.683362 0.000015 0.000525 0.004259 0.187687 -0.074648 11.704703 11.837661 3.366230 4.898717 3.871842
0.003560 11.701834 0.000038 0.000693 0.010239 0.144784 -0.024349 11.584488 11.709027 4.303745 3.778913 3.781158
0.003504 11.726103 0.000036 -0.000087 0.010239 0.142003 0.690443 11.878798 11.750136 3.986766 3.706327 3.592271
0.003208 11.732786 -0.000036 0.000089 0.010239 0.136448 0.598106 11.637031 11.769455 4.017026 3.561353 3.535970
0.002298 11.731775 0.000038 0.000192 0.010239 0.136449 0.510688 11.841780 11.799897 3.959669 3.561375 3.509965
0.002006 11.742838 -0.000012 0.000291 0.010239 0.137235 0.430428 11.693586 11.824093 3.565073 3.581885 3.336142
-0.000970 11.741549 0.000038 0.000421 0.010239 0.131048 0.354652 11.778657 11.814576 3.427333 3.420410 3.197611
-0.004433 11.734026 0.000011 0.000411 0.010239 0.125075 0.288801 11.698841 11.807041 3.153097 3.264500 2.996038
-0.006666 11.734722 0.000031 0.000369 0.010239 0.116671 0.217850 11.755064 11.791446 3.100487 3.045170 2.868952
-0.008825 11.730643 0.000011 0.000310 0.010239 0.111317 0.143273 11.715259 11.789518 2.806333 2.905409 2.663811
-0.010488 11.715813 0.000022 0.000376 0.010239 0.103578 0.015845 11.708818 11.774710 1.815790 2.703430 2.095443
-0.012226 11.699281 0.000019 0.000385 0.010239 0.081839 -0.636158 11.625013 11.700527 1.423857 2.136041 1.641354
-0.012932 11.686870 0.000022 0.000070 0.009265 0.064641 -0.576337 11.682889 11.645694 1.205892 1.687167 1.327242
-0.013253 11.667018 -0.000010 -0.000109 0.008383 0.053560 -0.537577 11.618189 11.611695 1.230677 1.397940 1.206687
-0.014394 11.644355 -0.000001 -0.000167 0.007585 0.050191 -0.516110 11.652729 11.602404 1.992656 1.310016 1.539283
-0.015398 11.629489 -0.000014 -0.000138 0.006863 0.064339 -0.491198 11.662146 11.656361 2.238399 1.679261 1.837690
-0.015922 11.621259 -0.000001 0.000179 0.006210 0.076531 -0.447883 11.630527 11.694828 1.796347 1.997482 1.779037
-0.014102 11.626513 0.000019 0.000349 0.005619 0.074229 -0.395562 11.608202 11.672897 1.475410 1.937396 1.602926
-0.009948 11.641581 0.000019 0.000160 0.005085 0.068075 -0.346750 11.633600 11.635081 0.630372 1.776776 1.128336
-0.006431 11.647557 0.000001 -0.000064 0.004601 0.050354 -0.306914 11.572656 11.550263 0.826197 1.314266 1.012744
-0.005569 11.641351 -0.000006 -0.000465 0.004163 0.046510 -0.275378 11.659666 11.522730 0.833794 1.213928 0.978561
-0.007278 11.616344 -0.000039 -0.000478 0.010430 0.044584 -0.254259 11.553147 11.503552 0.978326 1.163648 1.033342
-0.009802 11.582836 -0.000014 -0.000405 0.010430 0.045769 -0.235384 11.592674 11.497568 1.446430 1.194587 1.282243
-0.012025 11.557253 -0.000027 -0.000305 0.010430 0.054447 -0.203078 11.547823 11.522443 2.014558 1.421092 1.670790
-0.012061 11.541992 -0.000007 -0.000100 0.010430 0.069049 -0.109302 11.581881 11.568953 1.733620 1.802199 1.717451
-0.010336 11.534561 -0.000004 0.000176 0.010430 0.070882 0.121522 11.491557 11.560365 14.964242 1.850055 8.185061
-0.006964 11.538736 0.000020 0.000110 0.010430 0.330808 -0.066129 12.561027 12.542751 8.790137 8.634233 8.384793
-0.001596 11.567331 -0.000005 0.004978 0.010430 0.339142 0.333079 10.784079 12.456913 9.102079 8.851747 8.659609
0.009606 11.665484 0.000478 0.004039 0.128487 0.350335 0.279421 12.389401 12.396564 9.550441 9.143892 9.036022
0.019911 11.743129 0.000004 0.003335 0.128487 0.366104 -1.114041 11.256634 12.361742 9.797376 9.555459 9.373257
0.020160 11.721306 0.000318 0.003268 0.128487 0.379451 -0.705875 12.111206 12.315861 10.677998 9.903811 9.987757
0.022100 11.723160 0.000062 0.003025 0.128487 0.402708 -0.161839 11.470845 12.314713 10.838692 10.510832 10.374488
0.029859 11.772045 0.000244 0.002769 0.128487 0.416872 2.581743 12.037619 12.285060 9.993696 10.880526 10.159785
0.037103 11.827727 0.000075 0.002334 0.128487 0.407880 2.210475 11.593235 12.172748 11.777480 10.645842 10.944041
0.043239 11.877362 0.000170 0.001507 0.128487 0.438500 1.978718 12.189622 12.228167 13.884144 11.445029 12.368230
0.046680 11.909719 0.000016 0.001625 0.128487 0.494380 1.839608 11.868913 12.379439 14.505251 12.903523 13.373017
0.069147 12.229679 0.000150 0.000764 0.128487 0.531513 1.791458 12.638542 12.484713 15.467656 13.872711 14.316538
0.066828 12.223953 -0.000040 0.001331 0.128487 0.564867 1.784142 12.012022 12.578378 15.147657 14.743249 14.586117
0.044576 11.982867 0.000166 0.003039 0.128487 0.571785 1.776567 11.989904 12.549187 15.734536 14.923821 14.971334
0.047851 12.047036 0.000164 0.002563 0.116260 0.583171 1.861253 12.153606 12.559837 16.364558 15.221006 15.427460
0.055350 12.109733 0.000121 0.002297 0.105196 0.601097 1.857902 12.160487 12.600679 15.866955 15.688878 15.416620
0.056979 12.149814 0.000130 0.002301 0.095185 0.601140 1.872383 12.154644 12.568961 15.643623 15.689980 15.321862
0.056052 12.187309 0.000123 0.001948 0.086127 0.595538 1.911268 12.209961 12.527316 15.070659 15.543765 14.987093
0.059486 12.224770 0.000096 0.001544 0.077931 0.580819 1.948767 12.201100 12.461543 14.523943 15.159603 14.550893
0.062892 12.245609 0.000079 0.001102 0.070515 0.564529 1.999830 12.233494 12.392227 14.220222 14.734426 14.213502
0.066344 12.278074 0.000050 0.000583 0.063805 0.552279 2.073560 12.275134 12.342208 14.337970 14.414693 14.130592
0.070978 12.304662 0.000024 0.000192 0.057733 0.550651 2.124289 12.322523 12.332693 13.782613 14.372213 13.852385
0.073610 12.331300 0.000007 0.000007 0.052239 0.541001 2.138455 12.294058 12.288290 13.429613 14.120344 13.576088
0.076874 12.357787 0.000002 -0.000355 0.047268 0.529878 2.134014 12.356914 12.243383 12.800561 13.830032 13.146727
0.088940 12.482150 -0.000029 -0.001219 0.042769 0.513668 2.104217 12.505051 12.189972 12.797497 13.406945 12.961372
0.090740 12.480281 -0.000087 -0.001482 0.038699 0.506851 2.074784 12.414710 12.173248 13.373212 13.229013 13.173621
0.086116 12.368002 -0.000067 -0.000994 0.035017 0.516221 2.008329 12.341462 12.203550 12.807111 13.473577 13.022369
0.088276 12.359968 -0.000038 -0.000798 0.031684 0.511221 1.920719 12.324737 12.169156 12.909416 13.343082 13.028130
0.088753 12.342210 -0.000043 -0.000883 0.028669 0.511185 1.830596 12.323631 12.153904 12.929739 13.342121 13.052680
0.089454 12.320687 -0.000047 -0.000851 0.025941 0.511639 1.726296 12.287373 12.139623 13.108723 13.353983 13.161086
0.089454 12.285548 -0.000042 -0.000745 0.023472 0.515336 1.613929 12.265675 12.135803 13.206764 13.450472 13.267531
0.088908 12.238717 -0.000037 -0.000525 0.021239 0.519350 1.485540 12.198855 12.127798 12.490549 13.555247 12.971976
0.090337 12.228706 -0.000020 -0.000515 0.019218 0.506968 1.358925 12.172655 12.057956 12.395230 13.232060 12.790366
0.088133 12.165828 -0.000033 -0.000551 0.017389 0.498875 1.246088 12.097541 12.005918 12.703199 13.020825 12.860176
0.085193 12.072058 -0.000026 -0.000338 0.015734 0.501671 1.139259 12.027826 11.988687 12.655064 13.093821 12.879886
0.082745 12.013831 -0.000011 -0.000128 0.014237 0.502637 1.038997 11.969696 11.958261 13.740421 13.119032 13.449752
0.079727 11.967359 -0.000003 -0.000046 0.012882 0.523809 0.941030 12.012141 12.005822 14.701356 13.671617 14.192578
0.081906 11.941316 -0.000002 0.000329 0.011656 0.552903 0.810076 11.961964 12.076679 13.991440 14.430979 14.182585
0.084796 11.914734 0.000033 0.000826 0.010547 0.553566 0.665378 11.843952 12.027486 14.005272 14.448291 14.209952
0.088136 11.886567 0.000052 0.000719 0.014089 0.555987 0.543379 11.887399 11.980135 14.142623 14.511479 14.322502
0.092920 11.864891 0.000027 0.000588 0.014089 0.562770 0.415216 11.819193 11.940918 14.138462 14.688530 14.415011
0.096430 11.844113 0.000035 0.000494 0.014089 0.568035 0.324143 11.822752 11.889941 14.217545 14.825941 14.535168
0.098984 11.821163 0.000020 0.000351 0.014089 0.573131 0.272240 11.774216 11.837388 13.826901 14.958934 14.408880
0.099658 11.789138 0.000019 0.000246 0.014089 0.566970 0.292401 11.716088 11.747576 13.971316 14.798134 14.434024
0.100413 11.751842 0.000010 -0.000022 0.014089 0.566062 0.373054 11.718372 11.685929 14.212443 14.774440 14.566834
0.100163 11.710576 -0.000009 -0.000126 0.014089 0.569742 0.433613 11.662148 11.646202 14.804877 14.870500 14.934474
0.096972 11.664470 -0.000004 -0.000093 0.014089 0.581475 0.461317 11.661401 11.643102 15.459721 15.176717 15.421520
0.094697 11.626984 -0.000005 0.000082 0.014089 0.597439 0.407902 11.620697 11.662737 14.726079 15.593391 15.219403
0.091832 11.586488 0.000012 0.000389 0.014089 0.586318 0.290642 11.494007 11.589998 14.264763 15.303141 14.856645
0.088638 11.547135 0.000028 0.000219 0.014089 0.568890 0.172920 11.511682 11.507756 14.602460 14.848245 14.841430
0.088051 11.518602 -0.000001 -0.000055 0.012748 0.566756 0.019124 11.505685 11.490388 14.781653 14.792546 14.910286
0.087222 11.498877 -0.000004 -0.000043 0.011535 0.569477 -1.097631 11.492613 11.490419 15.515041 14.863580 15.326301
0.084925 11.478420 -0.000000 0.000061 0.010438 0.585103 -0.965396 11.515974 11.538128 15.921233 15.271408 15.711229
0.085488 11.465848 0.000007 0.000369 0.009444 0.600019 -0.825462 11.474533 11.579685 15.149843 15.660724 15.464631
0.088602 11.468348 0.000030 0.000568 0.008546 0.591194 -0.692576 11.425045 11.530197 15.111621 15.430410 15.345755
0.091456 11.476367 0.000030 0.000275 0.008190 0.587906 -0.589458 11.493491 11.500881 15.797298 15.344568 15.675022
0.093721 11.480517 0.000003 0.000104 0.008190 0.602273 -0.500877 11.504126 11.532833 15.941719 15.719569 15.911168
0.094038 11.478916 0.000009 0.000275 0.008190 0.612075 -0.411734 11.475426 11.544120 16.150916 15.975412 16.132968
0.094861 11.473663 0.000020 0.000360 0.008190 0.620334 -0.319523 11.485427 11.550250 15.634355 16.190958 15.949374
0.096132 11.460349 0.000019 0.000459 0.008190 0.613299 -0.225974 11.398499 11.499473 15.272098 16.007345 15.681455
0.095301 11.440263 0.000029 0.000302 0.008190 0.602492 -0.198791 11.418475 11.438353 16.396375 15.725285 16.169791
0.094506 11.428892 0.000006 0.000048 0.008190 0.621312 -0.205828 11.487608 11.487789 17.158728 16.216482 16.785387
0.092285 11.426503 0.000001 0.000313 0.008190 0.644272 -0.137738 11.448358 11.552400 17.158593 16.815760 17.036510
0.089655 11.437819 0.000030 0.000585 0.008190 0.650987 0.071759 11.455126 11.566680 16.556289 16.991022 16.786387
0.088963 11.456611 0.000033 0.000562 0.008743 0.638094 -0.429906 11.425162 11.523035 16.115596 16.654501 16.404163
0.089576 11.472501 0.000029 0.000258 0.008743 0.621371 -0.317136 11.469915 11.477524 16.547765 16.218027 16.441636
0.091891 11.498995 0.000003 -0.000110 0.008743 0.623203 -0.217914 11.547015 11.504426 17.102782 16.265856 16.748652
0.093239 11.525349 -0.000011 -0.000107 0.008743 0.636510 -0.102118 11.570849 11.569350 17.262435 16.613169 16.973216
0.091783 11.557758 0.000000 0.000059 0.008743 0.645084 0.145713 11.596028 11.616935 17.426990 16.836948 17.148505
0.090995 11.587033 0.000007 0.000153 0.008743 0.650316 -0.058231 11.624134 11.658242 16.863351 16.973511 16.900904
0.091993 11.604790 0.000010 0.000273 0.008743 0.640216 0.447434 11.581045 11.644627 16.080628 16.709892 16.367055
0.090997 11.620384 0.000019 0.000124 0.008743 0.619435 0.380763 11.604612 11.594960 16.660001 16.167486 16.430970
0.090033 11.640536 -0.000002 -0.000233 0.008743 0.621818 0.355537 11.706250 11.636493 16.668467 16.229704 16.452450
0.088892 11.658838 -0.000019 -0.000114 0.008743 0.622764 0.321186 11.653849 11.671668 15.902392 16.254387 16.052959
0.085401 11.672782 0.000005 -0.000006 0.008743 0.606003 0.294364 11.661503 11.645353 15.963325 15.816928 15.884446
0.085654 11.699853 -0.000004 -0.000278 0.007911 0.598453 0.278962 11.741524 11.661794 15.422998 15.619866 15.505904
0.086123 11.726004 -0.000022 -0.000328 0.007158 0.584500 0.269224 11.698808 11.653435 15.774323 15.255694 15.518093
0.084915 11.760599 -0.000013 -0.000547 0.006477 0.585142 0.287774 11.848968 11.703088 17.138249 15.272444 16.217790
0.087204 11.805605 -0.000042 -0.000523 0.011186 0.613570 0.252344 11.910990 11.853415 16.530796 16.014414 16.219058
0.088864 11.840193 -0.000017 0.000067 0.011186 0.615360 0.089510 11.822323 11.890860 15.761587 16.061128 15.835848
0.089159 11.873301 0.000019 0.000090 0.011186 0.601015 -0.255131 11.891595 11.866616 15.624814 15.686739 15.594251
0.090733 11.901435 -0.000007 -0.000178 0.011186 0.592288 -0.143662 11.904657 11.865449 15.312384 15.458959 15.327417
0.090783 11.916819 -0.000011 -0.000262 0.011186 0.583024 -0.061998 11.915545 11.859582 15.573965 15.217145 15.349980
0.089327 11.931396 -0.000016 -0.000366 0.011186 0.584280 -0.039921 11.970865 11.893552 15.715836 15.249939 15.432219
0.087264 11.938239 -0.000022 -0.000228 0.011186 0.587250 0.112456 11.947116 11.932998 15.318553 15.327454 15.258978
0.083077 11.931925 -0.000004 0.000005 0.011186 0.579572 0.035757 11.919103 11.932222 15.354079 15.127059 15.181643
0.079778 11.927958 0.000003 0.000022 0.011186 0.575360 -0.075187 11.952086 11.948839 15.484742 15.017119 15.190881
0.078615 11.930458 -0.000001 0.000094 0.011186 0.575836 0.003468 11.948263 11.982108 15.498031 15.029560 15.195477
0.076171 11.934582 0.000009 0.000243 0.011186 0.576767 -0.899259 11.958807 12.012526 15.824352 15.053848 15.364052
0.073510 11.934713 0.000015 0.000397 0.010122 0.583403 -0.799216 11.973284 12.062590 15.338032 15.227041 15.191116
0.072440 11.944868 0.000025 0.000601 0.009158 0.576924 -0.698008 11.930468 12.059151 14.409628 15.057934 14.642990
0.076485 12.024126 0.000037 0.000179 0.009900 0.555398 -0.617372 12.050381 12.006977 14.352247 14.496103 14.353295
0.077730 12.036390 -0.000012 -0.000150 0.009900 0.544960 -0.561051 12.014398 11.999118 14.241604 14.223665 14.168630
0.074059 11.990797 -0.000004 0.000042 0.009900 0.539895 -0.529439 11.973263 11.999633 14.871062 14.091476 14.420171
0.073046 12.012605 0.000008 -0.000066 0.009900 0.550703 -0.514664 12.102607 12.059458 15.750539 14.373571 14.984661
0.072824 12.032939 -0.000012 0.000135 0.009900 0.573124 -0.466735 12.080581 12.160182 15.380174 14.958757 15.064922
0.073357 12.045649 0.000023 0.000585 0.009900 0.576655 -0.386000 12.049342 12.180366 14.630454 15.050932 14.733013
0.074409 12.069892 0.000038 0.000564 0.010110 0.563972 -0.312172 12.054764 12.137752 14.451759 14.719901 14.492875
0.074947 12.084670 0.000024 0.000271 0.010110 0.554755 -0.276879 12.088463 12.112313 14.880115 14.479322 14.595545
0.075791 12.091554 0.000007 0.000106 0.010110 0.559748 -0.262228 12.124115 12.140326 14.747913 14.609639 14.589820
0.074804 12.087106 0.000005 0.000272 0.010110 0.560324 -0.238865 12.067880 12.145385 14.451232 14.624676 14.450943
0.074017 12.089249 0.000023 0.000286 0.010110 0.554736 -0.227031 12.093322 12.126750 14.304057 14.478819 14.312705
0.074699 12.103495 0.000010 0.000119 0.010110 0.549223 -0.224190 12.098513 12.111304 14.185576 14.334931 14.189330
0.073818 12.106357 0.000004 0.000025 0.010110 0.544148 -0.243853 12.101419 12.099597 14.686024 14.202468 14.377390
0.073629 12.110567 -0.000000 -0.000056 0.010110 0.551367 -0.252841 12.154188 12.136997 14.875267 14.390900 14.557894
0.073782 12.114845 -0.000005 0.000113 0.010110 0.558822 -0.214318 12.119735 12.171145 14.514065 14.585480 14.469351
0.075049 12.130107 0.000015 0.000209 0.010110 0.555472 -0.148175 12.133043 12.161680 13.745976 14.498041 14.050413
0.076406 12.142900 0.000009 0.000096 0.010110 0.539260 -0.091902 12.094324 12.103341 13.459540 14.074906 13.716309
0.078138 12.143966 0.000003 -0.000207 0.009148 0.526696 -0.174162 12.137480 12.061205 13.304271 13.746969 13.491135
0.081237 12.157742 -0.000021 -0.000493 0.008277 0.519452 -0.255095 12.140715 12.037623 13.276524 13.557892 13.394480
0.080044 12.136306 -0.000029 -0.000504 0.007862 0.516518 -0.332243 12.111656 12.026367 13.866622 13.481319 13.657418
0.076909 12.097033 -0.000024 -0.000361 0.007862 0.526970 -0.369569 12.114260 12.062361 13.840903 13.754134 13.773324
0.075276 12.079863 -0.000015 -0.000089 0.007862 0.530852 -0.372126 12.058858 12.070625 13.665101 13.855440 13.735899
0.075362 12.068451 0.000003 0.000011 0.007862 0.528681 -0.359207 12.061835 12.056118 13.912155 13.798792 13.836143
0.076972 12.057130 -0.000002 -0.000005 0.007862 0.533244 -0.335387 12.061876 12.064730 13.987881 13.917892 13.931813
0.078556 12.049733 0.000001 0.000077 0.007862 0.538211 -0.304449 12.045272 12.068485 14.030367 14.047528 14.017180
0.081540 12.045910 0.000007 0.000115 0.007862 0.542771 -0.273607 12.045133 12.064939 13.739484 14.166527 13.931804
0.085814 12.056688 0.000006 0.000042 0.007862 0.541105 -0.247697 12.033871 12.032053 13.947644 14.123054 14.026342
0.090073 12.076541 -0.000001 -0.000227 0.007862 0.545884 -0.252432 12.097507 12.023333 14.367995 14.247786 14.305134
0.092994 12.080762 -0.000021 -0.000293 0.007862 0.557651 -0.248319 12.076391 12.038101 14.446537 14.554917 14.493635
0.094526 12.072077 -0.000011 -0.000173 0.007862 0.564952 -0.239552 12.060489 12.033362 14.525079 14.745481 14.630184
0.096018 12.057597 -0.000008 -0.000124 0.007114 0.569992 -0.221745 12.038736 12.019239 14.167067 14.877024 14.517695
0.096877 12.046804 -0.000006 -0.000141 0.006437 0.564766 -0.215965 11.999959 11.968695 14.233450 14.740620 14.501952
0.095678 12.020747 -0.000009 -0.000266 0.005824 0.562600 -0.231282 11.999302 11.935824 14.540881 14.684090 14.642793
0.094237 11.991080 -0.000018 -0.000282 0.005270 0.566529 -0.236632 11.973751 11.930599 14.439725 14.786643 14.643114
0.092073 11.958230 -0.000013 -0.000141 0.004768 0.564847 -0.230249 11.919769 11.907317 14.419096 14.742741 14.617955
0.088688 11.923387 -0.000004 -0.000082 0.004315 0.561886 -0.222771 11.901984 11.884626 14.750658 14.665445 14.755643
0.086428 11.900540 -0.000005 -0.000081 0.003904 0.565386 -0.207244 11.905782 11.892615 14.833169 14.756794 14.838181
0.085639 11.892186 -0.000004 0.000002 0.003533 0.567427 -0.178322 11.887044 11.898306 14.988840 14.810074 14.939898
0.086229 11.890487 0.000003 0.000040 0.003196 0.570907 -0.144089 11.906662 11.910945 14.844383 14.900896 14.904236
0.130984 12.484616 0.000001 -0.002928 0.002892 0.570010 -0.103850 12.942737 11.964069 14.579883 14.877491 14.757216
0.122901 12.359354 -0.000280 -0.002017 0.075234 0.564764 -0.076935 11.870305 11.981255 14.540568 14.740576 14.676047
0.078234 11.739285 0.000030 0.001235 0.075234 0.561766 1.546500 11.619454 11.942042 14.256047 14.662304 14.494957
0.086775 11.817118 0.000091 0.000638 0.075234 0.555927 1.341346 11.944749 11.899050 14.053359 14.509908 14.324640
0.093321 11.877324 -0.000014 0.000111 0.075234 0.550499 1.200172 11.789108 11.862602 13.914644 14.368243 14.193319
0.092437 11.859320 0.000020 0.000017 0.075234 0.545683 1.117967 11.881435 11.828220 14.141102 14.242534 14.257717
0.091123 11.834485 -0.000016 -0.000032 0.075234 0.547712 1.064004 11.789311 11.821231 14.119826 14.295505 14.271616
0.091331 11.834438 0.000009 -0.000067 0.075234 0.547678 0.969068 11.857351 11.809363 14.416471 14.294618 14.425578
0.089772 11.815835 -0.000014 -0.000033 0.075234 0.552667 0.835742 11.791771 11.819158 14.539186 14.424832 14.545683
0.087562 11.792785 0.000007 0.000135 0.075234 0.556545 0.540598 11.802182 11.825106 14.098983 14.526039 14.361601
0.084970 11.775873 0.000006 0.000251 0.075234 0.547784 0.026577 11.722763 11.788122 13.957344 14.297378 14.185638
0.083108 11.749145 0.000018 0.000199 0.075234 0.542475 -11.081535 11.744723 11.758696 13.556190 14.158810 13.916973
0.081808 11.722498 0.000004 0.000185 0.068075 0.531521 -9.946639 11.659477 11.709834 13.565690 13.872909 13.795059
0.079533 11.700340 0.000014 0.000048 0.061597 0.526526 -8.931632 11.709965 11.685820 14.122721 13.742531 14.022986
0.077598 11.688114 -0.000007 -0.000012 0.055735 0.535030 -8.018408 11.699175 11.714593 14.606095 13.964502 14.366304
0.077274 11.675338 0.000004 0.000200 0.050431 0.548552 -7.189912 11.704435 11.758835 14.328848 14.317414 14.375118
0.078691 11.670832 0.000015 0.000449 0.045632 0.549862 -6.438961 11.644808 11.750893 13.945528 14.351610 14.190845
0.080353 11.672185 0.000030 0.000402 0.041290 0.543715 -5.770374 11.663599 11.712535 14.148660 14.191172 14.226229
0.081942 11.674419 0.000014 0.000195 0.037360 0.546242 -5.176448 11.679883 11.705532 14.496253 14.257123 14.436499
0.082752 11.665822 0.000008 0.000203 0.033805 0.555482 -4.645214 11.672526 11.719514 14.373345 14.498304 14.480108
0.082551 11.652249 0.000014 0.000343 0.030588 0.557638 -4.167231 11.626647 11.703406 14.325460 14.554578 14.483118
0.083135 11.644655 0.000022 0.000300 0.027677 0.557591 -3.741693 11.641861 11.680330 14.379004 14.553358 14.513798
0.083488 11.630632 0.000011 0.000254 0.025043 0.558966 -3.361410 11.608559 11.662271 14.708418 14.589221 14.704537
0.083369 11.616322 0.000016 0.000234 0.022660 0.566464 -3.023340 11.631481 11.666624 15.099096 14.784931 14.996481
0.082427 11.606250 0.000010 0.000308 0.020504 0.577610 -2.715257 11.609652 11.684173 15.264898 15.075837 15.212050
0.081170 11.604243 0.000022 0.000408 0.018553 0.584618 -2.433918 11.614110 11.690374 15.303153 15.258760 15.313108
0.081700 11.602962 0.000022 0.000446 0.016787 0.587357 -2.174594 11.597376 11.684965 14.633191 15.330263 14.995420
0.081878 11.606410 0.000026 0.000401 0.015190 0.574166 -1.943612 11.561305 11.624777 14.932865 14.985962 15.002801
0.081466 11.612693 0.000019 0.000062 0.013744 0.573391 -1.744913 11.649817 11.619582 15.640967 14.965723 15.361105
0.082169 11.620249 -0.000008 -0.000003 0.012436 0.587240 -1.560702 11.647288 11.670343 15.697213 15.327190 15.544756
0.081750 11.632220 0.000007 0.000195 0.011253 0.594088 -1.388497 11.647945 11.694310 16.135798 15.505940 15.848291
0.082211 11.656831 0.000014 0.000191 0.010182 0.605080 -1.226548 11.711226 11.737849 15.793188 15.792817 15.791984
0.083250 11.675275 0.000008 0.000319 0.009213 0.602324 -1.073273 11.646542 11.731619 15.097461 15.720886 15.396311
0.083331 11.687069 0.000025 0.000227 0.008336 0.586312 -0.945456 11.672687 11.680361 15.307324 15.302983 15.319406
0.084322 11.707684 0.000003 -0.000139 0.007543 0.583185 -0.841043 11.736008 11.683419 15.402604 15.221361 15.328676
0.084114 11.719213 -0.000014 -0.000183 0.006825 0.583717 -0.750466 11.719384 11.700605 15.129811 15.235248 15.189070
0.082714 11.731892 -0.000005 -0.000160 0.006176 0.577575 -0.671656 11.733983 11.695818 14.970961 15.074934 15.031710
0.081504 11.744555 -0.000011 -0.000249 0.005588 0.570316 -0.602182 11.745207 11.692886 14.860402 14.885465 14.884939
0.081159 11.753250 -0.000015 -0.000308 0.005056 0.564077 -0.540564 11.757803 11.697041 14.671693 14.722643 14.708825
0.080590 11.767838 -0.000017 -0.000361 0.004623 0.557260 -0.487884 11.772041 11.700295 15.279003 14.544699 14.934749
0.081886 11.794482 -0.000020 -0.000481 0.005493 0.566466 -0.439855 11.867563 11.764842 15.333770 14.784990 15.061285
0.083179 11.813650 -0.000029 -0.000249 0.007901 0.572783 -0.379928 11.811719 11.810922 14.817534 14.949861 14.863638
0.082705 11.827616 -0.000000 -0.000085 0.007901 0.565491 -0.318992 11.830399 11.802657 14.829510 14.759546 14.781015
0.082526 11.833587 -0.000008 -0.000158 0.007901 0.562568 -0.268103 11.841389 11.811003 14.558494 14.683241 14.604053
0.080830 11.828011 -0.000009 -0.000087 0.007901 0.556044 -0.234332 11.807943 11.803338 14.816341 14.512964 14.656318
0.078733 11.832974 -0.000002 -0.000151 0.007901 0.557759 -0.219014 11.875775 11.829078 15.141090 14.557739 14.836947
0.076106 11.835108 -0.000014 -0.000031 0.007901 0.564151 -0.178245 11.846369 11.873476 15.069762 14.724570 14.869479
0.072234 11.832932 0.000008 0.000207 0.007901 0.564144 -0.101176 11.848098 11.895337 15.191804 14.724393 14.924251
0.070247 11.838075 0.000013 0.000292 0.007901 0.565134 0.073650 11.865147 11.924702 14.911454 14.750219 14.786016
0.070639 11.857380 0.000017 0.000344 0.007901 0.559939 -0.220919 11.863271 11.930074 14.735563 14.614641 14.628410
0.071011 11.874334 0.000019 0.000284 0.007901 0.554527 -0.116718 11.892263 11.933578 14.535799 14.473365 14.457022
0.072369 11.898235 0.000012 0.000180 0.007901 0.549022 0.026908 11.907699 11.934731 13.971669 14.329689 14.102489
0.073747 11.926183 0.000008 0.000044 0.007149 0.536244 -0.275120 11.914092 11.906998 13.734000 13.996184 13.828001
0.074854 11.942776 -0.000002 -0.000183 0.006468 0.526421 -0.249759 11.946040 11.890892 13.393164 13.739794 13.537158
0.075380 11.951455 -0.000016 -0.000309 0.005853 0.516128 -0.253626 11.929764 11.870925 13.567489 13.471148 13.500861
0.075091 11.958527 -0.000017 -0.000447 0.005296 0.515456 -0.276674 11.988769 11.886918 14.179917 13.453607 13.798330
0.074449 11.963433 -0.000029 -0.000390 0.007834 0.527695 -0.280380 11.997692 11.949097 14.148557 13.773052 13.925349
0.073802 11.966834 -0.000014 -0.000091 0.007834 0.532727 -0.266014 11.970340 11.979062 13.956423 13.904386 13.887296
0.072285 11.962719 0.000002 0.000083 0.007834 0.531030 -0.239828 11.960530 11.981335 13.960029 13.860092 13.867795
0.069204 11.952423 0.000006 0.000148 0.007834 0.529553 -0.209302 11.953440 11.985946 13.972946 13.821556 13.854585
0.066953 11.949069 0.000009 0.000188 0.007834 0.527974 -0.165968 11.956937 11.993624 13.917165 13.780339 13.804539
0.065316 11.939696 0.000010 0.000275 0.007834 0.525604 -0.099017 11.936174 11.998504 13.731220 13.718481 13.679755
0.063561 11.931823 0.000018 0.000340 0.007834 0.520819 -0.001359 11.929299 11.992792 13.676405 13.593593 13.591553
0.060534 11.924906 0.000018 0.000346 0.007834 0.516920 1.051643 11.927609 11.992220 14.212352 13.491829 13.806125
0.058145 11.917939 0.000019 0.000379 0.007834 0.525051 0.941238 11.964297 12.038886 14.367456 13.704036 13.975104
0.058415 11.924999 0.000022 0.000581 0.007834 0.532294 0.833269 11.943367 12.077303 13.922983 13.893087 13.837793
0.059766 11.936906 0.000039 0.000716 0.010369 0.527986 0.732488 11.933982 12.065508 13.429559 13.780632 13.539394
0.062035 11.952880 0.000038 0.000575 0.010369 0.517739 0.642497 11.941641 12.027888 12.867455 13.513196 13.137430
0.064979 11.971652 0.000025 0.000287 0.010369 0.503498 0.581406 11.947182 11.973786 12.632603 13.141501 12.851544
0.066971 11.975259 0.000008 -0.000008 0.010369 0.493935 0.553733 11.959515 11.935727 12.721750 12.891906 12.784186
0.069144 11.977238 -0.000006 -0.000212 0.010369 0.492910 0.549092 11.978641 11.927104 12.865690 12.865151 12.847617
0.071350 11.989828 -0.000014 -0.000320 0.010369 0.496691 0.549962 11.998818 11.933417 13.412872 12.963842 13.170920
0.073068 11.992973 -0.000018 -0.000304 0.010369 0.510029 0.538964 12.022008 11.973083 13.410182 13.311950 13.333856
0.074581 11.987972 -0.000014 -0.000076 0.010369 0.517070 0.501434 11.968119 11.981947 13.284697 13.495737 13.361724
0.075607 11.974981 0.000004 0.000036 0.010369 0.518351 0.460554 11.964627 11.965407 13.427734 13.529170 13.456546
0.077101 11.957204 0.000000 0.000042 0.010369 0.522723 0.414311 11.943650 11.956971 13.046724 13.643275 13.324851
0.078216 11.947790 0.000004 0.000047 0.010369 0.517790 0.374868 11.906317 11.911267 13.182286 13.514517 13.344590
0.079092 11.931627 0.000002 -0.000104 0.009382 0.518312 0.353950 11.926932 11.888360 13.269161 13.528151 13.403347
0.079927 11.910162 -0.000011 -0.000111 0.008489 0.520752 0.334721 11.877303 11.871097 13.553273 13.591836 13.584726
0.078346 11.879680 -0.000002 -0.000044 0.007681 0.527431 0.323185 11.878687 11.869060 14.380018 13.766160 14.090431
0.076459 11.855896 -0.000003 0.000067 0.006950 0.546107 0.290402 11.883748 11.913829 14.607944 14.253608 14.430760
0.076048 11.840742 0.000009 0.000373 0.006289 0.558096 0.220858 11.832939 11.933122 14.351654 14.566518 14.446189
0.076452 11.835909 0.000029 0.000496 0.007721 0.557624 0.127424 11.822154 11.907270 14.137506 14.554201 14.337025
0.078060 11.837437 0.000025 0.000356 0.007721 0.552492 -0.021657 11.818380 11.869003 13.736335 14.420257 14.077388
0.078565 11.826209 0.000015 0.000218 0.007721 0.541953 0.498972 11.781126 11.813378 13.895393 14.145181 14.039970
0.079881 11.814893 0.000010 -0.000008 0.007721 0.540523 0.445600 11.823154 11.794777 13.705081 14.107858 13.929474
0.082805 11.821355 -0.000008 -0.000136 0.007721 0.537128 0.405683 11.789677 11.767196 13.473179 14.019246 13.775936
0.082545 11.819205 -0.000006 -0.000265 0.007721 0.530834 0.398268 11.801832 11.731401 14.154083 13.854988 14.056271
0.081477 11.804540 -0.000020 -0.000373 0.007721 0.540887 0.394719 11.829161 11.761170 14.349243 14.117373 14.274627
0.082418 11.797403 -0.000019 -0.000185 0.007721 0.548984 0.368692 11.789404 11.782201 14.375232 14.328695 14.383345
0.083375 11.783423 -0.000002 -0.000006 0.007721 0.553499 0.326562 11.782133 11.785817 14.417629 14.446549 14.459785
0.086745 11.796285 0.000001 -0.000053 0.007721 0.557213 0.271298 11.805436 11.784692 14.163034 14.543470 14.374802
0.089808 11.811113 -0.000006 -0.000135 0.007721 0.554509 0.211775 11.787093 11.758773 14.207628 14.472895 14.371775
0.090842 11.804618 -0.000008 -0.000234 0.006986 0.554548 0.160957 11.798723 11.743443 14.475552 14.473918 14.515775
0.092547 11.796820 -0.000016 -0.000272 0.006321 0.560534 0.107402 11.795420 11.748903 14.336315 14.630153 14.516677
0.091301 11.789091 -0.000013 -0.000205 0.005720 0.560210 0.057853 11.761968 11.730862 15.021216 14.621691 14.873192
0.089436 11.784614 -0.000009 -0.000274 0.005176 0.571963 0.028846 11.832725 11.766232 15.467156 14.928449 15.240032
0.089052 11.783229 -0.000019 -0.000087 0.005163 0.584931 -0.253474 11.784076 11.808375 15.400883 15.266933 15.354189
0.088013 11.785098 0.000007 0.000119 0.005163 0.587766 -0.190961 11.795971 11.816103 15.614058 15.340928 15.495971
0.085938 11.777960 0.000006 0.000195 0.005163 0.591855 -0.114270 11.784055 11.832794 15.315269 15.447645 15.386048
0.084633 11.773612 0.000014 0.000302 0.005163 0.586139 -0.004776 11.755319 11.816938 14.536491 15.298463 14.915247
0.083260 11.776043 0.000018 0.000209 0.005163 0.566230 1.570579 11.735416 11.755643 14.265029 14.778827 14.541574
0.082672 11.777094 0.000006 -0.000109 0.005163 0.550712 1.413503 11.771863 11.719215 13.681110 14.373799 14.055851
0.082249 11.771334 -0.000015 -0.000266 0.005163 0.532055 1.276306 11.718908 11.672423 13.373182 13.886855 13.676106
0.078215 11.765393 -0.000013 -0.000474 0.005163 0.516801 1.161171 11.764017 11.643156 14.494435 13.488703 14.066323
0.073524 11.752450 -0.000035 -0.000558 0.009311 0.530742 1.058539 11.818701 11.729591 14.513289 13.852568 14.226647
0.070962 11.748586 -0.000026 -0.000097 0.009311 0.536327 0.957653 11.742098 11.781094 14.180688 13.998355 14.111127
0.071406 11.761690 0.000011 0.000099 0.009311 0.531797 0.858225 11.791052 11.792842 14.084443 13.880124 13.998709
0.072497 11.784157 0.000000 0.000044 0.009311 0.528816 0.764765 11.793980 11.807313 14.540164 13.802304 14.186437
0.072239 11.798638 0.000004 0.000044 0.009311 0.537265 0.678797 11.857760 11.861840 14.976844 14.022839 14.498380
0.072651 11.809473 0.000001 0.000267 0.009311 0.550989 0.575743 11.842466 11.928226 14.416390 14.381023 14.367905
0.073648 11.830121 0.000024 0.000501 0.009311 0.546867 0.461816 11.822901 11.921070 14.019025 14.273449 14.114047
0.075336 11.855552 0.000028 0.000334 0.009311 0.537682 0.356528 11.862572 11.895418 13.880921 14.033717 13.933409
0.076801 11.877063 0.000009 0.000094 0.009311 0.531444 0.274005 11.877185 11.882111 14.264761 13.870901 14.052343
0.075636 11.879029 0.000002 0.000016 0.009311 0.536738 0.214392 11.910072 11.911372 14.890445 14.009084 14.428534
0.073183 11.873979 0.000000 0.000191 0.009311 0.551378 0.132377 11.911272 11.973801 15.039292 14.391187 14.672911
0.072502 11.878003 0.000018 0.000489 0.008425 0.560687 -0.069700 11.900044 12.012878 14.292030 14.634155 14.403111
0.071759 11.881928 0.000032 0.000668 0.008719 0.549767 0.290831 11.841749 11.974098 13.803299 14.349128 14.026479
0.069479 11.870842 0.000038 0.000527 0.010255 0.534460 0.217156 11.853139 11.922794 14.019814 13.949630 13.952165
0.068557 11.862133 0.000020 0.000310 0.010255 0.531716 0.170573 11.874598 11.921997 14.028668 13.877992 13.920879
0.067098 11.859379 0.000014 0.000320 0.010255 0.531016 0.145244 11.858516 11.927047 14.070529 13.859727 13.930763
0.064167 11.860001 0.000020 0.000342 0.010255 0.530833 0.128502 11.877015 11.936168 14.145930 13.854957 13.962740
0.062814 11.868386 0.000017 0.000346 0.010255 0.531165 0.074611 11.883329 11.951235 13.812459 13.863618 13.795384
0.062580 11.881178 0.000020 0.000358 0.010255 0.524305 -0.037917 11.875616 11.940389 13.813935 13.684566 13.709630
0.063557 11.898130 0.000019 0.000216 0.010255 0.521258 0.059659 11.925853 11.945875 13.874642 13.605029 13.698827
0.064065 11.909228 0.000006 0.000187 0.010255 0.522005 0.016762 11.916169 11.962452 13.845274 13.624538 13.689508
0.064491 11.920969 0.000014 0.000212 0.010255 0.522467 0.029750 11.941382 11.974875 13.670058 13.636605 13.605184
0.066443 11.938940 0.000010 0.000183 0.010255 0.520236 0.021949 11.939498 11.973793 13.333929 13.578373 13.409932
0.067842 11.941203 0.000010 0.000166 0.010255 0.513790 0.308307 11.924215 11.952182 13.343818 13.410112 13.338607
0.069007 11.940048 0.000009 0.000062 0.009279 0.512558 0.322751 11.947737 11.945992 13.642259 13.377972 13.475088
0.069817 11.941806 0.000000 0.000021 0.008396 0.519133 0.341047 11.956903 11.965415 13.921521 13.549572 13.695909
0.069988 11.937065 0.000003 0.000145 0.007597 0.528483 0.336006 11.949120 11.990504 13.772462 13.793617 13.736265
0.070397 11.932080 0.000012 0.000298 0.006874 0.530257 0.313994 11.916861 11.983073 13.597123 13.839918 13.674288
0.073586 11.953695 0.000019 0.000150 0.006220 0.528027 0.291522 11.964934 11.961908 13.554994 13.781720 13.632038
0.073820 11.944277 -0.000000 0.000090 0.005628 0.526681 0.274678 11.910730 11.943123 13.736312 13.746588 13.712734
0.072333 11.921602 0.000010 0.000110 0.005092 0.529568 0.258774 11.929529 11.940200 13.796392 13.821925 13.782019
0.072641 11.923736 0.000004 0.000084 0.004608 0.531725 0.231518 11.917184 11.936636 13.439553 13.878224 13.632649
0.071776 11.921793 0.000006 0.000076 0.004169 0.524676 0.200852 11.892547 11.902219 13.293180 13.694260 13.479251
0.072898 11.927442 0.000003 -0.000129 0.003772 0.517521 0.176948 11.925247 11.874630 13.134789 13.507507 13.316986
0.074915 11.928223 -0.000014 -0.000274 0.003778 0.511416 0.161524 11.902622 11.852007 13.300774 13.348165 13.330507
0.075558 11.919871 -0.000014 -0.000346 0.003807 0.512693 0.162577 11.930113 11.855236 13.471410 13.381482 13.433897
0.075145 11.900644 -0.000021 -0.000232 0.005697 0.517309 0.159748 11.883821 11.866528 13.429373 13.501979 13.469858
0.075190 11.883041 -0.000005 -0.000084 0.005697 0.519046 0.150408 11.876967 11.862729 13.432758 13.547310 13.495513
0.076275 11.869743 -0.000004 -0.000036 0.005697 0.520613 0.126675 11.855364 11.854830 12.972903 13.588205 13.285150
0.077070 11.860096 -0.000000 -0.000027 0.005697 0.512739 0.113633 11.817687 11.809163 13.092509 13.382682 13.259073
0.078329 11.850682 -0.000002 -0.000212 0.005697 0.511850 0.143077 11.855293 11.791530 13.665548 13.359479 13.545028
0.080390 11.839461 -0.000018 -0.000245 0.005697 0.524156 0.154268 11.849774 11.819301 13.880603 13.680666 13.803224
0.081129 11.824536 -0.000009 -0.000027 0.005697 0.535126 0.142913 11.819356 11.834835 13.920892 13.967009 13.957920
0.081545 11.819245 0.000004 0.000080 0.005697 0.540958 0.122681 11.815694 11.829814 14.124427 14.119228 14.136834
0.083563 11.817246 0.000004 0.000064 0.005697 0.547484 0.103604 11.818878 11.828947 14.086841 14.289557 14.199666
0.084743 11.808087 0.000003 0.000106 0.005697 0.550028 0.086745 11.784236 11.811642 14.316140 14.355945 14.354079
0.083691 11.796477 0.000008 0.000077 0.005697 0.555132 0.106455 11.803281 11.807137 14.634678 14.489170 14.582637
0.081859 11.776360 0.000001 0.000157 0.005155 0.562517 0.086409 11.765748 11.814984 14.312516 14.681910 14.506362
0.079254 11.753378 0.000014 0.000314 0.004664 0.557550 0.036031 11.715749 11.781091 14.185120 14.552269 14.386233
0.076333 11.735067 0.000019 0.000235 0.005040 0.550633 -0.049625 11.722957 11.748925 14.251494 14.371750 14.340163
0.074720 11.725178 0.000008 0.000121 0.005040 0.547024 0.026983 11.717927 11.737522 14.130824 14.277537 14.233906
0.071980 11.711936 0.000006 0.000131 0.005040 0.541665 -0.096895 11.696129 11.723949 14.584980 14.137668 14.399746
0.069647 11.707972 0.000008 0.000082 0.005040 0.546901 -0.052923 11.751029 11.755933 14.793125 14.274328 14.560385
0.069465 11.707685 0.000002 0.000246 0.005040 0.552930 0.115617 11.711959 11.790057 14.217831 14.431704 14.330518
0.069958 11.716253 0.000023 0.000377 0.006052 0.544383 0.032967 11.703631 11.766620 14.494386 14.208613 14.366986
0.072299 11.738106 0.000018 0.000146 0.006052 0.546802 -0.120579 11.787140 11.785223 14.742768 14.271743 14.517086
0.074345 11.754688 -0.000000 0.000156 0.006052 0.554449 -0.061731 11.764089 11.817532 14.809710 14.471340 14.637268
0.076158 11.770570 0.000016 0.000240 0.006052 0.560361 0.030287 11.801157 11.838239 14.634125 14.625637 14.615129
0.078381 11.784163 0.000011 0.000276 0.006052 0.560787 -0.180893 11.771205 11.833468 14.375522 14.636759 14.488776
0.079539 11.792748 0.000018 0.000208 0.006052 0.556564 -0.158571 11.790369 11.809784 14.522106 14.526535 14.517036
0.080029 11.800501 0.000006 0.000047 0.006052 0.557909 -0.168033 11.808274 11.808523 14.673577 14.561637 14.612141
0.079411 11.804051 0.000000 0.000023 0.006052 0.561178 -0.194958 11.809077 11.816480 15.382531 14.646963 15.013890
0.076991 11.788146 0.000002 0.000145 0.006052 0.576187 -0.201778 11.826625 11.868869 15.822268 15.038710 15.412668
0.075402 11.781318 0.000012 0.000447 0.006052 0.591087 -0.160636 11.803898 11.918940 15.419511 15.427599 15.380000
0.075900 11.801812 0.000033 0.000598 0.008936 0.588797 -0.085429 11.799536 11.906620 15.114159 15.367830 15.197398
0.075286 11.804088 0.000031 0.000523 0.008936 0.580766 0.061817 11.788686 11.877322 14.909117 15.158213 14.998225
0.073685 11.791446 0.000026 0.000438 0.008936 0.572620 -0.056858 11.774953 11.850034 14.831324 14.945619 14.861813
0.073123 11.795929 0.000022 0.000276 0.008936 0.567088 -0.044753 11.804128 11.836042 15.123758 14.801212 14.943368
0.073415 11.807276 0.000010 0.000147 0.008936 0.570390 -0.054619 11.834010 11.857381 15.012366 14.887404 14.922458
0.073473 11.827129 0.000007 0.000154 0.008936 0.569592 -0.005517 11.831006 11.863737 14.926480 14.866564 14.866972
0.073205 11.847785 0.000010 0.000081 0.008936 0.566641 0.264731 11.865707 11.866640 14.970617 14.789544 14.851232
0.074382 11.860909 0.000001 0.000029 0.008936 0.566030 0.222829 11.870665 11.879661 14.718491 14.773598 14.712833
0.075392 11.869452 0.000003 0.000052 0.008936 0.561561 0.189658 11.864344 11.874503 14.897291 14.656951 14.748641
0.074801 11.870226 0.000003 0.000022 0.008936 0.563758 0.180233 11.892976 11.892119 15.107254 14.714294 14.878823
0.074151 11.869908 0.000000 0.000113 0.008936 0.569332 0.157285 11.880954 11.919399 14.890624 14.859778 14.833415
0.073193 11.869030 0.000011 0.000257 0.008086 0.567607 0.119940 11.861806 11.916678 14.849878 14.814768 14.791814
0.073001 11.876061 0.000016 0.000207 0.007316 0.565789 0.092194 11.890100 11.915252 14.873640 14.767322 14.781395
0.073258 11.881314 0.000008 0.000173 0.006620 0.565527 0.066889 11.882266 11.919840 14.846939 14.760482 14.763864
0.072214 11.876931 0.000011 0.000219 0.005990 0.565052 0.055119 11.879154 11.922040 15.113214 14.748076 14.891799
0.071507 11.875491 0.000013 0.000238 0.005420 0.570124 0.035165 11.899973 11.944798 15.080229 14.880470 14.934024
0.072015 11.888386 0.000013 0.000288 0.004904 0.571979 -0.067157 11.894114 11.954154 14.781427 14.928872 14.805032
0.073188 11.913095 0.000018 0.000210 0.004748 0.566706 -0.023426 11.917211 11.938979 14.439747 14.791241 14.570628
0.074300 11.936664 0.000007 0.000012 0.004748 0.557240 -0.015511 11.925838 11.912359 14.193436 14.544186 14.334452
0.075177 11.950671 -0.000003 -0.000196 0.004748 0.547843 -0.284843 11.944205 11.889857 14.254363 14.298914 14.253082
0.075651 11.958258 -0.000015 -0.000349 0.004748 0.545014 -0.281115 11.966155 11.893353 14.437797 14.225069 14.310728
0.077019 11.980300 -0.000020 -0.000444 0.005503 0.547593 -0.280280 12.007586 11.918018 14.351553 14.292385 14.296814
0.078671 12.010806 -0.000025 -0.000474 0.006826 0.547169 -0.274852 12.017824 11.931739 14.206962 14.281333 14.218509
0.079035 12.021357 -0.000025 -0.000457 0.006826 0.543844 -0.268543 12.018601 11.935117 13.870284 14.194536 14.009313
0.078584 12.016705 -0.000024 -0.000416 0.006826 0.535632 -0.255975 11.990845 11.918933 13.500737 13.980218 13.725930
0.077947 12.013981 -0.000021 -0.000485 0.006826 0.524341 -0.255198 11.996493 11.892441 13.477940 13.685500 13.579693
0.078286 12.011626 -0.000030 -0.000608 0.008061 0.518768 -0.256282 12.008150 11.888777 13.218400 13.540054 13.382034
0.078487 12.007042 -0.000034 -0.000604 0.009270 0.511639 -0.260154 11.982007 11.876455 13.276706 13.353967 13.326181
0.078728 12.010425 -0.000031 -0.000684 0.009270 0.509852 -0.270244 12.027358 11.884052 13.430341 13.307344 13.381429
0.078302 12.007802 -0.000042 -0.000632 0.011169 0.512237 -0.259752 12.001390 11.905661 13.306557 13.369592 13.346766
0.077508 11.995492 -0.000028 -0.000458 0.011169 0.510800 -0.232890 11.986041 11.909911 13.163533 13.332091 13.257375
0.078099 11.994467 -0.000023 -0.000432 0.011169 0.507528 -0.200883 11.988553 11.905712 13.199101 13.246688 13.236307
0.078314 11.997560 -0.000024 -0.000469 0.011169 0.506962 -0.182434 12.001193 11.911324 13.466882 13.231906 13.363980
0.078207 11.993177 -0.000027 -0.000418 0.011169 0.512044 -0.161436 12.004405 11.937151 13.408077 13.364543 13.394123
0.076805 11.972859 -0.000020 -0.000182 0.011169 0.513376 -0.116291 11.950891 11.943990 13.431512 13.399318 13.421790
0.074516 11.949151 -0.000003 -0.000026 0.011169 0.514169 -0.057964 11.950175 11.946923 13.322534 13.420020 13.376274
0.071405 11.924849 -0.000002 0.000113 0.011169 0.511649 0.106182 11.897268 11.937397 13.310928 13.354234 13.339754
0.069074 11.905299 0.000011 0.000164 0.011169 0.509216 -0.003901 11.908472 11.930936 13.029456 13.290745 13.167686
0.067157 11.882531 0.000006 0.000247 0.011169 0.501370 2.838894 11.842162 11.906479 12.734750 13.085958 12.923691
0.065527 11.859696 0.000018 0.000239 0.011169 0.491796 2.552393 11.847356 11.875434 12.755462 12.836060 12.817174
0.064572 11.837971 0.000008 0.000191 0.010106 0.488374 2.296877 11.824412 11.865636 12.876113 12.746750 12.834100
0.064096 11.821302 0.000011 0.000226 0.009144 0.490082 2.069128 11.828526 11.870915 13.279663 12.791334 13.054778
0.064672 11.809984 0.000012 0.000311 0.008274 0.500146 1.863357 11.831812 11.901483 13.417407 13.053997 13.242070
0.066904 11.809420 0.000020 0.000470 0.007487 0.509177 1.675380 11.818790 11.919560 13.239770 13.289723 13.260436
0.069916 11.808946 0.000029 0.000565 0.007729 0.511720 1.505284 11.797321 11.904748 12.990169 13.356097 13.168379
0.071293 11.797008 0.000031 0.000550 0.008278 0.509645 1.355309 11.769286 11.866502 13.310155 13.301943 13.312883
0.073120 11.790140 0.000028 0.000390 0.008278 0.516223 1.224891 11.807441 11.859483 13.638222 13.473613 13.563541
0.074133 11.777958 0.000015 0.000416 0.008278 0.526834 1.106398 11.766731 11.863688 13.982844 13.750568 13.870687
0.074170 11.766020 0.000028 0.000498 0.008278 0.538599 0.996374 11.782890 11.871359 14.156823 14.057636 14.104160
0.074818 11.759766 0.000026 0.000570 0.008278 0.547030 0.889606 11.748714 11.867647 14.160860 14.277687 14.211694
0.074570 11.737053 0.000035 0.000666 0.009286 0.550402 0.788871 11.718953 11.845816 14.398840 14.365700 14.379554
0.073231 11.700208 0.000037 0.000743 0.009924 0.556592 0.691894 11.687700 11.833744 14.539851 14.527267 14.529930
0.072880 11.685637 0.000042 0.000756 0.011427 0.561915 0.597934 11.684931 11.819878 14.334084 14.666195 14.491975
0.072261 11.676916 0.000039 0.000730 0.011427 0.559253 0.505505 11.645571 11.780648 14.168739 14.596732 14.381637
0.071044 11.663354 0.000040 0.000599 0.011427 0.553382 0.430918 11.645449 11.736787 14.188232 14.443483 14.327204
0.070147 11.646324 0.000027 0.000462 0.011427 0.550090 0.371999 11.627861 11.708578 14.004328 14.357573 14.196560
0.068701 11.632347 0.000024 0.000389 0.011427 0.544090 0.335284 11.609416 11.674435 14.261335 14.200952 14.259726
0.067885 11.625612 0.000020 0.000249 0.011427 0.545620 0.317921 11.643102 11.674086 14.299513 14.240904 14.295970
0.067244 11.619791 0.000010 0.000277 0.011427 0.546628 0.291100 11.605541 11.673057 14.244338 14.267213 14.277890
0.066072 11.609235 0.000020 0.000326 0.011427 0.545369 0.269498 11.610472 11.664957 14.274992 14.234353 14.277065
0.064696 11.595081 0.000017 0.000357 0.011427 0.545182 0.242571 11.585819 11.661020 14.440021 14.229464 14.357187
0.064452 11.585866 0.000022 0.000384 0.011427 0.548394 0.218752 11.601711 11.669313 14.699255 14.313294 14.524837
0.069456 11.635189 0.000020 0.000174 0.011427 0.555950 0.168990 11.690947 11.694876 14.956176 14.510526 14.742623
0.070369 11.637474 0.000002 0.000293 0.010340 0.565441 0.091745 11.628153 11.722593 15.222692 14.758224 14.988933
0.068142 11.590890 0.000028 0.000672 0.009356 0.576234 -0.089685 11.595950 11.744293 15.217602 15.039940 15.112143
0.071332 11.602468 0.000043 0.000724 0.011654 0.582317 0.096655 11.621020 11.743448 15.445074 15.198714 15.302900
0.075764 11.619968 0.000036 0.000630 0.011654 0.591586 -0.106755 11.637623 11.749596 15.444311 15.440625 15.414315
0.078590 11.640772 0.000033 0.000555 0.011654 0.597174 0.055759 11.643569 11.738990 15.579985 15.586467 15.556144
0.080977 11.664984 0.000028 0.000378 0.011654 0.602356 -0.134030 11.681630 11.731103 15.387832 15.721734 15.523178
0.083828 11.690696 0.000015 0.000206 0.011654 0.600366 -0.048817 11.672882 11.701995 15.186214 15.669784 15.403051
0.086262 11.710353 0.000009 -0.000043 0.011654 0.594633 -0.096254 11.704026 11.666526 15.174541 15.520153 15.337749
0.086969 11.720662 -0.000010 -0.000276 0.011654 0.591259 -0.208324 11.708024 11.645993 15.627633 15.432095 15.539313
0.087477 11.733371 -0.000017 -0.000446 0.011654 0.597758 -0.276702 11.768329 11.669411 16.032440 15.601714 15.825860
0.087760 11.749295 -0.000028 -0.000408 0.011654 0.607948 -0.268586 11.766405 11.709736 15.920852 15.867695 15.885462
0.087394 11.768773 -0.000016 -0.000301 0.011654 0.608311 -0.227758 11.774659 11.719631 15.745351 15.877151 15.798400
0.087131 11.780935 -0.000015 -0.000313 0.011654 0.603217 -0.151856 11.776061 11.715866 15.325791 15.744191 15.521138
0.086531 11.788635 -0.000017 -0.000371 0.010545 0.591041 -0.068603 11.767283 11.691732 15.164093 15.426406 15.294500
0.085723 11.792074 -0.000021 -0.000512 0.009541 0.581405 -0.011585 11.792213 11.682073 15.169286 15.174904 15.181554
0.084406 11.800210 -0.000031 -0.000603 0.008633 0.576543 -0.102857 11.806186 11.693465 15.501105 15.047997 15.290209
0.081328 11.792604 -0.000032 -0.000506 0.008682 0.580117 -0.089070 11.815755 11.737396 15.355074 15.141289 15.249239
0.078246 11.787262 -0.000023 -0.000254 0.008682 0.577729 -0.005871 11.780518 11.758432 15.128701 15.078962 15.097890
0.077325 11.803251 -0.000007 -0.000229 0.008682 0.570821 0.886127 11.825171 11.766648 15.086366 14.898663 14.987069
0.077392 11.828106 -0.000017 -0.000314 0.008682 0.566523 0.793729 11.844545 11.786886 15.283781 14.786486 15.028293
0.079114 11.864256 -0.000017 -0.000395 0.008682 0.568657 0.713402 11.917358 11.831957 15.180855 14.842184 14.991818
0.080703 11.900577 -0.000025 -0.000350 0.008682 0.568368 0.636481 11.912578 11.864245 14.888551 14.834623 14.832535
0.082991 11.942444 -0.000014 -0.000399 0.008682 0.562778 0.570102 11.970385 11.876113 14.353440 14.688735 14.489295
0.085191 11.972771 -0.000027 -0.000493 0.008682 0.550427 0.513319 11.949508 11.860607 14.049193 14.366365 14.185615
0.086363 11.984937 -0.000026 -0.000635 0.008682 0.539665 0.481432 11.989468 11.849228 14.074778 14.085483 14.068830
0.086416 11.986356 -0.000041 -0.000700 0.010949 0.536581 0.461917 11.983062 11.862137 14.110969 14.004967 14.048316
0.083786 11.986870 -0.000035 -0.000637 0.010949 0.535929 0.459098 11.997875 11.882569 14.925992 13.987969 14.450135
0.081040 11.972708 -0.000034 -0.000460 0.010949 0.551021 0.427714 12.022997 11.962005 14.384305 14.381863 14.349610
0.080119 11.969330 -0.000018 -0.000037 0.010949 0.546983 0.351075 11.926580 11.962921 13.706475 14.276476 13.956918
0.078139 11.969241 0.000009 -0.000032 0.010949 0.530954 0.294041 11.960576 11.920760 14.459039 13.858104 14.143324
0.076406 11.957988 -0.000012 -0.000190 0.010949 0.538214 0.238628 12.001033 11.969598 14.420582 14.047601 14.204573
0.075284 11.954603 -0.000010 0.000077 0.010949 0.541171 0.132994 11.945461 11.996100 13.968232 14.124773 14.008155
0.073480 11.965162 0.000014 0.000158 0.010949 0.533126 -0.037119 11.969170 11.981254 14.156716 13.914812 14.003422
0.074897 11.985994 0.000003 -0.000024 0.010949 0.532504 0.567372 12.017615 11.999889 13.538675 13.898564 13.681439
0.077070 11.989252 -0.000006 0.000054 0.010949 0.521418 0.474380 11.939544 11.971806 12.946377 13.609209 13.250323
0.078039 11.992036 0.000009 -0.000103 0.010949 0.506212 0.430552 11.984269 11.924067 13.264600 13.212340 13.229867
0.077039 11.991553 -0.000018 -0.000344 0.009907 0.506476 0.432871 12.001303 11.934739 13.674983 13.219228 13.438459
0.075370 11.984776 -0.000019 -0.000255 0.008964 0.514556 0.435611 12.005769 11.973959 13.733775 13.430118 13.562656
0.075919 11.987070 -0.000010 -0.000067 0.008111 0.519516 0.412872 11.994907 11.998067 13.274827 13.559565 13.390689
0.075823 11.981111 0.000000 0.000087 0.007339 0.513080 0.384196 11.948697 11.974995 13.022637 13.391602 13.188508
0.075204 11.977940 0.000007 -0.000015 0.006641 0.505138 0.365484 11.973634 11.947589 13.361806 13.184289 13.264945
0.073929 11.955984 -0.000008 -0.000043 0.006009 0.508273 0.347448 11.955191 11.961756 13.598719 13.266121 13.420750
0.072467 11.931473 0.000002 0.000155 0.005437 0.515043 0.314836 11.937468 11.983697 13.433176 13.442829 13.418285
0.069184 11.919660 0.000013 0.000327 0.004920 0.514438 0.275349 11.904688 11.976569 13.711672 13.427036 13.551018
0.065235 11.900803 0.000020 0.000387 0.005459 0.517825 0.229749 11.919064 11.990361 13.772733 13.515444 13.619865
0.063393 11.883386 0.000020 0.000546 0.005459 0.519589 0.154725 11.874159 11.998980 13.549755 13.561476 13.526649
0.063019 11.871970 0.000036 0.000648 0.009587 0.516057 0.054460 11.869338 11.985399 7.798676 13.469282 10.609901
0.063106 11.869196 0.000033 0.000593 0.009587 0.399754 -0.345306 11.443361 11.548057 0.517431 10.433730 5.589395
0.061772 11.855961 0.000030 -0.001571 0.009587 0.198738 -0.248430 11.441573 10.834381 -3.900991 5.187141 0.987108
0.057891 11.799179 -0.000173 -0.004924 0.046527 0.014811 -0.127279 11.402972 10.248568 -7.142756 0.386584 -2.834403
0.049006 11.674488 -0.000330 -0.007277 0.088796 -0.137146 0.841174 11.326435 9.825895 -9.965698 -3.579565 -6.075118
0.035947 11.507242 -0.000431 -0.008581 0.115799 -0.265170 0.506005 11.172448 9.514590 -11.529129 -6.921044 -8.407333
0.022600 11.326407 -0.000477 -0.009246 0.128386 -0.356551 -0.157529 11.103621 9.349819 -12.470581 -9.306111 -9.997165
0.005785 11.112376 -0.000507 -0.008995 0.136268 -0.418456 3.001074 10.881808 9.288502 -11.576592 -10.921874 -10.317986
-0.014747 10.867347 -0.000463 -0.008057 0.136268 -0.429144 2.390441 10.806625 9.397234 -4.181596 -11.200829 -6.643937
-0.036467 10.595007 -0.000412 -0.006113 0.136268 -0.271152 1.397094 10.952683 10.043981 3.008680 -7.077163 -1.068412
-0.062148 10.320340 -0.000270 -0.001410 0.136268 -0.032703 -0.774611 10.571661 10.828812 6.021978 -0.853572 3.026393
-0.081809 10.127863 0.000063 0.003577 0.136268 0.134925 3.684930 10.289007 11.274899 8.685110 3.521588 6.194000
-0.083166 10.106018 0.000273 0.005965 0.136268 0.260645 2.350829 10.347278 11.545663 11.584966 6.802949 9.119356
-0.071383 10.236172 0.000335 0.006683 0.136268 0.374203 0.652057 10.506297 11.773724 16.798072 9.766839 13.287512
-0.055398 10.451544 0.000357 0.006748 0.136268 0.534380 -4.713174 10.935611 12.169376 20.110906 13.947534 16.812187
-0.039367 10.693188 0.000350 0.007534 0.136268 0.665759 -3.418555 10.961964 12.484473 21.704662 17.376582 19.112238
-0.013577 10.998631 0.000434 0.007583 0.136268 0.748692 -1.833347 11.352896 12.660820 20.739819 19.541161 19.591697
0.029785 11.461756 0.000375 0.006119 0.136268 0.766187 0.525032 11.638834 12.630903 17.800362 19.997776 18.349284
0.068455 11.959696 0.000287 0.003425 0.123301 0.718021 -3.691613 12.051414 12.398811 18.062821 18.740639 17.928407
0.082795 12.162367 0.000104 0.001207 0.111567 0.699942 -3.352626 12.200242 12.324280 20.840021 18.268755 19.113294
0.091101 12.158627 0.000040 0.000845 0.100950 0.750988 -3.309840 12.318372 12.500752 20.924277 19.601084 19.777975
0.104095 12.262262 0.000056 0.001217 0.091343 0.784233 -3.343292 12.316712 12.576242 21.589422 20.468790 20.534822
0.112900 12.398255 0.000078 0.000908 0.082651 0.815786 -3.416029 12.547620 12.642575 21.200327 21.292338 20.742695
0.119192 12.487338 0.000031 0.000792 0.074786 0.822767 -3.416272 12.432205 12.620143 17.947849 21.474537 19.216216
0.119097 12.560401 0.000057 0.000305 0.067669 0.757410 -3.454979 12.398191 12.349403 18.177439 19.768688 18.589704
0.117435 12.610656 -0.000010 -0.001333 0.061229 0.725011 -3.519205 12.661166 12.256065 18.924519 18.923068 18.595244
0.114502 12.642333 -0.000113 -0.001971 0.055403 0.719909 -3.489058 12.627376 12.294801 16.899890 18.789914 17.539030
0.103462 12.672004 -0.000093 -0.001925 0.050130 0.670430 -3.405650 12.565812 12.190627 17.103516 17.498496 17.038263
0.096049 12.714795 -0.000105 -0.002675 0.045360 0.641570 -3.274136 12.804328 12.213391 16.680444 16.745239 16.466521
0.096029 12.742339 -0.000168 -0.002699 0.045123 0.616024 -3.083252 12.687883 12.261421 7.548182 16.078463 11.730050
0.093897 12.773999 -0.000122 -0.002616 0.045123 0.428457 -2.918548 12.202480 11.672268 -0.945244 11.182888 5.314646
0.089431 12.822058 -0.000152 -0.005868 0.045123 0.173367 -2.809953 12.407200 10.876726 -3.883233 4.524936 0.706224
0.085928 12.794798 -0.000438 -0.009789 0.117880 -0.009412 -2.694162 12.473632 10.437289 -10.261372 -0.245647 -4.646140
0.071979 12.655224 -0.000585 -0.011319 0.157272 -0.218299 -2.747239 12.048565 9.907152 -13.582616 -5.697692 -8.880678
0.050225 12.454033 -0.000617 -0.012998 0.166013 -0.384871 -2.879715 12.186445 9.569878 -17.380340 -10.045273 -12.818435
0.031020 12.214488 -0.000756 -0.013496 0.203157 -0.539155 -2.893251 11.686241 9.283659 -19.132836 -14.072158 -15.645680
0.009297 11.915452 -0.000697 -0.013431 0.203157 -0.646580 -2.934091 11.718890 9.166907 -17.287011 -16.876000 -16.186351
-0.016768 11.512961 -0.000742 -0.011973 0.203157 -0.660283 -2.781376 11.317361 9.370656 -15.297643 -17.233641 -15.424974
-0.053348 11.021149 -0.000571 -0.008423 0.203157 -0.616550 -2.109890 10.929525 9.681050 -13.613701 -16.092196 -14.080782
-0.080047 10.699564 -0.000373 -0.005198 0.203157 -0.554155 -0.321387 10.701669 9.968975 -11.889389 -14.463656 -12.493969
-0.081574 10.650790 -0.000226 -0.003480 0.203157 -0.491726 18.335726 10.803349 10.230420 -13.081548 -12.834234 -12.560827
-0.078564 10.650459 -0.000180 -0.002144 0.203157 -0.491573 16.097929 10.509580 10.253857 -12.568338 -12.830246 -12.281587
-0.082929 10.567475 -0.000088 -0.001601 0.203157 -0.477866 14.027376 10.633454 10.304881 -8.287029 -12.472493 -9.700734
-0.089953 10.453751 -0.000108 -0.000760 0.203157 -0.370602 12.083475 10.624213 10.633992 -4.421998 -9.672859 -6.410927
-0.099237 10.363819 -0.000011 0.001379 0.203157 -0.236035 10.156560 10.549713 11.001184 -2.269742 -6.160619 -3.863357
-0.106800 10.341236 0.000117 0.003368 0.203157 -0.137213 8.204674 10.466562 11.227297 -0.571799 -3.581309 -1.923547
-0.102845 10.392765 0.000207 0.004259 0.183824 -0.065260 6.189812 10.559666 11.369783 -0.873330 -1.703317 -1.423141
-0.094736 10.460820 0.000223 0.004639 0.166331 -0.046544 4.242481 10.444054 11.341198 -1.737080 -1.214805 -1.741289
-0.091722 10.529502 0.000250 0.004142 0.150503 -0.059934 2.472879 10.558651 11.220818 0.404623 -1.564306 -0.618581
-0.084577 10.600592 0.000185 0.003165 0.136180 -0.017084 0.754509 10.781962 11.306613 1.675541 -0.445905 0.542102
-0.071736 10.691344 0.000147 0.003140 0.123221 0.031432 -2.871795 10.778117 11.404354 0.700087 0.820377 0.506439
-0.061651 10.812999 0.000177 0.003018 0.111495 0.031146 -2.034289 10.831874 11.336188 -0.161651 0.812931 0.046182
-0.050552 10.938625 0.000143 0.002029 0.100885 0.012074 -1.599127 10.950859 11.223265 -1.629106 0.315147 -0.933792
-0.038766 11.039617 0.000078 0.000937 0.091284 -0.026114 -1.758875 10.964658 11.058935 -0.544884 -0.681580 -0.781600
-0.026864 11.131856 0.000027 -0.000372 0.082598 -0.018829 -2.258561 11.275876 11.076489 1.485431 -0.491457 0.357020
-0.018143 11.228608 -0.000057 -0.000776 0.074737 0.027156 -2.559293 11.339209 11.240116 1.773259 0.708782 1.057082
-0.015121 11.322554 -0.000028 -0.000421 0.067625 0.052201 -2.661933 11.389146 11.328276 1.329305 1.362460 1.147338
-0.010080 11.397634 -0.000018 -0.000354 0.061190 0.051887 -2.607986 11.401935 11.332723 -2.716077 1.354278 -0.838493
-0.007832 11.446198 -0.000020 -0.000579 0.055367 -0.029503 -2.530386 11.176026 11.038488 -5.077718 -0.770038 -2.974489
-0.009856 11.475147 -0.000040 -0.002228 0.050098 -0.118274 -2.566799 11.391044 10.758754 -3.692120 -3.086991 -3.376080
-0.011630 11.473870 -0.000181 -0.003650 0.048704 -0.136112 -2.609292 11.494701 10.784836 -2.712508 -3.552577 -3.119912
-0.017839 11.461335 -0.000204 -0.003452 0.054883 -0.126612 -2.609655 11.497710 10.915554 -1.015356 -3.304628 -2.177348
-0.025580 11.471409 -0.000168 -0.002837 0.054883 -0.091562 -2.537258 11.622236 11.143007 -0.583282 -2.389798 -1.556132
-0.025732 11.503974 -0.000140 -0.001842 0.054883 -0.069161 -2.322807 11.544990 11.314728 -2.832367 -1.805133 -2.415798
-0.022376 11.531425 -0.000069 -0.001106 0.054883 -0.101989 -2.056524 11.443454 11.259278 -2.294575 -2.661956 -2.556273
-0.019206 11.532257 -0.000056 -0.001393 0.054883 -0.103823 -1.841098 11.630881 11.314157 -1.251607 -2.709820 -2.073381
-0.020238 11.534327 -0.000094 -0.001124 0.054883 -0.080085 -1.619322 11.566560 11.445649 -1.306933 -2.090253 -1.815900
-0.023999 11.546659 -0.000038 -0.000515 0.054883 -0.069718 -1.397030 11.589547 11.514558 -1.462848 -1.819655 -1.768625
-0.015801 11.607356 -0.000025 -0.000474 0.054883 -0.067382 -1.128074 11.648391 11.550625 -4.147561 -1.758699 -3.045340
-0.011790 11.613887 -0.000031 -0.000323 0.054883 -0.114978 -0.962481 11.406941 11.377607 -3.166882 -3.000980 -3.150302
-0.013402 11.571946 -0.000011 -0.000992 0.054883 -0.116845 -1.082746 11.691494 11.384586 -0.713160 -3.049694 -1.974196
-0.009611 11.565934 -0.000090 -0.000925 0.054883 -0.066999 -1.148277 11.640900 11.578136 -0.768331 -1.748713 -1.382162
-0.007652 11.583950 -0.000021 -0.000030 0.049661 -0.041806 -1.095913 11.611992 11.652320 -0.196424 -1.091165 -0.783458
-0.003408 11.622088 0.000009 0.000154 0.044935 -0.018793 -0.955155 11.697339 11.716470 -1.929903 -0.490504 -1.317024
0.003024 11.651872 0.000003 0.000330 0.040659 -0.040008 -0.754665 11.507436 11.601947 -3.353308 -1.044231 -2.247309
0.008534 11.661492 0.000025 -0.000304 0.036789 -0.076764 -0.709958 11.611383 11.434547 -2.203472 -2.003565 -2.135893
0.012948 11.653668 -0.000052 -0.001118 0.033288 -0.070585 -0.749440 11.672487 11.441451 -1.907295 -1.842289 -1.903162
0.011578 11.640493 -0.000068 -0.001016 0.030121 -0.061237 -0.776998 11.610018 11.456475 -1.177976 -1.598306 -1.421935
0.006981 11.626293 -0.000046 -0.000867 0.027254 -0.045527 -0.748484 11.670869 11.505013 -0.439273 -1.188282 -0.862147
0.005100 11.609315 -0.000049 -0.000532 0.024661 -0.026905 -0.621021 11.616303 11.571675 -1.393049 -0.702222 -1.084173
0.001806 11.575076 -0.000015 -0.000017 0.022314 -0.038136 -0.452883 11.490231 11.520152 -1.270152 -0.995354 -1.159080
-0.000528 11.551777 0.000007 -0.000161 0.020190 -0.043036 -0.338325 11.580383 11.502684 -0.092005 -1.123259 -0.650741
0.000691 11.543041 -0.000024 -0.000206 0.018269 -0.022874 -0.208518 11.590589 11.584141 -0.631567 -0.597013 -0.660313
-0.000039 11.542060 -0.000003 0.000215 0.016531 -0.023077 -0.001612 11.500643 11.577339 -1.162480 -0.602309 -0.915601
-0.000183 11.550493 0.000020 0.000137 0.014957 -0.035259 3.685640 11.548318 11.532599 -1.526154 -0.920276 -1.240638
0.002669 11.555285 -0.000006 -0.000116 0.013534 -0.047930 3.316966 11.515373 11.489381 -1.599908 -1.250992 -1.432226
0.004146 11.557198 -0.000009 -0.000346 0.012246 -0.054353 2.992755 11.564464 11.469968 -0.383040 -1.418638 -0.922933
0.002524 11.542920 -0.000028 -0.000372 0.011081 -0.033571 2.703901 11.603432 11.555011 0.399304 -0.876226 -0.288355
-0.002331 11.523317 -0.000015 0.000162 0.010026 -0.009005 2.436682 11.554985 11.647602 0.843321 -0.235035 0.229559
-0.005973 11.521970 0.000025 0.000641 0.009072 0.009241 2.186669 11.576516 11.715997 0.285806 0.241202 0.182233
-0.005832 11.522543 0.000039 0.000987 0.010496 0.005932 1.953511 11.482713 11.700000 -0.666406 0.154837 -0.321238
-0.004181 11.525025 0.000062 0.000893 0.016545 -0.013660 1.742062 11.497220 11.620847 -0.388040 -0.356520 -0.427646
-0.001741 11.526612 0.000035 0.000481 0.016545 -0.016249 1.550124 11.547760 11.609058 -0.423334 -0.424104 -0.476253
-0.000895 11.515267 0.000018 0.000479 0.016545 -0.016084 1.380682 11.489330 11.599736 -0.305732 -0.419793 -0.414752
-0.001640 11.499098 0.000032 0.000514 0.016545 -0.012475 1.229946 11.515475 11.598235 -0.684807 -0.325606 -0.549828
-0.001402 11.498940 0.000024 0.000507 0.016545 -0.017588 1.090977 11.458745 11.561339 -1.325790 -0.459050 -0.918150
-0.000162 11.506113 0.000030 0.000282 0.016545 -0.032573 0.982796 11.478937 11.490746 -0.928213 -0.850156 -0.906529
-0.000013 11.495496 0.000004 -0.000024 0.016545 -0.032054 0.906366 11.502883 11.485361 -0.232023 -0.836622 -0.560391
-0.000590 11.484606 -0.000005 0.000004 0.016545 -0.018217 0.843914 11.515375 11.530676 0.194088 -0.475460 -0.180946
-0.001341 11.483328 0.000005 0.000242 0.016545 -0.003565 0.767674 11.507958 11.576207 0.230524 -0.093047 0.019837
-0.001568 11.480597 0.000020 0.000488 0.016545 0.003566 0.672653 11.483000 11.590938 -0.687422 0.093066 -0.334529
-0.001576 11.476828 0.000031 0.000582 0.016545 -0.011067 0.572796 11.413295 11.520932 -1.482509 -0.288864 -0.896408
-0.003266 11.468205 0.000031 0.000269 0.014970 -0.034321 0.521329 11.422520 11.426046 -0.984686 -0.895798 -0.937479
-0.005584 11.448854 0.000002 -0.000116 0.013546 -0.036758 0.507211 11.463248 11.421654 -0.607735 -0.959393 -0.784114
-0.008727 11.421202 -0.000011 0.000002 0.012257 -0.031022 0.485052 11.413967 11.448009 -0.199323 -0.809688 -0.515806
-0.011972 11.382237 0.000010 0.000336 0.011090 -0.020492 0.441362 11.402677 11.487255 -0.219541 -0.534851 -0.400722
-0.012242 11.365964 0.000025 0.000619 0.010035 -0.015227 0.374658 11.360266 11.498798 -0.078623 -0.397434 -0.267960
-0.009896 11.379881 0.000040 0.000607 0.010781 -0.009052 0.313097 11.419507 11.510841 0.465165 -0.236252 0.075709
-0.007640 11.390140 0.000027 0.000616 0.010781 0.005714 0.233449 11.419306 11.551430 0.598010 0.149131 0.322112
-0.007005 11.386286 0.000038 0.000843 0.010781 0.016334 0.116177 11.393571 11.568615 0.261963 0.426314 0.289742
-0.006281 11.385818 0.000051 0.000933 0.013670 0.015341 -0.112920 11.367277 11.537997 -0.520084 0.400396 -0.100947
-0.005238 11.396796 0.000050 0.000721 0.013670 -0.000564 0.088353 11.351306 11.454772 -0.824482 -0.014721 -0.437935
-0.004207 11.404176 0.000031 0.000258 0.013670 -0.014627 0.063729 11.385679 11.388919 -0.932204 -0.381761 -0.657961
-0.003305 11.408264 0.000002 -0.000099 0.013670 -0.023746 0.292043 11.385007 11.349529 -0.340484 -0.619774 -0.477421
