0.000000 -0.000547 0.000000 0.000000 0.000000 0.000000 0.000000 0.000000 0.000000 10.411972 0.000000 10.411972
0.000000 -0.000966 0.000000 0.000000 0.000000 0.000000 0.000000 0.000000 0.000000 10.412367 0.000000 10.412367
0.000000 0.009045 0.000000 0.000000 0.000000 0.000000 0.000000 0.000000 0.000000 10.412699 0.000000 10.412699
0.000000 0.170978 0.000000 0.000000 0.000000 0.000000 0.000000 0.000000 0.000000 10.412497 0.000000 10.412497
0.000000 0.527582 0.000000 0.000000 0.000000 0.000000 0.000000 0.000000 0.000000 10.412216 0.000000 10.412216
0.000000 0.918661 0.000000 0.000000 0.000000 0.000000 0.000000 0.000000 0.000000 10.412101 0.000000 10.412101
1.009573 1.268876 0.000000 0.000000 0.000000 0.000000 0.000000 0.000000 0.000000 10.410576 0.000000 10.410576
1.006968 1.437651 0.000000 0.000000 0.000000 0.000000 0.000000 0.000000 0.000000 10.408654 0.000000 10.408654
0.996810 1.363984 0.000000 0.000000 0.000000 0.000000 0.000000 0.000000 0.000000 10.413334 0.000000 10.413334
0.987093 1.245475 0.000000 0.000000 0.000000 0.000000 0.000000 0.000000 0.000000 10.423618 0.000000 10.423618
0.969518 1.222413 0.000000 0.000000 0.000000 0.000000 0.000000 0.000000 0.000000 10.438481 0.000000 10.438481
0.928055 1.230815 0.000000 0.000000 0.000000 0.000000 0.000000 0.000000 0.000000 10.416484 0.000000 10.416484
0.842157 1.241227 0.000000 0.000000 0.000000 0.000000 0.000000 0.000000 0.000000 10.383613 0.000000 10.383613
0.723794 1.263212 0.000000 0.000000 0.000000 0.000000 0.000000 0.000000 0.000000 10.374838 0.000000 10.374838
0.623146 1.274802 0.000000 0.000000 0.000000 0.000000 0.000000 0.000000 0.000000 10.350616 0.000000 10.350616
0.502781 1.301832 0.000000 0.000000 0.000000 0.000000 0.000000 0.000000 0.000000 10.369729 0.000000 10.369729
0.374535 1.335239 0.000000 0.000000 0.000000 0.000000 0.000000 0.000000 0.000000 10.397519 0.000000 10.397519
0.262151 1.375741 0.000000 0.000000 0.000000 0.000000 0.000000 0.000000 0.000000 10.402630 0.000000 10.402630
0.158954 1.430659 0.000000 0.000000 0.000000 0.000000 0.000000 0.000000 0.000000 10.413524 0.000000 10.413524
0.098601 1.489461 0.000000 0.000000 0.000000 0.000000 0.000000 0.000000 0.000000 10.398080 0.000000 10.398080
0.062567 1.556781 0.000000 0.000000 0.000000 0.000000 0.000000 0.000000 0.000000 10.394911 0.000000 10.394911
0.050884 1.650128 0.000000 0.000000 0.000000 0.000000 0.000000 0.000000 0.000000 10.409211 0.000000 10.409211
0.049562 1.756910 0.000000 0.000000 0.000000 0.000000 0.000000 0.000000 0.000000 10.434083 0.000000 10.434083
0.049711 1.853821 0.000000 0.000000 0.000000 0.000000 0.000000 0.000000 0.000000 10.439080 0.000000 10.439080
0.067329 1.961640 0.000000 0.000000 0.000000 0.000000 0.000000 0.000000 0.000000 10.412312 0.000000 10.412312
0.082870 2.086684 0.000000 0.000000 0.000000 0.000000 0.000000 0.000000 0.000000 10.403079 0.000000 10.403079
0.087088 2.192609 0.000000 0.000000 0.000000 0.000000 0.000000 0.000000 0.000000 10.400435 0.000000 10.400435
0.093853 2.292448 0.000000 0.000000 0.000000 0.000000 0.000000 0.000000 0.000000 10.394723 0.000000 10.394723
0.097251 2.397246 0.000000 0.000000 0.000000 0.000000 0.000000 0.000000 0.000000 10.399548 0.000000 10.399548
0.082680 2.476820 0.000000 0.000000 0.000000 0.000000 0.000000 0.000000 0.000000 10.406093 0.000000 10.406093
0.069031 2.561790 0.000000 0.000000 0.000000 0.000000 0.000000 0.000000 0.000000 10.406865 0.000000 10.406865
0.076666 2.702692 0.000000 0.000000 0.000000 0.000000 0.000000 0.000000 0.000000 10.404425 0.000000 10.404425
0.060823 2.777725 0.000000 0.000000 0.000000 0.000000 0.000000 0.000000 0.000000 10.404407 0.000000 10.404407
0.040672 2.828569 0.000000 0.000000 0.000000 0.000000 0.000000 0.000000 0.000000 10.406683 0.000000 10.406683
0.040669 2.926685 0.000000 0.000000 0.000000 0.000000 0.000000 0.000000 0.000000 10.405778 0.000000 10.405778
0.038261 3.024235 0.000000 0.000000 0.000000 0.000000 0.000000 0.000000 0.000000 10.408151 0.000000 10.408151
0.032758 3.114492 0.000000 0.000000 0.000000 0.000000 0.000000 0.000000 0.000000 10.410412 0.000000 10.410412
0.030633 3.209117 0.000000 0.000000 0.000000 0.000000 0.000000 0.000000 0.000000 10.407897 0.000000 10.407897
0.030811 3.309579 0.000000 0.000000 0.000000 0.000000 0.000000 0.000000 0.000000 10.406563 0.000000 10.406563
0.032337 3.415087 0.000000 0.000000 0.000000 0.000000 0.000000 0.000000 0.000000 10.410540 0.000000 10.410540
0.035576 3.520863 0.000000 0.000000 0.000000 0.000000 0.000000 0.000000 0.000000 10.414653 0.000000 10.414653
0.035787 3.613914 0.000000 0.000000 0.000000 0.000000 0.000000 0.000000 0.000000 10.413618 0.000000 10.413618
0.034451 3.701560 0.000000 0.000000 0.000000 0.000000 0.000000 0.000000 0.000000 10.410386 0.000000 10.410386
0.035304 3.797253 0.000000 0.000000 0.000000 0.000000 0.000000 0.000000 0.000000 10.407274 0.000000 10.407274
0.036613 3.896777 0.000000 0.000000 0.000000 0.000000 0.000000 0.000000 0.000000 10.407193 0.000000 10.407193
0.037800 3.994713 0.000000 0.000000 0.000000 0.000000 0.000000 3.994713 3.994713 10.407288 0.000000 10.407288
0.035621 4.086649 0.000000 -0.000330 0.000000 0.492610 0.000000 5.059704 4.903413 10.410529 15.870189 10.410529
0.030962 4.174674 -0.000031 0.002617 0.008448 0.153939 0.000626 2.994769 -497.988719 10.416669 4.959370 10.416669
0.030323 4.269378 0.000274 -1.803770 0.073686 0.370530 0.180729 5.760743 -447.291233 10.420571 11.937194 10.420571
0.075156 4.557544 -0.000188 -1.622734 0.073686 0.236773 -1.497797 3.463903 -402.237437 10.414215 7.628016 10.414215
0.069068 4.610149 0.000241 -1.461120 0.073686 0.317196 -1.178993 5.767958 -361.311866 17.466553 10.218950 17.466553
0.026523 4.497966 -0.000173 -1.313740 0.073686 0.612111 -0.691472 4.108387 -324.104470 17.259442 19.720129 17.259442
0.029821 4.603469 0.000277 -1.180495 0.074541 0.448403 0.235100 4.786856 -291.446354 17.081727 14.445998 17.081727
0.045097 4.761823 0.000082 -1.063778 0.074541 0.521550 -2.358672 4.969603 -261.597729 16.934922 16.802551 16.934922
0.059779 4.923082 0.000082 -0.957162 0.074541 0.480672 -1.877813 4.897306 -234.934207 16.786491 15.485606 16.786491
0.065290 5.041285 0.000090 -0.861829 0.074541 0.492132 -1.397374 5.268904 -210.824222 16.618941 15.854791 16.618941
0.074670 5.186085 0.000033 -0.775762 0.074541 0.479704 -0.880893 5.185876 -189.157145 16.543640 15.454409 16.543640
0.084194 5.349080 0.000058 -0.698534 0.074541 0.479777 -0.237835 5.573786 -169.612380 16.342670 15.456781 16.342670
0.085731 5.497181 -0.000003 -0.628875 0.074541 0.468075 1.354296 5.512464 -152.024856 16.042722 15.079761 16.042722
0.079295 5.630931 0.000023 -0.566192 0.074541 0.454178 0.907093 5.808933 -136.176048 15.766377 14.632051 15.766377
0.073474 5.761520 -0.000020 -0.509743 0.074541 0.440572 0.408032 5.821630 -121.884251 15.376909 14.193716 15.376909
0.065943 5.889539 -0.000002 -0.458877 0.074541 0.424010 -0.623533 6.046130 -109.004608 14.993967 13.660147 14.993967
0.055676 6.003317 -0.000025 -0.413030 0.074541 0.408129 0.240318 6.084349 -97.388533 14.589249 13.148515 14.589249
0.043505 6.106700 -0.000008 -0.371685 0.067447 0.393690 -1.925563 6.249105 -86.914487 14.353796 12.683341 14.353796
0.035179 6.227914 -0.000015 -0.334504 0.061029 0.384472 -1.524082 6.355340 -77.455868 14.049075 12.386368 14.049075
0.028956 6.362619 -0.000006 -0.301019 0.055221 0.373832 -1.259854 6.512151 -68.930311 13.682196 12.043575 13.682196
0.019914 6.485147 -0.000008 -0.270841 0.049966 0.361329 -1.065009 6.605170 -61.247139 13.373386 11.640767 13.373386
0.017497 6.617519 0.000002 -0.243724 0.045211 0.351901 -0.978765 6.777149 -54.310922 12.793272 11.337050 12.793272
0.016766 6.748948 -0.000002 -0.219286 0.040909 0.335959 -0.901270 6.852248 -48.079073 12.409484 10.823454 12.409484
0.015877 6.871652 0.000008 -0.197346 0.037016 0.326998 -0.748508 7.024256 -42.446919 12.229169 10.534764 12.229169
0.019647 7.001148 0.000000 -0.177584 0.033493 0.325068 -0.623821 7.129109 -37.355665 12.000737 10.472588 12.000737
0.023127 7.121865 0.000008 -0.159733 0.030306 0.322785 -0.535061 7.248148 -32.775833 11.744151 10.399026 11.744151
0.023114 7.229285 0.000010 -0.143671 0.027422 0.319170 -0.469232 7.330455 -28.659061 11.473595 10.282569 11.473595
0.025126 7.341427 0.000015 -0.129289 0.024813 0.313929 -0.394725 7.453146 -24.956072 11.100862 10.113711 11.100862
0.028184 7.442422 0.000010 -0.116353 0.022451 0.305976 -0.316559 7.519162 -21.630903 10.649354 9.857488 10.649354
0.028057 7.536985 0.000013 -0.104751 0.020315 0.295338 -0.140656 7.619684 -18.645673 10.428489 9.514774 10.428489
0.027255 7.627737 0.000005 -0.094356 0.018382 0.289322 0.294761 7.713152 -15.939359 10.249016 9.320950 10.249016
0.026173 7.703228 0.000002 -0.084908 0.016632 0.285026 0.126869 7.775503 -13.494887 10.014381 9.182544 10.014381
0.023954 7.780668 0.000005 -0.076407 0.015050 0.279035 -0.132518 7.856697 -11.295435 10.026679 8.989561 9.954673
0.022522 7.851863 0.000003 -0.068764 0.013617 0.279009 0.023437 7.937635 -9.291067 9.824655 8.988722 9.740222
0.022507 7.922932 0.000004 -0.061821 0.012322 0.274745 -0.104147 7.983419 -7.497417 9.522771 8.851336 9.431200
0.021290 7.992961 0.000009 -0.055631 0.011149 0.267142 0.002237 8.058627 16.330282 9.533066 8.606412 9.367329
0.020499 8.051579 0.000005 0.029731 0.010088 0.267298 -0.005739 8.126031 15.582503 9.284531 8.611422 9.130484
0.019492 8.112549 0.000007 0.026827 0.009128 0.262031 0.563605 8.159941 14.893684 9.185849 8.441738 8.993173
0.017079 8.172232 0.000011 0.024139 0.008259 0.259075 0.494104 8.246379 14.285853 9.326523 8.346513 9.059519
0.016998 8.225499 0.000006 0.021765 0.007473 0.262805 0.450160 8.293499 13.764520 8.996510 8.466678 8.789636
0.016851 8.279719 0.000012 0.019698 0.006762 0.256410 0.418954 8.314490 13.261834 8.888220 8.260648 8.645023
0.016152 8.329705 0.000016 0.017713 0.006119 0.253477 0.375252 8.396119 12.822862 8.805398 8.166164 8.541337
0.016981 8.380963 0.000009 0.015952 0.005536 0.252163 0.338313 8.424087 12.433922 8.571654 8.123812 8.332537
0.017051 8.433699 0.000013 0.014366 0.005010 0.247165 0.294021 8.480095 12.072606 8.477038 7.962791 8.212810
0.017120 8.484431 0.000009 0.012886 0.004533 0.244518 0.249680 8.532345 11.758235 8.220275 7.877522 7.984106
0.052129 8.854207 0.000006 0.010429 0.004101 0.237558 0.204245 9.141321 11.497457 8.165585 7.653299 7.884004
0.043413 8.817971 -0.000104 0.009623 0.027998 0.235161 0.161554 8.603568 11.273785 7.171310 7.576064 7.100449
0.005828 8.516068 0.000016 0.009904 0.027998 0.211841 -0.108222 8.411085 10.963031 6.452622 6.824776 6.396437
0.009275 8.583852 0.000045 0.008544 0.027998 0.190208 0.359230 8.689901 10.692947 5.934439 6.127848 5.854336
0.010464 8.625443 -0.000019 0.007425 0.027998 0.173865 0.261928 8.557160 10.469480 4.862103 5.601346 4.931837
0.008361 8.634238 0.000005 0.006591 0.027998 0.145342 0.184363 8.632008 10.222063 4.000505 4.682433 4.087620
0.006383 8.637610 -0.000022 0.005690 0.027998 0.119393 -0.052699 8.583153 10.004679 3.004927 3.846438 3.161025
0.006084 8.646765 -0.000022 0.004877 0.027998 0.090694 1.137800 8.624923 9.796155 1.674244 2.921864 1.966859
0.005749 8.663442 -0.000041 0.004068 0.027998 0.053559 0.920850 8.586425 9.575051 1.025797 1.725480 1.222809
0.003638 8.667034 -0.000050 0.003261 0.027998 0.030423 0.653080 8.671048 9.423776 0.374691 0.980140 0.571199
-0.000683 8.662224 -0.000073 0.002735 0.027998 0.009866 0.359682 8.602836 9.295291 -0.048470 0.317860 0.105070
-0.006979 8.641400 -0.000063 0.002348 0.027998 -0.005639 -0.019432 8.640588 9.198240 -0.202973 -0.181678 -0.127166
-0.012835 8.605906 -0.000070 0.002127 0.025333 -0.013586 2.386706 8.576319 9.137166 -0.450921 -0.437686 -0.379702
-0.019205 8.560975 -0.000052 0.002069 0.022922 -0.020783 2.158950 8.547555 9.078403 -0.581482 -0.669571 -0.537167
-0.025132 8.500335 -0.000042 0.002076 0.020741 -0.024252 1.981333 8.470173 9.028210 -1.254620 -0.781306 -1.088510
-0.031506 8.441174 -0.000022 0.002108 0.018767 -0.039964 1.833404 8.377065 8.928598 -1.730836 -1.287518 -1.556626
-0.039194 8.378212 -0.000010 0.001977 0.016981 -0.054007 1.688857 8.340813 8.835243 -2.064380 -1.739919 -1.901776
-0.034367 8.409866 -0.000009 0.001528 0.015365 -0.063688 1.555238 8.437065 8.764662 -2.527903 -2.051807 -2.325382
-0.044865 8.303464 -0.000032 0.001656 0.013903 -0.076176 1.425752 8.155435 8.677393 -2.880105 -2.454137 -2.674259
-0.064753 8.110691 0.000017 0.002035 0.012580 -0.086279 1.299335 8.038079 8.583906 -3.219941 -2.779628 -3.001363
-0.071341 8.030199 0.000031 0.001989 0.011383 -0.095358 1.176613 7.985838 8.490479 -3.567990 -3.072093 -3.330942
-0.078523 7.942177 0.000030 0.001969 0.010300 -0.104657 1.059346 7.864387 8.392788 -4.103958 -3.371689 -3.824783
-0.085956 7.855424 0.000042 0.001930 0.011397 -0.119752 0.943173 7.784964 8.275762 -4.713832 -3.857995 -4.399583
-0.093485 7.765548 0.000041 0.001832 0.011397 -0.138004 0.820557 7.676044 8.150770 -5.452821 -4.446029 -5.098978
-0.099398 7.688467 0.000044 0.001660 0.011860 -0.160317 0.695950 7.611387 8.017522 -6.006787 -5.164856 -5.634432
-0.047709 8.104498 0.000036 -0.000312 0.011860 -0.175026 0.559855 8.426217 7.953451 -6.340976 -5.638752 -5.970191
-0.043736 8.106023 -0.000136 -0.000548 0.036638 -0.185472 0.437824 7.789174 7.908015 -6.767104 -5.975284 -6.364866
-0.085359 7.723243 -0.000014 0.000664 0.036638 -0.199328 0.079384 7.602062 7.821100 -6.775576 -6.421669 -6.396207
-0.079615 7.739666 0.000010 0.000292 0.036638 -0.199506 -1.273862 7.819161 7.782369 -6.558522 -6.427413 -6.203123
-0.070517 7.761499 -0.000038 0.000075 0.036638 -0.192149 -1.132823 7.704037 7.768950 -6.895649 -6.190374 -6.485801
-0.064138 7.762082 -0.000015 0.000025 0.036638 -0.199307 -1.056811 7.747560 7.707306 -7.019263 -6.420988 -6.608138
-0.045180 7.836880 -0.000033 -0.000465 0.036638 -0.201013 -0.970335 7.856626 7.668554 -7.011790 -6.475963 -6.600825
-0.017803 7.941470 -0.000060 -0.000980 0.036638 -0.196150 -0.900763 7.963033 7.649534 -7.236355 -6.319281 -6.750808
-0.029571 7.766901 -0.000084 -0.000422 0.036638 -0.197823 -0.740451 7.530733 7.582008 -6.957174 -6.373174 -6.501516
-0.044633 7.575311 -0.000009 0.000024 0.036638 -0.188910 -0.478726 7.560498 7.530862 -6.545364 -6.086031 -6.098087
-0.034842 7.546229 -0.000023 -0.000055 0.036638 -0.174605 -0.160412 7.495115 7.492699 -6.122413 -5.625179 -5.669945
-0.027108 7.498477 -0.000016 -0.000021 0.036638 -0.158859 0.570357 7.458191 7.450300 -5.948082 -5.117897 -5.452436
-0.021393 7.454045 -0.000016 -0.000013 0.033152 -0.150874 0.271983 7.378976 7.378922 -6.108818 -4.860636 -5.545742
-0.016485 7.414296 -0.000013 -0.000127 0.029997 -0.154569 -0.425328 7.334672 7.274578 -5.594673 -4.979686 -5.076794
-0.009133 7.367571 -0.000024 -0.000334 0.027142 -0.140508 0.075686 7.340737 7.230724 -4.769024 -4.526680 -4.292688
-0.001510 7.312404 -0.000033 -0.000293 0.024559 -0.114109 -1.671835 7.268791 7.217946 -4.116148 -3.676191 -3.626446
0.002871 7.250894 -0.000020 -0.000118 0.022222 -0.092568 -1.452484 7.198551 7.183215 -3.408312 -2.982211 -2.922578
0.005203 7.186189 -0.000012 -0.000011 0.020107 -0.070819 -1.277236 7.139472 7.146685 -2.648940 -2.281535 -2.172227
0.006017 7.121027 -0.000006 0.000092 0.018194 -0.048764 -1.146003 7.074517 7.112364 -2.036098 -1.571021 -1.555176
0.007248 7.056447 0.000000 0.000201 0.016463 -0.031398 -1.060071 7.001795 7.066575 -1.558511 -1.011543 -1.071218
0.007410 6.982023 0.000007 0.000304 0.014896 -0.017997 -0.995702 6.918931 7.010846 -1.015883 -0.579812 -0.534301
0.008429 6.917521 0.000013 0.000335 0.013478 -0.002466 -0.938265 6.878702 6.963823 -0.576059 -0.079462 -0.092555
0.010839 6.873817 0.000012 0.000323 0.012196 0.009869 -0.877375 6.826988 6.911901 -0.129710 0.317946 0.351513
0.013066 6.833877 0.000013 0.000280 0.011035 0.021870 -0.808111 6.800697 6.865408 0.282530 0.704591 0.760831
0.013760 6.787307 0.000009 0.000280 0.009985 0.032812 -0.737609 6.740117 6.821119 0.532550 1.057087 1.012736
0.012559 6.735203 0.000013 0.000309 0.009035 0.038423 -0.661364 6.685937 6.767191 0.828353 1.237859 1.306244
0.011914 6.684615 0.000013 0.000297 0.008175 0.045693 -0.584046 6.648163 6.723540 1.001845 1.472060 1.478403
0.009148 6.633159 0.000012 0.000325 0.007397 0.049225 -0.503638 6.580514 6.673861 1.381927 1.585854 1.851026
0.006700 6.588162 0.000016 0.000308 0.006693 0.058824 -0.418099 6.576655 6.647666 1.872775 1.895091 2.325135
0.006266 6.552935 0.000012 0.000340 0.006056 0.072530 -0.364433 6.532031 6.636264 2.319701 2.336667 2.751487
0.005756 6.521073 0.000019 0.000414 0.005480 0.084942 -0.337352 6.510840 6.623278 2.747327 2.736529 3.158984
0.007453 6.500300 0.000021 0.000442 0.005653 0.097305 -0.338622 6.492802 6.611914 3.081625 3.134823 3.473721
0.009722 6.483185 0.000023 0.000462 0.006083 0.107117 -0.347038 6.470893 6.594443 3.422463 3.450938 3.798327
0.012082 6.473826 0.000024 0.000433 0.006388 0.117312 -0.357336 6.473711 6.579920 3.722135 3.779388 4.081456
0.017715 6.483975 0.000020 0.000345 0.006388 0.125972 -0.362224 6.487237 6.565377 5.803817 4.058395 6.156322
0.024829 6.497412 0.000015 0.000244 0.006388 0.193955 -0.363755 6.656409 6.709438 6.483728 6.248562 6.722087
0.031359 6.510823 0.000010 0.000713 0.006388 0.212545 -0.352940 6.414680 6.709902 7.046492 6.847465 7.261791
0.043795 6.565996 0.000059 0.000517 0.015842 0.230180 -0.336212 6.704250 6.712713 7.571211 7.415607 7.765968
0.063159 6.678116 0.000002 0.000124 0.015842 0.246484 -0.282660 6.670657 6.722703 8.114161 7.940856 8.292628
0.084627 6.816779 0.000010 -0.000338 0.015842 0.262835 -0.180489 6.948656 6.747089 8.661812 8.467654 8.824050
0.105037 6.950088 -0.000041 -0.000729 0.015842 0.279213 0.007294 6.968014 6.784170 9.267193 8.995289 9.414656
0.126255 7.091584 -0.000037 -0.001104 0.015842 0.299199 -4.798669 7.213941 6.838412 9.885148 9.639151 10.011807
0.149214 7.250057 -0.000076 -0.001478 0.020401 0.318586 -4.310347 7.300211 6.900838 10.429411 10.263748 10.535360
0.167944 7.390865 -0.000081 -0.001760 0.021778 0.335605 -3.863994 7.477706 6.964159 11.165406 10.812037 11.265938
0.171050 7.393790 -0.000104 -0.001543 0.028035 0.358498 -3.455128 7.357198 7.037664 11.776822 11.549559 11.850251
0.158529 7.272294 -0.000066 -0.000843 0.028035 0.376522 -3.081529 7.224014 7.080770 12.305403 12.130251 12.362158
0.146492 7.179999 -0.000030 -0.000356 0.028035 0.390312 -2.732084 7.159926 7.105831 12.864881 12.574515 12.915626
0.140858 7.143565 -0.000012 -0.000136 0.028035 0.405061 -2.417173 7.155572 7.134701 13.095664 13.049679 13.119872
0.132464 7.112470 -0.000006 0.000080 0.028035 0.407853 -2.119887 7.081963 7.136452 13.168279 13.139626 13.188511
0.119954 7.078913 0.000010 0.000207 0.028035 0.404484 -1.813641 7.078949 7.133175 13.540504 13.031077 13.571226
0.113520 7.074253 0.000010 0.000212 0.028035 0.411488 -1.513681 7.114526 7.171313 13.899500 13.256716 13.907151
0.108001 7.090693 0.000010 0.000290 0.028035 0.419191 -1.252860 7.127183 7.218807 14.410631 13.504905 14.390259
0.097361 7.104035 0.000018 0.000412 0.028035 0.430389 -1.017443 7.163799 7.285612 14.972390 13.865663 14.909341
0.088691 7.135037 0.000024 0.000541 0.028035 0.442621 -0.902801 7.207683 7.366209 15.164333 14.259730 15.054891
0.081495 7.192051 0.000031 0.000625 0.028035 0.443355 -0.910606 7.257730 7.426979 15.220575 14.283360 15.072231
0.070161 7.258950 0.000034 0.000603 0.025367 0.439528 -0.982141 7.340930 7.491180 14.894826 14.160068 14.719529
0.058818 7.336601 0.000030 0.000555 0.022953 0.422828 -1.043667 7.396644 7.539227 14.381240 13.622071 14.177502
0.050739 7.420418 0.000029 0.000427 0.020769 0.401842 -1.062185 7.505052 7.592962 13.854075 12.945970 13.610185
0.041002 7.503488 0.000018 0.000321 0.018793 0.382016 -1.029586 7.580725 7.662502 13.569926 12.307244 13.254988
0.034659 7.602003 0.000017 0.000217 0.017004 0.369717 -0.956555 7.728160 7.765587 13.460493 11.911005 13.063582
0.044545 7.791446 0.000008 -0.000093 0.015386 0.364664 -0.886288 7.975997 7.902095 12.931422 11.748211 12.531217
0.039282 7.875269 -0.000015 0.000096 0.013922 0.351292 -0.802421 7.896952 8.001678 12.375743 11.317407 11.957563
0.026607 7.899820 0.000021 0.000366 0.012597 0.335997 -0.680927 7.993587 8.082965 11.768867 10.824660 11.339405
0.028030 8.010402 0.000018 0.000261 0.011398 0.319540 -0.546831 8.105462 8.157317 11.099789 10.294479 10.670613
0.028030 8.108092 0.000011 0.000177 0.010314 0.302068 -0.382588 8.179799 8.221998 10.918943 9.731603 10.399871
0.028027 8.197211 0.000009 0.000089 0.009332 0.297272 -0.195927 8.313762 8.322141 10.692701 9.577092 10.155955
0.028061 8.274232 0.000002 0.000172 0.008444 0.293489 0.017404 8.339030 8.413773 10.408222 9.455211 9.877195
0.027826 8.354232 0.000015 0.000214 0.007641 0.288642 -1.479457 8.448762 8.490188 10.324448 9.299066 9.757948
0.027046 8.421262 0.000009 0.000248 0.006913 0.287709 -1.321038 8.487886 8.571919 10.105773 9.268984 9.558799
0.027817 8.495534 0.000017 0.000274 0.006256 0.284148 -1.185246 8.573977 8.636605 10.119773 9.154274 9.529960
0.027950 8.568855 0.000013 0.000243 0.005660 0.285408 -1.065774 8.648206 8.713278 10.404361 9.194879 9.740022
0.027110 8.623988 0.000014 0.000321 0.005122 0.294051 -0.967986 8.709149 8.808885 10.123290 9.473308 9.565984
0.025380 8.684888 0.000021 0.000445 0.005518 0.289901 -0.887026 8.721658 8.852664 9.978927 9.339605 9.419813
0.023466 8.742045 0.000027 0.000397 0.007222 0.285544 -0.815570 8.813611 8.896859 9.699809 9.199239 9.171674
0.023465 8.799138 0.000017 0.000351 0.007222 0.278396 -0.758675 8.830823 8.930351 9.307301 8.968949 8.821952
0.021668 8.848053 0.000021 0.000296 0.007222 0.268070 -0.695023 8.891081 8.951365 9.010818 8.636292 8.523022
0.018391 8.894415 0.000013 0.000205 0.007222 0.258818 -0.623681 8.929454 8.978041 8.712433 8.338241 8.230120
0.013643 8.935342 0.000010 0.000153 0.007222 0.249084 -0.542275 8.972394 9.006113 8.703496 8.024644 8.142762
0.010558 8.977959 0.000007 0.000101 0.007222 0.245868 -0.461196 9.041085 9.061971 8.601430 7.921027 8.034637
0.011203 9.035723 0.000005 0.000094 0.007222 0.242967 -0.389261 9.090241 9.118153 8.567900 7.827551 7.978664
0.012549 9.089156 0.000006 0.000104 0.007222 0.242622 -0.322898 9.152276 9.179242 8.433326 7.816447 7.872376
0.013857 9.150377 0.000006 0.000104 0.007222 0.240926 -0.257971 9.202174 9.229673 8.514647 7.761795 7.911438
0.013814 9.203269 0.000006 0.000095 0.007222 0.243174 -0.186291 9.269215 9.292102 8.677375 7.834221 8.040373
0.014868 9.250109 0.000005 0.000151 0.007222 0.248413 -0.142685 9.307699 9.360777 8.412084 8.003003 7.894675
0.016946 9.311402 0.000011 0.000177 0.006535 0.244854 -0.113259 9.349721 9.391196 8.431575 7.888367 7.878915
0.019904 9.381397 0.000009 0.000035 0.005913 0.244965 -0.063351 9.453688 9.437166 8.695260 7.891918 8.063867
0.020688 9.428179 -0.000003 0.000032 0.005350 0.251630 -0.036312 9.477205 9.505701 9.069539 8.106661 8.380933
0.020910 9.466666 0.000006 0.000140 0.004841 0.262352 -0.118607 9.541456 9.585019 9.189722 8.452085 8.557870
0.022573 9.510898 0.000009 0.000266 0.004380 0.268751 -0.174886 9.550205 9.641361 9.163671 8.658218 8.599222
0.023270 9.543058 0.000019 0.000353 0.005036 0.270806 -0.199239 9.581026 9.675217 9.369470 8.724440 8.764027
0.024777 9.584828 0.000019 0.000325 0.005213 0.276824 -0.216454 9.643619 9.721929 9.494658 8.918329 8.909023
0.025692 9.623013 0.000016 0.000355 0.005213 0.281814 -0.222899 9.656341 9.761849 9.363810 9.079080 8.871298
0.038094 9.788037 0.000022 -0.000094 0.005846 0.280354 -0.212604 9.918004 9.789078 9.460734 9.032052 8.931953
0.032855 9.792418 -0.000025 -0.000012 0.006813 0.281235 -0.174728 9.729000 9.826463 9.592495 9.060435 9.034917
0.016255 9.676550 0.000020 0.000538 0.006813 0.283246 -0.133442 9.680577 9.857458 9.160860 9.125205 8.767374
0.016265 9.728097 0.000036 0.000465 0.009684 0.273496 -0.063407 9.769195 9.847603 9.179937 8.811087 8.692981
0.018545 9.785575 0.000016 0.000223 0.009684 0.270220 0.303315 9.830558 9.873280 8.924066 8.705575 8.492961
0.020430 9.834849 0.000009 0.000138 0.009684 0.264241 0.192191 9.857167 9.888321 9.072132 8.512952 8.536642
0.021539 9.884817 0.000007 0.000013 0.009684 0.265917 -0.003159 9.955267 9.936301 9.420327 8.566927 8.784052
0.022224 9.933357 -0.000003 0.000011 0.009684 0.273067 4.450471 9.989589 10.009767 9.341507 8.797280 8.800471
0.019916 9.965381 0.000005 0.000159 0.009684 0.273308 4.001606 9.993052 10.052366 9.608558 8.805060 8.977883
0.019914 10.010361 0.000012 0.000151 0.009684 0.278564 3.599482 10.093655 10.117612 9.882493 8.974380 9.207172
0.020551 10.051029 0.000005 0.000239 0.009684 0.286116 3.239891 10.095417 10.189442 10.300429 9.217668 9.552842
0.020545 10.090225 0.000019 0.000356 0.009684 0.297701 2.918471 10.179655 10.273104 10.578635 9.590895 9.848614
0.020829 10.140427 0.000019 0.000476 0.009684 0.307328 2.632712 10.194415 10.345207 10.695725 9.901047 10.022134
0.021962 10.188188 0.000031 0.000564 0.009684 0.312888 2.378508 10.251890 10.398190 10.445824 10.080174 9.920116
0.022906 10.233767 0.000030 0.000590 0.008763 0.309951 2.150532 10.250871 10.413350 10.406637 9.985554 9.868574
0.023709 10.278695 0.000033 0.000484 0.008976 0.308421 1.940012 10.337348 10.436279 10.473457 9.936252 9.898853
0.023923 10.322509 0.000021 0.000409 0.008976 0.309617 1.747095 10.357069 10.471333 10.767533 9.974805 10.101390
0.023397 10.368097 0.000024 0.000371 0.008976 0.315756 1.569086 10.445436 10.529525 11.395626 10.172562 10.564944
0.023950 10.420049 0.000018 0.000393 0.008976 0.330280 1.412478 10.505450 10.624288 11.446189 10.640492 10.751722
0.025500 10.480178 0.000025 0.000518 0.008976 0.335949 1.277211 10.529597 10.679513 11.237087 10.823111 10.683729
0.027366 10.533673 0.000031 0.000524 0.008976 0.333707 1.155536 10.572714 10.700710 10.948079 10.750886 10.482811
0.029975 10.594173 0.000027 0.000383 0.008976 0.327611 1.040151 10.628384 10.707099 10.758683 10.554500 10.303541
0.033483 10.661016 0.000017 0.000165 0.008976 0.322225 0.924212 10.704770 10.720139 10.772321 10.380969 10.258138
0.035198 10.713768 0.000004 0.000023 0.008976 0.321319 0.810271 10.754791 10.753326 10.986104 10.351805 10.385148
0.036940 10.764046 0.000001 -0.000038 0.008976 0.325562 0.701848 10.826273 10.809221 10.615632 10.488505 10.207346
0.037752 10.815578 -0.000003 -0.000023 0.008976 0.319937 0.601827 10.818010 10.820844 10.752902 10.307286 10.235246
0.036505 10.852099 0.000001 -0.000112 0.008122 0.320051 0.496201 10.917885 10.862485 11.000231 10.310939 10.391384
0.034652 10.893178 -0.000010 -0.000110 0.007349 0.324238 0.412244 10.932989 10.925130 11.156030 10.445837 10.535164
0.031296 10.935427 -0.000001 -0.000037 0.006650 0.327045 0.345037 10.998760 10.987542 12.013115 10.536267 11.084223
0.028993 10.977965 -0.000002 0.000034 0.006017 0.343125 0.330292 11.088974 11.114229 11.730953 11.054309 11.096047
0.027670 11.023810 0.000005 0.000325 0.005444 0.342479 0.357456 11.030161 11.163670 10.973767 11.033509 10.633861
0.027990 11.078837 0.000027 0.000305 0.007325 0.327238 0.373134 11.112613 11.150023 10.707384 10.542483 10.295288
0.043780 11.303219 0.000008 -0.000550 0.007325 0.316587 0.373885 11.469955 11.179595 10.619735 10.199356 10.115111
0.039319 11.305680 -0.000058 -0.000453 0.015567 0.311653 0.345721 11.210594 11.228537 11.031695 10.040394 10.296362
0.022455 11.173980 0.000004 0.000196 0.015567 0.317845 0.276136 11.230366 11.308760 11.260469 10.239865 10.500802
0.023387 11.235424 0.000016 0.000263 0.015567 0.324552 0.235426 11.327681 11.389637 10.831847 10.455937 10.328663
0.025428 11.301682 0.000013 0.000316 0.015567 0.319393 0.200623 11.313373 11.413332 10.327713 10.289738 9.972291
0.026661 11.369704 0.000020 0.000157 0.015567 0.308360 0.100120 11.418051 11.412251 10.197631 9.934287 9.762206
0.026755 11.418569 -0.000001 -0.000023 0.015567 0.301768 -0.251341 11.441743 11.435644 10.143877 9.721915 9.649317
0.026367 11.458145 -0.000001 -0.000081 0.015567 0.298601 -0.079608 11.507737 11.474364 10.149681 9.619914 9.612579
0.023976 11.489145 -0.000006 -0.000053 0.015567 0.297386 0.406935 11.520060 11.521631 10.131438 9.580770 9.585705
0.021350 11.521558 0.000001 0.000000 0.015567 0.296218 0.296598 11.570351 11.569218 10.207777 9.543110 9.612474
0.020065 11.563150 -0.000000 0.000022 0.015567 0.296674 0.205425 11.614837 11.626058 6.982027 9.557804 7.794798
0.017813 11.599902 0.000002 0.000094 0.015567 0.237563 0.164533 11.365328 11.400817 7.831988 7.653458 7.520592
0.014715 11.629510 0.000007 -0.000821 0.014085 0.228300 0.152376 11.856287 11.439117 7.559529 7.355054 7.242997
0.009236 11.628613 -0.000084 -0.000681 0.022502 0.219197 0.269580 11.464147 11.475739 6.646686 7.061780 6.611113
0.004172 11.641172 0.000002 -0.000594 0.022502 0.198519 0.366473 11.746915 11.456406 5.913261 6.395610 5.929297
0.003266 11.695511 -0.000059 -0.000859 0.022502 0.176262 0.393934 11.612699 11.438627 5.348697 5.678570 5.318120
0.001852 11.727112 -0.000035 -0.001036 0.022502 0.156913 0.376783 11.790132 11.438964 4.882420 5.055205 4.797752
-0.000543 11.740072 -0.000071 -0.001081 0.022502 0.141209 0.320629 11.685089 11.454141 4.771731 4.549268 4.519518
-0.002010 11.761618 -0.000047 -0.001104 0.022502 0.133546 0.225678 11.842069 11.504116 4.474346 4.302382 4.246533
-0.002296 11.795283 -0.000069 -0.001046 0.022502 0.126081 0.107185 11.772718 11.548096 3.891961 4.061883 3.822883
-0.002576 11.823858 -0.000046 -0.000990 0.022502 0.113609 -0.162958 11.850083 11.560986 3.827924 3.660082 3.615641
-0.001112 11.845064 -0.000059 -0.001020 0.022502 0.108444 0.031810 11.855556 11.603900 3.523584 3.493686 3.376794
0.001054 11.863079 -0.000052 -0.000931 0.022502 0.103233 -0.635615 11.871681 11.632402 3.359849 3.325816 3.216722
0.013727 12.002720 -0.000050 -0.001330 0.022502 0.100214 -0.531759 12.110493 11.672375 3.442620 3.228537 3.221916
0.012804 11.968507 -0.000090 -0.001064 0.024133 0.102691 -0.438890 11.873421 11.720492 3.161293 3.308357 3.106555
0.002404 11.826248 -0.000033 -0.000380 0.024133 0.100740 -0.326712 11.775799 11.718357 3.249031 3.245489 3.134943
0.010796 11.912445 -0.000013 -0.000697 0.024133 0.102750 -0.167947 12.022069 11.738072 3.732909 3.310239 3.432445
0.010609 11.901958 -0.000059 -0.000589 0.024133 0.112830 0.100427 11.842401 11.790992 4.424166 3.634979 3.950436
0.003300 11.819049 -0.000012 -0.000101 0.024133 0.129419 -0.169626 11.868577 11.862007 4.566068 4.169426 4.256733
0.001677 11.816590 -0.000003 0.000163 0.024133 0.138257 -0.184379 11.809283 11.891747 4.390721 4.454177 4.287876
0.001481 11.821779 0.000015 0.000251 0.024133 0.137916 -0.315192 11.826291 11.879266 4.148711 4.443182 4.159630
0.003685 11.826587 0.000009 0.000189 0.024133 0.133290 -0.412903 11.801373 11.848547 3.532925 4.294159 3.770749
0.006368 11.827833 0.000008 0.000074 0.024133 0.121268 -0.432778 11.783207 11.780682 3.296450 3.906852 3.490451
0.008980 11.832313 -0.000002 -0.000185 0.024133 0.112988 -0.357770 11.818840 11.733088 3.474331 3.640073 3.486036
0.010298 11.827997 -0.000018 -0.000341 0.024133 0.113473 -0.206805 11.820997 11.728253 3.591275 3.655700 3.564353
0.009148 11.812678 -0.000020 -0.000303 0.021836 0.115848 0.078064 11.800455 11.731128 29.290971 3.732235 17.646713
0.008807 11.799383 -0.000015 -0.000245 0.019758 0.574595 -0.510139 14.007579 13.947006 19.037501 18.511488 18.073826
0.008838 11.789025 -0.000013 0.007750 0.017878 0.586987 -0.340416 10.059646 13.776671 19.381363 18.910691 18.463579
0.016089 11.876584 0.000746 0.006824 0.200693 0.597863 -0.266949 13.370814 13.627343 19.909718 19.261089 18.932669
0.030340 12.029745 0.000054 0.005737 0.200693 0.610573 4.120167 11.012951 13.523644 20.046223 19.670568 19.208114
0.039608 12.103396 0.000508 0.005101 0.200693 0.619398 3.431639 13.008221 13.414087 20.231682 19.954885 19.460059
0.047654 12.169356 0.000087 0.004470 0.200693 0.627927 2.742439 11.522188 13.313538 20.576918 20.229654 19.797279
0.058515 12.280640 0.000365 0.003709 0.200693 0.638880 1.954778 12.917416 13.240262 20.001704 20.582518 19.657341
0.066245 12.393939 0.000071 0.003039 0.200693 0.633368 0.899928 11.924957 13.105430 19.713553 20.404929 19.462705
0.066207 12.470137 0.000243 0.002282 0.200693 0.623851 -1.800008 12.846526 12.982145 21.792592 20.098329 20.511305
0.067940 12.522303 0.000034 0.001651 0.200693 0.652765 -0.045471 12.409361 13.082596 21.822618 21.029855 20.929155
0.070176 12.562944 0.000141 0.001866 0.200693 0.648458 63.252907 12.754329 13.099150 21.484044 20.891086 20.685782
0.068176 12.605245 0.000075 0.001774 0.200693 0.640186 56.872309 12.537228 13.101009 22.247794 20.624590 20.990051
0.077890 12.756392 0.000119 0.001238 0.200693 0.649751 51.117001 13.072017 13.206842 21.468545 20.932754 20.689547
0.079650 12.742890 0.000033 0.001666 0.181595 0.642431 45.931842 12.525897 13.206755 19.960583 20.696916 19.771535
0.067835 12.621917 0.000142 0.002100 0.164314 0.615125 41.253806 12.635091 13.084630 20.042738 19.817213 19.458764
0.097757 13.077784 0.000096 0.000025 0.148677 0.604778 37.041611 13.451431 13.103437 20.335367 19.483882 19.481805
0.093112 12.979146 -0.000065 0.000446 0.134529 0.607428 33.262240 12.674913 13.164603 19.350857 19.569256 18.985932
0.057775 12.513104 0.000103 0.002340 0.121726 0.593411 29.857383 12.364780 13.080576 19.428485 19.117670 18.849207
0.059888 12.560965 0.000149 0.001866 0.110143 0.589208 26.799315 12.744777 13.055479 19.948339 18.982270 19.081491
0.067080 12.591073 0.000067 0.001668 0.099661 0.598798 24.064359 12.551608 13.092536 19.640289 19.291208 19.049759
0.075141 12.615717 0.000113 0.001712 0.090177 0.602065 21.610318 12.697175 13.075026 19.867078 19.396470 19.233136
0.083122 12.649557 0.000081 0.001528 0.081596 0.612069 19.405578 12.652138 13.073154 19.976493 19.718746 19.445806
0.092807 12.700489 0.000089 0.001338 0.073831 0.622493 17.423228 12.761447 13.058164 19.710321 20.054578 19.460457
0.101551 12.748380 0.000064 0.001113 0.066805 0.625394 15.640205 12.708171 12.997432 18.888102 20.148033 19.070886
0.107218 12.769861 0.000063 0.000817 0.060448 0.613585 14.032042 12.710316 12.865778 19.226964 19.767613 19.145280
0.110615 12.762089 0.000036 0.000372 0.054695 0.615633 12.579303 12.756779 12.808681 19.937332 19.833565 19.603989
0.111871 12.730302 0.000015 0.000281 0.049490 0.629674 11.274631 12.718089 12.809812 19.945385 20.285936 19.815943
0.111016 12.687187 0.000022 0.000440 0.044781 0.634671 10.102593 12.633031 12.768115 20.006137 20.446933 19.942474
0.109638 12.627250 0.000031 0.000506 0.040519 0.636572 9.052416 12.584527 12.715930 19.380336 20.508161 19.636885
0.108888 12.580957 0.000030 0.000485 0.036663 0.624766 8.109793 12.480622 12.604955 20.080745 20.127826 19.914598
0.110448 12.553947 0.000028 0.000183 0.033174 0.632166 7.262800 12.608537 12.595785 20.562825 20.366202 20.302704
0.114527 12.535371 0.000000 0.000217 0.030017 0.644730 6.512968 12.493832 12.606737 20.306123 20.770995 20.329356
0.119534 12.530779 0.000025 0.000273 0.027161 0.646153 5.843438 12.520158 12.558963 20.208457 20.816817 20.313028
0.125836 12.530806 0.000010 0.000101 0.024576 0.646548 5.245343 12.486745 12.503566 19.997539 20.829554 20.219166
0.133217 12.537159 0.000006 -0.000121 0.022237 0.644947 4.703729 12.505580 12.435014 20.671989 20.777971 20.623961
0.141123 12.551003 -0.000012 -0.000417 0.020121 0.659680 4.211203 12.578181 12.437453 21.264717 21.252635 21.176009
0.148196 12.572488 -0.000026 -0.000485 0.018206 0.678566 3.764670 12.568977 12.452001 22.149590 21.861051 21.953180
0.153831 12.582895 -0.000022 -0.000470 0.016474 0.703334 3.360766 12.618969 12.490029 22.505374 22.659006 22.481135
0.159615 12.581819 -0.000025 -0.000330 0.014906 0.719737 3.000151 12.538821 12.485929 22.377160 23.187458 22.620846
0.165336 12.579768 -0.000010 -0.000337 0.013488 0.723474 2.672781 12.542491 12.425279 22.507021 23.307855 22.773989
0.169333 12.579297 -0.000023 -0.000553 0.012204 0.727046 2.375549 12.539526 12.371464 22.858349 23.422940 23.059099
0.172204 12.586365 -0.000033 -0.000772 0.011043 0.733444 2.107693 12.575038 12.344156 23.079593 23.629044 23.291822
0.175267 12.589760 -0.000046 -0.000882 0.012362 0.737814 1.873754 12.554049 12.321227 22.564111 23.769822 23.044414
0.178041 12.591878 -0.000047 -0.000972 0.012538 0.727066 1.661984 12.517931 12.244082 22.335632 23.423567 22.805090
0.180570 12.593297 -0.000055 -0.001254 0.014821 0.717134 1.463101 12.559559 12.184973 22.776424 23.103601 22.967698
0.185162 12.607386 -0.000076 -0.001517 0.020336 0.720759 1.270716 12.617369 12.198936 23.346384 23.220382 23.345928
0.190020 12.626699 -0.000085 -0.001536 0.022795 0.731988 1.078523 12.645053 12.252603 23.925561 23.582127 23.816986
0.199406 12.740067 -0.000080 -0.001751 0.022795 0.745141 0.906535 12.845761 12.331032 23.598271 24.005871 23.875292
0.200437 12.739922 -0.000105 -0.001468 0.028168 0.745882 0.768858 12.620023 12.336692 22.996823 24.029760 23.613835
0.197553 12.670120 -0.000059 -0.001197 0.028168 0.735566 0.608586 12.620921 12.280758 23.115961 23.697402 23.519965
0.205939 12.759194 -0.000070 -0.001718 0.028168 0.732319 0.412918 12.819558 12.278347 23.540665 23.592816 23.655641
0.207892 12.774602 -0.000111 -0.001782 0.029775 0.736384 0.128799 12.734129 12.323465 24.944444 23.723757 24.328626
0.203756 12.720550 -0.000085 -0.001426 0.029775 0.758198 -0.662406 12.815192 12.468678 25.986833 24.426538 25.155427
0.204347 12.717515 -0.000072 -0.000894 0.029775 0.783481 -0.556774 12.774231 12.628419 25.968419 25.241076 25.562782
0.206817 12.745045 -0.000032 -0.000419 0.029775 0.795705 -0.581067 12.784561 12.702946 25.728831 25.634871 25.666204
0.209284 12.794416 -0.000019 -0.000328 0.029775 0.798076 -0.646452 12.810420 12.720214 26.420036 25.711254 26.000017
0.214083 12.862278 -0.000020 -0.000510 0.029775 0.807596 -0.727640 12.965026 12.795681 26.944209 26.017980 26.379517
0.222248 12.976180 -0.000036 -0.000648 0.029775 0.818901 -0.853650 13.065158 12.893785 26.280865 26.382186 26.354362
0.227565 13.056758 -0.000037 -0.000585 0.029775 0.818282 -0.962422 13.041281 12.901325 24.836726 26.362245 25.850149
0.232629 13.125257 -0.000030 -0.000804 0.029775 0.802899 -1.005350 13.060587 12.791867 24.083336 25.866651 25.295814
0.261582 13.602524 -0.000056 -0.002911 0.029775 0.790026 -0.939957 13.881941 12.718800 26.565913 25.451920 25.594313
0.263196 13.591651 -0.000236 -0.003135 0.063436 0.799978 -0.789183 13.455702 12.902368 28.797144 25.772528 26.354399
0.242077 13.227102 -0.000114 -0.001166 0.063436 0.830678 -0.476995 13.305641 13.196261 28.862244 26.761589 27.046105
0.243168 13.279121 -0.000025 -0.000298 0.063436 0.851255 -0.135789 13.439465 13.386107 27.062713 27.424513 26.987086
0.246495 13.360642 -0.000014 0.000091 0.063436 0.847840 0.050503 13.266313 13.352290 26.344908 27.314498 26.729523
0.249810 13.441379 0.000014 -0.000320 0.063436 0.838493 -0.675957 13.497629 13.277397 27.248890 27.013362 26.777925
0.250220 13.474948 -0.000047 -0.000709 0.063436 0.838959 -0.625213 13.477159 13.317509 27.964780 27.028377 26.990056
0.260039 13.686812 -0.000035 -0.001326 0.063436 0.844208 -0.701711 13.935469 13.435373 25.696448 27.197495 26.579360
0.254734 13.631450 -0.000103 -0.000704 0.063436 0.829317 -0.862579 13.258499 13.325244 24.128964 26.717732 25.855501
0.240847 13.428174 0.000011 -0.000370 0.063436 0.801066 -0.793205 13.340166 13.111789 26.243090 25.807589 25.866132
0.243844 13.512250 -0.000048 -0.001438 0.063436 0.801029 -0.589124 13.687558 13.189476 27.483108 25.806395 26.210804
0.246930 13.605260 -0.000102 -0.001493 0.063436 0.811731 -0.356262 13.684341 13.375973 27.748986 26.151183 26.514954
0.249960 13.698910 -0.000065 -0.001160 0.057399 0.821193 -0.238212 13.848663 13.546366 26.087404 26.456033 26.288171
0.253181 13.817815 -0.000063 -0.000975 0.051937 0.813992 -0.360178 13.761276 13.541650 23.818891 26.224012 25.551651
0.255864 13.923161 -0.000047 -0.001370 0.046995 0.790343 -0.337208 13.844793 13.371925 20.968725 25.462148 24.312965
0.256123 13.965175 -0.000098 -0.002131 0.042523 0.750177 -0.019578 13.673112 13.042882 22.015249 24.168137 23.640912
0.251095 13.919992 -0.000130 -0.003150 0.038476 0.724450 11.893082 13.931420 12.944518 25.116546 23.339291 23.838114
0.242137 13.809451 -0.000202 -0.003106 0.054200 0.732585 10.685954 13.865485 13.184620 25.547828 23.601360 24.123703
0.232876 13.718633 -0.000141 -0.001918 0.054200 0.743447 9.591331 13.769386 13.406255 27.300714 23.951306 24.880526
0.228236 13.688745 -0.000077 -0.001015 0.054200 0.769373 8.619802 13.913723 13.723995 25.570107 24.786566 24.842686
0.227100 13.700656 -0.000042 0.000084 0.054200 0.768720 7.769162 13.597925 13.789383 23.612046 24.765502 24.186589
0.227538 13.733335 0.000035 0.000201 0.054200 0.748198 7.006531 13.741970 13.684085 23.377595 24.104362 23.691371
0.229484 13.761293 -0.000015 -0.000277 0.054200 0.733721 6.322862 13.713937 13.628991 21.276447 23.637982 22.725901
0.231193 13.781242 -0.000020 -0.000547 0.054200 0.704540 5.694586 13.630978 13.440107 20.437361 22.697848 21.860677
0.233502 13.792980 -0.000041 -0.001267 0.054200 0.678733 5.099126 13.727206 13.280020 20.511268 21.866444 21.344534
0.234812 13.790783 -0.000093 -0.001834 0.054200 0.663957 4.525736 13.724516 13.213968 23.482918 21.390416 21.928869
0.231908 13.761717 -0.000106 -0.001967 0.054200 0.684425 3.976146 13.972333 13.449598 28.176842 22.049827 23.812291
0.228543 13.721174 -0.000108 -0.000975 0.054200 0.747718 3.510076 14.049808 14.006316 28.519532 24.088897 25.222435
0.227276 13.705196 -0.000012 0.001081 0.049042 0.793723 3.176071 13.812448 14.359146 26.967835 25.571015 25.662221
0.227428 13.746032 0.000107 0.002202 0.044375 0.806920 2.941139 13.813627 14.418562 25.645522 25.996183 25.516318
0.228551 13.826359 0.000119 0.002127 0.040152 0.800514 2.760105 13.806238 14.329034 24.432012 25.789813 25.011720
0.229620 13.887084 0.000104 0.001587 0.036331 0.782635 2.592071 13.834406 14.167484 24.024697 25.213809 24.525741
0.229884 13.893682 0.000066 0.000983 0.032874 0.766209 2.417255 13.838328 14.037328 23.581136 24.684609 24.056115
0.227442 13.839953 0.000040 0.000709 0.029746 0.750983 2.219674 13.745879 13.922217 23.566321 24.194099 23.748738
0.221011 13.778548 0.000035 0.000516 0.026915 0.740540 1.986731 13.750423 13.853591 26.976269 23.857651 24.727710
0.222001 13.913699 0.000021 -0.000216 0.024354 0.770102 1.748674 14.313863 14.129145 30.715651 24.810042 26.582408
0.216774 13.886191 -0.000037 0.000873 0.022036 0.831810 1.594380 14.054479 14.615274 26.762136 26.798050 26.357510
0.208288 13.777641 0.000113 0.003008 0.030292 0.822777 1.517183 13.553067 14.528407 23.089761 26.507052 24.750753
0.212674 13.890973 0.000197 0.002289 0.052849 0.772656 1.450714 13.865939 14.169306 21.316015 24.892330 23.160187
0.219584 13.980672 0.000062 0.000677 0.052849 0.725604 1.320860 13.763356 13.841340 19.221996 23.376482 21.527046
0.226316 14.010562 0.000017 -0.000608 0.052849 0.678537 1.014835 13.849253 13.499188 19.300905 21.860128 20.612092
0.231367 13.988907 -0.000069 -0.001759 0.052849 0.653565 0.440782 13.879436 13.326965 17.581212 21.055609 19.586637
0.228886 13.929519 -0.000110 -0.002164 0.052849 0.621889 -1.241980 13.669292 13.086927 19.828574 20.035119 19.666718
0.221221 13.860428 -0.000117 -0.002778 0.052849 0.623249 -0.368700 13.995485 13.146425 25.318175 20.078939 21.594185
0.217331 13.798758 -0.000171 -0.002343 0.052849 0.686126 1.594431 14.094206 13.664488 25.228472 22.104626 22.789529
0.217789 13.772142 -0.000087 -0.000387 0.052849 0.723884 1.237272 13.784485 13.945249 23.879242 23.321043 23.056396
0.219042 13.792577 0.000031 0.000548 0.052849 0.731537 1.068023 13.847296 13.978227 25.883620 23.567607 23.934705
0.220939 13.835428 0.000025 0.000513 0.052849 0.758027 1.131537 14.026107 14.164121 26.576337 24.421016 24.715309
0.222741 13.869585 0.000027 0.001058 0.052849 0.781507 1.464277 13.930652 14.320953 23.261743 25.177477 24.085298
0.223887 13.898661 0.000078 0.001517 0.047819 0.759998 1.769865 13.707490 14.113146 20.373854 24.484535 22.714559
0.226628 13.912630 0.000081 0.000720 0.043269 0.716018 1.852428 13.721455 13.737806 18.302065 23.067625 21.170389
0.226586 13.882352 0.000004 -0.000519 0.039151 0.666162 1.721362 13.599181 13.340372 24.723188 21.461445 22.254363
0.220996 13.797843 -0.000052 -0.001643 0.035425 0.703581 1.433329 14.238686 13.668033 30.590222 22.666951 25.030449
0.212852 13.690941 -0.000115 -0.000082 0.032054 0.801579 1.227362 13.937556 14.355135 27.681289 25.824132 25.777524
0.209856 13.659299 0.000083 0.002499 0.029004 0.824276 1.148122 13.597208 14.446066 22.857366 26.555336 24.333141
0.215216 13.750548 0.000171 0.002498 0.045848 0.778527 1.102882 13.553603 14.056897 18.715089 25.081474 21.983742
0.225112 13.879577 0.000102 0.000637 0.045848 0.709294 0.894349 13.590107 13.488916 16.676167 22.851008 19.963771
0.235044 13.950174 -0.000019 -0.001657 0.045848 0.650702 0.390207 13.704534 13.001348 17.324622 20.963381 18.964932
0.237988 13.908134 -0.000140 -0.003257 0.045848 0.620357 -1.163730 13.756514 12.777527 17.763559 19.985768 18.491466
0.232352 13.778223 -0.000197 -0.003594 0.052882 0.603697 -0.459082 13.603524 12.685530 15.133739 19.449059 17.381213
0.218357 13.621998 -0.000185 -0.003363 0.052882 0.558117 1.572737 13.263802 12.406202 20.339929 17.980619 18.408690
0.201357 13.462933 -0.000174 -0.003795 0.052882 0.592492 0.823857 13.826153 12.715791 27.442045 19.088061 22.113538
0.190943 13.314770 -0.000226 -0.002151 0.060640 0.723780 0.288946 13.627701 13.497727 27.701382 23.317696 24.224166
0.185807 13.232069 -0.000029 0.000954 0.060640 0.793523 1.565286 13.294448 13.850045 28.133588 25.564572 25.462571
0.185773 13.267846 0.000109 0.002091 0.060640 0.830546 1.986967 13.468605 14.013867 28.302504 26.757339 26.116809
0.192485 13.383046 0.000107 0.002265 0.060640 0.847723 2.473921 13.448147 14.084334 22.964180 27.310710 23.836955
0.198090 13.479821 0.000126 0.002171 0.060640 0.777453 2.772427 13.129487 13.648210 19.419904 25.046856 21.159144
0.201962 13.529876 0.000104 0.000425 0.060640 0.693470 2.765018 13.363848 13.150037 18.989786 22.341222 19.620746
0.205170 13.510865 -0.000043 -0.001296 0.060640 0.645826 2.516852 13.338814 12.896454 21.079426 20.806281 19.727212
0.203008 13.441681 -0.000089 -0.001958 0.060640 0.650803 2.063054 13.547583 12.974584 27.581046 20.966638 22.661902
0.192786 13.375693 -0.000116 -0.001441 0.060640 0.756369 1.546000 13.809866 13.586381 31.841358 24.367596 26.398602
0.182390 13.335789 -0.000046 0.000900 0.060640 0.886462 1.264858 13.602488 14.207283 30.101237 28.558762 27.230443
0.179224 13.367025 0.000120 0.003018 0.060640 0.906027 1.448254 13.311971 14.256573 26.799608 29.189065 25.680659
0.181076 13.465179 0.000189 0.002842 0.054869 0.850567 1.645008 13.381225 13.970912 23.813080 27.402362 23.396792
0.189161 13.547231 0.000119 0.001522 0.049647 0.780783 1.620429 13.369813 13.618321 19.400384 25.154146 20.258721
0.208264 13.727410 0.000051 -0.000392 0.044923 0.701771 1.374071 13.516187 13.131930 14.418464 22.608638 16.979374
0.212120 13.705601 -0.000076 -0.002060 0.040648 0.601028 0.784385 13.149252 12.481417 14.593244 19.363043 15.306092
0.203582 13.504140 -0.000134 -0.003673 0.036780 0.540460 -0.506431 13.375795 12.171433 14.695871 17.411762 14.420296
0.197701 13.407292 -0.000242 -0.004438 0.065132 0.507432 1.491354 13.197753 12.060284 16.540008 16.347700 14.827577
0.181854 13.287020 -0.000230 -0.004406 0.065132 0.516740 0.093058 13.375054 12.199578 22.883516 16.647576 18.558361
0.167784 13.165007 -0.000239 -0.003467 0.065132 0.637039 -13.898349 13.535944 12.835096 24.963472 20.523202 21.294740
0.161704 13.070388 -0.000144 -0.000845 0.065132 0.719026 -12.492985 13.081718 13.242400 22.962768 23.164542 21.189636
0.156976 13.038368 0.000029 0.000733 0.065132 0.710842 -11.276384 12.986249 13.204557 23.307578 22.900890 21.374080
0.160792 13.098335 0.000041 0.000381 0.065132 0.712736 -10.206886 13.223154 13.229085 23.196482 22.961904 21.407657
0.168758 13.148533 -0.000001 0.000289 0.065132 0.713790 -9.274061 13.109111 13.241305 22.127465 22.995866 20.870184
0.169777 13.154289 0.000024 0.000312 0.065132 0.697259 -8.444001 13.115376 13.157547 21.587516 22.463292 20.434514
0.164129 13.135414 0.000007 0.000079 0.065132 0.680608 -7.685546 13.075751 13.079640 20.999852 21.926846 19.964840
0.156328 13.095604 -0.000001 -0.000057 0.065132 0.660332 -6.983433 13.031366 13.001116 20.181475 21.273615 19.309436
0.147542 13.068199 -0.000008 -0.000241 0.065132 0.633469 -6.321403 13.003271 12.913430 23.311577 20.408199 20.831497
0.141116 13.037409 -0.000019 -0.000445 0.058934 0.677093 -5.699183 13.315659 13.176768 27.056554 21.813605 23.553061
0.138089 12.990989 -0.000029 0.000667 0.053325 0.763996 -5.190236 13.184404 13.611340 25.217892 24.613311 23.620467
0.134295 12.974249 0.000084 0.002288 0.048251 0.765679 -4.766234 12.858379 13.599885 23.745372 24.667542 22.852587
0.135037 12.998151 0.000148 0.002161 0.043659 0.739551 -4.364246 13.030264 13.460008 20.654936 23.825801 20.818039
0.142924 13.034079 0.000086 0.001530 0.039504 0.674827 -3.969971 12.763071 13.143356 13.911761 21.740623 16.209241
0.150873 13.061445 0.000077 0.000294 0.035745 0.528203 -3.518562 12.623492 12.458513 11.647398 17.016886 13.167173
0.156997 13.052114 -0.000032 -0.002132 0.032343 0.433065 -2.972195 12.930925 12.053786 13.179173 13.951865 12.957517
0.158551 12.975000 -0.000176 -0.003308 0.047286 0.430878 -2.397948 12.943476 12.079124 14.309040 13.881418 13.637585
0.146887 12.826787 -0.000174 -0.002685 0.047286 0.453233 -1.643687 12.770396 12.190850 16.466066 14.601612 15.209198
0.129956 12.674575 -0.000118 -0.001737 0.047286 0.497421 -0.856517 12.759064 12.400368 19.270540 16.025181 17.404752
0.125016 12.555418 -0.000074 -0.000557 0.047286 0.563631 -0.156207 12.672999 12.696370 17.366591 18.158265 17.121810
0.124756 12.442391 0.000003 0.000912 0.047286 0.554792 0.640569 12.189481 12.602548 15.004255 17.873498 15.666227
0.121461 12.337282 0.000081 0.000953 0.047286 0.508066 0.281949 12.207534 12.328031 17.652424 16.368157 16.716937
0.119433 12.227033 0.000023 0.000363 0.047286 0.543370 -0.476233 12.353633 12.428931 19.686160 17.505530 18.370176
0.113737 12.110637 0.000014 0.001143 0.047286 0.597688 -0.535753 12.104713 12.585575 18.689598 19.255440 18.442307
0.104978 12.026283 0.000096 0.002009 0.047286 0.596769 -0.950555 11.914634 12.480740 16.617314 19.225856 17.237669
0.102667 12.000606 0.000114 0.001724 0.047286 0.552984 -1.144643 11.843927 12.207269 16.201729 17.815239 16.512716
0.107542 12.003569 0.000073 0.000732 0.047286 0.527269 -1.136270 11.991827 12.047443 18.176744 16.986797 17.420063
0.110898 11.970356 0.000012 0.000277 0.042787 0.557894 -1.020476 12.056027 12.142582 22.085508 17.973433 20.142125
0.106428 11.884465 0.000018 0.000927 0.038715 0.647179 -0.949298 12.102623 12.472178 25.373797 20.849881 23.163340
0.098554 11.793387 0.000075 0.002438 0.035031 0.743407 -1.118617 11.937003 12.795303 24.879705 23.950007 23.990960
0.093216 11.730553 0.000174 0.003824 0.046663 0.767155 -1.383642 11.645748 12.769182 21.222117 24.715103 22.094837
0.090697 11.714953 0.000228 0.003786 0.061192 0.702292 -1.594013 11.468416 12.361859 18.527946 22.625432 19.766992
0.093427 11.731760 0.000182 0.002263 0.061192 0.623669 -1.497931 11.588288 11.944702 17.908511 20.092485 18.520866
0.100525 11.750663 0.000075 0.000697 0.061192 0.583318 -1.120021 11.691801 11.736536 20.291179 18.792489 19.524189
0.103816 11.735313 0.000012 0.000004 0.061192 0.618147 -0.505113 11.899655 11.865946 23.342817 19.914560 21.784872
0.101835 11.708980 -0.000004 0.000564 0.061192 0.692247 0.251089 11.852747 12.146555 22.456131 22.301829 22.091966
0.096368 11.714357 0.000062 0.001552 0.061192 0.699144 -0.249351 11.616981 12.116672 22.524853 22.524012 22.231420
0.099764 11.764832 0.000103 0.001264 0.061192 0.699049 -0.168637 11.883185 12.081560 21.598889 22.520956 21.684965
0.112655 11.829953 0.000043 0.000904 0.061192 0.682103 -0.714605 11.707673 11.976705 19.244883 21.975004 20.077195
0.120738 11.872628 0.000057 0.000374 0.061192 0.632603 -0.318154 11.768627 11.730332 21.620936 20.380307 21.005665
0.124939 11.900777 -0.000005 -0.000612 0.061192 0.663941 1.301068 12.113726 11.854605 23.468748 21.389903 22.500285
0.127126 11.915828 -0.000050 -0.000220 0.061192 0.712877 0.950630 11.937186 12.040402 20.990607 22.966440 21.530620
0.124541 11.917382 0.000023 0.000442 0.055369 0.679301 0.659416 11.730766 11.857328 18.493509 21.884759 19.649619
0.150176 12.301086 0.000027 -0.001594 0.050100 0.614641 0.041766 12.464235 11.608597 19.381630 19.801611 19.490798
0.142878 12.181823 -0.000170 -0.002059 0.045745 0.610581 -12.053433 11.919595 11.629620 21.266618 19.670825 20.609581
0.106215 11.707234 -0.000057 -0.000279 0.045745 0.645126 -10.815293 11.675270 11.775307 23.820140 20.783752 22.558353
0.098047 11.664205 0.000021 0.000399 0.045745 0.704881 -9.713541 11.917789 12.026633 26.506931 22.708851 24.862009
0.092807 11.631207 0.000022 0.001420 0.045745 0.776461 -8.760891 11.730211 12.315360 23.969186 25.014891 24.129501
0.092324 11.638877 0.000118 0.002429 0.045745 0.751212 -7.942052 11.475429 12.157331 19.173611 24.201462 20.947363
0.095377 11.678083 0.000138 0.001721 0.045745 0.647231 -7.186340 11.405647 11.674847 17.895826 20.851570 19.006930
0.111223 11.797552 0.000056 -0.000441 0.045745 0.586055 -6.455119 11.855610 11.431651 16.818753 18.880684 17.669090
0.118983 11.803000 -0.000083 -0.001334 0.045745 0.548307 -5.750664 11.582698 11.290572 16.890755 17.664562 17.302944
0.114133 11.708363 -0.000058 -0.001500 0.045745 0.540425 -5.063729 11.742014 11.265471 17.956425 17.410630 17.879955
0.114718 11.693181 -0.000095 -0.001536 0.045745 0.560685 -4.424338 11.701288 11.355415 17.459925 18.063329 17.800271
0.115968 11.685583 -0.000069 -0.001186 0.045745 0.558251 -3.840109 11.620866 11.336280 17.937029 17.984934 18.078327
0.124995 11.742908 -0.000057 -0.001460 0.041392 0.567486 -3.301862 11.836401 11.372802 18.741388 18.282458 18.686889
0.127894 11.686775 -0.000094 -0.001128 0.037453 0.589338 -2.834153 11.606739 11.443865 19.876550 18.986431 19.642187
0.119524 11.537745 -0.000034 -0.000337 0.033889 0.621304 -2.435406 11.559484 11.530186 22.054775 20.016284 21.363821
0.114321 11.460915 -0.000007 0.000249 0.030664 0.675395 -2.139748 11.558248 11.699447 22.703671 21.758918 22.353133
0.109846 11.393687 0.000028 0.001098 0.027746 0.704976 -1.980718 11.343693 11.750526 21.231899 22.711921 21.748724
0.104704 11.348461 0.000081 0.001444 0.025105 0.681962 -1.887687 11.224357 11.582401 19.489257 21.970478 20.422894
0.100374 11.332235 0.000072 0.000898 0.022716 0.634741 -1.765814 11.204084 11.342931 20.755688 20.449161 20.724209
0.099975 11.317588 0.000028 0.000091 0.020554 0.641438 -1.614974 11.434884 11.366890 23.390083 20.664920 22.445529
0.099975 11.290849 -0.000013 0.000273 0.018598 0.697529 -1.511016 11.411158 11.594823 24.882716 22.471992 23.969907
0.095562 11.283169 0.000037 0.001119 0.016829 0.746014 -1.461638 11.389138 11.772017 26.385410 24.034021 25.423419
0.095549 11.310716 0.000077 0.001657 0.020801 0.790600 -1.463851 11.451211 11.929119 25.122035 25.470405 25.105736
0.102986 11.375696 0.000097 0.001988 0.026028 0.780167 -1.542739 11.285174 11.843667 22.281678 25.134306 23.217361
0.113032 11.477658 0.000113 0.001314 0.030489 0.719936 -1.568605 11.385091 11.560512 21.284639 23.193852 21.960896
0.124186 11.562815 0.000037 -0.000008 0.030489 0.681301 -1.458007 11.539980 11.395728 20.435699 21.949171 21.024866
0.133536 11.618200 -0.000027 -0.000799 0.030489 0.654612 -1.223458 11.549967 11.287165 20.689774 21.089345 20.916765
0.138009 11.642416 -0.000052 -0.001276 0.030489 0.653885 -0.860826 11.681841 11.288155 21.078660 21.065925 21.164331
0.136549 11.623042 -0.000078 -0.001203 0.030489 0.662405 -0.375380 11.577103 11.322745 21.474597 21.340404 21.511529
0.131673 11.576727 -0.000051 -0.000912 0.030489 0.671375 0.617547 11.588025 11.359741 23.394356 21.629397 22.829952
0.129212 11.528997 -0.000046 -0.000608 0.030489 0.712335 0.133299 11.634321 11.529213 24.259402 22.948990 23.802792
0.127269 11.495136 -0.000021 0.000122 0.030489 0.743094 -0.539977 11.497047 11.639065 24.979530 23.939928 24.580422
0.122474 11.467652 0.000028 0.000616 0.030489 0.765973 -0.594704 11.533990 11.711777 26.254687 24.677018 25.628992
0.120369 11.472216 0.000036 0.000860 0.030489 0.797100 -0.964221 11.559157 11.824179 25.591444 25.679829 25.530530
0.122127 11.516476 0.000053 0.001105 0.030489 0.791849 -1.290614 11.474692 11.785770 23.071011 25.510641 23.880994
0.124949 11.587185 0.000063 0.000713 0.027588 0.736851 -1.442319 11.466321 11.555053 20.497947 23.738806 21.681351
0.127772 11.677335 0.000018 -0.000439 0.024963 0.664100 -1.373155 11.566037 11.287172 21.113540 21.395005 21.293875
0.127827 11.730375 -0.000055 -0.001592 0.022587 0.649854 -1.161574 11.837518 11.307166 25.590866 20.936069 23.925655
0.125296 11.713450 -0.000106 -0.001459 0.028576 0.735057 -0.990947 12.016511 11.750110 27.656920 23.681015 26.104446
0.118779 11.668936 -0.000054 0.000292 0.028576 0.806574 -1.029833 11.734516 12.085632 26.819292 25.985058 26.339005
0.136944 11.964299 0.000070 0.000436 0.028576 0.813336 -1.182515 12.220228 12.145602 24.868932 26.202885 25.197000
0.132372 11.929077 -0.000015 0.000778 0.028576 0.776559 -1.291089 11.580861 12.008655 22.765997 25.018072 23.492727
0.111022 11.634274 0.000086 0.001345 0.028576 0.722315 -1.262983 11.482356 11.776569 20.882239 23.270522 21.733581
0.118241 11.661725 0.000059 0.000412 0.028576 0.668673 -1.112809 11.598801 11.558664 19.035772 21.542358 20.005022
0.124343 11.687932 -0.000008 -0.000464 0.028576 0.617434 -0.784955 11.542592 11.354946 18.762938 19.891614 19.288571
0.126448 11.690629 -0.000037 -0.001206 0.028576 0.597827 -0.177779 11.711506 11.290962 18.897726 19.259934 19.165635
0.121640 11.655014 -0.000084 -0.001307 0.028576 0.594164 2.579289 11.578515 11.296062 21.968312 19.141931 21.044224
0.112007 11.594129 -0.000057 -0.001070 0.028576 0.652321 2.154087 11.850906 11.570154 26.665570 21.015555 24.581381
0.104031 11.539361 -0.000057 0.000111 0.028576 0.763534 1.885827 11.778458 12.055408 29.611415 24.598427 27.600375
0.103260 11.532637 0.000055 0.001877 0.025857 0.859608 1.834824 11.769256 12.436405 30.282597 27.693602 29.053487
0.109413 11.594901 0.000134 0.003022 0.035972 0.907069 1.921779 11.679185 12.576023 30.104672 29.222639 29.460515
0.121333 11.740653 0.000181 0.003000 0.048570 0.920948 2.154131 11.866062 12.568720 29.368529 29.669792 29.162714
0.135147 11.925827 0.000142 0.002309 0.048570 0.911997 2.443247 11.947600 12.478393 26.428450 29.381415 27.254141
0.146056 12.085390 0.000108 0.001411 0.048570 0.850010 2.525795 11.940395 12.183866 22.945995 27.384402 24.437842
0.154895 12.217876 0.000051 -0.000122 0.048570 0.758544 2.358668 12.056248 11.803654 20.781922 24.437676 22.116226
0.160390 12.311286 -0.000049 -0.001823 0.048570 0.683097 1.923000 12.199348 11.538449 23.647431 22.007032 23.073137
0.161076 12.336923 -0.000131 -0.002868 0.048570 0.714001 1.288115 12.588763 11.760077 27.986416 23.002656 26.084099
0.154240 12.286174 -0.000166 -0.001889 0.048570 0.811007 0.679438 12.474850 12.243435 27.866177 26.127869 27.064971
0.148044 12.247347 -0.000047 -0.000014 0.048570 0.840696 0.264388 12.215587 12.394069 24.886368 27.084350 25.564001
0.149674 12.302786 0.000036 0.000328 0.048570 0.790478 -0.150817 12.182573 12.194968 22.721994 25.466489 23.684412
0.159314 12.420776 0.000002 -0.000811 0.048570 0.728559 1.619237 12.374131 11.980341 20.734714 23.471671 21.779072
0.173703 12.510149 -0.000079 -0.001903 0.048570 0.670642 1.179582 12.382408 11.796765 18.922732 21.605788 20.027139
0.181172 12.518444 -0.000118 -0.002592 0.043948 0.623525 0.441279 12.395376 11.637035 16.153456 20.087821 17.840103
0.176778 12.463318 -0.000153 -0.002967 0.041242 0.553536 -1.752704 12.177623 11.379615 13.403220 17.833044 15.383504
0.164890 12.373095 -0.000162 -0.003568 0.043559 0.471827 -0.881599 12.146601 11.096091 14.476249 15.200653 15.161337
0.157102 12.256679 -0.000213 -0.004168 0.057375 0.460364 0.808469 12.282131 11.149539 17.769672 14.831357 17.061448
0.153506 12.108376 -0.000231 -0.003443 0.062029 0.524790 -1.172327 12.223332 11.499383 20.061630 16.906924 19.165850
0.143155 11.933610 -0.000149 -0.001559 0.062029 0.595442 -0.112248 11.974495 11.815468 22.480866 19.183090 21.423937
0.132102 11.789513 -0.000036 0.000093 0.062029 0.667224 4.018217 11.926556 12.097901 23.113703 21.495656 22.579836
0.126330 11.701446 0.000031 0.001424 0.062029 0.703874 3.675611 11.661207 12.198104 22.289715 22.676392 22.454747
0.126000 11.652210 0.000105 0.001960 0.062029 0.699498 3.466056 11.611592 12.110094 19.840390 22.535410 20.874616
0.129813 11.634451 0.000098 0.001708 0.062029 0.649578 3.271673 11.419807 11.829598 18.712430 20.927183 19.648879
0.134764 11.584344 0.000081 0.000881 0.062029 0.612803 2.951563 11.524552 11.613650 18.577016 19.742397 19.194575
0.132439 11.479219 0.000017 0.000483 0.062029 0.602846 2.522286 11.342228 11.499483 19.838416 19.421624 19.915997
0.119178 11.343924 0.000031 0.000559 0.062029 0.625090 1.938896 11.381304 11.519951 24.934666 20.138247 23.412471
0.109342 11.212130 0.000027 0.001105 0.062029 0.735201 1.409463 11.491347 11.903725 27.777985 23.685649 26.353013
0.105934 11.128505 0.000082 0.002784 0.062029 0.829633 1.227069 11.191934 12.179905 27.853809 26.727935 27.361370
0.107571 11.116471 0.000198 0.003819 0.056126 0.860885 1.367834 11.153411 12.170872 28.586369 27.734759 28.161212
0.123812 11.179208 0.000205 0.003561 0.055227 0.888672 1.569306 11.273450 12.145310 26.189133 28.629974 26.886264
0.149218 11.278032 0.000177 0.003115 0.055227 0.854479 1.656974 11.070734 11.847619 20.887340 27.528390 23.067974
0.168534 11.390348 0.000159 0.001642 0.055227 0.737273 1.271798 11.072051 11.227904 18.660250 23.752415 20.550412
0.180447 11.478807 0.000034 -0.000901 0.055227 0.660668 0.123492 11.364094 10.812876 18.785874 21.284448 19.932284
0.190165 11.478533 -0.000108 -0.002391 0.055227 0.646864 -14.205729 11.354132 10.663489 17.960796 20.839740 19.330479
0.187848 11.390648 -0.000137 -0.002611 0.055227 0.624480 -12.650649 11.171032 10.487376 22.292603 20.118593 21.728487
0.175554 11.299514 -0.000136 -0.002917 0.055227 0.702272 -11.240352 11.590201 10.756491 28.751189 22.624797 26.871562
0.171560 11.234426 -0.000167 -0.001716 0.055227 0.858908 -10.028366 11.479312 11.333791 29.115128 27.671065 28.497883
0.173052 11.217079 -0.000030 0.000419 0.055227 0.906291 -9.027410 11.132103 11.446931 27.226946 29.197596 27.630565
0.181720 11.299631 0.000063 0.000529 0.055227 0.875371 -8.157312 11.263329 11.261877 24.495707 28.201433 25.573383
0.203283 11.476111 -0.000000 -0.000769 0.055227 0.824728 -7.360868 11.326050 10.963013 21.634503 26.569918 23.450426
0.223982 11.674075 -0.000073 -0.002554 0.049971 0.771559 -6.578684 11.525924 10.607549 25.689683 24.856964 24.167134
0.240131 11.811147 -0.000185 -0.004323 0.049782 0.791193 -5.828518 12.111298 10.799881 25.642139 25.489518 24.606065
0.250324 11.858974 -0.000265 -0.003804 0.071253 0.804532 -5.145506 11.670306 10.918981 19.115284 25.919245 22.983231
0.241435 11.851261 -0.000154 -0.003348 0.071253 0.743042 -4.416493 11.407955 10.424140 26.278469 23.938255 24.138876
0.227497 11.848725 -0.000201 -0.005116 0.071253 0.775558 -3.679614 12.403607 10.768864 35.067587 24.985828 28.087592
0.227969 11.793896 -0.000332 -0.003681 0.089347 0.897663 -3.179639 12.177499 11.742738 30.428008 28.919625 28.650637
0.227229 11.686811 -0.000092 0.000201 0.089347 0.916401 -2.977078 11.424631 11.867516 27.512835 29.523277 27.922118
0.225081 11.695594 0.000084 0.000617 0.089347 0.890764 -2.781605 11.738600 11.676560 28.805443 28.697361 27.999403
0.234347 11.815001 -0.000016 -0.000497 0.089347 0.891698 -2.599071 11.885463 11.699746 22.626616 28.727457 25.876049
0.246594 11.930695 -0.000041 -0.000829 0.089347 0.831346 -2.375204 11.439581 11.195542 16.281301 26.783111 22.703420
0.255404 11.989919 -0.000053 -0.002853 0.089347 0.737299 -1.844110 11.522513 10.367304 11.121158 23.753234 19.262512
0.255243 11.947003 -0.000236 -0.005673 0.089347 0.624615 -0.769583 11.194798 9.433478 11.398056 20.122960 16.961915
0.245699 11.771228 -0.000358 -0.008396 0.096329 0.539445 2.525670 11.478275 8.913156 17.666717 17.379054 17.223853
0.226256 11.506734 -0.000521 -0.009314 0.140130 0.548566 1.159207 11.554364 9.197377 24.185714 17.672901 19.965632
0.203337 11.290188 -0.000481 -0.007516 0.140130 0.659002 -1.839034 11.641753 9.969563 26.966448 21.230773 23.018478
0.192299 11.194403 -0.000345 -0.004399 0.140130 0.763628 -0.890530 11.332260 10.587784 26.329270 24.601468 23.970063
0.193031 11.197055 -0.000159 -0.002188 0.140130 0.788924 -1.286374 11.238226 10.798046 25.237443 25.416425 23.714336
0.203812 11.255440 -0.000098 -0.001643 0.140130 0.781033 -2.281889 11.253741 10.828316 21.701076 25.162211 21.872987
0.216766 11.343558 -0.000095 -0.001850 0.140130 0.731586 -2.685282 11.116265 10.580693 21.706941 23.569185 21.137833
0.227037 11.416329 -0.000116 -0.003001 0.140130 0.710966 -2.614445 11.495425 10.503302 23.496621 22.904885 21.551370
0.232719 11.426354 -0.000208 -0.003315 0.140130 0.724212 -2.426263 11.422241 10.646751 20.500077 23.331633 20.775739
0.226608 11.382986 -0.000164 -0.002644 0.140130 0.694695 -2.036022 11.106850 10.475642 22.555038 22.380698 21.133526
0.212391 11.325449 -0.000135 -0.003052 0.140130 0.700077 -1.437959 11.515396 10.575691 28.580015 22.554079 24.058747
0.206971 11.275151 -0.000197 -0.002512 0.140130 0.793233 -1.172523 11.603779 11.166461 28.791479 25.555230 25.621172
0.208860 11.237444 -0.000096 -0.000255 0.126795 0.841288 -1.989168 11.224086 11.453270 25.249805 27.103400 24.714484
0.206340 11.248012 0.000038 0.000737 0.114728 0.808739 -2.377229 11.106946 11.272537 26.321432 26.054790 24.828373
0.206869 11.305393 0.000026 -0.000118 0.103811 0.808751 -2.508887 11.487196 11.298868 21.920286 26.055172 22.733581
0.209949 11.339444 -0.000044 -0.000146 0.093932 0.741370 -2.531047 10.863863 10.945546 15.508761 23.884386 18.720341
0.208824 11.333167 0.000011 -0.001392 0.084993 0.608007 -2.153794 10.984702 10.260399 13.625958 19.587905 15.823034
0.201749 11.279859 -0.000151 -0.003661 0.076905 0.503926 -1.402186 11.000690 9.847052 11.855180 16.234773 13.470300
0.187788 11.135303 -0.000237 -0.004627 0.069586 0.410041 -0.171006 10.864463 9.597347 13.827461 13.210116 13.662088
0.172530 10.974660 -0.000261 -0.004946 0.070095 0.413327 8.285267 11.116175 9.788435 16.565312 13.315990 15.600130
0.155015 10.855313 -0.000274 -0.003831 0.073548 0.473253 7.343804 10.927464 10.175963 18.446878 15.246577 17.387767
0.141874 10.780271 -0.000158 -0.002170 0.073548 0.526665 6.578919 10.939120 10.512997 18.870360 16.967322 18.109648
0.159204 10.989419 -0.000093 -0.001711 0.073548 0.549935 6.011246 11.194140 10.725120 17.171479 17.717004 17.110032
