0.000000 -0.000547 0.000000 0.000000 0.000000 0.000000 0.000000 0.000000 0.000000 10.412069 0.000000 10.412069
0.000000 -0.001513 0.000000 0.000000 0.000000 0.000000 0.000000 0.000000 0.000000 10.412330 0.000000 10.412330
0.000000 -0.000672 0.000000 0.000000 0.000000 0.000000 0.000000 0.000000 0.000000 10.411972 0.000000 10.411972
0.000000 0.104395 0.000000 0.000000 0.000000 0.000000 0.000000 0.000000 0.000000 10.413748 0.000000 10.413748
0.000000 0.422479 0.000000 0.000000 0.000000 0.000000 0.000000 0.000000 0.000000 10.417436 0.000000 10.417436
0.000000 0.835105 0.000000 0.000000 0.000000 0.000000 0.000000 0.000000 0.000000 10.414548 0.000000 10.414548
1.005378 1.205906 0.000000 0.000000 0.000000 0.000000 0.000000 0.000000 0.000000 10.415541 0.000000 10.415541
1.005184 1.431983 0.000000 0.000000 0.000000 0.000000 0.000000 0.000000 0.000000 10.410565 0.000000 10.410565
1.003060 1.401886 0.000000 0.000000 0.000000 0.000000 0.000000 0.000000 0.000000 10.397824 0.000000 10.397824
0.991862 1.291652 0.000000 0.000000 0.000000 0.000000 0.000000 0.000000 0.000000 10.390780 0.000000 10.390780
0.972874 1.256969 0.000000 0.000000 0.000000 0.000000 0.000000 0.000000 0.000000 10.389493 0.000000 10.389493
0.941416 1.242472 0.000000 0.000000 0.000000 0.000000 0.000000 0.000000 0.000000 10.386141 0.000000 10.386141
0.877576 1.228998 0.000000 0.000000 0.000000 0.000000 0.000000 0.000000 0.000000 10.391275 0.000000 10.391275
0.774885 1.231998 0.000000 0.000000 0.000000 0.000000 0.000000 0.000000 0.000000 10.417757 0.000000 10.417757
0.666250 1.244620 0.000000 0.000000 0.000000 0.000000 0.000000 0.000000 0.000000 10.427439 0.000000 10.427439
0.543597 1.266142 0.000000 0.000000 0.000000 0.000000 0.000000 0.000000 0.000000 10.428542 0.000000 10.428542
0.414678 1.304488 0.000000 0.000000 0.000000 0.000000 0.000000 0.000000 0.000000 10.438409 0.000000 10.438409
0.308079 1.351592 0.000000 0.000000 0.000000 0.000000 0.000000 0.000000 0.000000 10.438893 0.000000 10.438893
0.218845 1.417467 0.000000 0.000000 0.000000 0.000000 0.000000 0.000000 0.000000 10.440592 0.000000 10.440592
0.152875 1.502520 0.000000 0.000000 0.000000 0.000000 0.000000 0.000000 0.000000 10.438756 0.000000 10.438756
0.115166 1.599541 0.000000 0.000000 0.000000 0.000000 0.000000 0.000000 0.000000 10.427501 0.000000 10.427501
0.102000 1.713927 0.000000 0.000000 0.000000 0.000000 0.000000 0.000000 0.000000 10.425020 0.000000 10.425020
0.114317 1.835856 0.000000 0.000000 0.000000 0.000000 0.000000 0.000000 0.000000 10.422066 0.000000 10.422066
0.134725 1.959775 0.000000 0.000000 0.000000 0.000000 0.000000 0.000000 0.000000 10.412936 0.000000 10.412936
0.140731 2.086614 0.000000 0.000000 0.000000 0.000000 0.000000 0.000000 0.000000 10.413166 0.000000 10.413166
0.136605 2.206839 0.000000 0.000000 0.000000 0.000000 0.000000 0.000000 0.000000 10.416469 0.000000 10.416469
0.133618 2.316421 0.000000 0.000000 0.000000 0.000000 0.000000 0.000000 0.000000 10.404342 0.000000 10.404342
0.127941 2.416677 0.000000 0.000000 0.000000 0.000000 0.000000 0.000000 0.000000 10.393427 0.000000 10.393427
0.119307 2.509214 0.000000 0.000000 0.000000 0.000000 0.000000 0.000000 0.000000 10.397180 0.000000 10.397180
0.115223 2.603019 0.000000 0.000000 0.000000 0.000000 0.000000 0.000000 0.000000 10.402049 0.000000 10.402049
0.112112 2.704517 0.000000 0.000000 0.000000 0.000000 0.000000 0.000000 0.000000 10.409272 0.000000 10.409272
0.102732 2.800383 0.000000 0.000000 0.000000 0.000000 0.000000 0.000000 0.000000 10.418036 0.000000 10.418036
0.092118 2.893381 0.000000 0.000000 0.000000 0.000000 0.000000 0.000000 0.000000 10.415988 0.000000 10.415988
0.086454 2.991990 0.000000 0.000000 0.000000 0.000000 0.000000 0.000000 0.000000 10.401929 0.000000 10.401929
0.077461 3.086179 0.000000 0.000000 0.000000 0.000000 0.000000 0.000000 0.000000 10.401023 0.000000 10.401023
0.067453 3.178682 0.000000 0.000000 0.000000 0.000000 0.000000 0.000000 0.000000 10.414267 0.000000 10.414267
0.066676 3.280297 0.000000 0.000000 0.000000 0.000000 0.000000 0.000000 0.000000 10.413840 0.000000 10.413840
0.067123 3.387578 0.000000 0.000000 0.000000 0.000000 0.000000 0.000000 0.000000 10.412548 0.000000 10.412548
0.067455 3.496057 0.000000 0.000000 0.000000 0.000000 0.000000 0.000000 0.000000 10.412641 0.000000 10.412641
0.069785 3.599409 0.000000 0.000000 0.000000 0.000000 0.000000 0.000000 0.000000 10.407776 0.000000 10.407776
0.068057 3.694062 0.000000 0.000000 0.000000 0.000000 0.000000 0.000000 0.000000 10.409653 0.000000 10.409653
0.067411 3.798303 0.000000 0.000000 0.000000 0.000000 0.000000 0.000000 0.000000 10.413401 0.000000 10.413401
0.070426 3.912348 0.000000 0.000000 0.000000 0.000000 0.000000 0.000000 0.000000 10.410787 0.000000 10.410787
0.069097 4.016066 0.000000 0.000000 0.000000 0.000000 0.000000 0.000000 0.000000 10.408855 0.000000 10.408855
0.066192 4.112250 0.000000 0.000000 0.000000 0.000000 0.000000 4.112250 4.112250 10.406654 0.000000 10.406654
0.065426 4.203336 0.000000 -0.000327 0.000000 0.487892 0.000000 5.175657 5.020810 10.398396 15.718201 10.398396
0.065839 4.298809 -0.000031 0.002593 0.008370 0.150102 0.000620 3.137537 -2500.944465 10.398658 4.835764 10.398658
0.071431 4.429829 0.000271 -8.997601 0.073005 0.367530 0.900099 5.944466 -2249.926233 10.402670 11.840547 10.402670
0.068247 4.524084 -0.000196 -8.096453 0.073005 0.233803 0.108508 3.263503 -2024.605477 10.397830 7.532316 10.397830
0.056043 4.579852 0.000308 -7.287454 0.082843 0.312171 -5.101030 5.880599 -1821.439277 10.390540 10.057082 10.390540
0.050915 4.670047 -0.000171 -6.558143 0.082843 0.268153 -4.434997 3.730426 -1638.799523 17.376129 8.638958 17.376129
0.050535 4.776673 0.000259 -5.902608 0.082843 0.610298 -3.821762 6.368829 -1473.686746 17.238834 19.661712 17.238834
0.052396 4.884542 -0.000123 -5.310023 0.082843 0.442694 -3.231938 3.487703 -1326.039028 17.055458 14.262067 17.055458
0.061648 5.040513 0.000396 -4.780333 0.106397 0.508768 -2.771453 6.524195 -1192.689640 16.865001 16.390772 16.865001
0.071359 5.201674 -0.000173 -4.302011 0.106397 0.472663 -2.254117 4.184645 -1072.859521 16.685847 15.227586 16.685847
0.079062 5.338605 0.000296 -3.872155 0.106397 0.479495 -1.835755 6.387812 -964.913670 16.494177 15.447686 16.494177
0.091309 5.499716 -0.000127 -3.485065 0.106397 0.470187 -1.379722 4.879688 -867.781883 16.337851 15.147795 16.337851
0.099202 5.653427 0.000189 -3.136786 0.106397 0.468227 -0.868002 6.375275 -780.335495 16.093239 15.084665 16.093239
0.101674 5.804936 -0.000094 -2.823282 0.106397 0.457868 -0.048767 5.435835 -701.634280 15.828224 14.750938 15.828224
0.099894 5.952752 0.000110 -2.541172 0.106397 0.443181 15.014755 6.459396 -630.782467 15.590784 14.277771 15.590784
0.092904 6.079691 -0.000077 -2.287176 0.106397 0.432931 13.469257 5.889411 -566.982767 15.230200 13.947565 15.230200
0.080240 6.195243 0.000060 -2.058466 0.106397 0.416366 12.069586 6.550767 -509.554107 14.864665 13.413896 14.864665
0.068561 6.317498 -0.000050 -1.852660 0.106397 0.399746 10.806113 6.256274 -457.841556 14.441307 12.878443 14.441307
0.056686 6.429299 0.000034 -1.667345 0.106397 0.383012 9.671309 6.702798 -411.279391 13.973277 12.339343 13.973277
0.042826 6.535676 -0.000028 -1.500508 0.096272 0.365792 8.648212 6.543200 -369.356663 13.582079 11.784563 13.582079
0.034669 6.661615 0.000032 -1.350402 0.087111 0.352114 7.742198 6.911707 -331.599475 13.074562 11.343891 13.074562
0.029760 6.791220 -0.000012 -1.215269 0.078821 0.336581 6.940040 6.844413 -297.610823 12.613726 10.843468 12.613726
0.039244 7.016499 0.000031 -1.094014 0.071320 0.323178 6.213426 7.307171 -266.995087 12.192079 10.411675 12.192079
0.035418 7.138464 -0.000031 -0.984501 0.064533 0.312741 5.558496 7.157379 -239.427851 11.965260 10.075427 11.965260
0.024352 7.166367 0.000029 -0.885599 0.058392 0.309860 4.967288 7.336897 -214.605090 11.660822 9.982636 11.660822
0.030968 7.292212 0.000024 -0.796904 0.052835 0.306549 4.449191 7.401510 -192.270313 11.129369 9.875958 11.129369
0.037319 7.432558 0.000037 -0.717197 0.047807 0.296982 3.965150 7.565729 -172.191693 10.951156 9.567734 10.951156
0.042518 7.557301 0.000023 -0.645536 0.043258 0.296001 3.514872 7.670128 -154.097224 10.646545 9.536135 10.646545
0.046009 7.674404 0.000023 -0.580974 0.039141 0.291511 3.115882 7.773798 -137.824088 10.331658 9.391491 10.331658
0.045940 7.779092 0.000020 -0.522908 0.035417 0.284405 2.746296 7.864587 -123.182511 10.262643 9.162565 10.262643
0.045753 7.862939 0.000016 -0.470626 0.032046 0.283197 2.427523 7.956701 -109.982886 9.948386 9.123636 9.948386
0.044649 7.948489 0.000015 -0.423529 0.028997 0.275789 2.153138 8.013203 -98.118465 9.721597 8.884982 9.721597
0.040593 8.022949 0.000016 -0.381188 0.026237 0.268830 1.905697 8.103054 -87.432015 9.726699 8.660770 9.648088
0.037733 8.091617 0.000011 -0.343056 0.023740 0.267867 1.699617 8.174597 -77.787523 9.459994 8.629739 9.376454
0.035545 8.160174 0.000014 -0.308666 0.021481 0.261026 1.528401 8.220395 -69.120994 9.147067 8.409368 9.045307
0.032788 8.224683 0.000018 -0.277773 0.019437 0.252293 1.371382 8.291872 -61.322667 8.938736 8.128024 8.792384
0.032686 8.300488 0.000015 -0.250039 0.017587 0.246194 1.227882 8.377451 -54.290281 8.650887 7.931524 8.491481
0.038264 8.423119 0.000010 -0.225224 0.015914 0.238778 1.096711 8.521828 -47.956766 8.221089 7.692613 8.075194
0.034322 8.461049 -0.000006 -0.202614 0.014399 0.227688 0.969237 8.458102 -42.269308 7.781753 7.335309 7.635459
0.024784 8.451984 0.000015 -0.182156 0.013029 0.215861 0.836934 8.485675 -37.158593 7.813245 6.954295 7.560239
0.028875 8.549074 0.000016 -0.164151 0.011789 0.215183 0.711076 8.674033 -32.513587 7.805962 6.932467 7.520762
0.029524 8.593177 -0.000007 -0.147628 0.010667 0.216725 0.620172 8.603988 -28.327414 7.463131 6.982121 7.241390
0.024294 8.590320 0.000021 -0.132583 0.009652 0.210879 0.547188 8.620959 -24.594066 7.216624 6.793792 6.996321
0.026941 8.648074 0.000024 -0.119383 0.008734 0.205497 0.490037 8.706311 -21.233307 6.250980 6.620422 6.211143
0.028654 8.699236 0.000012 -0.107497 0.007903 0.182645 0.456723 8.661645 -18.271984 5.318936 5.884203 5.346191
0.028293 8.734105 0.000013 -0.096988 0.007150 0.156286 0.409667 8.743217 -15.620231 4.424211 5.035004 4.488303
0.024957 8.754578 -0.000013 -0.087538 0.006470 0.129798 0.363003 8.710876 -13.235541 3.730815 4.181653 3.780836
0.017245 8.741549 -0.000015 -0.078927 0.005854 0.106895 0.305706 8.727122 -11.076798 3.034465 3.443784 3.092964
0.012258 8.738576 -0.000024 -0.071163 0.006553 0.084909 0.269375 8.712362 -9.130638 1.941745 2.735489 2.116519
0.007693 8.749748 -0.000026 -0.064214 0.006981 0.053656 0.223344 8.711054 -7.411203 1.227006 1.728622 1.354320
0.002199 8.755401 -0.000036 -0.058059 0.009752 0.029040 0.162200 8.747524 -5.837898 0.638051 0.935567 0.728514
-0.003346 8.754611 -0.000048 -0.052406 0.012899 0.008902 0.079967 8.734566 -4.404361 0.334288 0.286801 0.342502
-0.008847 8.743898 -0.000046 -0.047220 0.012899 -0.003006 0.044749 8.755469 -3.085431 -0.207249 -0.096832 -0.160315
-0.014421 8.729314 -0.000045 -0.042431 0.012899 -0.018260 0.417303 8.698847 -1.913500 -0.684088 -0.588278 -0.637880
-0.019529 8.706916 -0.000031 -0.038141 0.012899 -0.032361 0.436765 8.705090 -0.859739 -1.076978 -1.042562 -1.043805
-0.023373 8.667063 -0.000031 -0.034214 0.012899 -0.042974 0.479865 8.633667 0.089966 -1.839153 -1.384466 -1.703211
-0.028096 8.616244 -0.000015 -0.030621 0.012899 -0.061062 0.501944 8.563006 0.903295 -2.260522 -1.967205 -2.147524
-0.033450 8.557039 -0.000008 -0.027487 0.012899 -0.072461 0.484110 8.526915 1.643318 -2.528428 -2.334430 -2.429359
-0.038552 8.485211 -0.000005 -0.024571 0.012899 -0.078459 0.461561 8.435081 2.310740 -3.149848 -2.527685 -2.953769
-0.047085 8.393668 0.000010 -0.021846 0.012899 -0.093009 0.425564 8.306764 2.865259 -3.632478 -2.996434 -3.413328
-0.056832 8.295638 0.000023 -0.019502 0.012899 -0.106776 0.359442 8.231763 3.353323 -4.114413 -3.439965 -3.868400
-0.064476 8.205356 0.000025 -0.017425 0.012899 -0.120630 0.285241 8.125938 3.780234 -4.705078 -3.886293 -4.414587
-0.073301 8.110784 0.000031 -0.015552 0.011672 -0.137785 0.187295 8.027893 4.142521 -5.264284 -4.438973 -4.947664
-0.083174 8.013641 0.000033 -0.013902 0.010561 -0.155308 0.079968 7.930907 4.458301 -5.957794 -5.003505 -5.600251
-0.093336 7.910620 0.000035 -0.012398 0.009556 -0.177141 -0.054085 7.811911 4.721053 -6.732703 -5.706874 -6.339000
-0.103701 7.802854 0.000039 -0.011068 0.010407 -0.201789 0.093620 7.706946 4.940571 -7.622914 -6.500939 -7.190890
-0.109117 7.749599 0.000038 -0.010088 0.010407 -0.229856 -0.064580 7.686749 5.124501 -8.183234 -7.405160 -7.743666
-0.102964 7.788272 0.000020 -0.009566 0.010407 -0.248024 0.243098 7.802241 5.323629 -8.731856 -7.990484 -8.279272
-0.096143 7.831323 -0.000017 -0.009006 0.010407 -0.264668 0.174600 7.790511 5.510321 -9.151484 -8.526697 -8.696389
-0.093907 7.831022 -0.000025 -0.008334 0.010407 -0.277918 0.102816 7.809430 5.688391 -9.613432 -8.953556 -9.146797
-0.091338 7.812676 -0.000036 -0.007629 0.010407 -0.291076 0.116937 7.758240 5.843786 -10.332937 -9.377474 -9.827819
-0.089418 7.780074 -0.000034 -0.006954 0.010407 -0.310930 0.071864 7.714960 5.954834 -10.580870 -10.017109 -10.092377
-0.084839 7.744802 -0.000038 -0.006428 0.010407 -0.316129 -0.098167 7.719949 6.085104 -10.765208 -10.184602 -10.271486
-0.079427 7.690509 -0.000045 -0.005766 0.012071 -0.317117 0.049335 7.616776 6.195463 -10.629368 -10.216433 -10.147704
-0.075891 7.612029 -0.000031 -0.005087 0.012071 -0.307464 -0.484429 7.572541 6.301429 -10.050368 -9.905419 -9.596302
-0.067939 7.552653 -0.000026 -0.004494 0.012071 -0.284246 -0.388458 7.524214 6.414024 -9.493273 -9.157426 -9.036471
-0.057207 7.494876 -0.000017 -0.003882 0.012071 -0.260575 -0.307813 7.442378 6.493081 -8.722916 -8.394843 -8.272611
-0.048194 7.427152 -0.000005 -0.003355 0.012071 -0.231026 -0.221582 7.386615 6.558133 -7.644491 -7.442863 -7.212051
-0.036429 7.369315 0.000001 -0.002913 0.012071 -0.193418 -0.147345 7.338048 6.621825 -6.664922 -6.231266 -6.220437
-0.023561 7.308544 0.000006 -0.002466 0.012071 -0.158411 -0.140358 7.247460 6.653015 -5.714030 -5.103452 -5.251702
-0.013031 7.238568 0.000016 -0.002103 0.012071 -0.125571 -0.133500 7.178682 6.658798 -4.799003 -4.045459 -4.314640
-0.003269 7.167088 0.000017 -0.001825 0.012071 -0.095294 -0.124395 7.092683 6.644498 -3.991258 -3.070049 -3.476525
0.004034 7.100459 0.000020 -0.001638 0.012071 -0.069863 -0.068935 7.027059 6.610473 -3.253510 -2.250734 -2.711624
0.005494 7.023145 0.000015 -0.001482 0.012071 -0.049692 0.105923 6.933344 6.565070 -2.558327 -1.600915 -1.998318
0.002854 6.924146 0.000015 -0.001290 0.010922 -0.032951 -0.014768 6.834039 6.518228 -1.831836 -1.061562 -1.266686
0.001278 6.815948 0.000017 -0.001069 0.009883 -0.014781 0.054242 6.734900 6.481425 -1.123059 -0.476185 -0.555599
0.000839 6.717103 0.000021 -0.000846 0.008942 0.004565 0.121080 6.646956 6.449083 -0.405850 0.147079 0.160974
-0.000417 6.636954 0.000025 -0.000675 0.008091 0.024066 0.108148 6.581163 6.420081 0.353196 0.775312 0.914659
-0.002313 6.568832 0.000026 -0.000534 0.007321 0.044075 0.094816 6.522484 6.398472 0.841437 1.419939 1.400029
-0.004374 6.508846 0.000028 -0.000396 0.007560 0.054910 0.133002 6.447935 6.359509 1.164595 1.768999 1.724474
-0.004903 6.457001 0.000030 -0.000350 0.008094 0.060914 0.156323 6.412015 6.317020 1.497524 1.962434 2.058882
-0.003694 6.409842 0.000024 -0.000333 0.008094 0.068664 0.165415 6.367921 6.286120 1.786044 2.212124 2.342869
0.009266 6.450247 0.000023 -0.000589 0.008094 0.075882 0.129378 6.479282 6.265706 2.192682 2.444657 2.743427
0.009381 6.413085 -0.000008 -0.000529 0.008094 0.086559 0.022231 6.338350 6.258666 2.754417 2.788626 3.292406
0.002152 6.319102 0.000016 -0.000217 0.008094 0.102938 -0.419260 6.300746 6.261753 3.313341 3.316324 3.827788
0.008415 6.320415 0.000021 -0.000211 0.008094 0.119635 -0.368265 6.335892 6.267361 3.814745 3.854217 4.304088
0.015259 6.335737 0.000012 -0.000246 0.008094 0.133851 -0.334846 6.332201 6.270787 4.066324 4.312227 4.529056
0.020850 6.357351 0.000011 -0.000311 0.008094 0.139352 -0.316518 6.356218 6.258190 4.303238 4.489455 4.757286
0.026803 6.389812 0.000001 -0.000473 0.008094 0.144020 -0.287464 6.400592 6.255257 4.601170 4.639834 5.046670
0.038820 6.443330 -0.000010 -0.000675 0.008094 0.151632 -0.288398 6.474179 6.270723 4.743121 4.885058 5.165869
0.052701 6.505808 -0.000024 -0.000844 0.008094 0.155476 -0.292703 6.518844 6.281964 4.923779 5.008889 5.335303
0.062946 6.555140 -0.000032 -0.000981 0.008726 0.161179 -0.258260 6.576820 6.301925 5.251137 5.192635 5.653040
0.086260 6.701875 -0.000042 -0.001436 0.011231 0.171624 -0.199004 6.806976 6.346977 5.626299 5.529131 6.007996
0.094420 6.730693 -0.000081 -0.001378 0.021653 0.183460 -0.126707 6.678065 6.393747 5.950854 5.910458 6.306947
0.092751 6.685613 -0.000047 -0.001048 0.021653 0.194097 0.107161 6.695142 6.426425 6.326575 6.253139 6.665588
0.110260 6.773586 -0.000045 -0.001247 0.021653 0.207204 -0.237180 6.842688 6.467488 8.278422 6.675396 8.691477
0.127932 6.876039 -0.000067 -0.001467 0.021653 0.275352 -0.022247 7.041270 6.646893 9.119670 8.870897 9.346501
0.140709 6.947402 -0.000072 -0.001079 0.021653 0.295944 3.818619 6.893808 6.698446 9.849129 9.534307 10.058025
0.141790 6.925519 -0.000033 -0.000815 0.021653 0.319480 3.418591 6.978097 6.748363 10.516145 10.292562 10.693159
0.133342 6.842984 -0.000041 -0.000340 0.021653 0.338938 3.055131 6.754219 6.777150 11.108105 10.919433 11.263303
0.124680 6.775397 0.000009 0.000006 0.021653 0.355308 2.727872 6.808646 6.793281 11.625456 11.446815 11.763493
0.118868 6.741139 0.000001 0.000187 0.021653 0.368057 2.427419 6.702573 6.803507 12.031761 11.857547 12.154378
0.114341 6.719257 0.000024 0.000303 0.021653 0.377417 2.153687 6.747662 6.810139 12.228947 12.159093 12.329628
0.109033 6.702437 0.000016 0.000387 0.021653 0.379712 1.882929 6.672296 6.805407 12.524289 12.233022 12.632577
0.105654 6.700827 0.000030 0.000376 0.019593 0.386498 1.608684 6.748827 6.820123 12.923840 12.451623 13.025270
0.100745 6.709386 0.000017 0.000398 0.017728 0.396346 1.350154 6.718648 6.849863 13.481267 12.768900 13.569805
0.094681 6.726183 0.000029 0.000444 0.016041 0.409941 1.121679 6.793782 6.899066 13.966775 13.206904 14.019566
0.090208 6.764781 0.000024 0.000482 0.014515 0.420501 0.957122 6.807256 6.951313 14.277876 13.547086 14.290828
0.087513 6.831764 0.000031 0.000429 0.013133 0.424947 0.848381 6.914533 7.002521 14.554171 13.690344 14.535163
0.084045 6.903581 0.000020 0.000355 0.011884 0.428792 0.797537 6.969481 7.067288 14.766991 13.814191 14.708774
0.079934 6.981148 0.000022 0.000309 0.010753 0.430587 0.788702 7.072833 7.141025 14.843180 13.872024 14.742285
0.075942 7.073179 0.000016 0.000244 0.009730 0.428317 0.805671 7.157393 7.218177 14.857002 13.798895 14.712802
0.070943 7.159701 0.000014 0.000210 0.008804 0.424379 0.822409 7.252999 7.303782 14.639322 13.672025 14.455097
0.068421 7.252588 0.000012 0.000184 0.007966 0.414612 0.830376 7.335863 7.382267 14.040346 13.357362 13.834001
0.065479 7.353406 0.000011 0.000104 0.007208 0.394531 0.802041 7.426471 7.438411 13.708414 12.710431 13.457551
0.061379 7.448597 0.000004 -0.000037 0.006522 0.382356 0.737750 7.552553 7.525686 13.571133 12.318197 13.262974
0.059781 7.555950 -0.000004 -0.000109 0.005901 0.376782 0.666693 7.666960 7.637004 13.217266 12.138621 12.881497
0.057427 7.669737 -0.000005 -0.000118 0.005340 0.365504 0.591298 7.765187 7.733505 12.965816 11.775276 12.581773
0.056017 7.776243 -0.000005 -0.000153 0.004832 0.356840 0.514947 7.887988 7.840678 12.373468 11.496172 11.991337
0.055796 7.878677 -0.000009 -0.000136 0.004372 0.340299 0.441503 7.947053 7.920303 11.642370 10.963268 11.264453
0.053347 7.975104 -0.000005 -0.000197 0.003956 0.319501 0.348654 8.056239 7.984478 11.449103 10.293226 10.983979
0.094492 8.448957 -0.000014 -0.001668 0.003679 0.310940 0.245079 8.863034 8.130829 11.439877 10.017423 10.898140
0.084363 8.443355 -0.000147 -0.001122 0.039417 0.311809 0.151223 8.230554 8.285025 11.361351 10.045431 10.796074
0.038156 8.105135 0.000011 0.000646 0.039417 0.314593 -1.120371 8.118535 8.380771 11.195352 10.135095 10.640244
0.042838 8.223505 0.000053 0.000565 0.039417 0.313271 -0.872990 8.399121 8.456683 11.371933 10.092523 10.751692
0.047223 8.346471 0.000012 0.000396 0.039417 0.319194 -0.642080 8.414932 8.556242 11.280537 10.283330 10.684141
0.047463 8.429272 0.000029 0.000456 0.039417 0.318989 -0.496887 8.526934 8.629734 10.723549 10.276723 10.220029
0.083438 8.875178 0.000021 -0.000881 0.039417 0.303745 -0.299085 9.192392 8.692898 10.792997 9.785615 10.172356
0.069665 8.869099 -0.000100 -0.000633 0.039417 0.301415 0.051708 8.697534 8.797586 10.504880 9.710546 9.913729
0.022377 8.554591 0.000020 0.000873 0.039417 0.293505 -0.891674 8.508891 8.841941 10.030978 9.455735 9.481690
0.021432 8.659258 0.000067 0.000656 0.039417 0.278605 -0.740359 8.829270 8.873392 9.860521 8.975689 9.234083
0.020547 8.754833 0.000009 0.000426 0.039417 0.270435 -0.599291 8.771760 8.938012 9.768146 8.712502 9.085996
0.024727 8.897198 0.000034 0.000147 0.039417 0.265979 -0.481688 9.088788 9.025170 10.003566 8.568936 9.203991
0.020805 8.950663 -0.000012 0.000268 0.035666 0.270847 -0.466001 8.964158 9.141715 9.980647 8.725750 9.199403
0.013447 8.962915 0.000036 0.000642 0.032272 0.272940 -0.609704 9.070382 9.232296 9.832170 8.793190 9.088112
0.014113 9.041379 0.000033 0.000686 0.029201 0.271457 -0.713364 9.107975 9.303004 9.281056 8.745403 8.665132
0.016411 9.111754 0.000040 0.000687 0.026422 0.260541 -0.766499 9.161074 9.330176 8.449070 8.393736 7.974510
0.018431 9.182337 0.000035 0.000531 0.023908 0.241283 -0.707666 9.204130 9.320175 8.257014 7.773306 7.678025
0.019206 9.241859 0.000024 0.000281 0.021633 0.234084 -0.569037 9.313850 9.354150 7.755734 7.541386 7.260580
0.018377 9.295441 0.000009 0.000211 0.019574 0.222404 -0.390067 9.299240 9.366805 7.616307 7.165078 7.063685
0.018330 9.349988 0.000014 0.000060 0.017711 0.216780 -0.135890 9.429587 9.404124 7.469844 6.983905 6.911527
0.018471 9.389786 -0.000004 0.000051 0.016026 0.213076 0.310897 9.399945 9.444690 6.810139 6.864573 6.420640
0.019947 9.456282 0.000010 -0.000042 0.014501 0.198261 0.078404 9.496648 9.441144 7.037973 6.387280 6.451113
0.018871 9.483978 -0.000010 -0.000154 0.013121 0.200108 -0.678589 9.530082 9.501667 7.167410 6.446783 6.555646
0.014860 9.474496 -0.000005 0.000098 0.011872 0.204802 -0.560429 9.492312 9.561234 7.393205 6.598032 6.752793
0.014193 9.501292 0.000014 0.000215 0.010742 0.212144 -0.473860 9.577202 9.623967 7.483906 6.834536 6.882366
0.012142 9.521051 0.000010 0.000370 0.009720 0.217003 -0.432252 9.532256 9.669801 7.553434 6.991095 6.977465
0.010329 9.538869 0.000028 0.000470 0.008795 0.220122 -0.414097 9.592764 9.705311 7.560836 7.091561 7.015529
0.009342 9.555920 0.000023 0.000537 0.007958 0.221755 -0.418335 9.567005 9.730931 7.589159 7.144170 7.055351
0.009920 9.575772 0.000034 0.000557 0.009032 0.223598 -0.412319 9.621245 9.753876 7.528608 7.203569 7.038059
0.010739 9.603637 0.000027 0.000540 0.009032 0.224034 -0.403233 9.617644 9.766945 8.005330 7.217591 7.371458
0.011948 9.636963 0.000031 0.000467 0.009032 0.235085 -0.371883 9.720503 9.822032 8.734457 7.573620 7.970771
0.015085 9.665691 0.000021 0.000561 0.009032 0.255373 -0.373120 9.722172 9.906729 8.546380 8.227252 8.039996
0.017144 9.704640 0.000038 0.000726 0.010212 0.258365 -0.376760 9.718196 9.914103 9.062188 8.323620 8.426536
0.020723 9.745426 0.000040 0.000606 0.010851 0.270814 -0.370613 9.831044 9.961070 8.913216 8.724699 8.454080
0.024285 9.781530 0.000027 0.000645 0.010851 0.272406 -0.375061 9.758213 9.959409 8.922024 8.775991 8.489788
0.026973 9.814992 0.000042 0.000519 0.011169 0.273493 -0.329507 9.873037 9.957589 8.797949 8.810997 8.431885
0.027684 9.836662 0.000018 0.000434 0.011169 0.271564 -0.266266 9.806435 9.944369 8.564973 8.748866 8.273561
0.025640 9.859390 0.000029 0.000305 0.011169 0.264887 -0.111007 9.885861 9.919977 9.391577 8.533747 8.774630
0.024932 9.875303 0.000008 0.000160 0.011169 0.279263 0.187550 9.940999 9.989652 9.591731 8.996888 9.051619
0.025189 9.898107 0.000011 0.000329 0.011169 0.287413 0.075108 9.915206 10.031910 9.711342 9.259461 9.216821
0.025318 9.928117 0.000024 0.000373 0.011169 0.291815 -0.105194 9.977501 10.060587 9.806815 9.401262 9.330032
0.025709 9.958595 0.000018 0.000366 0.011169 0.294698 -0.013097 9.978523 10.085440 9.752569 9.494171 9.329330
0.025988 9.986607 0.000023 0.000355 0.011169 0.293813 0.757014 10.015407 10.097890 9.454902 9.465641 9.131683
0.023600 10.006266 0.000018 0.000329 0.011169 0.286743 0.660013 9.998025 10.087800 9.832329 9.237888 9.316005
0.021744 10.029037 0.000019 0.000211 0.011169 0.291351 0.557756 10.105224 10.133301 9.899443 9.386338 9.407711
0.021110 10.059039 0.000007 0.000267 0.011169 0.293683 0.482705 10.066439 10.170223 9.755395 9.461452 9.339452
0.019952 10.093901 0.000022 0.000274 0.010106 0.290604 0.403363 10.141275 10.187996 9.885598 9.362273 9.394386
0.019800 10.136713 0.000010 0.000184 0.009145 0.291716 0.337063 10.178294 10.228099 9.953828 9.398093 9.449540
0.021808 10.190149 0.000011 0.000136 0.008274 0.293131 0.264642 10.247665 10.272337 10.368601 9.443683 9.729563
0.026500 10.252446 0.000006 0.000071 0.007487 0.302925 0.204562 10.336212 10.350289 10.378125 9.759189 9.835377
0.030309 10.314355 0.000004 0.000129 0.006774 0.307500 0.138357 10.350364 10.400190 10.700375 9.906578 10.090957
0.033810 10.374834 0.000011 0.000091 0.006130 0.316479 0.052357 10.463019 10.466263 10.930485 10.195875 10.333710
0.037762 10.436432 0.000001 0.000107 0.005546 0.325044 -0.069937 10.478655 10.526772 11.027751 10.471792 10.489283
0.039654 10.491564 0.000010 0.000126 0.005019 0.330196 0.008734 10.549944 10.571303 11.240765 10.637775 10.684288
0.040160 10.543186 0.000005 0.000101 0.004541 0.335851 -0.347800 10.589897 10.620608 11.454671 10.819959 10.884305
0.040684 10.592696 0.000007 0.000100 0.004109 0.341196 -0.310005 10.649793 10.672676 11.653861 10.992160 11.070429
0.039628 10.634674 0.000005 0.000136 0.003718 0.346088 -0.282659 10.679769 10.726066 11.942429 11.149781 11.306327
0.039234 10.683130 0.000010 0.000154 0.003364 0.352333 -0.263716 10.754329 10.790282 12.019600 11.350972 11.422782
0.037991 10.727845 0.000008 0.000224 0.003044 0.355108 -0.255198 10.764448 10.841828 12.304270 11.440353 11.629770
0.036220 10.766487 0.000016 0.000271 0.004322 0.360632 -0.249796 10.842788 10.908963 12.209420 11.618336 11.630565
0.036934 10.829599 0.000014 0.000285 0.004322 0.360087 -0.267888 10.870136 10.952114 11.790235 11.600762 11.366126
0.037653 10.892541 0.000017 0.000214 0.004581 0.351008 -0.274231 10.926842 10.962533 11.529749 11.308282 11.104340
0.037824 10.940870 0.000008 0.000078 0.004581 0.342628 -0.269374 10.971234 10.979508 11.274761 11.038298 10.853179
0.038519 10.986559 0.000002 -0.000025 0.004581 0.334957 -0.244663 11.019257 11.000651 11.170064 10.791171 10.701104
0.039471 11.041850 -0.000003 -0.000148 0.004581 0.330861 -0.203815 11.092673 11.037519 11.416127 10.659207 10.801395
0.043837 11.147299 -0.000011 -0.000394 0.004581 0.334236 -0.145309 11.256421 11.113918 11.709696 10.767943 11.014271
0.042135 11.185974 -0.000028 -0.000259 0.007609 0.341046 -0.091736 11.211013 11.202519 11.904562 10.987325 11.207289
0.038083 11.192833 -0.000002 0.000035 0.007609 0.346952 -0.022533 11.257567 11.280828 11.557767 11.177600 11.068045
0.037502 11.249056 0.000005 0.000114 0.007609 0.342215 0.066334 11.275106 11.310509 11.352446 11.024979 10.889510
0.035745 11.301367 0.000007 0.000033 0.007609 0.335649 -0.052515 11.350680 11.337898 11.550960 10.813456 10.925095
0.034210 11.354976 -0.000002 -0.000061 0.007609 0.336053 0.091479 11.422156 11.403348 11.809511 10.826467 11.075993
0.047959 11.597870 -0.000004 -0.000699 0.007609 0.339920 0.018945 11.823406 11.507765 12.205224 10.951065 11.345751
0.041239 11.608542 -0.000063 -0.000362 0.017030 0.347824 0.034610 11.545049 11.626241 12.515983 11.205708 11.613847
0.020618 11.460388 0.000016 0.000596 0.017030 0.355439 0.317244 11.505907 11.722903 12.861751 11.451032 11.896973
0.019551 11.533065 0.000044 0.000682 0.017030 0.363702 0.378529 11.676720 11.825848 9.616157 11.717229 10.155577
0.022075 11.627018 0.000030 0.000714 0.017030 0.307180 0.448813 11.405660 11.624369 9.863384 9.896279 9.572346
0.024832 11.717032 0.000044 -0.000333 0.017030 0.289409 0.471558 11.963286 11.630792 9.354867 9.323776 9.051084
0.025902 11.791599 -0.000066 -0.000578 0.017855 0.273794 0.445515 11.656936 11.649560 8.961908 8.820688 8.622305
0.025938 11.851664 -0.000001 -0.000726 0.017855 0.261172 0.387342 12.019652 11.681976 7.946223 8.414052 7.887685
0.024923 11.913506 -0.000068 -0.000832 0.018237 0.238262 0.293571 11.788155 11.664694 7.125803 7.675989 7.129343
0.022904 11.972663 -0.000025 -0.001106 0.018237 0.213849 0.112745 12.072716 11.647938 6.468997 6.889492 6.439783
0.018036 12.001069 -0.000086 -0.001268 0.023060 0.191456 -0.391013 11.907407 11.646908 6.374579 6.168058 6.080063
0.013959 12.024023 -0.000053 -0.001354 0.023060 0.179575 -0.167527 12.135166 11.702469 6.126595 5.785284 5.774192
0.010500 12.028336 -0.000088 -0.001170 0.023637 0.170499 0.105342 11.972372 11.764555 5.573983 5.492890 5.342492
0.007140 12.031054 -0.000043 -0.000957 0.023637 0.158205 -0.157015 12.085008 11.798214 5.493238 5.096807 5.122413
0.005466 12.041400 -0.000059 -0.000873 0.023637 0.152884 -0.125657 12.040778 11.856796 4.790583 4.925389 4.666056
0.003841 12.047865 -0.000038 -0.000686 0.023637 0.140252 -0.310642 12.041882 11.864252 3.771253 4.518446 3.945111
0.002565 12.060953 -0.000037 -0.000706 0.023637 0.118545 -0.357321 12.011629 11.819342 3.198311 3.819128 3.340283
0.001862 12.060815 -0.000040 -0.000867 0.023637 0.100575 -0.353647 12.046506 11.789832 2.771666 3.240173 2.865051
0.000979 12.052103 -0.000053 -0.000942 0.023637 0.087096 -0.303674 12.016087 11.775566 2.915164 2.805936 2.755572
-0.000650 12.033271 -0.000050 -0.000926 0.023637 0.085230 -0.211238 12.056459 11.810777 3.089830 2.745820 2.822725
-0.001453 12.017423 -0.000051 -0.000742 0.023637 0.088955 -0.148904 12.015927 11.861174 2.925663 2.865823 2.787607
-0.001314 12.012834 -0.000033 -0.000545 0.023637 0.089051 -0.136083 12.015532 11.881512 2.919244 2.868933 2.789361
0.000726 12.007595 -0.000029 -0.000453 0.023637 0.090331 -0.194023 12.005594 11.898469 2.138370 2.910144 2.396159
0.004110 12.015739 -0.000023 -0.000421 0.021388 0.079193 -0.200615 11.957149 11.843491 2.011067 2.551334 2.185562
0.005558 12.012514 -0.000025 -0.000607 0.019352 0.073269 -0.051342 12.010109 11.813698 2.286910 2.360461 2.261990
0.005541 11.991388 -0.000041 -0.000638 0.017511 0.076146 0.488963 11.970054 11.825110 2.258398 2.453159 2.294367
0.006537 11.989729 -0.000031 -0.000591 0.015844 0.077170 0.387538 11.988636 11.824738 2.141759 2.486168 2.254583
0.005587 11.981951 -0.000035 -0.000565 0.014337 0.075196 0.299160 11.946837 11.810692 2.131073 2.422561 2.230412
0.001758 11.953262 -0.000029 -0.000512 0.012972 0.072852 0.212101 11.933209 11.799756 23.492648 2.347038 13.654627
-0.000997 11.931867 -0.000028 -0.000474 0.011738 0.443914 0.173245 13.758418 13.640591 14.827774 14.301384 14.006944
0.009558 12.057709 -0.000025 0.005685 0.010621 0.453402 0.115490 10.742638 13.527799 14.645993 14.607070 14.065585
0.016701 12.131525 0.000558 0.005014 0.150134 0.454192 0.196934 13.245998 13.391536 14.911349 14.632495 14.245438
0.018909 12.134071 0.000031 0.004516 0.150134 0.460375 -2.360171 11.268631 13.289891 15.358944 14.831715 14.596530
0.027288 12.191799 0.000408 0.003944 0.150134 0.472176 -1.891347 12.975901 13.225650 15.788764 15.211876 15.014673
0.036966 12.255709 0.000053 0.003483 0.150134 0.486964 -1.352569 11.729416 13.178517 16.459115 15.688316 15.605583
0.045938 12.321706 0.000294 0.003077 0.150134 0.507204 -0.669852 12.862159 13.159456 15.348816 16.340371 15.302743
0.052356 12.379782 0.000064 0.002800 0.150134 0.496994 0.822937 11.908180 12.995788 14.322389 16.011441 14.642962
0.056406 12.423219 0.000223 0.002056 0.150134 0.474645 -1.262739 12.689266 12.792546 15.976018 15.291434 15.283191
0.060367 12.431163 0.000025 0.001298 0.150134 0.493686 0.789402 12.283850 12.815576 17.332910 15.904858 16.304097
0.062442 12.418362 0.000111 0.001427 0.150134 0.527562 -2.828172 12.649398 12.899282 18.712681 16.996250 17.534894
0.060158 12.396039 0.000055 0.001807 0.150134 0.565490 -1.520075 12.341704 12.997310 20.062644 18.218138 18.801443
0.057976 12.375865 0.000136 0.002232 0.150134 0.603357 0.251542 12.562616 13.094587 19.222413 19.438094 18.863391
0.054614 12.342330 0.000111 0.002702 0.135847 0.604565 -7.796617 12.147460 13.000719 18.092178 19.477020 18.288820
0.052782 12.319346 0.000176 0.002447 0.122920 0.582923 -6.802046 12.337163 12.812890 18.020929 18.779776 17.991265
0.054305 12.284884 0.000101 0.001896 0.111222 0.572204 -5.900818 12.177474 12.694502 18.565082 18.434439 18.173162
0.060486 12.289650 0.000109 0.001454 0.100638 0.579608 -5.091125 12.390682 12.665308 19.533238 18.672972 18.828297
0.062780 12.265476 0.000060 0.001436 0.091061 0.602645 -4.367110 12.239665 12.699678 20.505868 19.415143 19.691295
0.063827 12.211637 0.000097 0.001753 0.082396 0.631857 -3.741184 12.283487 12.745146 20.169561 20.356263 19.904596
0.071895 12.235539 0.000098 0.001830 0.074555 0.640157 -3.198769 12.181043 12.678048 19.952233 20.623650 19.920490
0.083398 12.287534 0.000105 0.001402 0.067460 0.641984 -2.680324 12.314696 12.580966 20.430867 20.682505 20.251211
0.095693 12.342789 0.000058 0.000855 0.061040 0.654723 -2.171492 12.343514 12.535399 21.180799 21.092915 20.876711
0.105014 12.377736 0.000043 0.000566 0.055231 0.676168 -1.660900 12.412709 12.527229 21.685686 21.783810 21.470510
0.110006 12.374335 0.000027 0.000549 0.049975 0.695074 -1.165868 12.335154 12.503458 21.860781 22.392908 21.842479
0.115116 12.364863 0.000038 0.000498 0.045220 0.705545 -0.642443 12.342638 12.443607 21.665444 22.730251 21.894654
0.120107 12.360864 0.000024 0.000297 0.040916 0.705582 0.084528 12.283413 12.343301 22.149664 22.731419 22.219675
0.123433 12.367119 0.000016 -0.000086 0.037023 0.714638 -5.011193 12.383802 12.295401 24.090744 23.023183 23.508888
0.128901 12.394435 -0.000015 -0.000356 0.033500 0.753325 -4.444788 12.495211 12.397574 24.879696 24.269549 24.461160
0.134967 12.440547 -0.000017 -0.000154 0.030312 0.781383 -3.962891 12.449550 12.454607 24.681698 25.173480 24.701059
0.140409 12.489850 0.000004 -0.000127 0.027427 0.785797 -3.548231 12.479585 12.415626 23.814141 25.315678 24.264212
0.143922 12.517156 -0.000011 -0.000365 0.024817 0.768434 -3.180190 12.417434 12.296001 23.025782 24.756306 23.618234
0.146283 12.524565 -0.000022 -0.000821 0.022455 0.744408 -2.835566 12.460700 12.169287 23.083006 23.982260 23.395620
0.148271 12.533187 -0.000057 -0.001307 0.020318 0.735110 -2.513056 12.513453 12.127954 23.622992 23.682717 23.627017
0.146523 12.520746 -0.000076 -0.001411 0.020504 0.740024 -2.214292 12.521418 12.162071 24.201576 23.841028 24.039520
0.144982 12.510409 -0.000071 -0.001251 0.020504 0.750444 -1.944784 12.532764 12.228067 24.461611 24.176733 24.320528
0.147723 12.521134 -0.000061 -0.001052 0.020504 0.757972 -1.708811 12.536453 12.281996 24.077719 24.419269 24.180773
0.151251 12.542827 -0.000051 -0.000937 0.020504 0.753668 -1.496400 12.518406 12.278559 24.393117 24.280605 24.326262
0.155802 12.586584 -0.000048 -0.001106 0.020504 0.758567 -1.289722 12.650852 12.319086 24.572296 24.438423 24.494764
0.160356 12.628189 -0.000067 -0.001110 0.020504 0.764631 -1.112435 12.621630 12.361567 23.751305 24.633780 24.074375
0.164447 12.670007 -0.000053 -0.001108 0.020504 0.751037 -0.946271 12.632436 12.316138 22.882850 24.195847 23.402979
0.169273 12.718144 -0.000064 -0.001444 0.020504 0.729312 -0.762078 12.673228 12.242856 22.290549 23.495917 22.805959
0.172529 12.752356 -0.000088 -0.001830 0.023567 0.709839 -0.511291 12.711478 12.189626 23.030094 22.868562 23.039958
0.173614 12.764221 -0.000106 -0.002064 0.028595 0.716881 -0.105580 12.820377 12.261046 23.882651 23.095430 23.638049
0.172068 12.764184 -0.000114 -0.001807 0.030719 0.734571 1.601395 12.787270 12.379400 24.312388 23.665357 24.097292
0.169854 12.762066 -0.000084 -0.001374 0.030719 0.747099 1.367998 12.797826 12.473590 23.927785 24.068949 24.004480
0.170097 12.776208 -0.000068 -0.001087 0.030719 0.742317 1.205437 12.746713 12.491651 23.246399 23.914902 23.535407
0.172657 12.803323 -0.000054 -0.001119 0.030719 0.726615 1.065367 12.790832 12.465039 22.810062 23.409038 23.089594
0.174472 12.830144 -0.000068 -0.001311 0.030719 0.712789 0.915570 12.809824 12.449780 22.969931 22.963602 23.024888
0.173489 12.829654 -0.000075 -0.001364 0.030719 0.710751 0.737419 12.846065 12.488314 23.030056 22.897959 23.032185
0.171682 12.804629 -0.000075 -0.001136 0.030719 0.711129 0.574215 12.782898 12.531363 22.509231 22.910148 22.716562
0.169697 12.797007 -0.000053 -0.000954 0.030719 0.700914 0.370701 12.773644 12.523276 23.044228 22.581026 22.916806
0.169269 12.800323 -0.000053 -0.000995 0.030719 0.706972 0.059995 12.861701 12.591015 23.160565 22.776210 23.048577
0.169184 12.794997 -0.000057 -0.000733 0.030719 0.712130 -1.134957 12.774853 12.644633 23.370932 22.942392 23.228373
0.168010 12.781656 -0.000029 -0.000492 0.030719 0.718352 -0.966875 12.824138 12.695375 23.279990 23.142821 23.239941
0.170005 12.788316 -0.000028 -0.000334 0.027796 0.719650 -0.849654 12.771514 12.716524 21.288517 23.184643 22.051931
0.174041 12.823191 -0.000014 -0.000383 0.025151 0.682647 -0.715977 12.700650 12.563308 20.551266 21.992550 21.188443
0.179564 12.864587 -0.000030 -0.001082 0.022757 0.656931 -0.467697 12.871167 12.468865 20.467832 21.164064 20.838082
0.183461 12.877870 -0.000083 -0.001469 0.022335 0.648408 -0.092710 12.823057 12.449590 20.920461 20.889471 20.987900
0.183716 12.869002 -0.000077 -0.001506 0.022335 0.653873 1.840027 12.908436 12.494210 22.274400 21.065555 21.819965
0.189131 12.959402 -0.000086 -0.001671 0.023065 0.678751 1.580296 13.104655 12.645210 22.850872 21.867015 22.468041
0.186180 12.922862 -0.000095 -0.000997 0.025552 0.699363 1.375154 12.862463 12.758010 22.983615 22.531070 22.815375
0.178676 12.802580 -0.000024 -0.000160 0.025552 0.710356 1.227838 12.793788 12.801581 22.822470 22.885227 22.846939
0.178727 12.787801 -0.000001 0.000049 0.025552 0.710611 1.129387 12.777586 12.794779 23.074236 22.893449 23.003128
0.177740 12.760718 0.000001 0.000122 0.025552 0.715547 1.059788 12.762849 12.806998 23.402780 23.052461 23.260123
0.175887 12.729468 0.000007 0.000278 0.025552 0.723597 1.030796 12.733041 12.829523 22.815716 23.311821 22.993547
0.175249 12.711903 0.000017 0.000422 0.025552 0.714534 1.023896 12.652115 12.774883 21.978852 23.019828 22.384312
0.179519 12.764040 0.000023 0.000039 0.025552 0.695245 0.982163 12.763608 12.683826 21.966222 22.398401 22.155575
0.182153 12.791114 -0.000017 -0.000385 0.025552 0.688321 0.882904 12.775765 12.657202 22.998124 22.175330 22.665868
0.181731 12.790996 -0.000025 -0.000480 0.025552 0.705007 0.762249 12.874296 12.741696 24.458787 22.712890 23.713741
0.182949 12.839677 -0.000028 -0.000352 0.025552 0.737262 0.697651 12.962881 12.902392 25.245180 23.752050 24.561810
0.185826 12.898072 -0.000013 0.000016 0.025552 0.762331 0.768429 12.975276 13.031012 23.478991 24.559677 23.926624
0.189043 12.954528 0.000010 0.000275 0.023121 0.741883 0.876718 12.844525 12.929960 21.586461 23.900906 22.652976
0.191329 12.988782 0.000016 -0.000211 0.020921 0.701382 0.854359 12.904150 12.735804 21.774638 22.596116 22.165461
0.191729 12.975142 -0.000035 -0.000860 0.018930 0.686288 0.747800 12.960935 12.688737 22.292812 22.109828 22.207716
0.189369 12.930781 -0.000056 -0.000869 0.017128 0.688776 0.609161 12.922472 12.728756 22.106364 22.189981 22.144106
0.185151 12.894805 -0.000040 -0.000596 0.015498 0.686619 0.458553 12.865445 12.738134 22.407856 22.120501 22.280911
0.183342 12.922770 -0.000027 -0.000663 0.014023 0.689459 0.289009 12.993466 12.781434 23.493583 22.212002 22.922648
0.185537 12.971604 -0.000044 -0.000683 0.012689 0.708074 0.174755 13.064882 12.911219 23.264995 22.811698 23.037600
0.188086 13.004813 -0.000032 -0.000336 0.011481 0.711976 0.213636 12.995937 12.959757 23.214232 22.937433 23.059611
0.190404 13.059197 -0.000009 -0.000357 0.010389 0.712993 0.279149 13.133730 12.993625 23.191090 22.970197 23.058024
0.189924 13.061946 -0.000029 -0.000245 0.009400 0.713062 0.367942 13.023611 13.019549 21.419503 22.972420 22.145828
0.187187 13.025890 -0.000002 -0.000023 0.008506 0.682721 0.411910 12.893493 12.885963 20.123456 21.994938 21.038383
0.186056 13.009015 -0.000003 -0.000442 0.007696 0.646735 0.378739 12.939680 12.736516 19.431781 20.835591 20.176873
0.183099 12.977957 -0.000042 -0.000867 0.011262 0.618484 0.274626 12.887247 12.639328 20.900112 19.925415 20.630936
0.180905 12.982952 -0.000051 -0.001234 0.013708 0.633437 0.004352 13.143759 3166.427115 24.176515 20.407153 22.687047
0.175343 12.929419 -0.000079 11.325220 0.021198 0.708406 -1.128203 13.083734 2851.403133 26.319698 22.822404 24.830531
0.168644 12.849296 0.000002 10.194156 0.021198 0.776519 -1.101918 12.964018 2567.850022 26.195518 25.016762 25.541082
0.168688 12.883156 0.000082 9.175704 0.022012 0.798340 -1.197374 12.920347 2312.455215 24.757836 25.719778 24.940729
0.173989 12.976406 0.000102 8.258165 0.027347 0.777622 -1.288416 12.938113 2082.424194 23.661446 25.052297 24.054415
0.180829 13.065738 0.000073 7.431729 0.027347 0.750707 -1.344490 13.047626 1875.368136 23.699377 24.185215 23.752752
0.183761 13.099364 0.000022 6.688003 0.027347 0.742574 -1.310394 13.098764 1689.099268 23.771154 23.923175 23.695153
0.183433 13.081417 0.000003 6.019117 0.027347 0.741775 -1.226586 13.054399 1521.484343 22.922494 23.897441 23.224626
0.179112 13.049611 0.000008 5.417272 0.027347 0.725406 -1.071467 12.961515 1370.556605 24.074802 23.370100 23.712308
0.174847 13.040785 0.000009 4.875274 0.027347 0.739013 -0.847417 13.165109 1234.865931 25.454931 23.808475 24.694142
0.178064 13.108987 -0.000019 4.387720 0.027347 0.768755 -0.662462 13.206393 1112.832540 25.331160 24.766659 24.971571
0.178078 13.131756 0.000002 3.949378 0.027347 0.776854 -0.544415 13.120837 1002.911252 25.504504 25.027571 25.171140
0.176596 13.129791 0.000027 3.554622 0.027347 0.782460 -0.498650 13.178175 903.974327 23.832283 25.208177 24.248779
0.180818 13.185039 0.000022 3.199110 0.027347 0.753999 -0.517293 13.071610 814.776479 20.288037 24.291257 21.887425
0.183216 13.225984 0.000017 2.878624 0.027347 0.680524 -0.328510 13.003483 734.275430 19.659519 21.924160 20.589432
0.184101 13.233791 -0.000037 2.589491 0.024745 0.639096 0.409909 13.222303 661.975532 19.934550 20.589492 20.192247
0.182463 13.183710 -0.000112 2.330019 0.030190 0.627509 -0.262530 13.096228 597.039743 20.659483 20.216196 20.448395
0.180751 13.200146 -0.000088 2.096755 0.030190 0.635949 1.095760 13.321594 538.694097 23.741107 20.488085 22.302288
0.169713 13.100492 -0.000115 1.887575 0.031056 0.695950 0.764970 13.204770 486.415896 25.027005 22.421116 23.768410
0.159098 12.962804 -0.000029 1.700322 0.031056 0.741005 0.667980 12.994459 439.295815 24.128198 23.872620 23.776709
0.160324 12.990171 0.000057 1.531000 0.031056 0.740379 0.804484 13.008831 396.687341 24.193907 23.852473 23.811473
0.163593 13.036851 0.000053 1.377812 0.031056 0.741605 0.962618 13.088778 358.351802 23.513271 23.891975 23.430527
0.168806 13.075639 0.000038 1.239997 0.031056 0.730875 1.104855 13.032397 323.791454 20.687553 23.546284 21.647358
0.169468 13.087331 0.000039 1.115838 0.031056 0.675038 1.119609 12.884196 292.473960 20.658836 21.747408 20.980513
0.170126 13.077672 0.000016 1.003402 0.031056 0.653879 0.978028 13.138367 264.440246 20.213245 21.065735 20.474488
0.170761 13.037192 -0.000051 0.902869 0.031056 0.639928 0.780386 12.882572 239.226259 19.749395 20.616281 20.044672
0.164733 12.976363 -0.000012 0.812536 0.031056 0.626572 0.367236 12.976470 216.526344 22.839243 20.186007 21.718816
0.159191 12.924467 -0.000043 0.731200 0.031056 0.678978 -0.387162 13.112185 196.395477 24.369009 21.874349 23.240835
0.156433 12.885337 -0.000021 0.659044 0.031056 0.726936 -0.102044 12.919473 178.260077 23.942818 23.419378 23.560900
0.155555 12.876231 0.000059 0.593946 0.028101 0.736379 -0.483152 12.886878 161.766934 23.025125 23.723588 23.139626
0.160783 12.914530 0.000068 0.534577 0.025427 0.722757 -0.637781 12.876284 146.821325 20.685664 23.284747 21.606985
0.167918 12.985042 0.000052 0.480649 0.023007 0.674624 -0.655088 12.847408 133.213057 20.346240 21.734069 20.853209
0.172458 13.044251 0.000010 0.431565 0.020818 0.650940 -0.500381 13.081775 121.076226 22.074575 20.971062 21.608271
0.176969 13.056224 -0.000058 0.387934 0.018837 0.676817 -0.334174 13.131161 110.369603 21.287406 21.804710 21.446862
0.173705 13.034373 -0.000044 0.349562 0.017044 0.672351 -0.157625 12.912231 100.591369 23.071592 21.660833 22.464996
0.162956 13.014530 -0.000007 0.314516 0.015422 0.699657 0.263794 13.218302 91.955618 27.587179 22.540554 25.441086
0.158436 13.000539 -0.000041 0.283553 0.013954 0.789857 0.435027 13.262511 84.496292 27.595181 25.446480 26.514801
0.158427 12.994560 0.000037 0.256786 0.012627 0.823081 0.767959 12.965913 77.531832 26.161927 26.516853 26.070054
0.162768 13.046029 0.000125 0.231589 0.033671 0.808955 0.906080 13.079445 71.052575 24.310316 26.061742 24.818479
0.173244 13.129935 0.000086 0.208019 0.033671 0.771082 1.194317 13.018950 65.108934 20.102829 24.841601 21.897413
0.180901 13.214461 0.000060 0.186370 0.033671 0.684210 1.135709 12.961295 59.509913 19.777966 22.042899 20.637418
0.188988 13.291434 -0.000012 0.165985 0.033671 0.649344 0.782839 13.359787 54.692306 19.005214 20.919624 19.759798
0.195678 13.328505 -0.000124 0.148551 0.033671 0.626051 0.187580 13.138017 50.390463 17.399579 20.169212 18.662332
0.189794 13.306558 -0.000101 0.133180 0.033671 0.587846 -3.198618 13.202010 46.442692 22.704435 18.938370 20.800462
0.181362 13.235449 -0.000149 0.119258 0.040132 0.659958 -2.686988 13.587703 43.447470 23.946399 21.261565 22.428155
0.176424 13.155774 -0.000146 0.108787 0.040132 0.712131 -2.288311 13.042283 40.650352 22.737976 22.942413 22.347892
0.169396 13.100479 0.000015 0.098940 0.040132 0.706229 -2.000822 13.129366 37.877695 24.127865 22.752267 23.114774
0.171755 13.168121 -0.000006 0.088740 0.040132 0.727565 -1.823480 13.318018 35.525631 23.042468 23.439640 22.745281
0.171501 13.132713 -0.000019 0.080420 0.040132 0.715045 -1.780330 12.950141 33.252011 19.682247 23.036292 20.636859
0.162313 13.017870 0.000046 0.072667 0.040132 0.647072 -1.713174 12.782162 30.938706 20.316728 20.846423 20.217763
0.163302 13.003304 0.000019 0.064412 0.040132 0.633090 -1.555467 13.134436 29.099384 20.168153 20.395991 19.974718
0.169248 12.985363 -0.000059 0.057871 0.040132 0.629422 -1.408642 12.846412 27.468289 19.381838 20.277827 19.480475
0.166844 12.968557 -0.000002 0.052073 0.040132 0.616304 -1.132487 12.988832 25.940876 23.636172 19.855199 21.864316
0.164168 12.981346 -0.000044 0.046542 0.040132 0.691250 -0.824772 13.302149 24.971714 24.852321 22.269694 23.476752
0.163635 12.994227 -0.000037 0.043015 0.040132 0.741251 -0.808076 12.971106 23.997183 23.629188 23.880563 23.362310
0.163834 13.016583 0.000072 0.039435 0.036313 0.734995 -0.932593 13.031238 22.877396 23.078898 23.679007 22.980505
0.171074 13.079100 0.000049 0.035189 0.032857 0.722146 -1.050701 13.065521 21.845699 19.995268 23.265079 21.024885
0.183600 13.220780 0.000028 0.030975 0.029730 0.665296 -1.025237 13.062375 20.700596 18.124374 21.433537 19.278503
0.181901 13.196647 -0.000027 0.026949 0.026901 0.607896 -0.788309 13.018052 19.664189 20.206068 19.584321 19.730055
0.175938 13.056774 -0.000071 0.023729 0.024341 0.623363 -0.458201 13.141489 19.057185 19.432931 20.082600 19.465623
0.175866 13.002264 -0.000077 0.021745 0.022025 0.616577 -0.111826 12.834733 18.395542 17.776889 19.863981 18.418426
0.167402 12.953633 -0.000022 0.019544 0.019929 0.580641 1.708892 12.868364 17.670963 21.178532 18.706256 20.033347
0.162241 12.939576 -0.000061 0.016992 0.018032 0.627563 1.433740 13.210225 17.411504 22.807092 20.217925 21.550788
0.160244 12.926906 -0.000079 0.016106 0.021330 0.673953 1.276683 12.924032 17.186827 22.725488 21.712439 22.053209
0.157175 12.916905 0.000025 0.015335 0.021330 0.687789 1.210241 12.998761 16.847393 22.776035 22.158187 22.250552
0.160743 12.926221 0.000025 0.014082 0.021330 0.693933 1.243731 12.921591 16.508677 18.246910 22.356124 19.657180
0.166503 12.927237 0.000048 0.012862 0.021330 0.612576 1.255404 12.576592 15.795371 13.293072 19.735079 15.779927
0.166955 12.921501 0.000041 0.010321 0.021330 0.489850 1.070139 12.640642 14.951199 14.746589 15.781288 15.227381
0.167450 12.883287 -0.000081 0.007427 0.021708 0.473380 0.693545 12.987974 14.654978 16.096514 15.250688 15.844506
0.160563 12.766822 -0.000156 0.006781 0.041939 0.495845 0.192395 12.663006 14.539268 18.556422 15.974434 17.576114
0.144735 12.635842 -0.000066 0.006836 0.041939 0.549276 -2.743401 12.837274 14.572088 23.062603 17.695783 20.869326
0.137210 12.563743 -0.000050 0.007213 0.041939 0.651353 -2.424206 12.808775 14.835110 22.964355 20.984347 22.008448
0.148086 12.710506 0.000048 0.007630 0.041939 0.686845 -2.307936 12.803023 14.793782 22.699077 22.127775 22.271039
0.142225 12.661547 0.000077 0.007658 0.041939 0.694352 -2.277391 12.597743 14.629937 25.556281 22.369652 24.046248
0.130681 12.465341 0.000118 0.007774 0.041939 0.751605 -2.322055 12.634842 14.688899 23.649819 24.214146 23.597008
0.135451 12.451330 0.000152 0.008036 0.041939 0.740019 -2.434676 12.255746 14.416367 17.711257 23.840855 19.946521
0.129880 12.445736 0.000200 0.007077 0.053896 0.623247 -2.382636 12.067944 13.689520 18.963155 20.078872 19.331215
0.124528 12.437502 0.000116 0.004496 0.053896 0.599423 -2.122561 12.636717 13.467886 20.798111 19.311365 20.127960
0.124978 12.384681 -0.000021 0.003890 0.053896 0.625468 -1.867576 12.311553 13.488066 21.412922 20.150434 20.795787
0.120732 12.330212 0.000067 0.004158 0.053896 0.648943 -1.576044 12.454256 13.481398 25.428015 20.906699 23.443829
0.116609 12.353519 0.000054 0.004051 0.053896 0.732984 -1.350025 12.663708 13.759389 27.759120 23.614214 25.809923
0.120405 12.442936 0.000084 0.004728 0.053896 0.807074 -1.411637 12.624563 13.985990 26.078778 26.001137 25.715474
0.128978 12.554488 0.000151 0.005141 0.053896 0.803412 -1.658175 12.505138 13.849550 22.882367 25.883179 23.810581
0.140135 12.677487 0.000161 0.004209 0.053896 0.742438 -1.756381 12.556005 13.472982 19.299636 23.918801 20.995369
0.148788 12.754371 0.000086 0.002581 0.053896 0.653344 -1.591730 12.513828 13.001885 17.420984 21.048499 18.848476
0.149667 12.759092 0.000010 0.000872 0.053896 0.585666 -1.098048 12.641775 12.664078 19.394234 18.868156 19.221472
0.149325 12.703141 -0.000074 -0.000140 0.053896 0.599086 -0.281842 12.797702 12.713453 19.765697 19.300488 19.600953
0.146241 12.612668 -0.000088 0.000362 0.048767 0.613680 2.230436 12.504850 12.743583 20.010628 19.770649 19.923029
0.137166 12.571094 -0.000017 0.000619 0.044126 0.622675 1.702297 12.644832 12.747076 23.548466 20.060458 22.120799
0.135674 12.606376 -0.000038 0.000505 0.039927 0.688915 1.282675 12.877081 13.034476 25.063357 22.194483 23.793287
0.140625 12.668686 -0.000021 0.001314 0.036127 0.741340 1.140045 12.749927 13.245855 25.030083 23.883426 24.394349
0.143703 12.749568 0.000052 0.001782 0.032689 0.759434 1.204841 12.848387 13.295332 24.757262 24.466369 24.451622
0.150618 12.828628 0.000047 0.001676 0.029579 0.760312 1.373827 12.837963 13.273804 19.214717 24.494634 21.210696
0.153872 12.880040 0.000050 0.001414 0.026764 0.656387 1.440680 12.457357 12.778082 16.815635 21.146530 18.575927
0.155224 12.913468 0.000031 -0.000486 0.024217 0.570380 1.256875 12.904035 12.417299 18.241097 18.375681 18.387752
0.161807 12.898329 -0.000128 -0.001728 0.034481 0.567637 0.997582 12.882131 12.453770 17.159896 18.287319 17.711462
0.159053 12.816380 -0.000114 -0.001302 0.034481 0.550874 0.472914 12.666336 12.392588 21.190090 17.747255 19.910915
0.145548 12.732082 -0.000081 -0.001219 0.034481 0.620678 -0.680750 13.082245 12.724103 25.544639 19.996114 23.294701
0.135538 12.680990 -0.000096 0.000155 0.034481 0.724208 -0.312518 12.839547 13.199353 25.498758 23.331508 24.500235
0.133453 12.662015 0.000051 0.001930 0.034481 0.760006 -0.745834 12.707306 13.332935 23.825605 24.484775 23.950293
0.137869 12.699223 0.000107 0.002276 0.034481 0.741941 -1.089694 12.635784 13.212592 21.035815 23.902806 22.104007
0.149644 12.750927 0.000099 0.001658 0.034481 0.684745 -1.216509 12.595246 12.918630 16.130202 22.060127 18.540254
0.156971 12.787284 0.000050 0.000472 0.034481 0.574622 -1.086525 12.428389 12.392970 16.803464 18.512358 17.664455
0.156484 12.782688 -0.000020 -0.001400 0.034481 0.548002 -0.611072 12.918427 12.284241 20.055047 17.654750 19.284694
0.156831 12.700269 -0.000139 -0.001494 0.037437 0.602786 -0.011919 12.733201 12.533302 17.426713 19.419701 18.348051
0.149472 12.606203 -0.000051 -0.000262 0.037437 0.566779 28.220245 12.332350 12.368338 19.937032 18.259661 19.428486
0.142535 12.584352 -0.000003 -0.000776 0.037437 0.598193 25.382183 12.930930 12.534915 23.498055 19.271721 21.895714
0.145114 12.603042 -0.000089 -0.000245 0.037437 0.676482 22.839771 12.706016 12.907012 23.236495 21.793915 22.640440
0.145626 12.614338 0.000032 0.001051 0.037437 0.700322 20.556161 12.665679 13.002427 24.905564 22.561955 23.902887
0.145725 12.635790 0.000060 0.001317 0.037437 0.740230 18.511166 12.814437 13.168322 24.629107 23.847682 24.199145
0.152150 12.674078 0.000064 0.001775 0.037437 0.750535 16.683142 12.629329 13.186437 18.295920 24.179661 20.547279
0.153265 12.703084 0.000106 0.001736 0.037437 0.633818 15.033384 12.253554 12.629567 16.392612 20.419451 18.064195
0.153293 12.731558 0.000071 -0.000366 0.037437 0.552008 13.519706 12.765921 12.291725 19.008820 17.783804 18.656696
0.157757 12.703940 -0.000099 -0.001480 0.037437 0.573785 12.148354 12.760235 12.438825 19.278090 18.485367 19.058288
0.148496 12.595861 -0.000069 -0.000564 0.037437 0.589847 10.902819 12.532877 12.523044 22.577064 19.002833 21.207159
0.130853 12.513911 -0.000006 0.000033 0.033875 0.654158 9.780188 12.807661 12.831053 26.627179 21.074730 24.337373
0.123986 12.493978 0.000001 0.001211 0.030651 0.749299 8.805748 12.722933 13.277246 26.186771 24.139824 25.198599
0.124361 12.513504 0.000108 0.002743 0.029114 0.775551 7.961494 12.522879 13.377790 24.147526 24.985578 24.309943
0.133219 12.590920 0.000170 0.002826 0.045588 0.747756 7.211035 12.572919 13.226670 21.827943 24.090137 22.612063
0.152641 12.694418 0.000130 0.001911 0.045588 0.699032 6.549803 12.596094 12.977923 17.727324 22.520425 19.607882
0.165745 12.758895 0.000076 0.000787 0.045588 0.610830 5.894727 12.474866 12.541750 17.024719 19.678837 18.190254
0.168848 12.778432 0.000013 -0.000850 0.045588 0.570049 5.207457 12.791888 12.336022 18.325424 18.365017 18.521785
0.176199 12.843705 -0.000092 -0.001823 0.045588 0.582592 4.544281 12.881738 12.383368 17.665008 18.769118 18.274935
0.171098 12.781705 -0.000101 -0.001431 0.045588 0.573951 3.911770 12.606250 12.327773 20.193722 18.490741 19.714675
0.156855 12.641033 -0.000057 -0.001125 0.045588 0.615099 3.317610 12.816049 12.506288 23.498239 19.816363 22.169521
0.154824 12.602538 -0.000063 -0.000346 0.045588 0.690408 2.861041 12.749956 12.834140 24.737821 22.242587 23.771144
0.155956 12.586134 0.000016 0.000891 0.045588 0.741275 2.567301 12.670740 13.025003 26.663404 23.881346 25.509801
0.157216 12.603164 0.000070 0.001515 0.045588 0.797091 2.447109 12.789557 13.223274 25.985959 25.679546 25.739754
0.165704 12.662965 0.000087 0.002012 0.045588 0.804570 2.479552 12.588175 13.193726 19.175208 25.920491 21.708732
0.168654 12.756332 0.000122 0.001571 0.041250 0.674759 2.452284 12.307860 12.566989 18.209789 21.738414 19.667189
0.165744 12.859735 0.000053 -0.001051 0.037324 0.603118 2.184034 12.996254 12.291283 21.857208 19.430381 21.008222
0.169597 12.901687 -0.000141 -0.002192 0.037933 0.643015 1.946354 13.035785 12.562075 20.805631 20.715723 20.823326
0.168382 12.860175 -0.000095 -0.001071 0.037933 0.638817 1.747830 12.727458 12.599656 23.257320 20.580496 22.230045
0.159996 12.835238 -0.000026 -0.000846 0.037933 0.683815 1.535614 13.152822 12.854573 26.577042 22.030156 24.710507
0.155279 12.867056 -0.000061 -0.000045 0.037933 0.760447 1.462882 13.031434 13.248811 27.070942 24.498999 25.889569
0.158186 12.918001 0.000043 0.001188 0.037933 0.797263 1.549981 13.049550 13.438024 24.920630 25.685065 25.047132
0.164284 12.996900 0.000078 0.001584 0.037933 0.771818 1.666289 12.888710 13.327841 22.436885 24.865324 23.277931
0.174311 13.087759 0.000088 0.000862 0.037933 0.717418 1.644598 13.037106 13.093942 18.530000 23.112758 20.325906
0.184044 13.158182 0.000012 -0.000231 0.037933 0.634665 1.461263 12.858953 12.704276 15.597105 20.446731 17.646767
0.186075 13.189297 -0.000031 -0.001742 0.037933 0.553170 0.966758 13.034417 12.333623 18.483411 17.821243 18.086649
0.186941 13.158577 -0.000141 -0.002963 0.037933 0.568846 0.136186 13.315137 12.473350 17.901887 18.326259 18.005650
0.181948 13.056420 -0.000170 -0.002094 0.045648 0.569033 -4.816866 12.812768 12.494978 17.951932 18.332302 18.051816
0.167994 12.958762 -0.000065 -0.001666 0.045648 0.566886 -4.154529 13.042683 12.508481 21.794082 18.263114 20.316228
0.161360 12.910031 -0.000109 -0.001442 0.045648 0.633928 -3.591285 13.109093 12.853819 21.631661 20.422984 21.006463
0.156878 12.850280 -0.000053 0.000013 0.045648 0.654010 -3.190311 12.747697 12.957932 21.140398 21.069941 20.953709
0.150399 12.803895 0.000040 0.000553 0.045648 0.649892 -2.894965 12.854943 12.948618 21.456044 20.937294 21.090172
0.154043 12.808813 0.000017 0.000502 0.045648 0.654087 -2.721927 12.816745 12.979473 16.219647 21.072438 18.047445
0.156635 12.813871 0.000031 0.000595 0.045648 0.558114 -2.571342 12.392143 12.543484 12.971261 17.980509 15.006966
0.149220 12.803810 0.000029 -0.000935 0.045648 0.459760 -2.254424 12.700193 12.136565 15.816619 14.811890 15.510994
0.143823 12.781128 -0.000114 -0.002315 0.045648 0.472916 -1.871476 12.932715 12.287861 19.176918 15.235733 17.617830
0.137747 12.666539 -0.000131 -0.001360 0.045648 0.542062 -1.622276 12.794236 12.666367 21.384648 17.463366 19.720374
0.128628 12.559632 -0.000027 0.000383 0.045648 0.611777 -1.548054 12.710867 12.994611 23.033643 19.709369 21.510003
0.132387 12.616039 0.000055 0.001360 0.041304 0.670247 -1.629164 12.827495 13.244073 21.620889 21.593051 21.381773
0.133528 12.640570 0.000082 0.002167 0.037373 0.667403 -1.747721 12.493436 13.186128 20.796487 21.501426 20.872302
0.131821 12.615703 0.000139 0.002049 0.037243 0.650757 -1.767904 12.652588 13.068158 19.092013 20.965168 19.683820
0.134569 12.624285 0.000084 0.001594 0.037243 0.613745 -1.748084 12.439745 12.861873 16.877268 19.772771 17.953948
0.130786 12.602988 0.000085 0.000930 0.037243 0.558142 -1.589704 12.483322 12.585725 18.430774 17.981421 18.202089
0.128890 12.569069 0.000021 0.000060 0.037243 0.565703 -1.348626 12.676505 12.622897 19.633288 18.225013 18.995324
0.127802 12.517292 -0.000010 0.000379 0.037243 0.593184 -1.115680 12.511640 12.734054 21.972164 19.110364 20.695514
0.119698 12.459124 0.000045 0.000987 0.037243 0.648146 -0.887899 12.664457 12.953908 25.300101 20.881039 23.298821
0.113339 12.463927 0.000059 0.001760 0.037243 0.728555 -0.845604 12.685445 13.286851 27.007681 23.471539 25.263205
0.115255 12.521104 0.000122 0.002750 0.037243 0.789049 -1.135523 12.695262 13.515907 26.196653 25.420463 25.533359
0.124344 12.638694 0.000166 0.003150 0.044764 0.797426 -1.465672 12.660526 13.495272 22.164530 25.690319 23.311668
0.134365 12.738593 0.000170 0.002717 0.045701 0.726434 -1.656290 12.496311 13.114868 17.767060 23.403218 19.913783
0.139738 12.775667 0.000127 0.001218 0.045701 0.618707 -1.511021 12.512016 12.593813 18.104819 19.932624 18.825615
0.143406 12.775673 0.000020 -0.000653 0.045701 0.585942 -1.056749 12.828620 12.454021 20.311945 18.877044 19.729604
0.144979 12.713025 -0.000072 -0.000930 0.045701 0.619517 -0.434627 12.744568 12.603940 19.822681 19.958718 19.846340
0.138272 12.659418 -0.000026 -0.000199 0.045701 0.624335 0.873848 12.579541 12.597730 21.854979 20.113934 21.107427
0.130096 12.650355 0.000006 -0.000189 0.045701 0.660109 0.202490 12.857485 12.753472 24.214338 21.266454 22.914051
0.131574 12.657813 -0.000019 0.000344 0.045701 0.715118 -0.592242 12.752862 12.998693 21.877821 23.038641 22.217154
0.133229 12.685252 0.000051 0.001126 0.045701 0.691861 -0.636310 12.530833 12.867019 21.518441 22.289396 21.733810
0.134334 12.742284 0.000069 0.000448 0.045701 0.674168 -0.605831 12.844810 12.787911 20.964343 21.719382 21.199481
0.137195 12.778715 -0.000010 0.000033 0.045701 0.656280 -0.724474 12.660580 12.721733 18.243256 21.143084 19.403760
0.139762 12.773761 0.000014 -0.000187 0.045701 0.598553 -0.685877 12.613672 12.476303 15.852983 19.283317 17.318037
0.140567 12.734808 -0.000026 -0.000928 0.041352 0.533524 -0.325154 12.535231 12.205668 15.363393 17.188301 16.254782
0.140784 12.665196 -0.000065 -0.001650 0.037417 0.501713 1.048898 12.611441 12.093893 16.035379 16.163455 16.271682
0.136772 12.587141 -0.000103 -0.001771 0.033856 0.505772 0.463444 12.556632 12.132148 19.891828 16.294228 18.590362
0.130818 12.571061 -0.000085 -0.001576 0.030634 0.579368 -0.534969 12.893546 12.486982 24.933123 18.665259 22.415094
0.126581 12.522141 -0.000082 -0.000126 0.027719 0.700636 -0.358076 12.766751 13.032232 24.603824 22.572099 23.666134
0.123832 12.473278 0.000053 0.002007 0.025081 0.740297 -0.962752 12.414102 13.151939 23.198800 23.849830 23.321726
0.129761 12.548689 0.000148 0.002166 0.039800 0.728177 -1.156155 12.600090 13.035345 21.775586 23.459377 22.351552
0.141637 12.634499 0.000088 0.001440 0.039800 0.697754 -1.365737 12.516496 12.849730 18.165666 22.479222 19.873242
0.147356 12.667419 0.000068 0.000655 0.039800 0.620136 -1.331748 12.415336 12.458676 18.231286 19.978665 19.016380
0.144843 12.654782 0.000010 -0.000704 0.039800 0.592302 -1.036458 12.695313 12.327260 20.197254 19.081927 19.857364
0.134446 12.572396 -0.000073 -0.000880 0.039800 0.616835 -0.701476 12.570461 12.448172 22.199353 19.872309 21.322996
0.120402 12.474483 -0.000024 -0.000094 0.039800 0.658907 -0.443590 12.598828 12.651931 25.501975 21.227723 23.744350
0.117369 12.462341 0.000011 0.000681 0.039800 0.733443 -0.729537 12.722577 13.002397 25.630934 23.629026 24.704539
0.123101 12.524054 0.000057 0.001718 0.039800 0.764539 -1.193724 12.538261 13.127589 25.241597 24.630808 24.844950
0.133083 12.638280 0.000119 0.001757 0.039800 0.770835 -1.449089 12.771086 13.131449 24.242286 24.833651 24.335829
0.149953 12.802500 0.000074 0.001181 0.039800 0.757797 -1.596437 12.776519 13.047442 18.671041 24.413621 20.912102
0.162682 12.954075 0.000056 0.000335 0.039800 0.650618 -1.536536 12.599786 12.541771 15.910231 20.960677 18.034020
0.169864 13.032764 -0.000010 -0.001763 0.036013 0.558562 -1.116867 12.942634 12.154358 15.985527 17.994947 17.005418
0.174699 13.013584 -0.000157 -0.003086 0.042260 0.528085 -0.414352 12.896669 12.066606 16.209527 17.013079 16.788777
0.167139 12.912815 -0.000166 -0.003039 0.044757 0.522105 2.072238 12.856281 12.081776 20.143442 16.820418 19.060910
0.152449 12.795502 -0.000156 -0.002563 0.044757 0.591229 1.384092 13.034090 12.440359 22.595526 19.047366 21.313944
0.142069 12.723551 -0.000120 -0.001017 0.044757 0.658074 0.868018 12.781789 12.775347 23.646465 21.200890 22.713510
0.140111 12.734108 -0.000003 0.000148 0.044757 0.698875 0.730881 12.907334 12.982595 24.337490 22.515361 23.591797
0.144027 12.769545 0.000014 0.000765 0.044757 0.726316 1.214396 12.816802 13.118777 21.130155 23.399421 22.030542
0.151461 12.793352 0.000059 0.001169 0.044757 0.677770 1.578153 12.578458 12.890101 15.076679 21.835408 17.886650
0.158793 12.849619 0.000062 0.000145 0.044757 0.547315 1.598794 12.482387 12.301893 11.605780 17.632598 14.304951
0.160022 12.888544 -0.000037 -0.002107 0.044757 0.433439 1.209213 12.692569 11.839658 14.357675 13.963919 14.587887
0.160604 12.818845 -0.000172 -0.003517 0.046261 0.444407 0.498716 12.953898 11.971609 15.582790 14.317277 15.429709
0.160490 12.650077 -0.000199 -0.002437 0.053461 0.479032 -0.894535 12.516399 12.148835 13.934343 15.432758 14.827632
0.148413 12.504323 -0.000076 -0.001277 0.053461 0.462769 0.247539 12.365153 12.054875 17.470502 14.908842 16.771147
0.134711 12.429084 -0.000065 -0.001344 0.053461 0.520561 -3.676869 12.701634 12.313701 21.772334 16.770691 19.995373
0.126464 12.363879 -0.000080 -0.000180 0.053461 0.618923 -3.214311 12.525970 12.751013 23.285811 19.939576 22.030381
0.123616 12.316787 0.000043 0.001559 0.053461 0.681509 -3.003529 12.438658 12.996807 20.269557 21.955879 20.965207
0.129823 12.320874 0.000110 0.002427 0.053461 0.647640 -2.973395 12.080898 12.783464 12.914319 20.864743 16.184377
0.128131 12.364905 0.000140 0.001503 0.053461 0.494450 -2.822242 11.904953 12.054450 14.922746 15.929494 15.591515
0.120387 12.370716 0.000030 -0.001136 0.053461 0.470914 -2.447619 12.656314 11.999063 20.128307 15.171245 18.354742
0.116973 12.267396 -0.000132 -0.000964 0.053461 0.560473 -2.193346 12.384703 12.454337 20.302361 18.056512 19.487620
0.107238 12.137606 0.000013 0.001137 0.053461 0.600328 -2.058362 12.134038 12.616773 23.137225 19.340517 21.618858
0.093261 12.110182 0.000096 0.001819 0.053461 0.666453 -1.960626 12.419249 12.894265 28.304096 21.470825 25.409347
0.091406 12.155676 0.000095 0.002653 0.048374 0.784422 -2.041154 12.535420 13.411009 30.242118 25.271377 27.943770
0.097308 12.207703 0.000176 0.004321 0.047394 0.867582 -2.306064 12.375153 13.720302 29.512631 27.950526 28.517301
0.103968 12.292387 0.000271 0.005128 0.072998 0.888574 -2.555632 12.361188 13.712523 26.522980 28.626807 27.037850
0.119285 12.427149 0.000274 0.004616 0.073654 0.843715 -2.855375 12.298084 13.402151 18.796376 27.181608 21.997621
0.134155 12.585383 0.000225 0.002933 0.073654 0.684402 -2.713010 12.090483 12.595735 17.500093 22.049090 19.363588
0.143217 12.719230 0.000106 -0.000444 0.073654 0.600812 -2.051288 12.829055 12.214913 21.125889 19.356107 20.506999
0.147620 12.718087 -0.000119 -0.001807 0.073654 0.640244 -1.130777 12.782275 12.418194 20.859937 20.626462 20.816147
0.135485 12.629204 -0.000070 -0.000758 0.073654 0.650129 0.235594 12.526926 12.459474 24.083513 20.944936 22.827399
0.120585 12.613751 -0.000011 -0.000554 0.073654 0.707738 -5.016733 12.954480 12.746170 28.061884 22.800902 25.817461
0.114766 12.655767 -0.000040 0.000325 0.073654 0.796000 -4.458651 12.871506 13.191839 28.396330 25.644378 27.084915
0.111508 12.708778 0.000066 0.001735 0.073654 0.831524 -4.132476 12.816448 13.381385 28.298894 26.788860 27.457348
0.120644 12.779788 0.000116 0.002161 0.073654 0.843136 -3.975624 12.880973 13.451738 23.020886 27.162934 24.582833
0.139417 12.852404 0.000117 0.002152 0.073654 0.756735 -3.851721 12.471550 13.033806 12.836195 24.379392 17.642383
0.146376 12.909267 0.000116 0.000447 0.073654 0.540198 -3.405220 12.261757 12.023669 12.979438 17.403322 15.119199
0.149589 12.932985 -0.000045 -0.003266 0.066645 0.461559 -2.531302 13.087610 11.732242 15.073073 14.869844 15.385285
0.154953 12.901926 -0.000270 -0.004201 0.072613 0.475387 -1.534842 12.770944 11.866776 14.508514 15.315344 15.213712
0.148406 12.822873 -0.000181 -0.003434 0.072613 0.471738 0.025597 12.794682 11.892651 17.486084 15.197775 16.913827
0.138703 12.755073 -0.000181 -0.003097 0.072613 0.541417 -73.674332 12.921166 12.176672 19.494397 17.442588 18.939236
0.136345 12.715217 -0.000151 -0.001934 0.072613 0.600854 -66.291764 12.727796 12.407866 20.187417 19.357448 20.071206
0.133978 12.680202 -0.000066 -0.000978 0.072613 0.633667 -59.658065 12.713862 12.506834 21.145987 20.414566 21.036938
0.130027 12.641886 -0.000043 -0.000485 0.072613 0.661004 -53.695668 12.647521 12.583556 20.025338 21.295263 20.724132
0.128285 12.583419 -0.000015 0.000000 0.072613 0.648341 -48.339071 12.422377 12.473782 14.499656 20.887334 17.359361
0.120927 12.526243 0.000009 -0.000188 0.072613 0.537743 -43.516435 12.057247 11.926939 13.957096 17.324229 15.718691
0.114647 12.477899 -0.000028 -0.001979 0.072613 0.480478 -39.160870 12.523398 11.691012 15.600081 15.479362 15.969568
0.112656 12.395170 -0.000169 -0.002529 0.072613 0.488776 -35.236563 12.303021 11.771861 14.213003 15.746683 15.251504
0.110221 12.298739 -0.000109 -0.001892 0.072613 0.467517 -31.702022 12.162758 11.691993 16.479379 15.061783 16.315090
0.105881 12.247056 -0.000097 -0.001993 0.065703 0.504045 -28.512226 12.437019 11.870022 21.064600 16.238607 19.423005
0.099443 12.226904 -0.000117 -0.001282 0.059451 0.602502 -25.650636 12.475926 12.322823 23.032552 19.410557 21.743964
0.098530 12.211830 -0.000034 0.000399 0.053793 0.675546 -23.099013 12.313604 12.624775 21.409154 21.763775 21.675704
0.100139 12.209677 0.000060 0.001491 0.048674 0.673068 -20.816425 12.095886 12.552615 19.421806 21.683950 20.489649
0.106327 12.236317 0.000090 0.001136 0.044042 0.634993 -18.758496 12.153144 12.325467 15.662671 20.457300 17.838664
0.115090 12.244588 0.000033 0.000290 0.039851 0.551625 -16.891682 11.903341 11.902977 11.797997 17.771462 14.581685
0.115283 12.204723 -0.000001 -0.001084 0.036059 0.448892 -15.183102 11.929540 11.416863 14.753629 14.461763 15.135044
0.107102 12.127873 -0.000104 -0.002553 0.032627 0.466226 -13.624112 12.311766 11.513190 19.720811 15.020190 18.265332
0.100691 12.108109 -0.000162 -0.002137 0.043579 0.564010 -12.235324 12.351460 11.978958 22.445658 18.170454 21.011188
0.091503 11.981330 -0.000077 -0.000009 0.043579 0.649534 -11.010958 12.054734 12.348703 22.400744 20.925745 21.985850
0.086221 11.865832 0.000057 0.001734 0.043579 0.681287 -9.945143 11.842195 12.427901 22.463768 21.948730 22.392098
0.091418 11.949448 0.000116 0.001718 0.043579 0.694239 -8.997782 12.079765 12.424571 25.479270 22.365982 24.318857
0.103077 12.055464 0.000068 0.001326 0.043579 0.756878 -8.169446 12.305106 12.656743 23.823140 24.384018 24.070606
0.114338 12.126481 0.000070 0.001904 0.043579 0.751465 -7.457822 11.935105 12.555240 19.055886 24.209624 21.176002
0.116000 12.212312 0.000124 0.001232 0.043579 0.658101 -6.792182 11.988638 12.075507 18.829404 21.201740 19.960404
0.115447 12.276083 0.000018 -0.000720 0.043579 0.614367 -6.128611 12.300997 11.890523 18.319698 19.792806 19.140226
0.113808 12.259296 -0.000082 -0.001324 0.043579 0.585475 -5.494179 12.098615 11.800079 19.021893 18.861996 19.201865
0.107252 12.197989 -0.000060 -0.001429 0.043579 0.586349 -4.869929 12.291308 11.853690 23.724230 18.890150 21.959115
0.101454 12.146206 -0.000088 -0.001051 0.043579 0.675143 -4.304628 12.447935 12.300753 25.426554 21.750784 23.994808
0.097523 12.125871 -0.000030 0.000628 0.039432 0.740706 -3.849598 12.185918 12.600963 26.003792 23.863004 25.103045
0.097866 12.144111 0.000083 0.001641 0.035680 0.776210 -3.494985 12.295694 12.740307 25.854468 25.006825 25.432883
0.107080 12.214438 0.000089 0.001889 0.032284 0.788821 -3.223407 12.222696 12.760982 18.919977 25.413093 21.514059
0.116864 12.286669 0.000108 0.001703 0.029212 0.664516 -2.947524 11.776645 12.152348 11.526323 21.408433 15.697471
0.125877 12.387304 0.000076 -0.000844 0.026432 0.477834 -2.526431 12.021717 11.321729 13.035938 15.394157 14.399326
0.132422 12.384087 -0.000140 -0.003815 0.037578 0.438429 -1.985850 12.470161 11.224143 15.786749 14.124670 15.570440
0.130466 12.238951 -0.000250 -0.003645 0.067301 0.482661 -1.260110 12.197637 11.469278 17.242843 15.549667 16.945279
0.118095 12.109650 -0.000147 -0.002300 0.067301 0.528276 0.238865 12.185602 11.679657 21.662215 17.019241 20.114992
0.111997 12.056710 -0.000103 -0.001354 0.067301 0.628100 -4.349114 12.354892 12.118656 24.160139 20.235237 22.754604
0.122000 12.071958 -0.000049 0.000168 0.067301 0.714327 -3.894378 12.184842 12.453218 23.397016 23.013172 23.275793
0.130582 12.102142 0.000052 0.001261 0.067301 0.734160 -3.634628 12.069158 12.451286 23.956050 23.652120 23.853658
0.139821 12.160393 0.000075 0.001045 0.067301 0.754079 -3.463667 12.259650 12.448465 21.565267 24.293831 22.631549
0.151760 12.212694 0.000037 0.000847 0.067301 0.715937 -3.342488 11.939299 12.189057 15.261782 23.065043 18.348787
0.151937 12.235132 0.000049 -0.000165 0.067301 0.576717 -3.030659 11.797360 11.519226 16.275544 18.579831 17.477719
0.148848 12.221235 -0.000056 -0.002521 0.067301 0.542728 -2.447257 12.361175 11.390266 18.819819 17.484839 18.672848
0.148931 12.132043 -0.000196 -0.002664 0.067301 0.580084 -1.871601 12.064121 11.579827 20.001396 18.688310 19.806185
0.138829 12.001841 -0.000099 -0.001516 0.067301 0.616229 -1.273473 12.065507 11.735518 25.881936 19.852775 23.835799
0.127299 11.938718 -0.000068 -0.000730 0.060896 0.740955 -0.877021 12.358389 12.276941 30.249512 23.871016 27.878818
0.123625 11.934856 -0.000018 0.001229 0.055101 0.866679 -1.482692 12.147325 12.794029 31.135210 27.921425 29.803182
0.125411 11.986209 0.000128 0.002901 0.049858 0.925968 -2.197279 12.135085 12.991016 29.541623 29.831492 29.486005
0.139348 12.134408 0.000171 0.003076 0.045976 0.914572 -2.646170 12.108813 12.880301 22.043450 29.464359 24.768102
0.153180 12.338897 0.000155 0.001944 0.045976 0.763166 -2.782376 11.881572 12.184769 17.831491 24.586593 20.521515
0.159285 12.562854 0.000062 -0.001358 0.045976 0.624145 -2.530918 12.524034 11.638731 21.341206 20.107800 21.073864
0.168667 12.699392 -0.000177 -0.003809 0.047631 0.639326 -2.119575 12.946282 11.851401 22.512837 20.596896 21.930447
0.172495 12.672737 -0.000220 -0.002950 0.059211 0.671726 -1.723295 12.619497 12.099130 24.475443 21.640711 23.471128
0.162796 12.607145 -0.000106 -0.001824 0.059211 0.724249 -1.205068 12.842271 12.394939 28.048379 23.332804 26.215791
0.151393 12.608064 -0.000091 -0.000765 0.059211 0.808129 -0.787231 12.828268 12.823820 31.151619 26.035152 29.020500
0.150763 12.674846 -0.000003 0.000535 0.059211 0.893864 -0.897483 12.994327 13.251141 31.790407 28.797230 30.378777
0.156056 12.770456 0.000050 0.001726 0.059211 0.937466 -1.614091 12.850060 13.461774 29.974123 30.201935 29.796700
0.167209 12.884340 0.000122 0.002074 0.059211 0.920854 -2.019146 12.892075 13.384341 21.418821 29.666768 24.500236
0.180714 13.045116 0.000098 0.001218 0.059211 0.760698 -2.046901 12.454675 12.637545 13.457754 24.507063 17.978633
0.185651 13.212550 0.000037 -0.002065 0.059211 0.564914 -1.361126 12.863853 11.740049 14.752083 18.199596 16.039308
0.192720 13.311290 -0.000226 -0.005643 0.060704 0.506063 0.222069 13.371269 11.599203 16.690058 16.303603 16.114678
0.195490 13.272329 -0.000357 -0.006009 0.096042 0.514022 -9.360165 13.226577 11.799917 19.092660 16.560036 17.396094
0.178603 13.132541 -0.000289 -0.004786 0.096042 0.564451 -8.076814 13.276207 12.152075 23.738019 18.184666 20.748694
0.159662 13.053019 -0.000230 -0.003236 0.096042 0.664001 -6.989851 13.354447 12.722148 27.883738 21.391834 24.381022
0.157660 13.064304 -0.000132 -0.001229 0.096042 0.774187 -6.232367 13.393288 13.317462 26.697029 24.941644 25.035631
0.160235 13.112473 -0.000020 0.000736 0.096042 0.794419 -5.782366 13.039540 13.448682 24.390705 25.593451 23.964764
0.164468 13.184378 0.000078 0.000949 0.096042 0.759379 -5.458387 13.196294 13.318297 19.741620 24.464597 20.869628
0.169565 13.250310 0.000021 0.000244 0.096042 0.661017 -5.139585 12.885314 12.903290 14.973532 21.295707 16.942385
0.165191 13.300233 0.000001 -0.001426 0.096042 0.534304 -4.629648 13.085739 12.396556 17.001969 17.213428 16.587418
0.157578 13.274862 -0.000141 -0.003154 0.096042 0.519225 -3.991228 13.407883 12.466110 18.129098 16.727645 17.053909
0.153087 13.162179 -0.000192 -0.002500 0.096042 0.534732 -3.419900 13.086744 12.656845 18.857790 17.227213 17.669404
0.143244 13.055934 -0.000090 -0.001433 0.096042 0.557246 -2.886414 13.172218 12.837685 22.161580 17.952550 19.848006
0.131204 13.005372 -0.000071 -0.000602 0.086903 0.625098 -2.472171 13.235683 13.218242 24.880406 20.138494 22.245331
0.128481 12.988335 -0.000007 0.000826 0.078633 0.700790 -2.396244 13.200303 13.605097 25.063613 22.577056 23.309234
0.129428 13.001414 0.000078 0.002168 0.071150 0.736503 -2.590301 13.057217 13.759643 23.016225 23.727599 22.617854
0.136085 13.046292 0.000139 0.002562 0.064379 0.715831 -2.781027 12.976067 13.626823 14.309341 23.061604 17.441770
0.144653 13.117780 0.000129 0.001828 0.058253 0.551347 -2.742328 12.474689 12.819457 8.176850 17.762520 11.935232
0.145827 13.177677 0.000068 -0.001286 0.052709 0.374278 -2.236716 12.911574 12.026786 12.650221 12.057959 12.291428
0.150034 13.131235 -0.000178 -0.003966 0.047972 0.387364 -1.493374 13.358152 12.188420 14.204478 12.479538 13.350969
0.145899 12.944244 -0.000236 -0.002714 0.063591 0.428771 -0.709554 12.762205 12.413090 15.834152 13.813514 14.814513
0.124907 12.767939 -0.000073 -0.001274 0.063591 0.474651 1.128823 12.947170 12.623219 22.552832 15.291637 19.244829
0.114456 12.704730 -0.000068 -0.000293 0.063591 0.610618 0.495726 13.138365 13.258959 24.338261 19.672010 21.961754
0.115609 12.673822 0.000022 0.002101 0.063591 0.696308 1.372842 12.705493 13.603751 21.875967 22.432638 21.633047
0.117097 12.666407 0.000178 0.003366 0.063591 0.685134 1.910226 12.587025 13.461903 19.396893 22.072676 20.099208
0.127022 12.688617 0.000175 0.002777 0.063591 0.636486 2.194211 12.538622 13.153306 11.688369 20.505387 15.079914
0.132599 12.704714 0.000123 0.001611 0.063591 0.476970 2.117277 12.075530 12.346388 9.491207 15.366348 11.906642
0.126155 12.688190 0.000055 -0.001228 0.063591 0.373239 1.485544 12.670527 11.872777 15.788964 12.024493 14.290162
0.129975 12.635091 -0.000160 -0.002738 0.063591 0.450274 0.637785 12.932106 12.274373 15.629321 14.506292 15.127230
0.128170 12.454200 -0.000132 -0.000646 0.063591 0.483593 -0.507509 12.168939 12.389420 16.642894 15.579720 16.135832
0.111024 12.310874 0.000044 0.000282 0.063591 0.515357 1.066289 12.516314 12.473456 23.827269 16.603045 20.733268
0.111304 12.389353 -0.000009 0.000302 0.057540 0.657153 0.688531 12.912177 13.089438 26.581825 21.171214 24.051244
0.108867 12.351370 0.000035 0.002651 0.052064 0.760884 1.502168 12.370366 13.483273 27.328599 24.513075 25.747991
0.102543 12.276245 0.000223 0.004335 0.060087 0.812710 2.052139 12.444296 13.605917 26.658689 26.182711 26.000661
0.118594 12.361173 0.000234 0.004470 0.063016 0.821285 2.623281 12.335813 13.522582 16.480998 26.458972 20.148775
0.128827 12.435176 0.000240 0.003905 0.064655 0.634808 2.821868 11.652266 12.551441 12.212498 20.451336 15.468400
0.129697 12.479275 0.000184 0.000259 0.064655 0.482654 2.384453 12.428795 11.832138 17.381028 15.549462 16.734229
0.136977 12.459141 -0.000117 -0.002252 0.064655 0.525601 1.688737 12.641721 12.053141 18.159287 16.933050 17.701335
0.129335 12.324239 -0.000116 -0.000974 0.064655 0.560610 0.841239 12.176237 12.186235 20.922563 18.060927 19.767416
0.111110 12.225023 0.000004 -0.000139 0.064655 0.621948 -0.576879 12.511384 12.437446 26.181526 20.037036 23.594464
0.112107 12.251329 -0.000013 0.000668 0.064655 0.739439 0.140688 12.574355 12.949905 25.411702 23.822197 24.532035
0.121731 12.321336 0.000077 0.002257 0.064655 0.768830 2.989964 12.256302 13.024430 22.755168 24.769064 23.315363
0.129303 12.413280 0.000156 0.002195 0.064655 0.729524 2.858954 12.364800 12.789253 19.454322 23.502768 20.914329
0.145307 12.512916 0.000088 0.000992 0.064655 0.652913 2.676138 12.281500 12.411710 10.512144 21.034614 14.697713
0.153358 12.564318 0.000029 -0.000548 0.064655 0.455226 2.199674 11.881110 11.517510 9.141539 14.665827 11.635869
0.147074 12.538111 -0.000071 -0.003665 0.064655 0.355540 1.107402 12.586245 11.142103 14.337114 11.454268 13.596680
0.141527 12.401323 -0.000289 -0.004522 0.077605 0.418683 -0.784303 12.502550 11.517191 15.392015 13.488529 14.940557
0.129077 12.200871 -0.000198 -0.002455 0.077605 0.463052 1.707087 12.124047 11.750078 19.905332 14.917935 18.157039
0.111748 12.091663 -0.000076 -0.001227 0.077605 0.562760 0.771395 12.496818 12.215299 25.921663 18.130187 22.884855
0.106329 12.078966 -0.000058 0.000490 0.077605 0.709608 0.679341 12.418105 12.875086 27.456725 22.861133 25.495815
0.106281 12.108264 0.000091 0.002754 0.077605 0.791143 2.536587 12.257590 13.195603 29.089845 25.487897 27.409837
0.112765 12.210025 0.000188 0.003540 0.077605 0.851274 3.116472 12.483291 13.408363 26.130346 27.425132 26.364541
0.129266 12.357409 0.000186 0.003774 0.077605 0.818621 3.626047 12.144794 13.191359 16.172447 26.373163 20.069312
0.133969 12.483335 0.000212 0.002543 0.077605 0.617553 3.709432 11.872515 12.238904 15.416998 19.895442 17.277119
0.135956 12.562022 0.000076 -0.001160 0.077605 0.525058 3.287092 12.726555 11.884142 18.784009 16.915577 18.161863
0.143638 12.539999 -0.000167 -0.002355 0.077605 0.558038 2.740473 12.552244 12.111217 19.245920 17.978077 18.807315
0.136805 12.448571 -0.000087 -0.001212 0.077605 0.584506 2.053402 12.475213 12.254533 23.733351 18.830790 21.783958
0.118902 12.404332 -0.000044 -0.000538 0.070220 0.675842 1.289253 12.771357 12.693243 29.917603 21.773310 26.482898
0.108287 12.408204 -0.000015 0.001024 0.063538 0.818503 1.006011 12.821597 13.368654 31.317886 26.369344 29.007368
0.108792 12.455827 0.000110 0.003278 0.057492 0.895952 1.779156 12.590916 13.705076 28.588201 28.864498 28.366534
0.113828 12.535610 0.000225 0.004200 0.060431 0.874782 2.291807 12.467485 13.564249 23.713901 28.182473 25.294515
0.128973 12.635813 0.000222 0.003334 0.060431 0.777755 2.497511 12.384255 13.085185 14.633459 25.056583 18.845856
0.142204 12.739385 0.000144 0.001242 0.060431 0.575387 2.258421 12.122613 12.149730 13.517625 18.536978 15.784733
0.148612 12.833213 0.000009 -0.002455 0.060431 0.480879 1.419790 12.967867 11.784253 18.148690 15.492265 17.364299
0.150377 12.766676 -0.000235 -0.003528 0.063226 0.537456 0.120006 12.835319 12.112092 16.946278 17.314994 17.314109
0.134780 12.591612 -0.000144 -0.001722 0.063226 0.541713 -13.678258 12.364778 12.128175 20.273789 17.452147 19.324270
0.115542 12.522081 -0.000047 -0.001415 0.063226 0.598465 -12.204523 12.891799 12.411441 25.870000 19.280494 23.239372
0.114611 12.528282 -0.000096 -0.000420 0.063226 0.718467 -10.943344 12.807003 12.992659 24.122266 23.146533 23.680006
0.121294 12.562945 0.000037 0.001543 0.063226 0.733058 -9.888138 12.452031 13.034021 22.533601 23.616602 22.931883
0.130165 12.635722 0.000117 0.001430 0.063226 0.710824 -8.963931 12.689071 12.900587 20.073992 22.900296 21.233724
0.146649 12.725722 0.000043 0.000628 0.063226 0.660434 -8.135528 12.510765 12.638822 11.966620 21.276903 15.870867
0.149820 12.765252 0.000026 -0.000454 0.063226 0.491516 -7.311296 12.164149 11.846773 10.999869 15.834959 13.323715
0.140893 12.733894 -0.000063 -0.003186 0.063226 0.406546 -6.414135 12.771790 11.517586 13.961220 13.097512 14.037605
0.135315 12.636031 -0.000252 -0.004017 0.067694 0.427039 -5.562359 12.602073 11.704081 14.755757 13.757723 14.731680
0.123503 12.488124 -0.000181 -0.002816 0.067694 0.448883 -4.776091 12.483226 11.868746 20.227804 14.461458 18.175255
0.107268 12.378296 -0.000125 -0.001830 0.067694 0.556104 -4.119331 12.792740 12.418089 25.429725 17.915764 22.464205
0.099441 12.332630 -0.000077 0.000307 0.067694 0.690639 -3.738545 12.613977 13.058978 25.799352 22.250017 24.298726
0.093612 12.309028 0.000087 0.002693 0.067694 0.748054 -3.637791 12.371840 13.290753 26.644145 24.099731 25.474789
0.093611 12.317053 0.000183 0.003497 0.067694 0.785198 -3.686825 12.493137 13.413298 23.498693 25.296390 24.118385
0.107520 12.348581 0.000184 0.003824 0.067694 0.744940 -3.793876 12.077560 13.151451 12.143069 23.999417 17.040065
0.115679 12.398513 0.000216 0.002704 0.067694 0.521680 -3.643738 11.630526 12.051408 9.239693 16.806725 12.680883
0.112534 12.423297 0.000086 -0.001336 0.067694 0.382176 -3.015393 12.403492 11.434575 14.906912 12.312407 14.277836
0.112969 12.357374 -0.000193 -0.003314 0.067694 0.435108 -2.210271 12.544723 11.751099 16.387792 14.017682 15.758586
0.115155 12.220713 -0.000159 -0.001687 0.067694 0.489865 -1.404080 12.166354 12.002910 16.238430 15.781770 16.308021
0.106396 12.152765 -0.000033 -0.000538 0.061252 0.510664 -0.362351 12.181363 12.057365 20.557763 16.451854 19.102268
0.097818 12.175050 -0.000025 -0.000423 0.055423 0.593487 2.253692 12.524876 12.424009 24.228739 19.120105 22.228179
0.095293 12.154744 -0.000021 0.000967 0.050149 0.689854 1.990870 12.300179 12.838624 23.408498 22.224720 22.901988
0.093855 12.128157 0.000108 0.002552 0.045377 0.709634 2.018929 12.092854 12.869891 22.217354 22.861978 22.442906
0.103650 12.134743 0.000156 0.002640 0.042015 0.695885 2.138041 12.112539 12.740662 15.659976 22.419022 18.424521
0.110401 12.150754 0.000127 0.002119 0.042015 0.570214 2.129276 11.597138 12.097484 13.718267 18.370351 15.812752
0.104895 12.148438 0.000102 -0.000183 0.042015 0.485875 1.801537 12.187397 11.700497 19.738079 15.653212 18.356230
0.103688 12.098450 -0.000096 -0.001429 0.042015 0.567429 1.445239 12.380349 12.093349 21.199928 18.280625 20.167471
0.099390 12.022304 -0.000057 0.000255 0.042015 0.627595 1.255961 11.988185 12.338562 22.130123 20.218956 21.420437
0.086216 12.003897 0.000071 0.001202 0.042015 0.664030 1.169078 12.181649 12.470278 26.861830 21.392779 24.611600
0.089671 12.087404 0.000059 0.001375 0.042015 0.761221 1.334643 12.484700 12.904683 26.744713 24.523925 25.701399
0.105737 12.209071 0.000086 0.002498 0.042015 0.798116 1.720871 12.180512 13.027065 23.045245 25.712544 23.970498
0.114862 12.325529 0.000172 0.002519 0.046146 0.744420 1.880916 12.211008 12.726376 22.654710 23.982657 23.108760
0.125648 12.407378 0.000106 0.001146 0.046146 0.718352 1.859696 12.449700 12.579701 19.633901 23.142832 21.024716
0.135433 12.457191 0.000029 0.000440 0.046146 0.655063 1.701406 12.159905 12.264172 16.564589 21.103893 18.474749
0.138598 12.509878 0.000023 -0.000882 0.046146 0.574329 1.243888 12.397523 11.896408 16.447892 18.502917 17.473453
0.140714 12.536963 -0.000099 -0.002300 0.046146 0.541357 0.428668 12.470899 11.782847 17.498176 17.440676 17.714445
0.140863 12.527108 -0.000137 -0.002673 0.046146 0.549287 -1.970435 12.577044 11.862243 20.861325 17.696144 19.803684
0.134531 12.494769 -0.000143 -0.002272 0.046146 0.614565 -1.320828 12.702517 12.199064 24.276616 19.799168 22.582490
0.130376 12.468521 -0.000101 -0.000968 0.046146 0.700771 -0.826377 12.668312 12.612997 24.853966 22.576423 23.929560
0.130503 12.478576 -0.000012 0.000483 0.046146 0.742835 -0.753580 12.523636 12.796404 24.619331 23.931600 24.283148
0.132007 12.533518 0.000054 0.000944 0.046146 0.752559 -1.053498 12.600864 12.829556 23.775152 24.244854 23.899197
0.142302 12.614804 0.000046 0.000771 0.046146 0.740242 -1.404781 12.585359 12.767484 18.664481 23.848069 20.732351
0.148075 12.640702 0.000037 0.000455 0.041755 0.640765 -1.508607 12.236957 12.306787 16.305218 20.643234 18.178083
0.146172 12.623989 0.000014 -0.001139 0.037781 0.559250 -1.221035 12.558678 11.963570 17.378520 18.017113 17.864506
0.144325 12.579156 -0.000119 -0.002211 0.034186 0.549739 -0.741020 12.540345 11.969935 18.689487 17.710705 18.526421
0.140334 12.516385 -0.000115 -0.001962 0.030933 0.571818 -0.024761 12.581813 12.109177 21.897509 18.422020 20.682972
0.134239 12.477016 -0.000096 -0.001321 0.027989 0.637107 14.063551 12.693566 12.446348 24.410127 20.525398 22.920994
0.133008 12.480806 -0.000051 -0.000124 0.025326 0.707912 12.648202 12.646357 12.785553 24.590765 22.806505 23.846495
0.139192 12.542140 0.000027 0.000874 0.022916 0.738242 11.387722 12.612982 12.915426 24.080744 23.783612 23.893093
0.147329 12.631687 0.000060 0.001019 0.020735 0.741128 10.260448 12.672332 12.912733 22.682031 23.876611 23.095069
0.157498 12.689731 0.000048 0.000801 0.018762 0.717844 9.248241 12.600401 12.787185 17.097795 23.126461 19.490194
0.164484 12.719244 0.000037 0.000244 0.016976 0.604679 8.325635 12.293257 12.259331 13.348646 19.480679 15.955356
0.163091 12.725704 -0.000007 -0.001675 0.015361 0.491132 7.465766 12.541667 11.775974 14.947036 15.822577 15.621834
0.158803 12.654918 -0.000154 -0.003157 0.041445 0.478962 6.677533 12.669845 11.788195 16.397210 15.430503 16.346172
0.149652 12.513104 -0.000178 -0.002603 0.047907 0.502312 5.875402 12.471265 11.944239 19.934678 16.182776 18.728985
0.134218 12.391217 -0.000108 -0.001605 0.047907 0.576052 5.142572 12.651457 12.313215 24.779090 18.558412 22.455201
0.123575 12.335141 -0.000070 -0.000079 0.047907 0.690693 4.579700 12.619745 12.853063 26.719713 22.251766 24.926051
0.122623 12.329671 0.000045 0.001880 0.047907 0.767982 4.217294 12.483778 13.186891 26.666556 24.741729 25.785084
0.126446 12.375703 0.000140 0.002913 0.047907 0.796283 4.009001 12.455606 13.272136 25.130792 25.653512 25.199179
0.138973 12.490802 0.000163 0.002806 0.047907 0.779219 3.867965 12.473780 13.148823 18.943856 25.103748 21.318673
0.149014 12.622973 0.000136 0.001888 0.047907 0.657050 3.677558 12.209925 12.563836 16.404026 21.167895 18.394264
0.149090 12.713841 0.000072 -0.000539 0.047907 0.562188 3.301548 12.705230 12.167094 19.878209 18.111767 19.330966
0.149975 12.702114 -0.000107 -0.001921 0.047907 0.591959 2.876007 12.852295 12.373270 20.833054 19.070898 20.229501
0.147485 12.606929 -0.000096 -0.000839 0.047907 0.624852 2.480979 12.562940 12.548940 23.652101 20.130569 22.280998
0.138416 12.559500 -0.000003 -0.000038 0.047907 0.691780 2.098747 12.861115 12.854363 28.313937 22.286775 25.815769
0.132463 12.583818 -0.000002 0.000972 0.043348 0.801618 1.874922 12.882910 13.348239 30.025314 25.825394 28.115823
0.132996 12.637519 0.000093 0.002552 0.039223 0.872671 1.898676 12.804206 13.640168 29.384128 28.114461 28.585331
0.135505 12.717371 0.000168 0.003314 0.045269 0.886125 2.024710 12.757641 13.657626 28.435707 28.547906 28.192450
0.146698 12.818619 0.000182 0.003013 0.048939 0.873852 2.204388 12.857703 13.564028 21.334521 28.152520 23.892914
0.165172 12.925216 0.000144 0.002294 0.048939 0.739315 2.246503 12.389944 12.910864 11.444880 23.818200 16.468579
0.174040 13.006193 0.000107 -0.000342 0.048939 0.505088 1.774582 12.429761 11.850966 12.669033 16.272190 14.494070
0.177848 12.991735 -0.000114 -0.004097 0.048939 0.444920 0.657349 13.129892 11.653620 16.061776 14.333799 15.823810
0.172872 12.855168 -0.000295 -0.004315 0.079313 0.493781 -2.166850 12.784738 11.923125 18.449581 15.907922 17.816423
0.151447 12.689684 -0.000173 -0.002753 0.079313 0.553503 -0.665116 12.833318 12.219457 24.342781 17.831958 22.007163
0.137830 12.616772 -0.000124 -0.001427 0.079313 0.678324 1.825957 13.006269 12.821922 26.931334 21.853261 24.987229
0.141605 12.633349 -0.000038 0.000677 0.079313 0.771361 1.604348 12.773913 13.241965 24.811198 24.850611 24.817134
0.144770 12.691034 0.000093 0.001979 0.079313 0.765702 1.926836 12.621325 13.183465 24.994831 24.668297 24.852058
0.153938 12.789960 0.000112 0.001413 0.079313 0.766456 2.228350 12.953091 13.172337 14.251793 24.692572 18.503520
0.157925 12.853573 0.000044 0.001145 0.079313 0.562822 2.479364 11.871557 12.238060 0.788376 18.132180 8.158757
0.150398 12.869173 0.000074 -0.002267 0.079313 0.226895 2.329060 12.168233 10.802139 -4.914912 7.309790 0.805805
0.145062 12.794685 -0.000274 -0.007156 0.079313 -0.014057 2.051737 12.239260 9.944807 -8.913000 -0.452865 -4.445990
0.126227 12.516695 -0.000462 -0.009236 0.124262 -0.182122 1.739539 12.007430 9.470783 -10.951915 -5.867334 -7.696273
0.089796 12.096930 -0.000513 -0.009431 0.137928 -0.285655 1.181498 11.729067 9.293935 -9.869296 -9.202818 -8.378290
0.053221 11.670547 -0.000495 -0.008535 0.137928 -0.307148 1.113725 11.566128 9.473992 -11.388443 -9.895251 -9.588521
0.016749 11.269742 -0.000428 -0.006449 0.137928 -0.344430 2.255989 10.903577 9.524510 -12.344438 -11.096360 -10.662759
-0.016509 10.893600 -0.000286 -0.004917 0.137928 -0.378046 3.075279 10.777746 9.553547 -15.704937 -12.179352 -13.126015
-0.038375 10.534249 -0.000255 -0.003522 0.137928 -0.456215 3.786170 10.034734 9.346900 -16.268819 -14.697683 -14.365272
-0.071045 10.139501 -0.000148 -0.002846 0.137928 -0.489902 4.008235 10.087520 9.290366 -6.480532 -15.782962 -8.082937
-0.113245 9.755272 -0.000169 -0.001670 0.137928 -0.263649 3.753529 10.293487 10.140869 6.766654 -8.493876 3.244658
-0.124739 9.605607 -0.000040 0.001922 0.137928 0.114522 3.647050 10.374278 11.406317 13.827380 3.689511 10.972056
-0.116212 9.728577 0.000199 0.006025 0.137928 0.360782 4.000344 10.088237 12.114763 19.170593 11.623142 16.631948
-0.110761 10.010867 0.000401 0.007556 0.137928 0.531027 4.379390 10.601300 12.556703 29.576572 17.107873 25.413929
-0.085733 10.392917 0.000389 0.007771 0.137928 0.788011 4.840869 11.303885 13.418000 33.152792 25.387018 30.131949
-0.037867 10.836366 0.000423 0.009271 0.124802 0.926818 5.446718 11.133550 13.831035 32.380126 29.858881 31.160604
0.021699 11.457730 0.000543 0.008523 0.145969 0.963077 5.771834 11.934987 13.811617 30.285988 31.027019 30.405319
0.088009 12.294945 0.000380 0.005447 0.145969 0.942210 5.739428 12.518864 13.595902 28.987646 30.354762 29.405547
0.134474 12.823607 0.000221 0.002774 0.145969 0.914301 5.198935 12.949241 13.400512 27.571920 29.455643 28.253936
0.151451 12.877736 0.000096 0.001877 0.145969 0.886448 4.125970 12.657721 13.185424 26.957304 28.558316 27.579305
0.157698 12.893546 0.000111 0.001048 0.145969 0.872625 2.265088 12.943830 13.017860 29.261694 28.112996 28.799970
0.161664 13.025282 0.000020 -0.000027 0.145969 0.912747 -1.365892 13.189727 13.117885 31.927240 29.405580 30.864018
0.162893 13.234653 -0.000010 -0.000419 0.145969 0.968560 4.286275 13.488542 13.347510 34.141155 31.203663 32.832714
0.171509 13.485091 -0.000024 -0.000494 0.145969 1.021213 2.499304 13.736218 13.615156 32.787374 32.899975 32.705350
0.183590 13.746058 -0.000021 -0.000470 0.145969 1.012137 0.789144 13.744197 13.618514 30.169553 32.607568 31.199215
0.194365 14.003482 -0.000022 -0.001383 0.145969 0.967098 -3.131560 14.000190 13.446292 14.651102 31.156573 23.421327
0.207409 14.248607 -0.000109 -0.002881 0.145969 0.750843 -1.745414 13.020765 12.099949 -5.230664 24.189578 11.838466
0.212469 14.427301 -0.000183 -0.008358 0.132078 0.395924 1.027059 13.009726 9.789880 -6.829843 12.755300 4.541799
0.204377 14.415458 -0.000646 -0.016612 0.173804 0.133807 -3.445896 13.847291 8.559686 -9.882582 4.310807 -1.385225
0.181410 14.121863 -0.001065 -0.019976 0.286439 -0.126132 -1.636120 13.114779 7.889163 -13.854540 -4.063536 -7.173968
0.143948 13.632343 -0.001058 -0.020626 0.286439 -0.321426 3.284647 13.200153 7.617240 -16.579453 -10.355249 -11.362746
0.105483 13.131536 -0.001134 -0.019804 0.304888 -0.452735 1.047602 12.538682 7.630709 -20.325993 -14.585581 -15.281679
0.067566 12.650259 -0.001002 -0.018027 0.304888 -0.572515 -3.860607 12.243374 7.636518 -21.150076 -18.444451 -17.461859
0.023903 12.102244 -0.000945 -0.016038 0.304888 -0.636637 -2.495782 11.755492 7.849242 -17.639759 -20.510251 -16.555392
-0.025183 11.438899 -0.000807 -0.012892 0.304888 -0.594957 -2.035447 11.433723 8.456306 -19.481047 -19.167467 -17.227243
-0.075385 10.802500 -0.000622 -0.008426 0.304888 -0.606715 -3.203098 10.270418 8.663822 -22.462313 -19.546285 -19.364914
-0.100206 10.549245 -0.000347 -0.006771 0.304888 -0.671961 -3.954760 10.520273 8.600331 -20.844199 -21.648263 -18.968914
-0.096791 10.556296 -0.000409 -0.007024 0.304888 -0.653994 -4.419832 10.654609 8.865423 -18.330224 -21.069436 -17.219561
-0.099036 10.422082 -0.000383 -0.005590 0.304888 -0.587896 -4.999343 10.472811 9.257840 -16.983381 -18.939974 -15.806500
-0.124904 10.153339 -0.000267 -0.003216 0.304888 -0.532653 -5.395859 10.066870 9.516499 -9.776191 -17.160237 -10.269096
-0.157941 9.883088 -0.000132 -0.001317 0.304888 -0.342722 -5.715829 10.374270 10.191364 -2.232711 -11.041329 -3.383505
-0.176151 9.711871 -0.000057 0.001722 0.304888 -0.114234 -6.485419 9.943285 10.904748 -0.277748 -3.680231 -0.708565
-0.174313 9.728336 0.000175 0.004225 0.275874 -0.029322 -7.350293 9.850454 11.081185 -1.073697 -0.944640 -0.926438
-0.153129 9.961689 0.000232 0.004020 0.249621 -0.035239 -7.802060 10.039522 10.958081 -2.669309 -1.135270 -2.183104
-0.126056 10.255001 0.000172 0.002525 0.225867 -0.071649 -7.748738 10.294797 10.755185 -2.646141 -2.308292 -2.452580
-0.104476 10.450706 0.000082 0.001093 0.204373 -0.076977 -7.312334 10.546234 10.695537 -1.853353 -2.479931 -1.958258
