0.000000 -0.004923 0.000000 0.000000 0.000000 0.000000 0.000000 0.000000 0.000000 6.833644 0.000000 6.833644
0.000000 -0.008697 0.000000 0.000000 0.000000 0.000000 0.000000 0.000000 0.000000 6.833565 0.000000 6.833565
0.000000 -0.002277 0.000000 0.000000 0.000000 0.000000 0.000000 0.000000 0.000000 6.833400 0.000000 6.833400
0.000000 0.096269 0.000000 0.000000 0.000000 0.000000 0.000000 0.000000 0.000000 6.833381 0.000000 6.833381
0.000000 0.288396 0.000000 0.000000 0.000000 0.000000 0.000000 0.000000 0.000000 6.833669 0.000000 6.833669
0.000000 0.492262 0.000000 0.000000 0.000000 0.000000 0.000000 0.000000 0.000000 6.833948 0.000000 6.833948
0.000000 0.662042 0.000000 0.000000 0.000000 0.000000 0.000000 0.000000 0.000000 6.834917 0.000000 6.834917
0.000000 0.805262 0.000000 0.000000 0.000000 0.000000 0.000000 0.000000 0.000000 6.834330 0.000000 6.834330
0.000000 0.961519 0.000000 0.000000 0.000000 0.000000 0.000000 0.000000 0.000000 6.841117 0.000000 6.841117
0.901733 1.124639 0.000000 0.000000 0.000000 0.000000 0.000000 0.000000 0.000000 6.859346 0.000000 6.859346
0.869377 1.277366 0.000000 0.000000 0.000000 0.000000 0.000000 0.000000 0.000000 6.860684 0.000000 6.860684
0.866892 1.386057 0.000000 0.000000 0.000000 0.000000 0.000000 0.000000 0.000000 6.852117 0.000000 6.852117
0.854411 1.437404 0.000000 0.000000 0.000000 0.000000 0.000000 0.000000 0.000000 6.842960 0.000000 6.842960
0.822114 1.443850 0.000000 0.000000 0.000000 0.000000 0.000000 0.000000 0.000000 6.826550 0.000000 6.826550
0.749025 1.431724 0.000000 0.000000 0.000000 0.000000 0.000000 0.000000 0.000000 6.814778 0.000000 6.814778
0.648995 1.433173 0.000000 0.000000 0.000000 0.000000 0.000000 0.000000 0.000000 6.812251 0.000000 6.812251
0.530540 1.455003 0.000000 0.000000 0.000000 0.000000 0.000000 0.000000 0.000000 6.823410 0.000000 6.823410
0.427389 1.486147 0.000000 0.000000 0.000000 0.000000 0.000000 0.000000 0.000000 6.829598 0.000000 6.829598
0.359015 1.523181 0.000000 0.000000 0.000000 0.000000 0.000000 0.000000 0.000000 6.822519 0.000000 6.822519
0.303975 1.571420 0.000000 0.000000 0.000000 0.000000 0.000000 0.000000 0.000000 6.816063 0.000000 6.816063
0.258391 1.629316 0.000000 0.000000 0.000000 0.000000 0.000000 0.000000 0.000000 6.809662 0.000000 6.809662
0.202873 1.694791 0.000000 0.000000 0.000000 0.000000 0.000000 0.000000 0.000000 6.813816 0.000000 6.813816
0.149739 1.762611 0.000000 0.000000 0.000000 0.000000 0.000000 0.000000 0.000000 6.824842 0.000000 6.824842
0.116324 1.832160 0.000000 0.000000 0.000000 0.000000 0.000000 0.000000 0.000000 6.832392 0.000000 6.832392
0.098222 1.912139 0.000000 0.000000 0.000000 0.000000 0.000000 0.000000 0.000000 6.837516 0.000000 6.837516
0.092621 2.001030 0.000000 0.000000 0.000000 0.000000 0.000000 0.000000 0.000000 6.840081 0.000000 6.840081
0.103396 2.125975 0.000000 0.000000 0.000000 0.000000 0.000000 0.000000 0.000000 6.842906 0.000000 6.842906
0.089930 2.207144 0.000000 0.000000 0.000000 0.000000 0.000000 0.000000 0.000000 6.847184 0.000000 6.847184
0.078010 2.261698 0.000000 0.000000 0.000000 0.000000 0.000000 0.000000 0.000000 6.842282 0.000000 6.842282
0.092274 2.359878 0.000000 0.000000 0.000000 0.000000 0.000000 0.000000 0.000000 6.833886 0.000000 6.833886
0.097710 2.456927 0.000000 0.000000 0.000000 0.000000 0.000000 0.000000 0.000000 6.829033 0.000000 6.829033
0.097525 2.548383 0.000000 0.000000 0.000000 0.000000 0.000000 0.000000 0.000000 6.821830 0.000000 6.821830
0.084043 2.638525 0.000000 0.000000 0.000000 0.000000 0.000000 0.000000 0.000000 6.825145 0.000000 6.825145
0.066028 2.726798 0.000000 0.000000 0.000000 0.000000 0.000000 0.000000 0.000000 6.833408 0.000000 6.833408
0.055337 2.810509 0.000000 0.000000 0.000000 0.000000 0.000000 0.000000 0.000000 6.836335 0.000000 6.836335
0.050965 2.900223 0.000000 0.000000 0.000000 0.000000 0.000000 0.000000 0.000000 6.838718 0.000000 6.838718
0.054200 2.994919 0.000000 0.000000 0.000000 0.000000 0.000000 0.000000 0.000000 6.833631 0.000000 6.833631
0.053429 3.085488 0.000000 0.000000 0.000000 0.000000 0.000000 0.000000 0.000000 6.829077 0.000000 6.829077
0.046523 3.173768 0.000000 0.000000 0.000000 0.000000 0.000000 0.000000 0.000000 6.831636 0.000000 6.831636
0.042431 3.262241 0.000000 0.000000 0.000000 0.000000 0.000000 0.000000 0.000000 6.832106 0.000000 6.832106
0.038944 3.349747 0.000000 0.000000 0.000000 0.000000 0.000000 0.000000 0.000000 6.834129 0.000000 6.834129
0.038875 3.442568 0.000000 0.000000 0.000000 0.000000 0.000000 0.000000 0.000000 6.836176 0.000000 6.836176
0.039414 3.537682 0.000000 0.000000 0.000000 0.000000 0.000000 0.000000 0.000000 6.835860 0.000000 6.835860
0.039190 3.628697 0.000000 0.000000 0.000000 0.000000 0.000000 0.000000 0.000000 6.833478 0.000000 6.833478
0.040117 3.722169 0.000000 0.000000 0.000000 0.000000 0.000000 0.000000 0.000000 6.831927 0.000000 6.831927
0.037359 3.814192 0.000000 0.000000 0.000000 0.000000 0.000000 0.000000 0.000000 6.832055 0.000000 6.832055
0.032149 3.903230 0.000000 0.000000 0.000000 0.000000 0.000000 0.000000 0.000000 6.832903 0.000000 6.832903
0.030224 3.993904 0.000000 0.000000 0.000000 0.000000 0.000000 3.993904 3.993904 6.832147 0.000000 6.832147
0.026017 4.083745 0.000000 -0.000476 0.000000 0.295316 0.000000 4.649627 4.496897 6.833712 7.707869 6.833712
0.020349 4.170842 -0.000045 0.001728 0.012181 0.174828 0.000902 3.724607 -365.153209 6.836838 4.563091 6.836838
0.018672 4.254574 0.000200 -1.957407 0.053895 0.217738 0.196475 4.842954 -328.048024 11.396044 5.683060 11.396044
0.016953 4.340509 -0.000086 -1.761250 0.053895 0.434713 -0.550495 4.351640 -294.396084 11.271156 11.346181 11.271156
0.015372 4.441029 0.000176 -1.583469 0.053895 0.361807 -0.116285 4.507116 -264.517798 11.141667 9.443296 11.141667
0.028263 4.597492 0.000114 -1.425980 0.053895 0.374215 1.116567 4.792597 -237.483465 10.983768 9.767149 10.983768
0.046561 4.757520 0.000057 -1.283579 0.053895 0.364567 0.928896 4.817428 -213.171397 10.839163 9.515336 10.839163
0.051736 4.874370 0.000070 -1.155374 0.053895 0.363380 0.682698 5.015645 -191.271099 10.767546 9.484365 10.767546
0.054476 4.997053 0.000034 -1.039980 0.053895 0.360544 0.361937 5.074962 -171.551502 10.660133 9.410334 10.660133
0.062490 5.139425 0.000040 -0.936245 0.053895 0.355342 0.131813 5.281364 -153.792040 10.427858 9.274561 10.427858
0.063421 5.265857 0.000004 -0.842811 0.053895 0.344888 -0.668062 5.336842 -137.802860 10.221244 9.001725 10.221244
0.056576 5.384859 0.000012 -0.758719 0.053895 0.332986 -0.306285 5.511452 -123.395909 9.989326 8.691056 9.989326
0.047910 5.513592 -0.000014 -0.683062 0.053895 0.316953 0.348648 5.609177 -110.411085 9.647428 8.272593 9.647428
0.033826 5.625739 -0.000014 -0.614852 0.048766 0.296142 -0.227603 5.738399 -98.707993 9.354768 7.729435 9.354768
0.019856 5.730675 -0.000021 -0.553397 0.044125 0.277364 0.560040 5.842018 -88.146604 9.152917 7.239298 9.152917
0.013220 5.847370 -0.000015 -0.498052 0.039926 0.264985 0.356177 5.990019 -78.608839 8.970434 6.916217 8.970434
0.005670 5.959311 -0.000016 -0.448107 0.036127 0.256937 0.302437 6.083278 -70.003491 8.716027 6.706168 8.716027
-0.004803 6.065717 0.000001 -0.403073 0.032689 0.246893 0.356196 6.196994 -62.251244 8.402745 6.444000 8.402745
-0.012651 6.184623 0.000010 -0.362626 0.029578 0.234606 0.339640 6.316356 -55.266027 8.155983 6.123320 8.155983
-0.016532 6.307726 0.000015 -0.326265 0.026763 0.225160 0.279220 6.447797 -48.961677 7.936203 5.876770 7.936203
-0.016387 6.418942 0.000018 -0.293449 0.024217 0.219625 0.223390 6.544769 -43.274705 7.747916 5.732289 7.747916
-0.005495 6.583140 0.000031 -0.264185 0.021912 0.217923 0.142100 6.759580 -38.143177 7.647522 5.687870 7.647522
-0.004233 6.678077 0.000009 -0.237498 0.019827 0.221109 0.017048 6.754570 -33.519356 7.588280 5.771037 7.588280
-0.007505 6.723859 0.000049 -0.213240 0.017940 0.227109 -0.599637 6.830689 -29.363636 7.486431 5.927643 7.486431
-0.001764 6.837443 0.000060 -0.191821 0.016233 0.231263 -0.526249 6.955557 -25.630817 7.440873 6.036063 7.440873
0.021831 7.084465 0.000051 -0.173351 0.014688 0.233966 -0.452801 7.289169 -22.257712 7.378857 6.106610 7.378857
0.023719 7.162674 -0.000019 -0.155892 0.013290 0.236268 -0.399161 7.153470 -19.223681 7.204603 6.166699 7.204603
0.008922 7.125671 0.000046 -0.139619 0.012465 0.235167 -0.338355 7.178479 -16.513699 7.115069 6.137947 7.115069
0.012736 7.240060 0.000056 -0.125866 0.015048 0.233412 -0.250088 7.359977 -14.067671 7.071471 6.092137 7.071471
0.016133 7.348818 0.000020 -0.113481 0.015048 0.231475 -0.126330 7.410704 -11.855209 6.972098 6.041592 6.972098
0.015834 7.439195 0.000023 -0.102237 0.015048 0.227522 0.069975 7.529270 -9.858487 6.934945 5.938414 6.934945
0.014069 7.521287 0.000007 -0.092091 0.015048 0.224039 -0.248361 7.586956 -8.048454 6.907823 5.847494 6.907823
0.014379 7.597940 0.000010 -0.082907 0.015048 0.221679 -0.191659 7.683396 -6.407146 6.758254 5.785897 6.732878
0.012891 7.667990 0.000004 -0.074581 0.015048 0.217148 -0.142159 7.725974 -4.929325 6.737808 5.667640 6.638670
0.011669 7.738672 0.000011 -0.067125 0.015048 0.215282 -0.052428 7.826210 -3.585145 6.572712 5.618950 6.462304
0.010223 7.802284 0.000004 -0.060339 0.015048 0.210730 0.087853 7.852106 -2.377439 6.265194 5.500135 6.172584
0.007245 7.863180 0.000015 -0.054263 0.015048 0.201276 -0.127003 7.927358 -1.298058 6.245603 5.253383 6.049515
0.005081 7.917432 0.000008 -0.048831 0.015048 0.198233 0.062402 7.981235 -0.304765 6.155183 5.173956 5.924710
0.004228 7.964249 0.000012 -0.043816 0.015048 0.196280 -0.173860 8.021610 0.593086 5.972661 5.122993 5.749235
0.005349 8.014671 0.000020 -0.039325 0.013616 0.193122 -0.083070 8.070556 1.396681 5.807968 5.040549 5.581765
0.006044 8.062059 0.000021 -0.035318 0.012320 0.190624 0.083637 8.110751 2.118708 5.634747 4.975365 5.418670
0.005698 8.111133 0.000024 -0.031752 0.011148 0.187418 -0.113996 8.159116 2.765628 5.579186 4.891681 5.332534
0.003755 8.159907 0.000021 -0.028583 0.010087 0.185772 0.026600 8.210251 3.354767 5.687362 4.848718 5.368058
0.005728 8.211288 0.000019 -0.025734 0.009127 0.188453 -0.201929 8.272757 3.901059 5.483362 4.918692 5.233744
0.009261 8.256916 0.000017 -0.023081 0.008258 0.186398 -0.193332 8.285072 4.377474 5.280069 4.865050 5.067216
0.009560 8.296281 0.000023 -0.020765 0.007473 0.182528 -0.154678 8.335257 4.799363 5.388420 4.764066 5.092919
0.010492 8.341428 0.000015 -0.018769 0.006761 0.185190 -0.110572 8.391509 5.198714 5.263693 4.833523 5.020834
0.007784 8.374190 0.000011 -0.016826 0.006118 0.182970 -0.077596 8.391440 5.547366 5.306721 4.775576 5.018992
0.004489 8.406188 0.000018 -0.015148 0.005536 0.181894 -0.040895 8.456392 5.871654 5.433499 4.747518 5.078343
0.001901 8.437377 0.000009 -0.013595 0.005009 0.183615 -0.096501 8.471767 6.177827 5.453388 4.792420 5.091599
0.000092 8.462536 0.000018 -0.012106 0.004794 0.183901 -0.136691 8.502944 6.454090 5.386403 4.799880 5.037738
-0.000098 8.490106 0.000021 -0.010788 0.005589 0.183001 -0.167778 8.522245 6.700101 4.998705 4.776390 4.773365
-0.002346 8.516143 0.000025 -0.009623 0.006798 0.173564 -0.172674 8.527336 6.897780 4.512147 4.530078 4.375896
-0.000245 8.572569 0.000026 -0.008874 0.006978 0.158273 -0.160471 8.607459 7.063963 4.087346 4.130987 3.968096
-0.001743 8.587740 0.000001 -0.008074 0.006978 0.143180 -0.155790 8.568809 7.213185 3.700898 3.737047 3.586588
-0.006823 8.562534 0.000011 -0.007150 0.006978 0.129456 -0.152007 8.554899 7.345506 3.340774 3.378844 3.234342
-0.005743 8.572124 0.000013 -0.006500 0.006978 0.117977 -0.162024 8.583150 7.465415 2.657682 3.079239 2.700864
-0.007412 8.569549 0.000003 -0.005851 0.006978 0.099348 -0.154387 8.528187 7.545347 1.993302 2.593030 2.120595
-0.010949 8.553371 0.000009 -0.005341 0.006978 0.077465 -0.096289 8.530155 7.602785 1.342271 2.021860 1.521411
-0.015349 8.542927 -0.000004 -0.004982 0.006978 0.054211 0.047956 8.504007 7.647661 0.860527 1.414931 1.017942
-0.019270 8.537150 -0.000010 -0.004713 0.006978 0.033398 -0.337796 8.523578 7.696523 0.525831 0.871713 0.626888
-0.019595 8.534255 -0.000026 -0.004439 0.006983 0.018220 -0.261164 8.517788 7.755286 0.150206 0.475554 0.255519
-0.021194 8.526556 -0.000029 -0.004087 0.007766 0.004723 -0.195427 8.510046 7.808888 -0.132391 0.123262 -0.041613
-0.021193 8.521991 -0.000031 -0.003779 0.008215 -0.005930 -0.146370 8.513061 7.861713 -0.570296 -0.154768 -0.414345
-0.022063 8.522320 -0.000034 -0.003500 0.009053 -0.019172 -0.143429 8.499682 7.897729 -0.859323 -0.500390 -0.711272
-0.024020 8.522593 -0.000035 -0.003311 0.009446 -0.031201 -0.148857 8.514968 7.934262 -0.993655 -0.814367 -0.899646
-0.025253 8.516802 -0.000043 -0.003087 0.011653 -0.038497 -0.233036 8.505305 7.979552 -1.387279 -1.004795 -1.216978
-0.026697 8.506905 -0.000040 -0.002794 0.011653 -0.050943 -0.319204 8.480530 8.004631 -1.694331 -1.329639 -1.520220
-0.024385 8.503603 -0.000037 -0.002644 0.011653 -0.061700 -0.376251 8.495691 8.028159 -2.129291 -1.610388 -1.891353
-0.024044 8.485286 -0.000045 -0.002422 0.012160 -0.074019 -0.400333 8.439442 8.036351 -2.474591 -1.931938 -2.214869
-0.025755 8.448900 -0.000036 -0.002186 0.012160 -0.085202 -0.382117 8.417229 8.038369 -2.786470 -2.223797 -2.506269
-0.025309 8.418399 -0.000037 -0.002014 0.012160 -0.094637 -0.337090 8.378651 8.035687 -3.147626 -2.470071 -2.814006
-0.026211 8.378796 -0.000034 -0.001818 0.012160 -0.105046 -0.249132 8.329921 8.021006 -3.248828 -2.741745 -2.957509
-0.025657 8.334434 -0.000031 -0.001661 0.012160 -0.108841 -0.107645 8.301379 8.015684 -3.392747 -2.840805 -3.075852
-0.026058 8.280521 -0.000030 -0.001403 0.012160 -0.111132 0.184947 8.223925 8.002258 -3.589640 -2.900595 -3.215413
-0.028118 8.213640 -0.000017 -0.001120 0.012160 -0.115078 -0.007107 8.155590 7.973574 -3.665239 -3.003576 -3.285049
-0.028466 8.152427 -0.000010 -0.000948 0.012160 -0.117014 3.272206 8.102054 7.943617 -3.889451 -3.054101 -3.439507
-0.030571 8.094297 -0.000008 -0.000798 0.012160 -0.122325 2.939755 8.027690 7.898283 -4.022134 -3.192727 -3.555727
-0.033320 8.025659 -0.000003 -0.000675 0.012160 -0.127466 2.641546 7.964063 7.851050 -4.154274 -3.326907 -3.671215
-0.036805 7.952340 -0.000002 -0.000537 0.012160 -0.132269 2.376392 7.883136 7.801354 -4.206368 -3.452263 -3.728998
-0.039130 7.875303 0.000004 -0.000392 0.011003 -0.135097 2.139661 7.814509 7.754223 -4.212335 -3.526092 -3.741664
-0.039151 7.796605 0.000008 -0.000225 0.009956 -0.134008 1.930747 7.732661 7.708841 -4.255990 -3.497663 -3.754456
-0.039457 7.726022 0.000016 -0.000091 0.009009 -0.132836 1.741677 7.665878 7.655727 -4.143625 -3.467067 -3.652676
-0.035945 7.662971 0.000018 -0.000038 0.008151 -0.126900 1.571333 7.611725 7.607532 -4.190590 -3.312135 -3.635136
-0.031971 7.601479 0.000018 0.000032 0.007376 -0.123227 1.417252 7.529764 7.543408 -4.029619 -3.216264 -3.476547
-0.030513 7.535281 0.000021 0.000043 0.006674 -0.115493 1.273188 7.480884 7.483785 -3.714435 -3.014416 -3.179294
-0.024485 7.474320 0.000016 0.000050 0.006039 -0.102257 1.145078 7.418452 7.432222 -3.671782 -2.668950 -3.048194
-0.017246 7.413463 0.000018 0.000099 0.005464 -0.094251 1.028791 7.336961 7.357835 -3.579952 -2.459996 -2.907198
-0.014840 7.345671 0.000019 0.000064 0.005108 -0.087537 0.915168 7.271658 7.275638 -3.238152 -2.284763 -2.587513
-0.011724 7.278533 0.000013 -0.000015 0.005108 -0.075672 0.806947 7.215096 7.206991 -3.022676 -1.975063 -2.333485
-0.009022 7.213344 0.000008 -0.000034 0.005108 -0.066569 0.708047 7.136193 7.131877 -2.787637 -1.737489 -2.080741
-0.009826 7.142245 0.000008 -0.000055 0.005108 -0.059403 0.613393 7.071154 7.056982 -2.442962 -1.550441 -1.758088
-0.010077 7.068775 0.000004 -0.000062 0.005108 -0.049788 0.530424 7.002337 6.993626 -2.327394 -1.299492 -1.600770
-0.013588 6.998345 0.000005 -0.000025 0.005108 -0.047226 0.457190 6.920827 6.919774 -2.105875 -1.232604 -1.399682
-0.019182 6.928377 0.000007 -0.000046 0.005108 -0.044853 0.388844 6.871273 6.857491 -1.816626 -1.170686 -1.150810
-0.022910 6.866449 0.000002 -0.000047 0.005108 -0.039794 0.343892 6.815883 6.811681 -1.633543 -1.038631 -0.979005
-0.025845 6.807427 0.000004 0.000023 0.005108 -0.036896 0.321018 6.757645 6.768239 -1.413290 -0.963011 -0.789526
-0.027644 6.750384 0.000008 0.000095 0.005108 -0.031454 0.317906 6.712017 6.733896 -1.196662 -0.820961 -0.594942
-0.026246 6.710241 0.000011 0.000125 0.005108 -0.024508 0.324486 6.681655 6.704365 -1.027306 -0.639680 -0.434189
-0.023019 6.685909 0.000011 0.000098 0.004621 -0.017847 0.329626 6.661285 6.674491 -0.814979 -0.465808 -0.238602
-0.020622 6.666694 0.000008 0.000041 0.004182 -0.010345 0.323645 6.645775 6.648464 -0.549379 -0.269999 0.003581
-0.014819 6.644325 0.000004 0.000022 0.003784 -0.000453 0.318126 6.622964 6.627849 -0.387143 -0.011825 0.170307
-0.009017 6.615168 0.000005 0.000067 0.003424 0.008644 0.310129 6.581794 6.599443 1.313627 0.225610 1.593458
-0.004744 6.585383 0.000008 0.000075 0.003098 0.067582 0.288409 6.666925 6.676708 1.602123 1.763920 2.046306
-0.000667 6.558539 0.000006 0.000626 0.002803 0.086802 0.262894 6.460131 6.653192 1.974779 2.265573 2.429201
0.005346 6.548484 0.000060 0.000555 0.016049 0.102066 0.231820 6.598140 6.621695 2.404052 2.663955 2.845168
0.011855 6.565000 0.000009 0.000300 0.016049 0.117625 0.109557 6.519696 6.597233 2.931186 3.070067 3.342471
0.021406 6.591646 0.000025 0.000030 0.016049 0.134721 -0.132047 6.639164 6.586632 3.369081 3.516276 3.768812
0.031276 6.607553 -0.000013 -0.000111 0.016049 0.151258 -0.046566 6.571621 6.578081 3.756994 3.947893 4.151870
0.034542 6.604812 0.000004 -0.000142 0.016049 0.164951 0.462598 6.617562 6.566951 4.270686 4.305283 4.630701
0.036210 6.592652 -0.000013 -0.000136 0.016049 0.181786 0.363315 6.570222 6.567019 4.677835 4.744687 5.027446
0.037468 6.586001 0.000001 -0.000101 0.016049 0.195147 0.272906 6.593790 6.564084 5.097946 5.093407 5.422960
0.039909 6.591647 -0.000007 -0.000146 0.016049 0.208024 0.168986 6.590262 6.567168 5.560363 5.429496 5.850163
0.042925 6.606347 -0.000006 -0.000208 0.016049 0.222570 0.059581 6.628678 6.580549 5.972290 5.809164 6.237099
0.044896 6.622624 -0.000013 -0.000223 0.016049 0.235208 -0.165619 6.629577 6.596551 6.322748 6.139033 6.564007
0.047237 6.658524 -0.000009 -0.000328 0.016049 0.245084 -0.081874 6.694966 6.616032 6.642074 6.396791 6.853456
0.047108 6.677575 -0.000023 -0.000326 0.014522 0.252717 0.086187 6.681398 6.639922 6.895214 6.596027 7.076274
0.042500 6.675044 -0.000012 -0.000186 0.013140 0.258790 -0.011443 6.691594 6.665068 7.154880 6.754515 7.296597
0.040203 6.692485 -0.000007 -0.000145 0.011889 0.263933 1.036799 6.722147 6.696758 7.425608 6.888750 7.518716
0.040490 6.709124 -0.000007 -0.000066 0.010758 0.271542 0.928716 6.737523 6.736813 7.640314 7.087359 7.700707
0.038288 6.737486 0.000000 -0.000004 0.009734 0.278152 0.828120 6.777438 6.776863 7.949480 7.259877 7.956860
0.036298 6.800205 0.000000 -0.000124 0.008808 0.285118 0.737183 6.868281 6.829060 8.269846 7.441695 8.218609
0.043245 6.883159 -0.000011 -0.000287 0.007970 0.292472 0.676199 6.954943 6.894351 8.310285 7.633644 8.250462
0.053410 6.974068 -0.000018 -0.000422 0.007211 0.295179 0.634515 7.038293 6.951248 8.422676 7.704283 8.325568
0.059323 7.070533 -0.000026 -0.000632 0.006929 0.299170 0.576040 7.148269 7.015121 8.552925 7.808461 8.421135
0.066761 7.167769 -0.000040 -0.000809 0.010640 0.303037 0.511423 7.237199 7.084215 8.277967 7.909392 8.192220
0.065315 7.263143 -0.000046 -0.000948 0.012271 0.293119 0.403547 7.310548 7.128758 8.235549 7.650531 8.090484
0.058201 7.359642 -0.000054 -0.001223 0.014621 0.281909 0.191734 7.441218 7.194147 8.421906 7.357948 8.146673
0.053027 7.449316 -0.000074 -0.001352 0.019885 0.277479 -0.128655 7.532726 7.296595 8.314256 7.242303 7.999534
0.048220 7.535548 -0.000071 -0.001266 0.019885 0.266746 0.253777 7.615315 7.398000 8.220629 6.962174 7.822484
0.041741 7.620451 -0.000066 -0.001179 0.019885 0.257433 0.109484 7.715554 7.511240 8.181342 6.719096 7.687763
0.033467 7.704241 -0.000062 -0.001023 0.019885 0.249920 -0.095670 7.800920 7.636270 8.037315 6.523022 7.482961
0.023702 7.789891 -0.000050 -0.000814 0.019885 0.240372 -0.063037 7.890561 7.761125 7.905115 6.273811 7.270362
0.011937 7.871911 -0.000040 -0.000587 0.019885 0.230124 -0.213423 7.974946 7.890158 8.017010 6.006319 7.216407
0.005120 7.953695 -0.000027 -0.000337 0.019885 0.227733 -0.399096 8.082081 8.041898 7.948800 5.943929 7.092458
0.002690 8.038365 -0.000014 0.000019 0.019885 0.226186 -0.557845 8.148357 8.186510 7.739048 5.903551 6.884342
0.003100 8.128158 0.000010 0.000309 0.019885 0.223496 -0.643867 8.244717 8.313393 7.490243 5.833331 6.649491
0.006000 8.221479 0.000019 0.000487 0.019885 0.221146 -0.671387 8.322694 8.424007 7.107343 5.771986 6.338744
0.006068 8.311903 0.000029 0.000594 0.019885 0.215401 -0.632704 8.399826 8.509352 6.961840 5.622043 6.164688
0.006103 8.397909 0.000032 0.000591 0.017993 0.212801 -0.539395 8.493252 8.595084 6.838994 5.554195 6.035743
0.007134 8.472567 0.000030 0.000649 0.016281 0.212082 -0.443054 8.548918 8.675732 6.619102 5.535430 5.866117
0.008684 8.549270 0.000037 0.000670 0.014731 0.209295 -0.335849 8.627908 8.741442 6.516960 5.462674 5.759061
0.011070 8.619935 0.000033 0.000644 0.013329 0.208860 -0.221017 8.689788 8.805523 6.225090 5.451328 5.557521
0.015153 8.718347 0.000034 0.000462 0.012061 0.204086 -0.076510 8.797142 8.852754 5.976119 5.326715 5.350355
0.014803 8.782107 0.000017 0.000374 0.010913 0.197393 0.334045 8.817035 8.892645 5.843699 5.152047 5.200689
0.009493 8.806454 0.000023 0.000457 0.009875 0.192630 0.224036 8.848001 8.934037 5.820569 5.027707 5.136116
0.008204 8.860840 0.000026 0.000388 0.008935 0.190191 0.122338 8.928441 8.984046 5.807240 4.964063 5.097944
0.008700 8.912091 0.000017 0.000381 0.008085 0.189728 0.067056 8.959978 9.037818 5.618238 4.951965 4.972328
0.005717 8.958825 0.000024 0.000419 0.007315 0.185636 0.029673 9.006079 9.078095 5.685055 4.845165 4.968847
0.002484 9.004422 0.000022 0.000390 0.006619 0.184869 0.009506 9.063826 9.131457 5.594371 4.825145 4.900843
-0.002150 9.049591 0.000021 0.000434 0.005989 0.181459 0.558523 9.093823 9.178891 5.590461 4.736153 4.858660
-0.006352 9.100423 0.000026 0.000416 0.006947 0.177975 0.514456 9.167474 9.232816 5.618379 4.645214 4.832217
-0.007013 9.144635 0.000020 0.000467 0.006947 0.176850 0.491645 9.196730 9.294364 5.287685 4.615856 4.616392
-0.007969 9.184950 0.000030 0.000580 0.007974 0.169894 0.469718 9.224103 9.332000 5.144029 4.434290 4.457063
-0.008082 9.230815 0.000033 0.000536 0.008812 0.165348 0.433906 9.287504 9.373201 5.027573 4.315642 4.338611
-0.007765 9.279008 0.000026 0.000499 0.008812 0.162680 0.381411 9.323690 9.415259 4.994283 4.246004 4.289004
-0.007866 9.320076 0.000028 0.000504 0.008812 0.162316 0.306667 9.371291 9.459846 5.181109 4.236502 4.391060
-0.008381 9.358815 0.000027 0.000535 0.008812 0.167993 0.221873 9.417136 9.518044 5.524927 4.384679 4.644676
-0.007130 9.400642 0.000031 0.000622 0.008812 0.179242 0.141110 9.469894 9.588751 5.771882 4.678287 4.899158
-0.001394 9.453862 0.000036 0.000715 0.009755 0.191752 0.115640 9.520111 9.654337 5.715252 5.004791 4.997996
0.004237 9.511005 0.000041 0.000759 0.011000 0.198721 0.122804 9.555091 9.691374 5.746683 5.186694 5.095210
0.007379 9.562403 0.000042 0.000683 0.011188 0.204441 0.097284 9.608744 9.718968 5.754530 5.336000 5.169130
0.008663 9.617030 0.000034 0.000540 0.011188 0.207407 0.052384 9.653922 9.739037 5.811249 5.413406 5.242872
0.010369 9.666359 0.000027 0.000385 0.011188 0.209002 0.015342 9.705076 9.760536 5.748648 5.455031 5.234320
0.011737 9.710476 0.000018 0.000265 0.011188 0.207833 0.220525 9.736026 9.776760 5.737031 5.424532 5.224859
0.013158 9.753359 0.000013 0.000124 0.011188 0.206386 0.192547 9.789821 9.797016 5.788385 5.386767 5.246145
0.015008 9.797956 0.000003 -0.000005 0.011188 0.206949 0.156641 9.833503 9.826149 5.734041 5.401440 5.229249
0.013153 9.829036 -0.000001 -0.000015 0.011188 0.205286 0.073816 9.849512 9.850487 5.870227 5.358052 5.293119
0.011706 9.857653 0.000001 -0.000038 0.011188 0.206316 -0.107822 9.901200 9.888238 5.947427 5.384937 5.350731
0.012090 9.894729 -0.000003 -0.000034 0.011188 0.207787 -0.008813 9.930224 9.929558 5.942606 5.423330 5.367098
0.013125 9.924293 0.000001 0.000028 0.011188 0.208123 1.007021 9.957096 9.966579 5.783997 5.432095 5.287101
0.013353 9.957618 0.000004 0.000047 0.011188 0.205656 0.893714 9.983481 9.991128 5.858177 5.367711 5.305086
0.012476 9.993322 0.000003 -0.000012 0.010123 0.205919 0.780268 10.036658 10.026811 6.013109 5.374557 5.395205
0.028387 10.221527 -0.000002 -0.001032 0.009160 0.208289 0.680822 10.415594 10.092454 6.174563 5.436430 5.509746
0.020525 10.202952 -0.000095 -0.000586 0.025630 0.210633 0.599786 10.086210 10.156876 6.347962 5.497615 5.627521
-0.002034 10.025737 0.000021 0.000695 0.025630 0.214462 0.526527 10.038844 10.205248 6.610858 5.597554 5.808421
-0.000264 10.091060 0.000049 0.000605 0.025630 0.220729 0.499914 10.206100 10.267097 6.808232 5.761126 5.979879
0.003144 10.160608 0.000018 0.000564 0.025630 0.227926 0.527086 10.199927 10.332161 6.797573 5.948957 6.052436
0.005441 10.223583 0.000040 0.000575 0.025630 0.231451 0.547715 10.303869 10.382664 6.902930 6.040964 6.146541
0.007519 10.291309 0.000024 0.000484 0.025630 0.235741 0.552078 10.343587 10.435854 7.085122 6.152921 6.290264
0.010171 10.358705 0.000028 0.000409 0.025630 0.241634 0.542300 10.438204 10.495544 7.394152 6.306745 6.518542
0.015644 10.424855 0.000018 0.000375 0.025630 0.251950 0.537063 10.492802 10.567101 7.451904 6.576004 6.667431
0.020574 10.491592 0.000023 0.000400 0.025630 0.260059 0.515766 10.553958 10.622884 7.614408 6.787655 6.849137
0.041794 10.763818 0.000021 -0.000747 0.025630 0.268030 0.444201 10.991485 10.696757 7.757908 6.995680 7.020760
0.039151 10.786831 -0.000087 -0.000477 0.025630 0.274390 0.342059 10.678222 10.760878 7.779631 7.161687 7.111086
0.018337 10.635246 0.000025 0.000666 0.023191 0.276244 0.187685 10.645547 10.792997 7.989610 7.210067 7.244696
0.017832 10.714740 0.000044 0.000415 0.020984 0.278403 -0.015132 10.826462 10.841537 7.979105 7.266422 7.265407
0.018133 10.793106 0.000005 0.000257 0.018987 0.276146 1.283711 10.817953 10.888226 7.876812 7.207529 7.184650
0.018433 10.853368 0.000021 0.000185 0.017180 0.271435 1.146668 10.930093 10.933133 7.546920 7.084568 6.958847
0.018818 10.914145 0.000001 0.000101 0.015545 0.262418 1.022703 10.934818 10.964666 7.399839 6.849212 6.773584
0.017895 10.968245 0.000009 -0.000019 0.014066 0.255078 0.901585 11.034800 11.004838 7.365837 6.657631 6.663878
0.016214 11.008940 -0.000008 -0.000022 0.012728 0.251011 0.791899 11.039460 11.056456 7.191152 6.551485 6.523573
0.016314 11.054674 0.000005 0.000009 0.011516 0.246087 0.691369 11.113097 11.102530 7.124869 6.422961 6.427004
0.017441 11.103785 -0.000003 -0.000007 0.010420 0.243779 0.598851 11.147088 11.153408 7.297695 6.362735 6.480882
0.017785 11.156552 0.000002 -0.000017 0.009429 0.247259 0.511040 11.231728 11.221326 7.531158 6.453545 6.635721
0.017346 11.205402 -0.000003 0.000084 0.008532 0.254034 0.437952 11.262261 11.297652 7.526413 6.630396 6.715652
0.015193 11.247448 0.000011 0.000266 0.007720 0.257154 0.384099 11.300386 11.357420 7.563317 6.711813 6.771507
0.014603 11.301331 0.000017 0.000297 0.006985 0.258620 0.350323 11.363656 11.413380 7.425289 6.750083 6.722228
0.015923 11.355772 0.000015 0.000305 0.006320 0.256746 0.335193 11.398288 11.456441 7.025272 6.701169 6.506529
0.015721 11.397444 0.000018 0.000313 0.005719 0.248836 0.316867 11.420205 11.473976 6.765496 6.494723 6.283915
0.015914 11.445415 0.000016 0.000151 0.005175 0.240430 0.285263 11.485161 11.490699 6.517879 6.275317 6.061146
0.014579 11.486131 0.000002 0.000024 0.004682 0.231848 0.241149 11.504446 11.507781 6.633126 6.051329 6.007723
0.011466 11.518729 0.000001 -0.000058 0.004237 0.229129 0.187183 11.572224 11.550943 4.537787 5.980365 4.987565
0.008685 11.544733 -0.000006 0.000033 0.003833 0.187589 0.141736 11.418433 11.446015 5.631611 4.896150 4.968934
0.007168 11.570008 0.000009 -0.000657 0.003469 0.186921 0.114481 11.744447 11.511593 5.475266 4.878713 4.883328
0.004921 11.583700 -0.000069 -0.000382 0.018481 0.184311 0.118799 11.498236 11.561938 5.156234 4.810584 4.698511
0.002644 11.598837 0.000019 -0.000196 0.018481 0.177749 0.165426 11.704309 11.590621 4.571873 4.639326 4.341514
0.001341 11.630370 -0.000034 -0.000211 0.018481 0.164130 0.177459 11.566341 11.589718 4.021667 4.283861 3.910518
-0.001106 11.658114 0.000007 -0.000362 0.018481 0.146979 0.110026 11.712574 11.577599 3.944575 3.836205 3.650904
-0.002852 11.677151 -0.000040 -0.000528 0.018481 0.136613 -0.050585 11.656649 11.595390 3.765812 3.565653 3.431356
-0.005278 11.688322 -0.000018 -0.000492 0.018481 0.128454 0.233327 11.728132 11.619156 3.668020 3.352691 3.277792
-0.008409 11.696988 -0.000033 -0.000412 0.018481 0.122600 0.148810 11.694873 11.649740 3.624224 3.199914 3.178857
-0.010519 11.708605 -0.000014 -0.000312 0.018481 0.119138 0.090725 11.750270 11.686307 3.241022 3.109539 2.954244
-0.013507 11.720622 -0.000019 -0.000182 0.018481 0.110480 0.034456 11.706411 11.699245 3.133468 2.883566 2.790466
-0.014827 11.729643 -0.000003 -0.000161 0.018481 0.104253 -0.164000 11.766298 11.720355 3.090042 2.721036 2.687519
-0.013309 11.734822 -0.000014 -0.000077 0.018481 0.102170 -0.132224 11.736323 11.748483 3.033779 2.666667 2.633870
-0.010328 11.750830 0.000003 -0.000012 0.016722 0.103136 -0.089787 11.788980 11.775262 3.196835 2.691888 2.724071
-0.006179 11.770804 -0.000004 0.000024 0.015131 0.109910 -0.048950 11.792774 11.811328 3.103875 2.868707 2.775961
-0.004364 11.779054 0.000005 0.000171 0.013691 0.114681 -0.031721 11.785083 11.825104 3.282417 2.993221 2.929541
-0.002864 11.788686 0.000012 0.000193 0.012388 0.121804 -0.043476 11.812479 11.842373 3.240829 3.179144 3.014936
-0.000642 11.796972 0.000009 0.000241 0.011209 0.125947 -0.237123 11.789026 11.842293 2.735582 3.287261 2.852494
0.002077 11.814971 0.000016 0.000145 0.010143 0.119560 -0.239955 11.795836 11.799671 2.525914 3.120563 2.686998
0.003563 11.819157 0.000001 -0.000103 0.009177 0.112775 -0.214398 11.794816 11.758623 2.264388 2.943460 2.492185
0.003281 11.805494 -0.000011 -0.000248 0.008304 0.104441 -0.157624 11.764934 11.714208 2.120452 2.725939 2.329615
0.003523 11.793303 -0.000015 -0.000419 0.007514 0.097348 -0.057714 11.772217 11.678337 2.112757 2.540818 2.244150
0.001152 11.768810 -0.000028 -0.000479 0.007536 0.093126 0.226733 11.735133 11.656433 2.301539 2.430629 2.284173
-0.003064 11.735942 -0.000024 -0.000421 0.007536 0.092991 0.129499 11.727255 11.655050 2.254153 2.427090 2.267555
-0.007520 11.710094 -0.000022 -0.000292 0.007536 0.090281 0.022073 11.683861 11.648049 -12.284205 2.356379 -4.456344
-0.010806 11.690005 -0.000011 -0.000222 0.007536 -0.183742 -0.373249 10.636309 10.593635 -5.337100 -4.795726 -4.760123
-0.012135 11.665404 -0.000013 -0.005679 0.007536 -0.196007 -0.303867 12.449535 10.661667 -5.739019 -5.115863 -5.119927
-0.019362 11.566543 -0.000531 -0.004795 0.142721 -0.209409 -0.251262 10.815091 10.707096 -5.711700 -5.465654 -5.291629
-0.030809 11.398995 -0.000035 -0.003666 0.142721 -0.214923 2.042909 11.848328 10.758495 -5.644114 -5.609584 -5.341404
-0.039715 11.248687 -0.000326 -0.002597 0.142721 -0.213564 1.583537 10.766477 10.805017 -5.576457 -5.574094 -5.302751
-0.049843 11.123514 0.000007 -0.001688 0.142721 -0.209426 1.090435 11.408973 10.836696 -5.090600 -5.466099 -5.016381
-0.062981 11.014113 -0.000173 -0.000940 0.142721 -0.198409 0.594086 10.725377 10.881589 -4.668197 -5.178550 -4.680332
-0.075456 10.913292 0.000042 -0.000168 0.142721 -0.187820 0.303006 11.100527 10.921661 -5.520136 -4.902168 -5.026029
-0.087458 10.825411 -0.000057 0.000510 0.142721 -0.205465 0.913981 10.560635 10.867353 -6.553234 -5.362714 -5.790795
-0.098299 10.766136 0.000088 0.000536 0.142721 -0.240579 1.251547 10.844455 10.771149 -7.233125 -6.279203 -6.556493
-0.105111 10.720263 -0.000024 0.000270 0.142721 -0.274184 1.581241 10.551935 10.697085 -8.648963 -7.156313 -7.720871
-0.110008 10.719884 0.000041 -0.000121 0.142721 -0.321572 1.761682 10.746315 10.591437 -9.289968 -8.393146 -8.596661
-0.112764 10.763940 -0.000048 -0.000914 0.142721 -0.358292 1.730622 10.713193 10.543841 -9.636741 -9.351551 -9.202694
-0.114264 10.791457 -0.000052 -0.001312 0.129140 -0.382791 1.664165 10.833447 10.547982 -10.869004 -9.990987 -10.181077
-0.119810 10.782699 -0.000087 -0.001244 0.116850 -0.421261 1.544885 10.678614 10.507967 -11.141945 -10.995077 -10.763912
-0.123980 10.766839 -0.000053 -0.001372 0.105731 -0.443385 1.343231 10.826798 10.523234 -11.244082 -11.572513 -11.082723
-0.127325 10.747605 -0.000092 -0.001189 0.095669 -0.452661 1.198645 10.707999 10.569419 -11.734096 -11.814640 -11.489589
-0.132558 10.712414 -0.000044 -0.000758 0.086565 -0.465911 1.090427 10.721771 10.589543 -12.080470 -12.160469 -11.851210
-0.134526 10.673705 -0.000042 -0.000446 0.078327 -0.476366 1.049137 10.641036 10.603743 -12.257103 -12.433343 -12.083067
-0.134675 10.635431 -0.000014 -0.000168 0.070873 -0.479596 1.044207 10.643690 10.619655 -12.075754 -12.517645 -12.029599
-0.136775 10.590688 -0.000009 0.000153 0.064129 -0.471727 1.065624 10.580237 10.648710 -11.932697 -12.312267 -11.883936
-0.138120 10.553289 0.000018 0.000506 0.058026 -0.461922 1.111435 10.559176 10.666614 -11.748162 -12.056357 -11.690411
-0.138864 10.526039 0.000030 0.000745 0.052504 -0.451069 1.178472 10.521814 10.674841 -11.308352 -11.773077 -11.332157
-0.139919 10.500600 0.000044 0.000923 0.047508 -0.435192 1.256055 10.517232 10.691019 -11.151756 -11.358686 -11.091494
-0.139426 10.471137 0.000050 0.001165 0.042987 -0.424240 1.345779 10.449224 10.683993 -11.592720 -11.072822 -11.249932
-0.138793 10.435415 0.000069 0.001317 0.038896 -0.428666 1.396944 10.386776 10.621544 -11.998738 -11.188345 -11.529975
-0.140555 10.401502 0.000069 0.001166 0.035195 -0.438939 1.379606 10.354686 10.540943 -12.140583 -11.456490 -11.706256
-0.144240 10.356160 0.000055 0.000979 0.031845 -0.447289 1.308658 10.307874 10.473000 -12.158005 -11.674424 -11.791237
-0.146447 10.307426 0.000049 0.000877 0.028815 -0.451829 1.215796 10.272102 10.421476 -12.130706 -11.792912 -11.815498
-0.148236 10.255498 0.000045 0.000879 0.026073 -0.452834 1.112710 10.217790 10.380454 -12.053078 -11.819149 -11.777038
-0.149602 10.207844 0.000049 0.000915 0.023592 -0.450810 1.000536 10.182971 10.346278 -11.881635 -11.766326 -11.653860
-0.151544 10.166287 0.000049 0.000954 0.021347 -0.445649 0.882578 10.144602 10.319941 -11.442306 -11.631614 -11.343084
-0.154480 10.120967 0.000053 0.001054 0.019315 -0.434278 0.771955 10.115748 10.313732 -11.118503 -11.334824 -11.044536
-0.155895 10.089055 0.000060 0.001191 0.017477 -0.423193 0.692356 10.083342 10.306906 -11.095761 -11.045511 -10.919441
-0.156709 10.062171 0.000068 0.001297 0.018181 -0.418717 0.640634 10.041600 10.278799 -11.181731 -10.928678 -10.922037
-0.156331 10.039289 0.000072 0.001269 0.019321 -0.418845 0.609813 10.019143 10.236551 -11.581898 -10.932031 -11.149322
-0.156677 10.013384 0.000066 0.001183 0.019321 -0.427518 0.576098 9.961787 10.167244 -11.684128 -11.158381 -11.295537
-0.158640 9.980707 0.000063 0.000988 0.019321 -0.433472 0.509047 9.957828 10.110576 -11.281556 -11.313781 -11.138106
-0.159943 9.945386 0.000047 0.000875 0.019321 -0.427599 0.433834 9.937762 10.096387 -11.058894 -11.160498 -10.955646
-0.162415 9.901946 0.000049 0.001030 0.019321 -0.420498 0.368913 9.880640 10.084289 -10.645657 -10.975167 -10.660299
-0.164305 9.868508 0.000062 0.001143 0.019321 -0.409376 0.312813 9.882629 10.086537 -10.267781 -10.684884 -10.339980
-0.165734 9.844737 0.000063 0.001281 0.019321 -0.397063 0.296881 9.844583 10.092516 -10.057161 -10.363512 -10.091029
-0.168605 9.821431 0.000076 0.001436 0.020369 -0.388456 0.308214 9.825060 10.087559 -9.677421 -10.138854 -9.803665
-0.169374 9.809282 0.000080 0.001475 0.021569 -0.378139 0.373852 9.830024 10.093096 -9.798763 -9.869585 -9.739312
-0.167769 9.804774 0.000081 0.001528 0.021655 -0.375424 0.465603 9.789695 10.069384 -10.139359 -9.798703 -9.877992
-0.165845 9.795126 0.000086 0.001453 0.023017 -0.380002 0.512654 9.774839 10.017327 -10.283027 -9.918190 -10.005974
-0.165072 9.781937 0.000075 0.001247 0.023017 -0.383747 0.506215 9.761235 9.967408 -10.133717 -10.015955 -9.972722
-0.164483 9.770539 0.000064 0.001043 0.023017 -0.381718 0.454169 9.769467 9.939206 -9.905515 -9.962989 -9.831042
-0.165206 9.751225 0.000053 0.000996 0.023017 -0.375749 0.388180 9.740787 9.924564 -9.569386 -9.807187 -9.588826
-0.166695 9.724931 0.000057 0.001058 0.023017 -0.366693 0.312717 9.729441 9.921795 -9.254236 -9.570845 -9.323054
-0.167108 9.707027 0.000060 0.001138 0.023017 -0.356337 0.262220 9.711989 9.923211 -9.005155 -9.300536 -9.075234
-0.168004 9.699597 0.000065 0.001185 0.023017 -0.347153 0.229894 9.711042 9.922208 -8.568990 -9.060830 -8.748412
-0.166762 9.698169 0.000066 0.001187 0.023017 -0.334586 0.267903 9.723434 9.935367 -8.781337 -8.732820 -8.708871
-0.163265 9.702356 0.000066 0.001235 0.023017 -0.332167 0.354287 9.681986 9.908558 -9.179878 -8.669684 -8.891667
-0.160100 9.703401 0.000070 0.001087 0.023017 -0.338418 0.356832 9.683643 9.851152 -9.224155 -8.832834 -8.978459
-0.158723 9.702445 0.000053 0.000788 0.023017 -0.340835 0.282293 9.689192 9.807986 -9.015272 -8.895935 -8.881215
-0.159059 9.697045 0.000038 0.000588 0.020826 -0.337504 0.140714 9.694698 9.788263 -8.700902 -8.808996 -8.667216
-0.160547 9.687605 0.000031 0.000533 0.018845 -0.330420 -0.041580 9.689746 9.786013 -8.380646 -8.624106 -8.414498
-0.162601 9.681812 0.000031 0.000552 0.017051 -0.322828 0.192317 9.693068 9.793197 -7.979075 -8.425932 -8.117259
-0.163585 9.684160 0.000032 0.000578 0.015429 -0.313115 0.227516 9.709345 9.814604 -7.880106 -8.172430 -7.960195
-0.163884 9.700952 0.000034 0.000602 0.013960 -0.308529 0.316827 9.715375 9.824376 -7.886271 -8.052738 -7.916800
-0.162565 9.728059 0.000035 0.000510 0.012632 -0.308145 0.386233 9.750243 9.826781 -8.267063 -8.042710 -8.121878
-0.162517 9.733722 0.000025 0.000493 0.011430 -0.316614 0.428732 9.704283 9.801252 -8.728708 -8.263756 -8.467603
-0.164989 9.723370 0.000031 0.000413 0.010342 -0.330174 0.422804 9.705020 9.759845 -8.867759 -8.617664 -8.700721
-0.167286 9.720449 0.000018 0.000209 0.009358 -0.339704 0.387230 9.714709 9.737822 -9.071589 -8.866407 -8.922977
-0.171154 9.712015 0.000009 0.000137 0.008467 -0.348906 0.333050 9.695024 9.720405 -8.929300 -9.106585 -8.977851
-0.174453 9.705947 0.000009 0.000077 0.007662 -0.352034 0.269575 9.727505 9.731778 -8.779319 -9.188219 -8.959530
-0.176978 9.708181 0.000003 0.000125 0.006933 -0.351693 0.217479 9.722289 9.758985 -8.675665 -9.179339 -8.919501
-0.179116 9.720357 0.000012 0.000205 0.006273 -0.350568 0.177111 9.755230 9.791541 -8.328660 -9.149957 -8.765472
-0.178053 9.736431 0.000012 0.000292 0.005676 -0.343896 0.171701 9.780778 9.845415 -8.545433 -8.975834 -8.780245
-0.175802 9.748264 0.000021 0.000515 0.005523 -0.342382 0.194941 9.753374 9.866821 -8.886142 -8.936308 -8.920502
-0.173474 9.772214 0.000035 0.000501 0.009405 -0.345809 0.203553 9.790913 9.860988 -8.931763 -9.025748 -8.990511
-0.172935 9.798348 0.000022 0.000332 0.009405 -0.347246 0.199539 9.811093 9.861519 -8.991857 -9.063246 -9.040139
-0.175505 9.814880 0.000016 0.000247 0.009405 -0.349641 0.182161 9.823072 9.862017 -8.820460 -9.125768 -8.999211
-0.177278 9.836737 0.000013 0.000134 0.009405 -0.349538 0.183407 9.869744 9.881565 -8.727995 -9.123068 -8.963387
-0.179576 9.843970 0.000005 0.000199 0.009405 -0.349177 0.231828 9.851917 9.906372 -8.706474 -9.113671 -8.956458
-0.181272 9.835744 0.000017 0.000374 0.009405 -0.349188 0.290068 9.852248 9.928752 -9.066053 -9.113947 -9.113386
-0.179923 9.844629 0.000024 0.000446 0.009405 -0.354305 0.339560 9.841997 9.923803 -9.730522 -9.247501 -9.470861
-0.171298 9.951826 0.000025 -0.000148 0.009405 -0.368408 0.346442 10.004763 9.891679 -10.053736 -9.615591 -9.807444
-0.175650 9.926923 -0.000032 -0.000187 0.009405 -0.380265 0.312648 9.832970 9.863523 -10.140870 -9.925069 -10.009710
-0.187145 9.814333 0.000010 0.000261 0.009405 -0.387544 0.249060 9.783820 9.843000 -10.240986 -10.115040 -10.160827
-0.187515 9.820542 0.000018 0.000119 0.009405 -0.393440 0.179640 9.840813 9.831648 -10.222999 -10.268929 -10.246260
-0.187663 9.827616 -0.000002 0.000021 0.008510 -0.396431 0.091219 9.820379 9.834566 -9.891389 -10.347005 -10.167829
-0.185046 9.872394 0.000005 -0.000200 0.007700 -0.392651 -0.017094 9.946949 9.871293 -9.962707 -10.248337 -10.144851
-0.189228 9.851793 -0.000022 0.000103 0.006968 -0.391781 0.158897 9.796321 9.889995 -10.200592 -10.225632 -10.225228
-0.195804 9.792915 0.000028 0.000514 0.007605 -0.395118 0.167883 9.792000 9.882098 -10.944546 -10.312728 -10.542919
-0.177561 10.024134 0.000027 -0.000753 0.007605 -0.410468 0.221444 10.164157 9.850617 -11.577588 -10.713386 -11.031723
-0.181660 9.967517 -0.000092 -0.000619 0.024830 -0.428368 0.251073 9.747717 9.799819 -12.143038 -11.180574 -11.523816
-0.202385 9.704357 0.000016 0.000506 0.024830 -0.442952 0.268047 9.600077 9.720681 -12.424695 -11.561219 -11.855563
-0.189007 9.863766 0.000036 -0.000758 0.024830 -0.457222 0.180844 10.012282 9.672554 -12.231173 -11.933668 -12.000520
-0.195592 9.789909 -0.000100 -0.000622 0.026999 -0.461913 -0.042697 9.590499 9.662778 -11.650660 -12.056105 -11.872340
-0.217282 9.552136 0.000021 0.000586 0.026999 -0.458236 1.152149 9.550762 9.681030 -10.197019 -11.960134 -11.398940
-0.223034 9.515102 0.000039 0.000879 0.026999 -0.440853 1.018049 9.614058 9.791922 -9.522975 -11.506442 -10.912693
-0.227521 9.496958 0.000053 0.001563 0.026999 -0.422865 0.946547 9.546696 9.905844 -9.406435 -11.036950 -10.562363
-0.227947 9.493272 0.000107 0.002186 0.028749 -0.409154 0.947310 9.568429 9.982483 -10.773287 -10.679073 -10.669492
-0.225492 9.495109 0.000124 0.002582 0.033256 -0.412560 0.998600 9.429641 9.926934 -12.253531 -10.767979 -11.124645
-0.223072 9.493081 0.000149 0.002299 0.040031 -0.429744 1.029272 9.436418 9.776133 -12.806788 -11.216488 -11.584403
-0.229460 9.415841 0.000103 0.001909 0.040031 -0.445895 0.996889 9.284390 9.625115 -11.925760 -11.638028 -11.656636
-0.252126 9.121424 0.000103 0.002669 0.040031 -0.448035 0.892463 8.970247 9.553941 -11.627014 -11.693891 -11.636655
-0.293625 8.546544 0.000176 0.005338 0.047230 -0.446655 0.781385 8.212418 9.458037 -12.934172 -11.657876 -11.814387
-0.350541 7.806214 0.000373 0.008753 0.100182 -0.451042 0.544516 7.388966 9.200570 -9.919945 -11.772381 -11.574273
-0.408560 7.052341 0.000542 0.011383 0.145720 -0.443404 -0.515463 6.916985 9.119690 -7.625965 -11.573027 -11.211884
-0.461176 6.339265 0.000660 0.014733 0.177489 -0.431973 1.465912 6.162488 9.127046 -7.924743 -11.274668 -10.969832
-0.510656 5.664203 0.000889 0.018349 0.238923 -0.423267 0.294624 5.507797 9.022984 -3.834719 -11.047448 -10.547400
-0.554030 5.027586 0.001055 0.021171 0.283738 -0.405941 -7.979516 5.164945 9.144972 -3.915819 -10.595221 -10.144243
-0.589911 4.432885 0.001197 0.024968 0.321836 -0.390581 -6.758973 4.330201 9.156728 7.335260 -10.194319 -9.292108
-0.623219 3.894974 0.001452 0.027881 0.390454 -0.358121 -5.311448 4.814296 9.898056 26.560638 -9.347103 -7.737714
-0.651213 3.444063 0.001533 0.034198 0.412294 -0.298199 -3.227985 4.944242 11.849023 12.945828 -7.783118 -6.844409
-0.668032 3.097613 0.002078 0.046372 0.558828 -0.262420 -0.210393 3.119148 12.472721 10.095117 -6.849266 -6.104204
-0.675461 2.852350 0.002812 0.050976 0.756005 -0.244047 51.395517 3.864102 12.735874 17.474330 -6.369736 -5.378166
-0.674281 2.697080 0.002678 0.053193 0.756005 -0.209899 45.990179 3.487546 13.456078 12.577170 -5.478439 -4.786067
-0.662418 2.624444 0.003012 0.057394 0.809875 -0.180636 41.140256 3.239502 13.678454 7.171141 -4.714662 -4.351665
-0.642624 2.631812 0.003160 0.058534 0.849800 -0.158477 36.717202 3.005082 13.433211 8.681435 -4.136309 -3.740377
-0.614811 2.693073 0.003166 0.056910 0.851293 -0.128010 32.581431 3.370274 13.286005 6.471735 -3.341113 -3.150377
-0.578456 2.756224 0.003022 0.055795 0.851293 -0.097186 28.740557 2.974519 12.942560 7.064746 -2.536600 -2.370789
-0.542769 2.785382 0.003044 0.053821 0.851293 -0.057247 25.168665 3.328313 12.621083 10.654796 -1.494170 -1.103611
-0.509573 2.770624 0.002849 0.052195 0.851293 0.005964 22.042956 3.202924 12.514487 5.835312 0.155664 -0.195110
-0.477704 2.711677 0.002859 0.051943 0.851293 0.051212 19.463778 2.729355 11.944882 3.592004 1.336659 0.528924
-0.447778 2.633785 0.002835 0.049337 0.851293 0.086536 17.030595 2.720405 11.176849 4.247807 2.258629 1.443743
-0.423234 2.559247 0.002613 0.045663 0.851293 0.128736 14.299502 2.574152 10.458919 4.238049 3.360057 2.354862
-0.401519 2.478702 0.002446 0.042285 0.851293 0.168265 11.254465 2.465826 9.724382 3.781160 4.391796 3.069094
-0.370937 2.376247 0.002261 0.038936 0.851293 0.201114 8.292819 2.260431 8.945415 4.700933 5.249153 4.009118
-0.330992 2.263814 0.002261 0.038936 0.851293 0.201114 8.292819 2.260431 8.945415 5.270464 5.249153 5.270464
-0.283446 2.152546 0.002261 0.038936 0.851293 0.201114 8.292819 2.260431 8.945415 6.605533 5.249153 6.605533
-0.230599 2.029995 0.002261 0.038936 0.851293 0.201114 8.292819 2.260431 8.945415 7.985445 5.249153 7.985445
-0.184835 1.894162 0.002261 0.038936 0.851293 0.201114 8.292819 2.260431 8.945415 9.286324 5.249153 9.286324
-0.156439 1.750997 0.002261 0.038936 0.851293 0.201114 8.292819 2.260431 8.945415 10.467868 5.249153 10.467868
-0.140075 1.606618 0.002261 0.038936 0.851293 0.201114 8.292819 2.260431 8.945415 12.008707 5.249153 12.008707
-0.140585 1.461548 0.002261 0.038936 0.851293 0.201114 8.292819 2.260431 8.945415 13.403753 5.249153 13.403753
-0.143730 1.314464 0.002261 0.038936 0.851293 0.201114 8.292819 2.260431 8.945415 14.756240 5.249153 14.756240
-0.134467 1.176554 0.002261 0.038936 0.851293 0.201114 8.292819 2.260431 8.945415 16.547558 5.249153 16.547558
-0.097199 1.051685 0.002261 0.038936 0.851293 0.201114 8.292819 2.260431 8.945415 19.853019 5.249153 19.853019
-0.025813 0.930703 0.002261 0.038936 0.851293 0.201114 8.292819 2.260431 8.945415 25.798627 5.249153 25.798627
0.000000 0.818642 0.002261 0.038936 0.851293 0.201114 8.292819 2.260431 8.945415 30.170666 5.249153 30.170666
0.000000 0.723242 0.002261 0.038936 0.851293 0.201114 8.292819 2.260431 8.945415 33.466795 5.249153 33.466795
0.000000 0.638321 0.002261 0.038936 0.851293 0.201114 8.292819 2.260431 8.945415 35.616399 5.249153 35.616399
0.000000 0.558478 0.002261 0.038936 0.851293 0.201114 8.292819 2.260431 8.945415 38.957083 5.249153 38.957083
