0.000000 -0.002735 0.000000 0.000000 0.000000 0.000000 0.000000 0.000000 0.000000 6.833493 0.000000 6.833493
0.000000 -0.004832 0.000000 0.000000 0.000000 0.000000 0.000000 0.000000 0.000000 6.833233 0.000000 6.833233
0.000000 -0.002906 0.000000 0.000000 0.000000 0.000000 0.000000 0.000000 0.000000 6.833016 0.000000 6.833016
0.000000 0.059335 0.000000 0.000000 0.000000 0.000000 0.000000 0.000000 0.000000 6.833148 0.000000 6.833148
0.000000 0.222631 0.000000 0.000000 0.000000 0.000000 0.000000 0.000000 0.000000 6.833333 0.000000 6.833333
0.000000 0.412928 0.000000 0.000000 0.000000 0.000000 0.000000 0.000000 0.000000 6.833408 0.000000 6.833408
0.000000 0.575212 0.000000 0.000000 0.000000 0.000000 0.000000 0.000000 0.000000 6.834409 0.000000 6.834409
0.000000 0.688085 0.000000 0.000000 0.000000 0.000000 0.000000 0.000000 0.000000 6.835670 0.000000 6.835670
0.000000 0.749045 0.000000 0.000000 0.000000 0.000000 0.000000 0.000000 0.000000 6.832598 0.000000 6.832598
0.000000 0.791390 0.000000 0.000000 0.000000 0.000000 0.000000 0.000000 0.000000 6.825849 0.000000 6.825849
0.000000 0.828531 0.000000 0.000000 0.000000 0.000000 0.000000 0.000000 0.000000 6.816094 0.000000 6.816094
0.000000 0.865807 0.000000 0.000000 0.000000 0.000000 0.000000 0.000000 0.000000 6.830531 0.000000 6.830531
0.000000 0.909970 0.000000 0.000000 0.000000 0.000000 0.000000 0.000000 0.000000 6.852106 0.000000 6.852106
0.000000 0.959189 0.000000 0.000000 0.000000 0.000000 0.000000 0.000000 0.000000 6.857865 0.000000 6.857865
0.367907 1.018743 0.000000 0.000000 0.000000 0.000000 0.000000 0.000000 0.000000 6.873764 0.000000 6.873764
0.304453 1.091273 0.000000 0.000000 0.000000 0.000000 0.000000 0.000000 0.000000 6.861219 0.000000 6.861219
0.245573 1.156150 0.000000 0.000000 0.000000 0.000000 0.000000 0.000000 0.000000 6.842979 0.000000 6.842979
0.151645 1.223829 0.000000 0.000000 0.000000 0.000000 0.000000 0.000000 0.000000 6.839624 0.000000 6.839624
0.084968 1.308255 0.000000 0.000000 0.000000 0.000000 0.000000 0.000000 0.000000 6.832474 0.000000 6.832474
0.015223 1.398807 0.000000 0.000000 0.000000 0.000000 0.000000 0.000000 0.000000 6.842610 0.000000 6.842610
-0.005781 1.493370 0.000000 0.000000 0.000000 0.000000 0.000000 0.000000 0.000000 6.844690 0.000000 6.844690
0.016082 1.595662 0.000000 0.000000 0.000000 0.000000 0.000000 0.000000 0.000000 6.835305 0.000000 6.835305
0.056269 1.702958 0.000000 0.000000 0.000000 0.000000 0.000000 0.000000 0.000000 6.818980 0.000000 6.818980
0.071953 1.816951 0.000000 0.000000 0.000000 0.000000 0.000000 0.000000 0.000000 6.815700 0.000000 6.815700
0.055659 1.933800 0.000000 0.000000 0.000000 0.000000 0.000000 0.000000 0.000000 6.833269 0.000000 6.833269
0.052621 2.042707 0.000000 0.000000 0.000000 0.000000 0.000000 0.000000 0.000000 6.839330 0.000000 6.839330
0.053913 2.146167 0.000000 0.000000 0.000000 0.000000 0.000000 0.000000 0.000000 6.841065 0.000000 6.841065
0.058968 2.254316 0.000000 0.000000 0.000000 0.000000 0.000000 0.000000 0.000000 6.844814 0.000000 6.844814
0.070032 2.360411 0.000000 0.000000 0.000000 0.000000 0.000000 0.000000 0.000000 6.841647 0.000000 6.841647
0.071824 2.462324 0.000000 0.000000 0.000000 0.000000 0.000000 0.000000 0.000000 6.837351 0.000000 6.837351
0.064998 2.562909 0.000000 0.000000 0.000000 0.000000 0.000000 0.000000 0.000000 6.836844 0.000000 6.836844
0.069316 2.700570 0.000000 0.000000 0.000000 0.000000 0.000000 0.000000 0.000000 6.838446 0.000000 6.838446
0.051159 2.768278 0.000000 0.000000 0.000000 0.000000 0.000000 0.000000 0.000000 6.838458 0.000000 6.838458
0.026072 2.798277 0.000000 0.000000 0.000000 0.000000 0.000000 0.000000 0.000000 6.836964 0.000000 6.836964
0.024452 2.892665 0.000000 0.000000 0.000000 0.000000 0.000000 0.000000 0.000000 6.837558 0.000000 6.837558
0.025045 2.991397 0.000000 0.000000 0.000000 0.000000 0.000000 0.000000 0.000000 6.836000 0.000000 6.836000
0.022210 3.082953 0.000000 0.000000 0.000000 0.000000 0.000000 0.000000 0.000000 6.834517 0.000000 6.834517
0.016790 3.172897 0.000000 0.000000 0.000000 0.000000 0.000000 0.000000 0.000000 6.836167 0.000000 6.836167
0.013694 3.264602 0.000000 0.000000 0.000000 0.000000 0.000000 0.000000 0.000000 6.837043 0.000000 6.837043
0.017727 3.365922 0.000000 0.000000 0.000000 0.000000 0.000000 0.000000 0.000000 6.834432 0.000000 6.834432
0.023620 3.468217 0.000000 0.000000 0.000000 0.000000 0.000000 0.000000 0.000000 6.831733 0.000000 6.831733
0.024510 3.565545 0.000000 0.000000 0.000000 0.000000 0.000000 0.000000 0.000000 6.832412 0.000000 6.832412
0.024048 3.664422 0.000000 0.000000 0.000000 0.000000 0.000000 0.000000 0.000000 6.834533 0.000000 6.834533
0.023396 3.761800 0.000000 0.000000 0.000000 0.000000 0.000000 0.000000 0.000000 6.836576 0.000000 6.836576
0.023633 3.855997 0.000000 0.000000 0.000000 0.000000 0.000000 0.000000 0.000000 6.836629 0.000000 6.836629
0.025232 3.953978 0.000000 0.000000 0.000000 0.000000 0.000000 3.953978 3.953978 6.836567 0.000000 6.836567
0.026698 4.051041 0.000000 -0.000514 0.000000 0.301427 0.000000 4.623020 4.458013 6.834440 7.867372 6.834440
0.027931 4.146671 -0.000049 0.001650 0.013160 0.176848 0.000049 3.690905 -1549.788687 6.830410 4.615792 6.830410
0.027891 4.233138 0.000196 -8.234405 0.052679 0.221126 0.823308 4.827056 -1394.226373 6.827849 5.771468 6.827849
0.066742 4.508041 -0.000096 -7.411572 0.052679 0.203801 0.398184 4.329212 -1254.276549 6.832020 5.319281 6.832020
0.055783 4.560372 0.000074 -6.670288 0.052679 0.209925 -0.341694 4.854681 -1128.283476 11.394195 5.479128 11.394195
0.012447 4.451358 -0.000050 -6.002102 0.052679 0.433773 0.183084 4.556398 -1014.582294 11.266869 11.321659 11.266869
0.016087 4.559684 0.000158 -5.400199 0.052679 0.366743 -0.620423 4.558351 -912.672058 11.117472 9.572133 11.117472
0.031776 4.720174 0.000142 -4.861051 0.052679 0.375762 -0.424998 4.961372 -820.821096 10.968441 9.807539 10.968441
0.052104 4.909657 0.000047 -4.375358 0.052679 0.366877 -0.226207 4.952226 -738.164080 10.818451 9.575623 10.818451
0.059906 5.046686 0.000068 -3.938103 0.052679 0.361972 0.103124 5.212119 -663.753139 10.665904 9.447619 10.665904
0.065581 5.154891 0.000014 -3.544390 0.052679 0.356837 -0.605855 5.197198 -596.774246 10.476056 9.313590 10.476056
0.069547 5.289473 0.000042 -3.190197 0.052679 0.350265 -0.402820 5.447347 -536.483820 10.292460 9.142068 10.292460
0.070220 5.438393 -0.000009 -2.871521 0.052679 0.338666 -0.003437 5.514411 -478.557698 10.077576 8.839325 10.077576
0.065310 5.572621 -0.000004 -2.565295 0.047666 0.324909 -0.005376 5.708724 -430.055132 9.765183 8.480256 9.765183
0.054082 5.694508 -0.000033 -2.308937 0.043130 0.299765 19.703852 5.776044 -386.387260 9.490407 7.823978 9.490407
0.043719 5.815143 -0.000022 -2.078190 0.039025 0.282071 17.730028 5.966916 -347.046526 9.199836 7.362175 9.199836
0.033612 5.936149 -0.000040 -1.870374 0.035312 0.264992 15.957150 6.044411 -311.615383 8.911085 6.916394 8.911085
0.025623 6.036811 -0.000021 -1.683166 0.031951 0.250591 14.361923 6.174961 -279.705935 8.552469 6.540515 8.552469
0.017300 6.138176 -0.000015 -1.514622 0.028911 0.237809 12.926175 6.254226 -250.976046 8.237066 6.206906 8.237066
0.011585 6.263695 0.000005 -1.363054 0.026159 0.225878 11.629283 6.418063 -225.105278 7.942224 5.895514 7.942224
0.004067 6.371487 -0.000000 -1.226542 0.023670 0.215880 10.461351 6.482216 -201.809611 7.601694 5.634562 7.601694
-0.008425 6.468015 0.000023 -1.103615 0.021418 0.203746 9.406882 6.598891 -180.839612 7.451801 5.317853 7.451801
-0.014111 6.569212 0.000028 -0.993036 0.019379 0.197295 8.458942 6.699768 -161.944431 7.251816 5.149471 7.251816
-0.014580 6.670799 0.000041 -0.893453 0.017535 0.193649 7.609651 6.799638 -144.930894 6.984998 5.054322 6.984998
-0.013144 6.774810 0.000051 -0.803854 0.015867 0.189818 6.845258 6.894548 -129.620723 6.808575 4.954326 6.808575
-0.010948 6.885124 0.000059 -0.723313 0.015859 0.189716 6.156960 7.011658 -115.836064 6.660528 4.951652 6.660528
-0.010375 6.991748 0.000058 -0.650836 0.015859 0.189561 5.537058 7.099384 -103.429720 6.489235 4.947607 6.489235
-0.010101 7.099804 0.000063 -0.585671 0.016839 0.187557 4.979538 7.211609 -92.265298 6.394913 4.895320 6.394913
-0.008613 7.214752 0.000056 -0.527122 0.016839 0.185978 4.477974 7.325696 -82.208862 6.385884 4.854096 6.385884
-0.005774 7.322152 0.000049 -0.474404 0.016839 0.187230 4.030832 7.430075 -73.145003 6.225705 4.886785 6.225705
-0.004095 7.420469 0.000047 -0.426898 0.016839 0.185091 3.631682 7.509597 -64.991643 6.036314 4.830949 6.036314
-0.002734 7.518099 0.000047 -0.384212 0.016839 0.180958 3.270733 7.612056 -57.653513 5.900363 4.723082 5.900363
-0.000814 7.606834 0.000038 -0.345800 0.016839 0.177837 2.945253 7.687781 -51.042353 5.662500 4.641628 5.652739
-0.001632 7.685511 0.000037 -0.311185 0.016839 0.172285 2.649844 7.757511 -45.095751 5.586409 4.496709 5.507669
-0.002118 7.768637 0.000035 -0.280116 0.016839 0.169209 2.378987 7.856330 -39.730520 5.592356 4.416412 5.438758
-0.001459 7.835820 0.000026 -0.252043 0.016839 0.169733 2.138391 7.904441 -34.888857 5.359266 4.430106 5.235006
-0.002963 7.897505 0.000034 -0.226715 0.016839 0.165283 1.921466 7.959141 -30.543036 5.343306 4.313958 5.148610
-0.002292 7.967324 0.000034 -0.204058 0.016839 0.164485 1.723186 8.048300 -26.617572 5.197887 4.293111 5.004166
-0.000493 8.029776 0.000027 -0.183588 0.015236 0.162402 1.548340 8.080379 -23.087416 4.872882 4.238747 4.735510
-0.002152 8.089098 0.000033 -0.165197 0.013786 0.154644 1.382682 8.141926 -19.923912 4.939050 4.036260 4.687458
-0.003049 8.140506 0.000026 -0.148707 0.012474 0.154391 1.230113 8.204647 -17.052193 4.822009 4.029670 4.577038
-0.004422 8.182781 0.000024 -0.133714 0.011287 0.152545 1.101095 8.222579 -14.471404 4.688665 3.981487 4.446856
-0.005733 8.228482 0.000033 -0.120281 0.010213 0.149084 0.984288 8.284338 -12.150282 4.696994 3.891139 4.398884
-0.006358 8.274084 0.000027 -0.108224 0.009241 0.149227 0.885453 8.324150 -10.049577 4.562488 3.894895 4.288478
-0.007762 8.322706 0.000029 -0.097351 0.008362 0.146190 0.798957 8.369823 -8.164077 4.553761 3.815613 4.236169
0.029606 8.686707 0.000027 -0.089288 0.007566 0.144701 0.723755 8.993588 -6.425626 4.361045 3.776756 4.079622
0.020510 8.653234 -0.000135 -0.079899 0.036318 0.140776 0.660477 8.423200 -4.875492 3.766315 3.674305 3.651977
-0.017526 8.356580 0.000049 -0.070114 0.036318 0.125470 0.539461 8.309937 -3.545632 3.401497 3.274817 3.276148
-0.011611 8.421685 0.000078 -0.063412 0.036318 0.113813 0.429630 8.520244 -2.339740 2.861832 2.970560 2.820505
-0.011019 8.475660 0.000014 -0.057308 0.036318 0.097716 0.257150 8.432130 -1.266062 2.566245 2.550432 2.487021
-0.012397 8.505458 0.000036 -0.051777 0.036318 0.084780 -0.021793 8.565264 -0.287766 2.206101 2.212783 2.138062
-0.014256 8.534455 -0.000005 -0.046747 0.036318 0.070940 1.708792 8.509325 0.593973 1.945334 1.851569 1.844293
-0.017171 8.570852 0.000011 -0.042268 0.036318 0.058495 1.528979 8.626853 1.398440 1.871928 1.526742 1.679514
-0.015955 8.608572 -0.000021 -0.038205 0.036318 0.051744 1.403610 8.618906 2.144413 1.425111 1.350527 1.325103
-0.015054 8.637208 -0.000010 -0.034404 0.036318 0.039497 1.324205 8.657242 2.799085 0.967761 1.030890 0.920061
-0.013935 8.656524 -0.000018 -0.031037 0.036318 0.025362 1.247719 8.651385 3.380264 0.332535 0.661961 0.389482
-0.012109 8.660794 -0.000016 -0.027980 0.036318 0.007808 1.161458 8.644502 3.884498 -0.379564 0.203792 -0.214514
-0.008992 8.664716 -0.000019 -0.025329 0.032862 -0.012298 1.019423 8.638707 4.320339 -0.840957 -0.320988 -0.679876
-0.004380 8.671438 -0.000028 -0.023055 0.029735 -0.026205 0.827495 8.660025 4.717852 -1.392032 -0.683967 -1.142340
-0.004751 8.665056 -0.000041 -0.020915 0.026905 -0.041604 0.576738 8.617882 5.061374 -1.578829 -1.085872 -1.388954
-0.004922 8.658812 -0.000040 -0.019062 0.024345 -0.050713 0.262453 8.655912 5.385474 -1.965411 -1.323637 -1.704702
-0.005308 8.647560 -0.000057 -0.017285 0.022028 -0.062737 -0.186268 8.594475 5.665278 -2.472302 -1.637464 -2.120480
0.006121 8.740416 -0.000047 -0.016294 0.019932 -0.079667 0.330688 8.796805 5.912428 -2.728291 -2.079343 -2.424859
0.001476 8.685931 -0.000116 -0.014696 0.031270 -0.091709 0.097115 8.550309 6.142855 -3.045623 -2.393654 -2.724581
-0.014281 8.533107 -0.000049 -0.012665 0.031270 -0.103805 -0.880271 8.472203 6.334738 -3.321103 -2.709360 -2.998939
-0.016631 8.494962 -0.000036 -0.011447 0.031270 -0.114370 -0.713796 8.468936 6.506528 -3.566625 -2.985111 -3.241539
-0.021303 8.450166 -0.000044 -0.010299 0.031270 -0.124261 -0.572633 8.393103 6.658844 -3.712464 -3.243251 -3.414810
-0.023727 8.417873 -0.000030 -0.009321 0.031270 -0.131770 -0.477156 8.403762 6.800820 -4.055576 -3.439245 -3.698421
-0.025222 8.398085 -0.000040 -0.008464 0.031270 -0.143317 -0.448214 8.348978 6.915982 -4.331643 -3.740638 -3.970919
-0.024671 8.381984 -0.000033 -0.007768 0.031270 -0.154532 -0.460974 8.365655 7.019848 -4.625890 -4.033346 -4.253668
0.020571 8.738641 -0.000047 -0.009107 0.031270 -0.163723 -0.514325 8.994184 7.148883 -5.043671 -4.273231 -4.594275
0.008620 8.603592 -0.000230 -0.007708 0.061947 -0.176171 -0.525645 8.235411 7.238646 -5.319651 -4.598144 -4.873204
-0.040831 8.122671 -0.000011 -0.004684 0.061947 -0.186664 -0.431295 7.980310 7.274879 -5.695430 -4.871999 -5.203960
-0.039303 8.056772 0.000046 -0.004143 0.061947 -0.195874 -0.199982 8.058402 7.293528 -6.081306 -5.112387 -5.529115
-0.041241 7.995164 0.000003 -0.003718 0.061947 -0.205805 0.832526 7.874514 7.293633 -6.063915 -5.371599 -5.575406
-0.042803 7.924340 0.000035 -0.003342 0.061947 -0.206509 0.408751 7.914142 7.306644 -6.164527 -5.389967 -5.642085
-0.035555 7.911898 0.000007 -0.003207 0.061947 -0.206612 -0.249355 7.854098 7.311164 -6.000519 -5.392663 -5.515880
-0.027728 7.912842 0.000007 -0.003188 0.061947 -0.200586 0.805018 7.915886 7.327380 -5.485866 -5.235373 -5.104181
-0.048311 7.664609 -0.000023 -0.001787 0.061947 -0.182236 0.561076 7.445475 7.342991 -5.543369 -4.756434 -5.024992
-0.069506 7.407922 0.000106 -0.000344 0.061947 -0.177579 0.431710 7.320979 7.292583 -5.570791 -4.634883 -5.006292
-0.067950 7.326536 0.000115 -0.000180 0.061947 -0.174600 0.243359 7.263309 7.228306 -5.244444 -4.557123 -4.716063
-0.066218 7.268330 0.000101 -0.000212 0.061947 -0.161311 -0.127965 7.222648 7.182611 -4.904503 -4.210281 -4.367093
-0.066089 7.227370 0.000089 -0.000237 0.056052 -0.149346 0.339937 7.180951 7.136890 -4.614820 -3.897978 -4.065255
-0.060633 7.188508 0.000078 -0.000274 0.050718 -0.139763 0.434650 7.142721 7.090219 -4.524903 -3.647863 -3.934112
-0.049945 7.155030 0.000067 -0.000343 0.045892 -0.133035 0.615353 7.101462 7.033284 -4.210123 -3.472253 -3.635325
-0.040384 7.117786 0.000054 -0.000448 0.041524 -0.118359 0.623047 7.077491 6.988382 -3.766938 -3.089212 -3.197404
-0.033302 7.065877 0.000041 -0.000411 0.037573 -0.098566 0.569078 7.007581 6.947127 -3.494878 -2.572602 -2.867209
-0.025971 7.014689 0.000043 -0.000358 0.033997 -0.084188 0.452845 6.953689 6.887197 -3.262497 -2.197336 -2.589810
-0.021375 6.958642 0.000035 -0.000379 0.030762 -0.073085 0.254500 6.885586 6.817323 -3.036792 -1.907556 -2.331687
-0.019135 6.898859 0.000029 -0.000432 0.027835 -0.065099 -0.189087 6.827826 6.743825 -2.714513 -1.699111 -2.013033
-0.015095 6.849404 0.000020 -0.000559 0.025186 -0.055480 0.413322 6.793246 6.680963 -2.367699 -1.448040 -1.671074
-0.011686 6.809526 0.000007 -0.000681 0.022789 -0.045197 0.134088 6.756052 6.627322 -2.027432 -1.179667 -1.334921
-0.010414 6.760072 -0.000002 -0.000703 0.020620 -0.035828 -0.449489 6.701989 6.579298 -1.755973 -0.935138 -1.061459
-0.010870 6.705948 -0.000004 -0.000671 0.018658 -0.028965 -0.292480 6.649764 6.532611 -1.490423 -0.755986 -0.806597
-0.011522 6.660977 -0.000005 -0.000680 0.016883 -0.023192 -0.144283 6.616844 6.492343 -1.282678 -0.605333 -0.607138
-0.012141 6.616260 -0.000011 -0.000657 0.015276 -0.019223 -0.013339 6.566816 6.455758 -1.119890 -0.501724 -0.454996
-0.015841 6.568057 -0.000009 -0.000595 0.013822 -0.017040 0.415886 6.524352 6.422291 -0.910695 -0.444755 -0.274244
-0.016952 6.517615 -0.000009 -0.000505 0.012507 -0.013246 0.384373 6.478536 6.398133 -0.812277 -0.345715 -0.183843
-0.015669 6.473392 -0.000005 -0.000399 0.011317 -0.009832 0.379949 6.435542 6.371923 -0.747166 -0.256612 -0.122595
-0.014614 6.432855 -0.000002 -0.000323 0.010240 -0.007386 0.335358 6.395236 6.342546 -0.634982 -0.192789 -0.024332
-0.014011 6.394163 -0.000000 -0.000274 0.009265 -0.002747 0.265158 6.361331 6.315734 -0.545865 -0.071698 0.061601
-0.012738 6.368697 0.000000 -0.000281 0.008384 0.000159 0.153448 6.340304 6.286745 -0.394424 0.004160 0.195432
-0.011481 6.340652 -0.000003 -0.000286 0.007586 0.005090 -0.009821 6.312110 6.263316 -0.231583 0.132864 0.344169
-0.011527 6.310580 -0.000003 -0.000250 0.006864 0.009658 2.093087 6.283004 6.241690 -0.089365 0.252084 0.473054
-0.009971 6.289181 -0.000002 -0.000252 0.006211 0.014032 1.875667 6.269434 6.221750 1.455617 0.366251 1.806263
-0.008813 6.265551 -0.000005 -0.000232 0.005620 0.067246 1.680460 6.341213 6.304899 1.788906 1.755155 2.217100
-0.008666 6.241881 -0.000003 0.000334 0.005085 0.083086 1.505272 6.164856 6.301037 2.224567 2.168581 2.627756
-0.006354 6.237055 0.000048 0.000339 0.012834 0.098408 1.349065 6.298863 6.298687 2.684581 2.568480 3.057691
-0.001269 6.254038 0.000007 0.000237 0.012834 0.114199 1.205440 6.226573 6.302617 3.100796 2.980646 3.450030
0.006208 6.288994 0.000029 0.000072 0.012834 0.128406 1.081865 6.347619 6.309943 3.501042 3.351453 3.823689
0.014312 6.322533 -0.000005 -0.000067 0.012834 0.142323 0.977213 6.313281 6.322018 3.926939 3.714689 4.218236
0.022496 6.357394 0.000008 -0.000187 0.012834 0.157868 0.885453 6.408032 6.340903 4.386045 4.120417 4.645946
0.030341 6.402273 -0.000015 -0.000325 0.012834 0.174455 0.804994 6.416873 6.366246 4.887202 4.553348 5.112656
0.042886 6.459562 -0.000011 -0.000494 0.012834 0.192831 0.740745 6.517853 6.399718 5.298653 5.032973 5.506645
0.054857 6.533200 -0.000031 -0.000707 0.012834 0.209545 0.693330 6.564687 6.432276 5.770078 5.469198 5.950817
0.065098 6.610579 -0.000036 -0.000945 0.012834 0.225448 0.641726 6.669047 6.471862 6.204202 5.884287 6.359451
0.074126 6.680149 -0.000056 -0.001104 0.015019 0.240346 0.614117 6.712162 6.515823 6.541823 6.273134 6.681355
0.075777 6.747718 -0.000056 -0.001229 0.015094 0.249086 0.585221 6.795591 6.558440 6.947641 6.501248 7.042496
0.072557 6.802918 -0.000069 -0.001295 0.018478 0.256053 0.575466 6.841056 6.615165 7.252925 6.683074 7.303249
0.071750 6.843877 -0.000066 -0.001212 0.018478 0.259943 0.632894 6.887337 6.679240 7.348403 6.784622 7.370152
0.071104 6.888868 -0.000061 -0.001111 0.018478 0.259864 0.687260 6.930858 6.740968 7.574965 6.782550 7.531375
0.073904 6.941674 -0.000056 -0.001063 0.018478 0.264601 0.690204 7.007623 6.818336 7.695751 6.906191 7.616981
0.077866 6.997299 -0.000056 -0.000948 0.018478 0.270148 0.672312 7.046130 6.893322 7.642814 7.050958 7.563954
0.077377 7.059655 -0.000046 -0.000881 0.018478 0.268485 0.560954 7.113269 6.952751 7.706920 7.007557 7.584441
0.076059 7.133344 -0.000048 -0.000957 0.018478 0.267672 0.357321 7.199973 7.021379 7.703733 6.986342 7.550392
0.068079 7.210253 -0.000054 -0.001001 0.018478 0.261944 0.003669 7.270349 10003.284583 7.529145 6.836852 7.354056
0.055392 7.279433 -0.000054 52.966535 0.018478 0.273949 -5.293083 7.336759 9003.734126 7.121010 7.150184 7.081354
0.041944 7.344493 -0.000053 47.669802 0.018478 0.252165 -4.741892 7.348570 8104.093053 6.985192 6.581616 6.845138
0.030547 7.409781 -0.000052 42.902464 0.018478 0.234038 -4.249032 7.487931 7294.453907 6.616317 6.108472 6.437112
0.021637 7.471351 -0.000078 38.612046 0.020947 0.213547 -3.810768 7.494807 6565.792372 6.260137 5.573661 6.017409
0.020338 7.612781 -0.000062 34.750287 0.020947 0.194647 -3.414614 7.756797 5910.024050 6.258703 5.080370 5.855868
0.006501 7.655185 -0.000116 31.275297 0.031110 0.186930 -3.061319 7.659097 5319.872364 6.079650 4.878934 5.633251
-0.015156 7.632456 -0.000053 28.148339 0.031110 0.178138 -2.757871 7.697963 4788.735193 5.918068 4.649462 5.416185
-0.021778 7.709490 -0.000035 25.333557 0.031110 0.169767 -2.494869 7.810440 4310.724352 6.007363 4.430985 5.379559
-0.021961 7.791568 -0.000037 22.800252 0.031110 0.171465 -2.276183 7.890453 3880.545056 5.887753 4.475305 5.263605
-0.020470 7.880510 -0.000024 20.520360 0.031110 0.172472 -2.086932 7.974685 3493.380730 5.810233 4.501600 5.180401
-0.016712 7.989269 -0.000017 18.468289 0.031110 0.174398 -1.904590 8.095558 3144.936207 5.796299 4.551848 5.154610
-0.010378 8.105412 -0.000023 16.621346 0.031110 0.178286 -1.731056 8.203278 2831.343110 5.639396 4.653334 5.055032
-0.007200 8.201669 -0.000026 14.959178 0.031110 0.178694 -1.562494 8.271681 2549.100264 5.595150 4.663979 5.010479
-0.000076 8.310740 -0.000022 13.463060 0.031110 0.180231 -1.392180 8.409318 2295.088642 5.521493 4.704093 4.960838
0.008981 8.414175 -0.000040 12.116563 0.031110 0.182539 -1.227493 8.477164 2066.480298 5.305663 4.764350 4.831711
0.011373 8.495564 -0.000039 10.904788 0.031110 0.180765 -1.040115 8.549424 1860.720965 5.367668 4.718046 4.851199
0.013721 8.581180 -0.000044 9.814063 0.028150 0.182138 -0.827644 8.653557 1675.553959 5.233109 4.753863 4.772961
0.013842 8.658350 -0.000056 8.832497 0.025471 0.178924 -0.631319 8.696836 1508.899051 5.193865 4.669998 4.716149
0.013209 8.734677 -0.000053 7.949026 0.023047 0.174787 -0.433063 8.802829 1358.920492 5.339647 4.562018 4.763501
0.010990 8.798321 -0.000067 7.153987 0.020854 0.175246 -0.280930 8.850943 1223.964503 5.293126 4.574002 4.729916
0.007093 8.854308 -0.000058 6.438590 0.018869 0.171866 -0.193373 8.908998 1102.505481 5.156257 4.485762 4.604655
0.004262 8.904295 -0.000055 5.794741 0.017074 0.165774 -0.215561 8.949015 993.193844 4.870850 4.326776 4.363715
0.002167 8.954894 -0.000047 5.215256 0.015449 0.156071 -0.254836 8.998937 894.809289 4.780182 4.073524 4.206061
0.002979 9.017656 -0.000045 4.693606 0.013979 0.150648 -0.261507 9.083728 806.281221 4.785583 3.931963 4.145650
0.002633 9.069277 -0.000051 4.224243 0.013602 0.149999 -0.259996 9.119440 726.621749 4.847211 3.915023 4.165010
0.004285 9.126017 -0.000038 3.801845 0.013602 0.152564 -0.259647 9.198683 654.939580 4.731444 3.981980 4.112469
0.006017 9.176194 -0.000038 3.421752 0.013602 0.153090 -0.267243 9.212395 590.417432 4.569404 3.995700 4.016868
0.005209 9.221914 -0.000023 3.079622 0.013602 0.151030 -0.233266 9.271012 532.339363 4.734857 3.941939 4.089956
0.006282 9.275615 -0.000026 2.771595 0.013602 0.154710 -0.184561 9.336631 480.090321 4.694382 4.037981 4.099702
0.009875 9.334904 -0.000026 2.494425 0.013602 0.156426 -0.158321 9.380984 433.062242 4.593463 4.082784 4.057206
0.013380 9.381374 -0.000022 2.244988 0.013602 0.156652 -0.106183 9.418611 390.731080 4.482102 4.088687 3.996538
0.015340 9.425286 -0.000020 2.020452 0.013602 0.156240 0.041756 9.459072 352.628947 4.482864 4.077929 3.996810
0.015925 9.463583 -0.000022 1.818354 0.013602 0.157031 -0.596561 9.496471 318.341690 4.631314 4.098580 4.094750
0.015336 9.478370 -0.000022 1.636596 0.013602 0.161437 -0.493389 9.502410 287.493879 4.695595 4.213574 4.180852
0.015048 9.502611 -0.000011 1.473012 0.013602 0.165198 -0.395552 9.537626 259.729605 4.744740 4.311728 4.252547
0.012830 9.530181 -0.000010 1.325749 0.012307 0.167368 -0.303108 9.555535 234.740972 4.863712 4.368366 4.347455
0.024477 9.689399 -0.000005 1.192497 0.011136 0.169282 -0.234040 9.832307 212.271632 4.830739 4.418322 4.351463
0.019536 9.689621 -0.000072 1.073436 0.019408 0.168192 -0.206245 9.605292 192.043251 4.657932 4.389871 4.244893
-0.001090 9.570724 0.000007 0.966880 0.019408 0.161778 -0.159678 9.562452 173.815381 4.818322 4.222457 4.267848
-0.002645 9.614941 0.000023 0.870060 0.019408 0.159936 -0.152515 9.700017 157.438422 4.817330 4.174384 4.243883
-0.004475 9.656705 -0.000005 0.783061 0.019408 0.158041 -0.260518 9.668545 142.706739 5.086716 4.124920 4.368576
-0.004696 9.687903 0.000017 0.704836 0.019408 0.162455 -0.319083 9.772934 129.474400 5.190974 4.240140 4.466110
-0.002386 9.728310 0.000006 0.634507 0.019408 0.168578 -0.401569 9.761362 117.568542 5.083234 4.399958 4.467656
-0.001428 9.780155 0.000028 0.571146 0.019408 0.170007 -0.408185 9.844595 106.839109 5.132533 4.437263 4.508308
-0.001245 9.821591 0.000016 0.514074 0.019408 0.172531 -0.389794 9.853461 97.187630 4.882321 4.503131 4.398381
0.000268 9.867799 0.000026 0.462688 0.019408 0.168651 -0.338532 9.906688 88.483065 4.840189 4.401852 4.334171
0.002837 9.906603 0.000016 0.416359 0.019408 0.167333 -0.250604 9.938229 80.657113 4.838825 4.367446 4.320884
0.004401 9.938585 0.000015 0.374721 0.019408 0.168403 -0.098796 9.972954 73.619344 4.800012 4.395380 4.314942
0.004891 9.972957 0.000013 0.337248 0.017561 0.168968 0.375730 10.002217 67.283963 4.765322 4.410132 4.306867
0.002810 10.003885 0.000012 0.303514 0.015890 0.168283 0.204342 10.030902 61.581638 5.006183 4.392248 4.432683
0.000895 10.035664 0.000010 0.273130 0.014378 0.171714 -0.026572 10.083864 56.471432 5.114080 4.481813 4.530106
-0.000275 10.070128 0.000006 0.245870 0.013010 0.174134 0.834365 10.104856 51.877019 5.178246 4.544963 4.591496
-0.000047 10.107535 0.000013 0.221327 0.011772 0.175688 0.738612 10.155469 47.745861 5.104108 4.585513 4.569115
0.002424 10.147073 0.000010 0.199227 0.010651 0.175370 0.663337 10.177853 44.023480 4.844149 4.577224 4.428575
0.003199 10.192061 0.000013 0.179265 0.009638 0.170651 0.587220 10.222728 40.659638 4.884257 4.454050 4.398475
0.002821 10.244684 0.000005 0.161162 0.008721 0.168884 0.506086 10.293357 37.649250 5.048830 4.407948 4.465364
0.001356 10.289433 -0.000007 0.144973 0.007891 0.170323 0.434396 10.332633 34.959608 5.369262 4.445502 4.647485
0.000742 10.337735 -0.000004 0.130466 0.007140 0.176201 0.381962 10.408611 32.564215 5.624645 4.598919 4.844100
0.002577 10.396456 -0.000006 0.117462 0.006460 0.183542 0.355778 10.460899 30.421606 5.838484 4.790519 5.035500
0.005007 10.450255 0.000001 0.105824 0.005846 0.191689 0.344254 10.517514 28.500245 5.873607 5.003170 5.145130
0.005598 10.513366 0.000006 0.095308 0.005289 0.196648 0.336193 10.572986 26.764496 6.161117 5.132590 5.348702
0.007691 10.581965 0.000007 0.085748 0.004786 0.204078 0.325471 10.663517 25.220612 6.127494 5.326529 5.416393
0.009027 10.635582 0.000002 0.077283 0.004331 0.207315 0.322688 10.671149 23.820024 6.019505 5.411001 5.398878
0.010900 10.693148 0.000016 0.069556 0.004319 0.206617 0.308225 10.754745 22.551335 5.948063 5.392788 5.354314
0.015337 10.746543 0.000003 0.062551 0.004319 0.206312 0.289407 10.780130 21.411006 5.465231 5.384830 5.108066
0.014983 10.788396 0.000007 0.056287 0.004319 0.197889 0.243690 10.800821 20.354558 5.621844 5.164976 5.090947
0.010690 10.826683 0.000002 0.050486 0.004319 0.195881 0.165637 10.880407 19.434805 5.972453 5.112560 5.243388
0.007469 10.865955 -0.000011 0.045404 0.004319 0.199517 0.071156 10.916570 18.640096 6.181919 5.207460 5.388898
0.020680 11.073687 -0.000003 0.040093 0.004319 0.203416 -0.050820 11.269841 17.953915 6.378088 5.309248 5.528613
0.017913 11.081557 -0.000082 0.036415 0.021925 0.208617 0.011398 11.008213 17.343963 6.132779 5.444992 5.466565
0.003478 10.962383 0.000021 0.033815 0.021925 0.207470 -0.747599 10.975450 16.755537 5.907648 5.415056 5.339996
0.003950 11.033270 0.000042 0.030321 0.021925 0.202553 -0.649588 11.115143 16.218928 6.174110 5.286715 5.407451
0.003616 11.106697 0.000009 0.027089 0.021925 0.204472 -0.554654 11.164106 15.771869 6.482915 5.336806 5.576882
0.003266 11.167661 0.000012 0.024397 0.021925 0.210196 -0.493064 11.253376 15.394320 6.508943 5.486189 5.655537
0.001935 11.204786 0.000009 0.022199 0.021925 0.213337 -0.476748 11.239865 15.049318 6.627686 5.568175 5.747046
0.003460 11.265555 0.000033 0.020049 0.021925 0.217554 -0.471254 11.362716 14.747551 6.718676 5.678239 5.839501
0.005468 11.337623 0.000017 0.018068 0.021925 0.222302 -0.469611 11.392779 14.481789 6.599671 5.802164 5.840468
0.007705 11.411790 0.000028 0.016267 0.021925 0.222845 -0.445944 11.484664 14.232454 6.479753 5.816336 5.789456
0.010361 11.489567 0.000016 0.014534 0.021925 0.221537 -0.401243 11.541458 14.006135 4.039108 5.782194 4.624153
0.012649 11.557252 0.000012 0.012976 0.021925 0.175242 -0.321674 11.443851 13.635210 4.797081 4.573886 4.392986
0.013893 11.609813 0.000003 0.010732 0.019838 0.166979 -0.198151 11.758721 13.448809 4.502957 4.358213 4.149262
0.009470 11.625782 -0.000081 0.009660 0.021843 0.157335 0.027213 11.529896 13.276972 4.454364 4.106511 4.001883
0.005553 11.658979 -0.000006 0.008573 0.021843 0.150748 -1.869169 11.787398 13.140325 4.161607 3.934572 3.779170
0.004977 11.724386 -0.000071 0.007503 0.021843 0.140375 -1.657696 11.690393 13.015147 3.948810 3.663831 3.542405
0.003100 11.762781 -0.000032 0.006636 0.021843 0.130092 -1.472802 11.841297 12.910516 3.819152 3.395453 3.343107
0.000667 11.775147 -0.000066 0.006016 0.021843 0.122440 -1.311268 11.752864 12.827616 3.473750 3.195730 3.079635
-0.001110 11.794036 -0.000026 0.005477 0.021843 0.113168 -1.173530 11.847076 12.744360 3.166613 2.953732 2.813581
-0.002786 11.821271 -0.000044 0.004891 0.021843 0.103582 -1.048998 11.816020 12.667444 3.005603 2.703542 2.610543
-0.002895 11.841876 -0.000027 0.004374 0.021843 0.096726 -0.941144 11.884401 12.606728 2.712595 2.524581 2.384329
-0.002548 11.854410 -0.000038 0.003986 0.021843 0.089958 -0.844134 11.844011 12.545091 2.832163 2.347942 2.348408
-0.001372 11.863591 -0.000019 0.003611 0.021843 0.090986 -0.750490 11.914267 12.511953 2.836549 2.374768 2.365078
0.010964 11.997708 -0.000027 0.002725 0.021843 0.094542 -0.669985 12.097851 12.493919 2.650596 2.467596 2.332659
0.008107 11.959735 -0.000067 0.002831 0.019764 0.095458 -0.590475 11.862475 12.453732 2.711507 2.491499 2.379680
-0.003049 11.818440 0.000009 0.003366 0.017883 0.098805 -0.530767 11.799120 12.406111 2.494482 2.578839 2.334125
0.005763 11.902734 0.000031 0.002667 0.016182 0.098175 -0.489234 11.979525 12.349674 2.087403 2.562407 2.152719
0.007771 11.887522 -0.000024 0.002449 0.014642 0.092354 -0.452608 11.779573 12.269113 1.646221 2.410480 1.889085
0.001361 11.788188 0.000024 0.002548 0.013248 0.083186 -0.403556 11.739819 12.165759 1.357137 2.171188 1.651990
-0.000184 11.768459 0.000018 0.002105 0.011988 0.073441 -0.323719 11.732509 12.067168 1.175573 1.916849 1.455468
-0.001642 11.752900 0.000002 0.001665 0.010847 0.064418 -0.221139 11.715613 11.982142 1.260741 1.681336 1.388161
-0.004500 11.729849 -0.000009 0.001337 0.009815 0.059974 -0.087420 11.710825 11.926501 1.769885 1.565358 1.572588
-0.006873 11.701368 -0.000015 0.001193 0.008881 0.065711 0.112855 11.708591 11.918776 2.031907 1.715078 1.773672
-0.007221 11.682288 -0.000009 0.001253 0.008036 0.073162 0.069846 11.684155 11.918036 1.960385 1.909545 1.842635
-0.007242 11.668875 0.000005 0.001320 0.007271 0.075876 0.124636 11.660326 11.896796 1.836128 1.980396 1.826554
-0.006871 11.654643 0.000012 0.001283 0.006579 0.075350 0.173197 11.639664 11.862149 -18.171037 1.966666 -7.422412
-0.006801 11.642941 0.000014 0.001162 0.005953 -0.296750 0.192689 10.189475 10.384140 -8.461490 -7.745291 -7.700715
-0.008721 11.609622 0.000011 -0.006494 0.005386 -0.307286 0.138663 12.693955 10.454903 -8.680889 -8.020280 -7.951980
-0.017896 11.486262 -0.000706 -0.005465 0.189869 -0.316735 0.146139 10.472342 10.510272 -9.087749 -8.266900 -8.277858
-0.035191 11.273060 -0.000030 -0.004042 0.189869 -0.327996 -6.478692 11.854282 10.527198 -9.039113 -8.560833 -8.402740
-0.052864 11.051188 -0.000431 -0.002777 0.189869 -0.332911 -5.661774 10.374130 10.545014 -8.894261 -8.689099 -8.398917
-0.069052 10.850720 0.000015 -0.001620 0.189869 -0.332318 -4.929846 11.217158 10.560750 -9.039014 -8.673641 -8.482140
-0.087258 10.678576 -0.000227 -0.000624 0.189869 -0.336773 -4.254253 10.221293 10.546114 -8.976759 -8.789921 -8.509530
-0.108001 10.545408 0.000067 0.000004 0.189869 -0.342948 -3.670842 10.791190 10.532534 -9.693102 -8.951081 -8.999845
-0.121921 10.454808 -0.000103 0.000412 0.189869 -0.369900 -3.232220 10.132049 10.471108 -11.641649 -9.654536 -10.426686
-0.128514 10.475441 0.000076 -0.000023 0.189869 -0.431430 -2.932153 10.606474 10.327860 -12.209711 -11.260498 -11.387559
-0.133661 10.541979 -0.000104 -0.001135 0.189869 -0.475653 -2.650306 10.421748 10.280638 -12.461731 -12.414734 -12.007165
-0.139730 10.548640 -0.000062 -0.001420 0.189869 -0.503306 -2.587552 10.646755 10.304040 -13.660660 -13.136495 -13.029686
-0.142947 10.607284 -0.000120 -0.001607 0.189869 -0.544403 -2.605423 10.537806 10.296464 -13.821536 -14.209142 -13.570778
-0.156767 10.541549 -0.000089 -0.001299 0.171801 -0.563706 -2.610647 10.572570 10.348999 -13.279026 -14.712950 -13.546857
-0.175015 10.380037 -0.000082 -0.000164 0.155452 -0.561128 -2.764149 10.329693 10.455785 -14.451918 -14.645661 -14.062472
-0.157318 10.659836 0.000023 -0.001081 0.140659 -0.583185 -2.977835 10.937960 10.490199 -15.173976 -15.221354 -14.742554
-0.173465 10.519219 -0.000146 -0.000154 0.127273 -0.601726 -3.001167 10.187651 10.496526 -14.757618 -15.705278 -14.864004
-0.209368 10.088121 0.000079 0.002164 0.115162 -0.601662 -3.016756 10.077019 10.524208 -16.593536 -15.703629 -15.440838
-0.212639 10.047543 0.000122 0.002526 0.104202 -0.620290 -3.016184 9.959617 10.412195 -17.626722 -16.189820 -16.094907
-0.216278 9.998145 0.000125 0.002194 0.094286 -0.641920 -2.909142 9.925070 10.266893 -16.102294 -16.754377 -16.090277
-0.220811 9.918819 0.000094 0.001844 0.085314 -0.638168 -2.753550 9.960968 10.279235 -15.867470 -16.656449 -15.987826
-0.228336 9.797143 0.000088 0.002554 0.077195 -0.631071 -2.606959 9.723132 10.288074 -15.951067 -16.471203 -15.900979
-0.235875 9.684861 0.000162 0.003196 0.069849 -0.625348 -2.464873 9.691854 10.265362 -15.411012 -16.321820 -15.687956
-0.242347 9.617948 0.000166 0.003430 0.063202 -0.615785 -2.335156 9.624681 10.266478 -15.113021 -16.072232 -15.457912
-0.246275 9.564425 0.000188 0.003720 0.057188 -0.606240 -2.231411 9.585577 10.265630 -15.939032 -15.823104 -15.466974
-0.249147 9.504957 0.000200 0.004031 0.053803 -0.605520 -2.158616 9.432078 10.181181 -16.504322 -15.804324 -15.586966
-0.253387 9.443963 0.000222 0.003906 0.059612 -0.609363 -2.081208 9.402856 10.056844 -16.497556 -15.904604 -15.675995
-0.259100 9.368232 0.000195 0.003649 0.059612 -0.612158 -2.016309 9.297658 9.945109 -16.917764 -15.977557 -15.826876
-0.268187 9.267262 0.000194 0.003592 0.059612 -0.617533 -1.943664 9.174961 9.809341 -15.947270 -16.117865 -15.774489
-0.275108 9.150521 0.000190 0.003491 0.059612 -0.615217 -1.873080 9.143304 9.755794 -16.348634 -16.057416 -15.809610
-0.280600 9.033899 0.000185 0.003825 0.059612 -0.615451 -1.809277 8.925318 9.662548 -15.583789 -16.063505 -15.699716
-0.285801 8.932357 0.000222 0.003869 0.059752 -0.610181 -1.700323 8.972675 9.624215 -13.546350 -15.925954 -15.274707
-0.289845 8.851449 0.000198 0.004095 0.059752 -0.592613 -1.573918 8.926530 9.719000 -13.032904 -15.467422 -14.838592
-0.293092 8.791517 0.000240 0.004915 0.064490 -0.574969 -1.445737 8.859539 9.802283 -12.078503 -15.006912 -14.332263
-0.292712 8.757401 0.000285 0.005537 0.076656 -0.554037 -1.354848 8.887433 9.909538 -12.280484 -14.460578 -13.933656
-0.290131 8.748796 0.000309 0.006151 0.083207 -0.537096 -1.321479 8.795522 9.951099 -13.182797 -14.018423 -13.728980
-0.287078 8.742680 0.000350 0.006403 0.094083 -0.528204 -1.323731 8.760828 9.890678 -14.137348 -13.786330 -13.703092
-0.286560 8.719007 0.000343 0.006208 0.094083 -0.526792 -1.348415 8.660170 9.748130 -13.767396 -13.749492 -13.615820
-0.288382 8.677619 0.000332 0.005672 0.094083 -0.523406 -1.339734 8.690284 9.639785 -12.101970 -13.661105 -13.278944
-0.290813 8.619479 0.000291 0.005406 0.094083 -0.510137 -1.354213 8.675570 9.650490 -11.342363 -13.314768 -12.884915
-0.292597 8.562273 0.000299 0.005766 0.094083 -0.494455 -1.392392 8.614252 9.684286 -11.714839 -12.905462 -12.619719
-0.293053 8.527331 0.000328 0.006130 0.094083 -0.483741 -1.422144 8.543883 9.654680 -11.913282 -12.625841 -12.429336
-0.294737 8.506556 0.000340 0.006084 0.094083 -0.476461 -1.384712 8.528218 9.591391 -10.520106 -12.435821 -12.060487
-0.296646 8.486691 0.000327 0.005854 0.094083 -0.462455 -1.319007 8.591989 9.619439 -10.222111 -12.070266 -11.723232
-0.296502 8.471441 0.000317 0.006083 0.094083 -0.449302 -1.291155 8.508637 9.638273 -10.766285 -11.726953 -11.533834
-0.292480 8.484905 0.000347 0.006111 0.094083 -0.441485 -1.277504 8.535382 9.592399 -10.334646 -11.522934 -11.302649
-0.287306 8.505007 0.000326 0.005762 0.094083 -0.431492 -1.235208 8.566628 9.569581 -10.244855 -11.262119 -11.080777
-0.280775 8.570582 0.000311 0.005293 0.085130 -0.421951 -1.141754 8.647300 9.543236 -9.912874 -11.013089 -10.825912
-0.282911 8.556037 0.000279 0.005231 0.077029 -0.412398 -1.009418 8.562580 9.524069 -9.486002 -10.763749 -10.555019
-0.288490 8.492088 0.000298 0.005468 0.080242 -0.402610 -0.912595 8.528084 9.513260 -9.290148 -10.508279 -10.319324
-0.284100 8.535721 0.000306 0.005180 0.082161 -0.393322 -0.858381 8.629910 9.503585 -9.092135 -10.265850 -10.093456
-0.280695 8.544610 0.000273 0.005081 0.082161 -0.384083 -0.853238 8.561238 9.492555 -10.646833 -10.024720 -10.174987
-0.279729 8.520568 0.000290 0.005150 0.082161 -0.387073 -0.833692 8.443048 9.350374 -11.723291 -10.102748 -10.422629
-0.276333 8.539672 0.000283 0.004296 0.082161 -0.397102 -0.653662 8.499795 9.152127 -10.454146 -10.364514 -10.390731
-0.274945 8.545734 0.000207 0.003213 0.082161 -0.395907 -0.263425 8.576004 9.085007 -9.665701 -10.333330 -10.219010
-0.274146 8.528221 0.000164 0.002950 0.082161 -0.389344 0.729022 8.538268 9.077603 -10.125619 -10.162031 -10.170305
-0.271530 8.518033 0.000173 0.002965 0.082161 -0.386982 0.253046 8.504477 9.024278 -9.479034 -10.100377 -9.997064
-0.266994 8.551515 0.000166 0.002505 0.082161 -0.379234 -1.285088 8.634073 9.021929 -8.451638 -9.898168 -9.637164
-0.268151 8.558812 0.000127 0.002454 0.082161 -0.365606 -0.829770 8.603197 9.080211 -7.782856 -9.542453 -9.232864
-0.271953 8.548086 0.000153 0.002820 0.082161 -0.351304 -0.316852 8.631227 9.154229 -7.268421 -9.169169 -8.847683
-0.248030 8.820300 0.000166 0.001769 0.082161 -0.334046 0.291587 9.108995 9.258273 -8.190262 -8.718723 -8.724212
-0.246388 8.804688 0.000055 0.002403 0.074342 -0.329047 0.132090 8.599453 9.251125 -8.685916 -8.588269 -8.738167
-0.262384 8.591969 0.000203 0.003493 0.067268 -0.329253 0.206181 8.578921 9.178149 -9.551196 -8.593634 -8.912128
-0.258394 8.656429 0.000187 0.002764 0.060866 -0.336522 0.099340 8.649197 9.056739 -8.870278 -8.783363 -8.903608
-0.255873 8.703618 0.000131 0.001871 0.055074 -0.336948 -0.763268 8.740870 9.015143 -8.080038 -8.794470 -8.737493
-0.253015 8.727306 0.000091 0.001525 0.049833 -0.330675 -0.607409 8.768114 9.038017 -8.090759 -8.630746 -8.614706
-0.248729 8.757822 0.000089 0.001485 0.045091 -0.325761 -0.421448 8.788633 9.049042 -8.269611 -8.502485 -8.556996
-0.234430 8.956385 0.000086 0.000491 0.040800 -0.323444 -0.145673 9.107424 9.056615 -7.854962 -8.442012 -8.403649
-0.238551 8.972392 -0.000007 0.000446 0.036917 -0.319502 0.677999 8.906814 9.090640 -7.625726 -8.339134 -8.271716
-0.250492 8.856385 0.000062 0.001241 0.033404 -0.315941 0.535988 8.867627 9.118799 -8.681061 -8.246178 -8.435788
-0.245210 8.918862 0.000081 0.001059 0.030225 -0.323234 0.466431 8.928406 9.067360 -8.961433 -8.436529 -8.637875
-0.239831 8.977951 0.000048 0.000474 0.027349 -0.331273 0.412883 8.979633 9.020465 -9.050326 -8.646364 -8.808945
-0.239129 9.009148 0.000018 0.000060 0.024746 -0.337780 0.316383 9.003551 8.990124 -8.474821 -8.816202 -8.790633
-0.241865 9.033006 0.000002 -0.000227 0.022391 -0.337473 0.175134 9.081254 9.019097 -8.122581 -8.808169 -8.702885
-0.246492 9.068017 -0.000013 -0.000259 0.020261 -0.335403 0.040302 9.107000 9.073561 -7.337031 -8.754151 -8.489919
-0.248002 9.108665 -0.000006 -0.000186 0.018333 -0.328597 0.282950 9.212464 9.179539 -7.697596 -8.576522 -8.443267
-0.245718 9.150151 -0.000006 0.000156 0.016588 -0.326884 0.429063 9.163852 9.240152 -9.263254 -8.531804 -8.765221
-0.242459 9.200221 0.000026 0.000212 0.015009 -0.339460 0.507496 9.176428 9.183270 -9.904260 -8.860050 -9.154144
-0.237483 9.238101 0.000005 -0.000291 0.013581 -0.354380 0.524891 9.211935 9.113250 -11.176127 -9.249466 -9.741212
-0.237108 9.253502 -0.000026 -0.000743 0.012289 -0.376194 0.482171 9.147446 8.987965 -10.220960 -9.818819 -9.920768
-0.239651 9.255346 -0.000045 -0.001417 0.012033 -0.382803 0.376988 9.312589 8.985626 -8.972523 -9.991321 -9.755316
-0.241942 9.241097 -0.000095 -0.001354 0.025517 -0.375915 0.265855 9.257570 9.084839 -8.726396 -9.811540 -9.571536
-0.246679 9.221464 -0.000050 -0.000724 0.025517 -0.368802 0.005372 9.271043 9.176964 -7.307059 -9.625877 -9.125876
-0.250421 9.220661 -0.000027 -0.000232 0.025517 -0.350374 -6.283314 9.348021 9.349000 -7.405035 -9.144888 -8.791696
-0.252675 9.230962 0.000001 0.000625 0.025517 -0.337844 -5.658228 9.263117 9.462999 -7.687189 -8.817874 -8.608095
-0.248680 9.262795 0.000060 0.001061 0.025517 -0.330270 -5.106125 9.344293 9.524734 -9.489823 -8.620175 -8.850357
-0.237157 9.316400 0.000054 0.001104 0.025517 -0.339273 -4.616144 9.231204 9.441020 -12.297785 -8.855147 -9.688261
-0.227113 9.368945 0.000063 0.000382 0.025517 -0.373075 -4.166469 9.230213 9.184887 -12.249376 -9.737400 -10.286908
-0.221060 9.414163 -0.000012 -0.001215 0.025517 -0.396285 -3.734816 9.379691 9.026182 -11.246951 -10.343197 -10.420279
-0.220281 9.427315 -0.000104 -0.002126 0.027895 -0.401013 -3.325860 9.400066 9.000948 -10.998828 -10.466587 -10.436221
-0.222938 9.426789 -0.000118 -0.002256 0.031696 -0.402708 -2.942077 9.409683 9.005047 -10.926370 -10.510844 -10.450200
-0.225523 9.430330 -0.000120 -0.002253 0.032302 -0.405010 -2.584026 9.416802 9.017530 -10.771121 -10.570933 -10.456192
-0.229175 9.428471 -0.000119 -0.002177 0.032302 -0.406946 -2.263985 9.423332 9.044150 -10.450987 -10.621463 -10.417627
-0.234048 9.417801 -0.000114 -0.001980 0.032302 -0.406923 -1.994148 9.425703 9.093841 -10.802281 -10.620860 -10.512354
-0.233920 9.404993 -0.000100 -0.001649 0.032302 -0.411301 -1.788822 9.375308 9.111839 -13.669941 -10.735120 -11.303497
-0.220166 9.506386 -0.000080 -0.002091 0.032302 -0.445612 -1.628277 9.399042 8.939086 -16.009091 -11.630642 -12.572341
-0.226341 9.463277 -0.000139 -0.002778 0.037254 -0.491727 -1.422966 9.198074 8.674915 -13.844681 -12.834267 -12.850283
-0.246842 9.299431 -0.000158 -0.003309 0.042417 -0.501829 -1.137036 9.307457 8.664307 -11.117616 -13.097930 -12.461698
-0.259604 9.213123 -0.000194 -0.002908 0.052121 -0.488976 -0.871574 9.280845 8.862378 -10.004431 -12.762467 -12.004548
-0.270370 9.136602 -0.000128 -0.001453 0.052121 -0.472954 -0.676227 9.220632 9.089225 -7.451222 -12.344277 -11.240205
-0.272846 9.124165 -0.000043 -0.000185 0.052121 -0.442658 -0.714132 9.400792 9.446519 -6.968015 -11.553538 -10.555995
-0.273908 9.156025 0.000010 0.001539 0.052121 -0.414723 -0.961403 9.291776 9.749033 -6.477101 -10.824429 -9.915650
-0.271006 9.210867 0.000132 0.002852 0.052121 -0.387908 -1.261300 9.460481 10.009557 -10.925558 -10.124564 -10.168281
-0.260245 9.276863 0.000160 0.003882 0.052121 -0.397137 -1.537463 9.072051 9.878370 -16.172090 -10.365443 -11.372949
-0.250035 9.348430 0.000238 0.002808 0.063945 -0.446880 -1.632325 9.149674 9.405517 -14.301841 -11.663756 -11.956936
-0.243480 9.394592 0.000076 0.000058 0.063945 -0.469085 -1.539700 9.399776 9.213674 -12.001365 -12.243304 -11.881387
-0.238037 9.367890 -0.000055 -0.000817 0.063945 -0.463215 -1.333429 9.359876 9.246589 -12.662292 -12.090103 -11.936949
-0.233805 9.318473 -0.000034 -0.000381 0.063945 -0.462291 -1.009411 9.243979 9.212405 -12.518868 -12.065984 -11.890714
-0.234873 9.305621 -0.000010 -0.000494 0.063945 -0.459139 -0.399341 9.322188 9.188980 -11.034051 -11.983716 -11.474199
-0.241834 9.299617 -0.000040 -0.000586 0.063945 -0.445590 1.230667 9.350227 9.268711 -10.412238 -11.630085 -11.083564
-0.253349 9.269440 -0.000025 -0.000004 0.063945 -0.434391 0.700689 9.292869 9.356842 -9.551319 -11.337784 -10.700341
-0.254096 9.238964 0.000019 0.000625 0.063945 -0.421130 0.360484 9.325013 9.474227 -13.806740 -10.991667 -11.327565
-0.245043 9.232212 0.000044 0.001282 0.063945 -0.446776 0.647561 8.954423 9.246477 -17.303784 -11.661039 -12.612041
-0.242682 9.239797 0.000087 0.000035 0.063945 -0.496969 0.590626 9.060088 8.837802 -15.347218 -12.971078 -13.131766
-0.251730 9.206907 -0.000066 -0.001956 0.063945 -0.515821 0.192723 9.152551 8.702902 -11.509029 -13.463124 -12.705987
-0.267679 9.110731 -0.000133 -0.002161 0.057860 -0.502098 -0.948354 9.218569 8.884979 -7.732722 -13.104944 -11.755446
-0.279449 9.025128 -0.000100 -0.000743 0.052354 -0.468435 -0.853881 9.258822 9.287440 -5.234502 -12.226337 -10.669737
-0.279318 9.023623 0.000007 0.001398 0.047372 -0.424595 -0.996930 9.341019 9.766614 -4.659045 -11.082099 -9.695043
-0.275153 9.071235 0.000125 0.003685 0.042864 -0.382828 -1.219848 9.319837 10.161506 -6.222317 -9.991952 -9.129907
-0.277206 9.126444 0.000249 0.005485 0.067070 -0.360009 -1.383899 9.244299 10.330569 -7.705904 -9.396376 -8.926564
-0.273103 9.178355 0.000323 0.006105 0.086906 -0.351493 -1.692647 9.247833 10.337580 -15.074658 -9.174116 -10.047640
-0.256142 9.236016 0.000326 0.005837 0.087574 -0.400770 -1.997626 8.799915 9.800775 -20.466469 -10.460256 -12.118155
-0.240104 9.311402 0.000301 0.002593 0.087574 -0.491113 -1.898853 8.997076 9.028323 -16.488701 -12.818231 -12.927319
-0.228926 9.323598 0.000014 -0.001565 0.087574 -0.521779 -1.365951 9.319416 8.792451 -14.494471 -13.618634 -12.999783
-0.227946 9.234335 -0.000152 -0.002341 0.087574 -0.519715 -0.391522 9.102941 8.773311 -14.111989 -13.564761 -12.888724
-0.242569 9.142462 -0.000095 -0.001956 0.087574 -0.516368 3.659428 9.134510 8.770658 -9.579462 -13.477412 -11.807836
-0.255924 9.118477 -0.000105 -0.001843 0.087574 -0.481032 2.883686 9.387498 9.087287 -8.158126 -12.555138 -10.863167
-0.263812 9.126423 -0.000087 -0.000207 0.087574 -0.448407 2.280587 9.235496 9.409134 -9.548595 -11.703598 -10.518063
-0.263589 9.158095 0.000053 0.001330 0.087574 -0.435772 1.932691 9.251995 9.539851 -11.559803 -11.373828 -10.688761
-0.250669 9.207458 0.000087 0.001761 0.087574 -0.441263 1.885892 9.158381 9.493164 -17.222802 -11.517143 -12.036313
-0.238165 9.217109 0.000101 0.001463 0.087574 -0.496482 1.917917 8.851536 9.053002 -21.401754 -12.958384 -14.106615
-0.240308 9.196405 0.000062 -0.000760 0.087574 -0.573294 1.688509 8.861789 8.456831 -19.525046 -14.963205 -15.146797
-0.256541 9.115750 -0.000118 -0.003491 0.079240 -0.609131 1.114831 8.989068 8.192872 -15.686216 -15.898571 -15.103833
-0.279803 8.939701 -0.000235 -0.003957 0.071699 -0.608793 0.419373 8.915561 8.282909 -11.920206 -15.889731 -14.499229
-0.304843 8.740052 -0.000188 -0.002422 0.064876 -0.589180 -0.469164 8.886668 8.615646 -3.879354 -15.377832 -12.997487
-0.316357 8.702181 -0.000081 -0.000459 0.058703 -0.533901 -0.425081 9.386007 9.455716 1.721572 -13.935015 -11.133111
-0.321877 8.674620 0.000019 0.004139 0.053116 -0.460740 -1.372496 9.237585 10.509680 -2.612994 -12.025501 -10.129136
-0.325505 8.680647 0.000376 0.009692 0.101187 -0.419616 -1.742744 8.915683 11.007363 -7.918044 -10.952132 -9.912656
-0.314161 8.856778 0.000621 0.011395 0.167067 -0.408393 -2.429343 9.029038 11.011689 -15.302046 -10.659220 -10.656351
-0.294963 8.976889 0.000592 0.010782 0.167067 -0.439371 -3.223843 8.599463 10.472502 -26.623865 -11.467744 -13.020352
-0.285214 8.998971 0.000562 0.007808 0.167067 -0.536887 -3.405736 8.222689 9.229262 -24.326806 -14.012967 -14.716769
-0.284705 8.999988 0.000307 0.001215 0.167067 -0.601461 -2.980995 8.876068 8.460576 -15.748749 -15.698374 -14.719424
-0.287347 8.920772 -0.000114 -0.002438 0.167067 -0.598924 -2.249197 8.952893 8.502953 -15.930560 -15.632162 -14.739156
-0.295274 8.760175 -0.000126 -0.001363 0.167067 -0.597320 -1.280722 8.584426 8.507099 -13.601247 -15.590287 -14.393909
-0.297362 8.691170 -0.000017 -0.000975 0.167067 -0.581835 0.464457 8.920386 8.669327 -9.762275 -15.186128 -13.532058
-0.290235 8.775214 -0.000069 -0.000561 0.167067 -0.542651 -3.982427 9.051258 9.072096 -12.886079 -14.163413 -13.240607
-0.286306 8.870831 0.000011 0.001066 0.167067 -0.530724 -3.138552 8.818850 9.144329 -16.277297 -13.852099 -13.568790
-0.290184 8.914992 0.000101 0.001215 0.167067 -0.544373 -2.378685 8.816548 8.946038 -19.072121 -14.208346 -14.316406
-0.289625 8.916062 0.000043 0.000159 0.167067 -0.575315 -1.729678 8.643990 8.591357 -26.351061 -15.015954 -16.126206
-0.287972 8.836458 -0.000012 -0.001299 0.151169 -0.647926 -1.159164 8.170829 7.796264 -26.701410 -16.911122 -17.722506
-0.302343 8.667934 -0.000108 -0.004619 0.136783 -0.704098 -0.052830 8.357715 7.175529 -20.681323 -18.377232 -18.069725
-0.327128 8.398474 -0.000348 -0.006480 0.123767 -0.721399 24.450349 8.264480 7.131223 -18.692211 -18.828792 -18.236467
-0.362232 8.025262 -0.000335 -0.004737 0.111989 -0.726684 21.968415 7.843764 7.230502 -11.420694 -18.966753 -17.667179
-0.400911 7.688306 -0.000183 -0.002426 0.101332 -0.708762 19.744054 8.109569 7.821912 6.723197 -18.498963 -15.856885
-0.420876 7.519245 -0.000087 0.001604 0.091689 -0.643058 17.777024 8.870714 9.615374 4.280138 -16.784058 -14.564076
-0.419462 7.527282 0.000219 0.011064 0.082963 -0.588604 16.045255 7.975616 10.929645 -8.047208 -15.362805 -14.236189
-0.400256 7.747516 0.000875 0.016861 0.235411 -0.571144 14.501178 8.094001 11.140397 -14.585028 -14.907086 -14.387929
-0.371399 8.074833 0.000907 0.016244 0.243927 -0.574972 13.273434 8.082785 10.857128 -25.759345 -15.006988 -15.536835
-0.353890 8.228079 0.000830 0.013931 0.243927 -0.623032 12.149112 7.566849 9.816757 -30.505519 -16.261374 -17.124792
-0.362503 8.125317 0.000678 0.008963 0.243927 -0.681366 11.015372 7.542145 8.617667 -16.381361 -17.783913 -17.075218
-0.386323 7.852284 0.000332 0.004056 0.243927 -0.678615 9.879368 8.201808 8.642543 -5.691994 -17.712127 -16.125999
-0.414518 7.404369 0.000144 0.006561 0.243927 -0.643880 8.883963 7.635552 9.387860 -11.533655 -16.805519 -15.803862
-0.436951 7.002447 0.000532 0.012640 0.243927 -0.630050 7.980609 6.877154 9.530509 -8.866116 -16.444551 -15.331395
-0.435237 6.986060 0.000801 0.013482 0.243927 -0.608669 7.066676 7.621156 9.824035 -8.439220 -15.886501 -14.835526
-0.420760 7.209188 0.000670 0.013855 0.243927 -0.586073 6.141034 7.418102 10.101038 -13.727447 -15.296726 -14.732989
-0.408040 7.403912 0.000814 0.014291 0.243927 -0.581178 5.261196 7.506029 9.944794 -16.178161 -15.168968 -14.834994
-0.393729 7.549463 0.000743 0.012692 0.243927 -0.584904 4.521984 7.511238 9.632290 -17.796370 -15.266230 -15.077284
-0.378116 7.625879 0.000651 0.010632 0.243927 -0.594124 3.910802 7.534645 9.248703 -21.009966 -15.506873 -15.604829
-0.367887 7.617765 0.000531 0.008642 0.220714 -0.614570 3.298376 7.286351 8.687699 -23.350747 -16.040508 -16.315380
-0.369041 7.570421 0.000439 0.005920 0.199711 -0.641228 2.465738 7.269099 8.047393 -19.867368 -16.736308 -16.578951
-0.384920 7.462879 0.000254 0.003097 0.180706 -0.650488 1.321126 7.391507 7.762546 -11.982682 -16.978002 -16.087309
-0.407726 7.280680 0.000132 0.002553 0.163509 -0.633487 -0.119112 7.553213 8.075554 -9.649522 -16.534249 -15.534447
-0.425656 7.100948 0.000175 0.005164 0.147949 -0.614807 5.258556 7.236947 8.475904 -8.840441 -16.046708 -15.070992
-0.425984 7.038220 0.000386 0.007618 0.133870 -0.595262 4.755801 7.400299 8.853196 -11.680974 -15.536569 -14.854115
-0.411981 7.105550 0.000450 0.009260 0.121131 -0.583942 4.379297 7.148535 8.957216 -17.518669 -15.241111 -15.081228
-0.403240 7.207295 0.000556 0.009272 0.149408 -0.591860 3.980341 7.089620 8.617542 -17.376096 -15.447779 -15.266364
-0.400635 7.252931 0.000473 0.007231 0.149408 -0.598609 3.529983 7.244150 8.341651 -22.433362 -15.623919 -15.862992
-0.406225 7.214036 0.000346 0.005975 0.149408 -0.621299 3.077462 6.697576 7.736522 -15.508873 -16.216139 -15.829394
-0.417067 7.132625 0.000328 0.003200 0.149408 -0.619863 2.593767 7.531805 7.727272 -2.355208 -16.178657 -14.800374
-0.422567 7.006549 0.000077 0.003819 0.149408 -0.578669 2.339123 7.585871 8.654726 -10.374577 -15.103492 -14.478740
-0.425386 6.894494 0.000335 0.009327 0.149408 -0.564565 2.272926 6.683324 8.820635 -14.075986 -14.735370 -14.447545
-0.422516 6.969226 0.000652 0.009810 0.175218 -0.562475 2.075062 7.245625 8.683172 -9.960681 -14.680807 -14.097793
-0.417951 7.124001 0.000445 0.008262 0.175218 -0.548379 1.806625 7.367998 8.868551 -13.768732 -14.312912 -14.077753
-0.399333 7.382217 0.000464 0.007876 0.175218 -0.547847 1.786050 7.432940 8.759265 -19.077303 -14.299028 -14.520134
-0.402856 7.309289 0.000413 0.007683 0.175218 -0.565128 2.000256 6.864867 8.268767 -20.838904 -14.750071 -15.068766
-0.416358 7.074984 0.000436 0.006326 0.175218 -0.585200 2.115233 6.802814 7.709126 -24.637364 -15.273950 -15.832844
-0.412676 7.025641 0.000289 0.003622 0.175218 -0.615530 1.980739 6.526866 6.963741 -25.858213 -16.065588 -16.632398
-0.430656 6.833749 0.000149 0.000689 0.175218 -0.643915 1.305703 6.371183 6.242670 -13.930338 -16.806428 -16.413583
-0.470789 6.459691 -0.000020 -0.001150 0.175218 -0.636597 -0.145975 6.738458 6.472333 -0.686352 -16.615422 -15.450583
-0.514502 5.977198 -0.000063 0.002624 0.175218 -0.606680 7.852609 6.519967 7.574596 0.022811 -15.834593 -14.728828
-0.535144 5.745311 0.000327 0.009693 0.175218 -0.579462 7.031077 6.272181 8.538262 7.806111 -15.124182 -13.743581
-0.524866 5.869120 0.000686 0.014143 0.184580 -0.537326 6.392154 7.204682 9.929359 0.648584 -14.024425 -13.107235
-0.499729 6.161455 0.000824 0.019965 0.221657 -0.507969 5.944140 6.387828 10.613524 -15.405225 -13.258200 -13.280912
-0.476638 6.460818 0.001272 0.022004 0.342003 -0.514924 5.599707 6.363966 10.043009 -15.937267 -13.439730 -13.481842
-0.460786 6.658430 0.001114 0.017934 0.342003 -0.523003 5.384581 6.713414 9.523963 -17.469149 -13.650575 -13.773256
-0.453151 6.728184 0.000859 0.014814 0.342003 -0.534507 5.173482 6.463892 8.968277 -12.936628 -13.950837 -13.754190
-0.455535 6.643870 0.000770 0.012316 0.342003 -0.532967 4.906287 6.861186 8.809170 -7.324481 -13.910655 -13.362752
-0.455237 6.556542 0.000606 0.011936 0.342003 -0.515979 4.589533 6.789051 9.060131 -11.552793 -13.467261 -13.252401
-0.446245 6.596719 0.000702 0.013053 0.342003 -0.510211 4.063501 6.581281 8.952219 -11.938525 -13.316709 -13.149129
-0.436438 6.724813 0.000732 0.011803 0.342003 -0.505238 3.162980 6.939291 8.829130 -7.055588 -13.186899 -12.684585
-0.432694 6.829587 0.000590 0.010595 0.342003 -0.486519 1.970544 7.185158 9.072510 -7.791322 -12.698332 -12.308957
-0.430414 6.852939 0.000589 0.011761 0.342003 -0.471542 0.645582 6.941973 9.205362 -16.427196 -12.307422 -12.600301
-0.419615 6.906870 0.000701 0.012179 0.342003 -0.483376 -1.836928 6.580901 8.677626 -19.364205 -12.616300 -13.100781
-0.405626 6.996924 0.000652 0.008906 0.342003 -0.504990 -0.499519 6.841823 8.021638 -16.589220 -13.180429 -13.359306
-0.401832 6.977144 0.000380 0.005535 0.309457 -0.516521 5.664774 6.838923 7.670710 -19.140082 -13.481401 -13.847534
-0.415505 6.828956 0.000275 0.004460 0.280008 -0.534324 4.452927 6.411822 7.177375 -11.558702 -13.946058 -13.641033
-0.432865 6.690592 0.000254 0.002579 0.253362 -0.526985 3.149436 7.086230 7.301318 -0.015746 -13.754523 -12.622423
-0.442736 6.610933 0.000089 0.003658 0.229251 -0.488331 2.060884 7.224099 8.225684 -1.477669 -12.745639 -11.841584
-0.445835 6.597580 0.000321 0.008627 0.207435 -0.457575 1.379159 6.911112 8.877622 -1.008496 -11.942881 -11.104978
-0.433989 6.735266 0.000606 0.011352 0.187695 -0.426326 1.296945 7.385217 9.454014 -5.720326 -11.127278 -10.733455
-0.417677 6.929735 0.000637 0.013376 0.171283 -0.410195 1.758833 6.956309 9.592544 -11.221259 -10.706249 -10.798666
-0.409770 7.031172 0.000806 0.013572 0.216734 -0.413036 2.102640 7.053824 9.299169 -14.344775 -10.780399 -11.118254
-0.403195 7.064622 0.000692 0.011840 0.216734 -0.426243 2.449667 6.815532 8.817986 -17.353113 -11.125108 -11.673717
-0.396420 7.094106 0.000620 0.009134 0.216734 -0.448865 2.489830 6.866640 8.195272 -12.412698 -11.715559 -11.747299
-0.389074 7.121575 0.000421 0.005689 0.216734 -0.451150 2.178031 7.275115 8.037495 -9.581305 -11.775192 -11.536926
-0.383125 7.114764 0.000252 0.004889 0.216734 -0.441323 1.574762 7.145116 8.103854 -10.895261 -11.518707 -11.443811
-0.380288 7.131212 0.000309 0.005154 0.216734 -0.436742 0.276121 7.165169 8.051669 -7.966914 -11.399148 -11.051216
-0.379982 7.206254 0.000287 0.004480 0.216734 -0.419393 -8.860232 7.487295 8.215301 -4.693150 -10.946316 -10.339467
-0.385504 7.263209 0.000239 0.005045 0.216734 -0.393810 -7.718703 7.536086 8.572237 -5.508660 -10.278601 -9.839031
-0.385823 7.309191 0.000329 0.006693 0.216734 -0.375597 -6.803646 7.472573 8.790830 -13.587740 -9.803242 -10.175968
-0.371215 7.385234 0.000412 0.007448 0.216734 -0.390973 -6.128771 7.041719 8.376627 -22.371782 -10.204544 -11.408330
-0.358580 7.443353 0.000417 0.004945 0.216734 -0.443605 -5.494790 6.884889 7.403528 -19.126054 -11.578262 -12.217350
-0.362024 7.405731 0.000175 -0.000012 0.196109 -0.474514 -4.688890 7.276649 6.857993 -14.390929 -12.385004 -12.396685
-0.365800 7.421869 -0.000105 -0.002988 0.177447 -0.481500 -3.832823 7.393004 6.769339 -9.485854 -12.567328 -12.046028
-0.387604 7.232705 -0.000168 -0.002455 0.160561 -0.469617 -3.040322 7.327277 7.038487 -3.895227 -12.257202 -11.273010
-0.410394 7.020385 -0.000071 0.000096 0.145281 -0.442436 -2.466313 7.379497 7.641302 0.328883 -11.547743 -10.323195
-0.406966 7.116573 0.000090 0.002780 0.131456 -0.404046 -2.147652 7.764991 8.447588 2.422293 -10.545768 -9.289536
-0.396422 7.269435 0.000214 0.006243 0.118946 -0.360304 -2.157141 7.810666 9.267448 -3.782605 -9.404079 -8.843788
-0.386051 7.417065 0.000444 0.009805 0.119348 -0.341209 -2.367949 7.508654 9.488880 -9.817457 -8.905681 -8.966743
-0.372061 7.525565 0.000600 0.010403 0.161353 -0.346036 -2.612449 7.473167 9.226621 -18.903805 -9.031665 -9.974962
-0.355478 7.586714 0.000534 0.008689 0.161353 -0.389407 -2.846219 6.963730 8.348809 -24.782634 -10.163665 -11.585041
-0.342582 7.617482 0.000426 0.003875 0.161353 -0.457673 -2.574308 7.083436 7.218629 -22.823772 -11.945454 -12.848344
-0.337011 7.601716 0.000056 -0.002030 0.161353 -0.508361 -1.722372 7.229766 6.470364 -15.527805 -13.268426 -13.043655
-0.341235 7.492960 -0.000211 -0.005419 0.161353 -0.514915 -0.001534 7.540148 53447.889541 -9.539373 -13.439474 -12.463238
-0.353413 7.332316 -0.000323 283.169234 0.161353 -0.343663 -28.318834 7.448054 48104.115821 -36.419874 -8.969744 -11.667420
-0.368038 7.242219 -0.000188 254.854283 0.161353 -0.323467 -25.383720 5.092726 43292.443636 -32.670205 -8.442627 -10.671612
-0.378096 7.274240 -0.000066 229.358168 0.161353 -0.297796 -22.756656 7.267638 38962.174883 -31.433299 -7.772597 -9.839881
-0.397523 7.181418 -0.001160 206.413560 0.311852 -0.273581 -20.417495 5.401619 35064.964712 -34.452925 -7.140583 -9.427134
-0.436844 6.701519 -0.001006 185.765682 0.311852 -0.257267 -18.414338 5.766578 31557.163531 -51.382947 -6.714782 -10.144972
-0.489774 5.978283 -0.001566 167.182482 0.420973 -0.275301 -16.695917 2.917845 28398.815204 -68.343322 -7.185471 -11.413805
-0.552286 5.233539 -0.001523 150.451066 0.420973 -0.309657 -15.135069 2.663978 25555.034922 -68.134475 -8.082169 -12.058339
-0.625117 4.437076 -0.002546 135.386748 0.684582 -0.324324 -13.567985 1.513376 22995.632961 -55.989566 -8.464976 -11.807905
-0.711842 3.449288 -0.003198 121.830299 0.859817 -0.312251 -11.992568 1.561677 20692.978253 -47.292589 -8.149879 -11.107149
-0.817968 2.196246 -0.003869 109.635700 1.040445 -0.286877 -10.612293 -0.126374 18621.069777 -31.589933 -7.487608 -9.998710
-0.927388 0.880522 -0.003821 98.664105 1.040445 -0.250449 -9.520037 -0.056718 16757.308095 -10.505477 -6.536824 -8.611974
-1.016924 -0.207651 -0.003965 88.794226 1.066143 -0.205862 -8.967832 -0.615357 15081.269560 -27.448573 -5.373086 -7.583284
-1.074232 -0.928791 -0.003511 79.917104 1.066143 -0.173676 -9.029684 -2.775740 13571.453522 -95.226396 -4.533005 -7.416798
-1.094687 -1.194740 -0.003019 71.918345 1.066143 -0.174766 -9.682567 -6.487668 12207.630967 -157.800051 -4.561465 -8.455254
-1.095365 -1.193920 -0.003529 64.691758 1.066143 -0.207019 -10.367217 -8.039079 10975.668320 -157.802902 -5.403284 -9.629044
-1.111959 -1.382520 -0.005862 58.164870 1.207019 -0.241085 -10.466270 -7.076769 9866.943741 -141.452591 -6.292412 -10.131903
-1.163625 -1.988810 -0.008660 52.293206 1.241085 -0.266605 -9.903287 -7.691413 8870.277516 -142.876710 -6.958502 -10.622709
-1.249168 -2.997898 -0.010402 47.017448 1.266605 -0.288749 -8.565773 -9.070867 7973.122194 -102.113721 -7.536452 -10.665302
-1.360129 -4.324633 -0.011778 42.270658 1.288749 -0.294254 -6.158500 -7.366205 7168.538952 -44.916277 -7.680133 -10.236979
-1.487306 -5.896516 -0.013050 38.015685 1.294254 -0.283875 -2.628491 -7.413182 6448.402987 40.427194 -7.409253 -9.323471
-1.632411 -7.698025 -0.012549 34.209396 1.283875 -0.258085 3.891984 -4.467009 5806.251776 27.049684 -6.736124 -8.630178
-1.786569 -9.608714 -0.011210 30.816909 1.258085 -0.237273 1.125649 -11.279141 5227.108663 -78.188090 -6.192907 -8.441376
-1.934546 -11.413357 -0.007550 27.757725 1.237273 -0.233324 -1.795843 -16.726455 4698.050736 -122.267874 -6.089840 -9.095476
-1.937518 -12.829729 -0.006764 24.961873 1.233324 -0.234933 -3.347762 -18.112784 4218.562253 -117.342867 -6.131854 -11.005930
-1.863739 -13.729236 -0.008085 22.425940 1.234933 -0.236293 -3.185760 -18.263687 3787.291816 -114.215099 -6.167349 -12.323052
-1.821074 -14.363588 -0.009526 20.144099 1.236293 -0.238562 -0.309636 -19.056073 3399.313712 -112.009332 -6.226562 -12.522503
-1.776609 -15.082270 -0.010585 18.092100 1.238562 -0.251875 43.305434 -19.552018 3050.225324 -23.015762 -6.574033 -12.331309
-1.730928 -16.067910 -0.011581 16.247583 1.251875 -0.255212 38.651517 -14.469468 2742.407155 217.825736 -6.661135 -10.875242
-1.689184 -17.331212 -0.012236 14.623220 1.255212 -0.235964 34.446479 -3.388730 2482.665196 222.218492 -6.158766 -8.325976
-1.643135 -18.800631 -0.009628 13.254693 1.235964 -0.217964 30.893518 -14.616974 2249.031792 227.327954 -5.688958 -6.859772
-1.599638 -20.255291 -0.000940 12.024431 1.217964 -0.201105 28.019584 -7.917289 2038.951740 70.067607 -5.248916 -6.662981
-1.569566 -21.427386 0.001992 10.917476 1.201105 -0.196647 25.834456 -26.789583 1838.359707 52.351677 -5.132567 -6.510828
-1.545457 -22.112091 0.008615 9.858213 1.196647 -0.193703 23.952065 -14.213609 1656.469016 -85.066237 -5.055720 -7.610101
-1.527987 -22.222395 0.005436 8.895000 1.193703 -0.200254 22.485971 -34.414710 1482.814588 -84.682689 -5.226716 -9.824360
-1.534855 -21.749237 0.008957 7.972338 1.200254 -0.206980 20.494151 -17.362048 1326.613016 -86.327953 -5.402257 -10.366978
-1.560174 -20.865107 0.001718 7.139977 1.206980 -0.213975 18.167669 -29.519014 1186.013744 220.643369 -5.584837 -9.757943
-1.590976 -20.001680 0.003321 6.390399 1.213975 -0.197377 15.625246 3.969976 1081.769989 231.504240 -5.151629 -8.683211
-1.612941 -19.474230 -0.001794 5.835240 1.197377 -0.178974 13.475098 -21.117817 988.757344 229.670191 -4.671287 -7.332286
-1.617729 -19.183867 0.010198 5.340849 1.178974 -0.160209 11.719017 -0.692276 904.907654 69.995349 -4.181512 -7.038761
-1.628694 -18.791047 0.008252 4.894467 1.160209 -0.154306 10.841322 -27.906589 817.901259 -41.663183 -4.027440 -6.979750
-1.662934 -18.043992 0.016592 4.429482 1.154306 -0.157848 9.887573 -12.875225 731.585422 74.816977 -4.119903 -6.677809
-1.711376 -16.816502 0.010040 3.965610 1.157848 -0.150721 9.694476 -14.261867 662.452885 -103.480061 -3.933888 -8.168812
-1.772241 -15.238845 0.011071 3.590933 1.150721 -0.161901 9.624564 -23.218271 587.485869 -108.965889 -4.225681 -10.675309
-1.870811 -13.479254 0.010510 3.184376 1.161901 -0.175232 8.531970 -13.261447 519.815950 -115.084339 -4.573617 -10.844694
-1.999649 -11.768588 0.004599 2.816744 1.175232 -0.190953 6.420219 -18.564954 458.666844 123.938796 -4.983958 -10.122851
-1.898654 -10.554593 0.003408 2.486297 1.190953 -0.170707 4.106049 5.175660 421.066664 -16.181314 -4.455507 -9.894109
-1.841629 -9.990060 -0.000955 2.284071 1.170707 -0.171788 1.141178 -22.970488 377.113139 196.691836 -4.483747 -8.738511
-1.808626 -9.760180 0.006783 2.049953 1.171788 -0.135508 -6.444166 15.354385 352.972125 195.892499 -3.536819 -7.335681
-1.779926 -9.596626 -0.000524 1.921169 1.135508 -0.099294 -5.569540 -15.137383 331.135302 195.323788 -2.591605 -6.203511
-1.747783 -9.324460 0.012107 1.804018 1.099294 -0.062221 -6.834807 9.636463 311.399911 31.128215 -1.623994 -5.774508
-1.696090 -8.667776 0.008023 1.695965 1.062221 -0.052988 -8.552900 -20.942967 281.761342 -131.814809 -1.383014 -6.325088
-1.614920 -7.538777 0.016489 1.532935 1.052988 -0.076461 -10.000689 -6.246502 243.400253 -135.740566 -1.995657 -7.708544
-1.516728 -6.228764 0.008160 1.322727 1.076461 -0.105023 -10.129590 -15.885211 208.766715 -140.295741 -2.741151 -9.171841
-1.427276 -5.111689 0.007375 1.133293 1.105023 -0.139439 -9.095716 -6.438973 177.432772 -92.523996 -3.639401 -9.436583
-1.373934 -4.456060 0.001240 0.963787 1.139439 -0.163409 -6.714800 -9.296671 152.816948 49.054788 -4.265034 -8.750154
-1.366594 -4.387909 0.000122 0.832992 1.163409 -0.146550 -3.192734 3.394474 140.951836 160.445170 -3.825021 -7.283144
-1.402453 -4.810046 -0.002365 0.772359 1.146550 -0.100919 3.071562 0.504153 138.253464 104.599932 -2.634027 -6.325106
-1.448777 -5.331709 0.001998 0.760825 1.100919 -0.071906 -1.374280 -2.246678 131.648667 -10.156235 -1.876781 -6.151249
-1.461005 -5.496836 0.004750 0.726703 1.071906 -0.075100 5.434892 -8.695621 117.335458 -12.182958 -1.960147 -6.043583
-1.432279 -5.153087 0.005937 0.649039 1.075100 -0.078534 3.882482 -3.058235 104.347427 -144.036087 -2.049763 -6.869491
-1.395197 -4.644566 0.003585 0.577524 1.078534 -0.119901 2.796178 -16.180176 83.181682 -145.804315 -3.129456 -8.709991
-1.375271 -4.368698 0.004044 0.463909 1.119901 -0.162441 -0.116727 -5.235847 64.110313 -123.695464 -4.239769 -9.381742
-1.378220 -4.414581 -0.002297 0.363098 1.162441 -0.233422 142.212485 -12.395001 48.620391 177.304781 -6.092411 -8.647365
-1.418474 -4.871640 -0.002492 0.283442 1.233422 -0.213702 127.871820 14.407872 56.532011 126.674602 -5.577711 -8.368841
-1.488761 -5.756475 -0.006049 0.330052 1.213702 -0.208942 115.021729 -12.325240 59.865875 181.970814 -5.453467 -7.453137
-1.560574 -6.750220 0.004695 0.352983 1.208942 -0.192384 103.181273 11.261804 66.756275 185.426265 -5.021298 -5.984798
-1.607100 -7.422118 0.001437 0.393054 1.192384 -0.175504 92.863924 -8.598644 73.109047 187.762588 -4.580717 -5.158234
-1.606653 -7.511325 0.010721 0.427189 1.175504 -0.156273 83.433259 7.266217 78.954697 141.456284 -4.078777 -4.868809
-1.563577 -6.962200 0.009152 0.455254 1.156273 -0.142867 75.224662 -7.821791 80.886149 -37.324282 -3.728886 -5.453317
-1.481560 -5.871799 0.015455 0.459710 1.142867 -0.167692 67.707199 -6.740973 69.781186 -95.948919 -4.376832 -6.374149
-1.366407 -4.417655 0.013001 0.393163 1.167692 -0.209514 61.022376 -9.180265 55.740038 -79.153067 -5.468392 -7.240373
-1.250474 -3.001695 0.010591 0.311259 1.209514 -0.249000 54.844646 -3.386727 44.537978 5.071314 -6.498994 -7.441000
-1.176078 -2.112553 0.006468 0.247190 1.249000 -0.256581 49.109340 -0.256604 40.709534 112.460503 -6.696877 -6.531540
