0.000000 -0.001641 0.000000 0.000000 0.000000 0.000000 0.000000 0.000000 0.000000 6.833892 0.000000 6.833892
0.000000 -0.002899 0.000000 0.000000 0.000000 0.000000 0.000000 0.000000 0.000000 6.833810 0.000000 6.833810
0.000000 -0.001853 0.000000 0.000000 0.000000 0.000000 0.000000 0.000000 0.000000 6.833462 0.000000 6.833462
0.000000 0.065163 0.000000 0.000000 0.000000 0.000000 0.000000 0.000000 0.000000 6.833616 0.000000 6.833616
0.000000 0.169689 0.000000 0.000000 0.000000 0.000000 0.000000 0.000000 0.000000 6.833822 0.000000 6.833822
0.000000 0.209945 0.000000 0.000000 0.000000 0.000000 0.000000 0.000000 0.000000 6.833338 0.000000 6.833338
0.000000 0.249747 0.000000 0.000000 0.000000 0.000000 0.000000 0.000000 0.000000 6.832174 0.000000 6.832174
0.000000 0.339945 0.000000 0.000000 0.000000 0.000000 0.000000 0.000000 0.000000 6.823689 0.000000 6.823689
0.000000 0.436315 0.000000 0.000000 0.000000 0.000000 0.000000 0.000000 0.000000 6.809590 0.000000 6.809590
0.000000 0.519785 0.000000 0.000000 0.000000 0.000000 0.000000 0.000000 0.000000 6.818763 0.000000 6.818763
0.000000 0.599721 0.000000 0.000000 0.000000 0.000000 0.000000 0.000000 0.000000 6.824793 0.000000 6.824793
0.000000 0.679546 0.000000 0.000000 0.000000 0.000000 0.000000 0.000000 0.000000 6.822362 0.000000 6.822362
0.000000 0.756264 0.000000 0.000000 0.000000 0.000000 0.000000 0.000000 0.000000 6.845823 0.000000 6.845823
0.000000 0.829797 0.000000 0.000000 0.000000 0.000000 0.000000 0.000000 0.000000 6.855366 0.000000 6.855366
0.000000 0.907903 0.000000 0.000000 0.000000 0.000000 0.000000 0.000000 0.000000 6.855652 0.000000 6.855652
0.000000 0.994184 0.000000 0.000000 0.000000 0.000000 0.000000 0.000000 0.000000 6.855646 0.000000 6.855646
0.171636 1.088560 0.000000 0.000000 0.000000 0.000000 0.000000 0.000000 0.000000 6.852096 0.000000 6.852096
0.149521 1.191523 0.000000 0.000000 0.000000 0.000000 0.000000 0.000000 0.000000 6.850140 0.000000 6.850140
0.137766 1.304498 0.000000 0.000000 0.000000 0.000000 0.000000 0.000000 0.000000 6.846908 0.000000 6.846908
0.126511 1.425427 0.000000 0.000000 0.000000 0.000000 0.000000 0.000000 0.000000 6.852749 0.000000 6.852749
0.125161 1.546709 0.000000 0.000000 0.000000 0.000000 0.000000 0.000000 0.000000 6.861124 0.000000 6.861124
0.144250 1.665616 0.000000 0.000000 0.000000 0.000000 0.000000 0.000000 0.000000 6.856259 0.000000 6.856259
0.170392 1.783205 0.000000 0.000000 0.000000 0.000000 0.000000 0.000000 0.000000 6.843978 0.000000 6.843978
0.192794 1.899568 0.000000 0.000000 0.000000 0.000000 0.000000 0.000000 0.000000 6.833714 0.000000 6.833714
0.212496 2.004110 0.000000 0.000000 0.000000 0.000000 0.000000 0.000000 0.000000 6.822533 0.000000 6.822533
0.235533 2.148083 0.000000 0.000000 0.000000 0.000000 0.000000 0.000000 0.000000 6.820083 0.000000 6.820083
0.219089 2.222735 0.000000 0.000000 0.000000 0.000000 0.000000 0.000000 0.000000 6.824316 0.000000 6.824316
0.183844 2.250065 0.000000 0.000000 0.000000 0.000000 0.000000 0.000000 0.000000 6.826196 0.000000 6.826196
0.165928 2.339163 0.000000 0.000000 0.000000 0.000000 0.000000 0.000000 0.000000 6.828945 0.000000 6.828945
0.149870 2.435156 0.000000 0.000000 0.000000 0.000000 0.000000 0.000000 0.000000 6.830724 0.000000 6.830724
0.136751 2.531455 0.000000 0.000000 0.000000 0.000000 0.000000 0.000000 0.000000 6.831139 0.000000 6.831139
0.128051 2.633197 0.000000 0.000000 0.000000 0.000000 0.000000 0.000000 0.000000 6.828449 0.000000 6.828449
0.120732 2.734500 0.000000 0.000000 0.000000 0.000000 0.000000 0.000000 0.000000 6.826426 0.000000 6.826426
0.113153 2.825883 0.000000 0.000000 0.000000 0.000000 0.000000 0.000000 0.000000 6.825373 0.000000 6.825373
0.104960 2.919247 0.000000 0.000000 0.000000 0.000000 0.000000 0.000000 0.000000 6.829383 0.000000 6.829383
0.097483 3.018191 0.000000 0.000000 0.000000 0.000000 0.000000 0.000000 0.000000 6.836461 0.000000 6.836461
0.107296 3.182088 0.000000 0.000000 0.000000 0.000000 0.000000 0.000000 0.000000 6.841003 0.000000 6.841003
0.094438 3.269019 0.000000 0.000000 0.000000 0.000000 0.000000 0.000000 0.000000 6.847071 0.000000 6.847071
0.076591 3.305459 0.000000 0.000000 0.000000 0.000000 0.000000 0.000000 0.000000 6.843690 0.000000 6.843690
0.082115 3.410396 0.000000 0.000000 0.000000 0.000000 0.000000 0.000000 0.000000 6.837457 0.000000 6.837457
0.079137 3.502431 0.000000 0.000000 0.000000 0.000000 0.000000 0.000000 0.000000 6.837702 0.000000 6.837702
0.072287 3.593353 0.000000 0.000000 0.000000 0.000000 0.000000 0.000000 0.000000 6.840734 0.000000 6.840734
0.071058 3.696740 0.000000 0.000000 0.000000 0.000000 0.000000 0.000000 0.000000 6.838995 0.000000 6.838995
0.072463 3.806583 0.000000 0.000000 0.000000 0.000000 0.000000 0.000000 0.000000 6.834640 0.000000 6.834640
0.070679 3.905628 0.000000 0.000000 0.000000 0.000000 0.000000 0.000000 0.000000 6.832353 0.000000 6.832353
0.069653 3.993735 0.000000 0.000000 0.000000 0.000000 0.000000 0.000000 0.000000 6.825179 0.000000 6.825179
0.067337 4.087534 0.000000 0.000000 0.000000 0.000000 0.000000 4.087534 4.087534 6.828431 0.000000 6.828431
0.067260 4.192789 0.000000 -0.000537 0.000000 0.311444 0.000000 4.789638 4.610705 6.833370 8.128800 6.833370
0.071966 4.296521 -0.000051 0.001603 0.013745 0.162761 0.000051 3.804772 164.856603 6.826385 4.248128 6.826385
0.071220 4.388240 0.000193 0.818930 0.051958 0.232718 -0.082038 5.048576 149.003329 6.825872 6.074031 6.825872
0.067782 4.473263 -0.000109 0.737591 0.051958 0.203638 0.729140 4.069456 134.606767 11.980955 5.315042 11.980955
0.067834 4.565703 0.000181 0.663648 0.051958 0.486211 0.526239 5.463145 122.103105 11.838520 12.690304 11.838520
0.070462 4.674043 -0.000077 0.599284 0.051958 0.376732 0.199647 3.978813 110.296251 11.702270 9.832850 11.702270
0.077569 4.813593 0.000314 0.538317 0.084301 0.406046 -0.513674 5.621763 99.888332 11.566047 10.597967 11.566047
0.083490 4.945060 -0.000122 0.484531 0.084301 0.388884 0.301601 4.476375 90.466683 11.412895 10.150035 11.412895
0.088844 5.064187 0.000218 0.435841 0.084301 0.386538 -1.231532 5.629247 82.021243 11.233476 10.088802 11.233476
0.100571 5.225775 -0.000088 0.391916 0.084301 0.378629 -0.781184 4.988935 74.427633 11.116283 9.882355 11.116283
0.110652 5.382875 0.000117 0.352361 0.084301 0.374560 -0.192705 5.790665 67.615794 10.907219 9.776177 10.907219
0.108980 5.515365 -0.000086 0.316922 0.084301 0.363893 2.287547 5.380038 61.490664 10.674585 9.497743 10.674585
0.105021 5.666802 0.000056 0.284890 0.084301 0.348179 1.892278 5.984565 55.996630 10.473844 9.087605 10.473844
0.102182 5.810697 -0.000089 0.256117 0.084301 0.333925 1.453583 5.775675 51.082108 10.162853 8.715576 10.162853
0.091228 5.927546 0.000004 0.230440 0.084301 0.315970 0.999575 6.157697 46.675306 9.891474 8.246930 9.891474
0.079198 6.045852 -0.000070 0.207347 0.084301 0.298912 0.539708 6.079840 42.735825 9.576814 7.801715 9.576814
0.069695 6.178851 -0.000009 0.186564 0.084301 0.281448 -0.216815 6.391325 39.213394 9.263104 7.345899 9.263104
0.057097 6.300906 -0.000056 0.167965 0.076279 0.264254 1.388316 6.372506 36.066079 8.958960 6.897134 8.958960
0.044868 6.417626 -0.000007 0.151307 0.069020 0.249048 1.013704 6.608515 33.256026 8.581720 6.500240 8.581720
0.036826 6.554515 -0.000028 0.136268 0.062452 0.232657 0.667690 6.667583 30.742142 8.272111 6.072450 8.272111
0.030700 6.689022 0.000001 0.122752 0.056509 0.220196 0.348319 6.871314 28.501970 8.047781 5.747197 8.047781
0.025989 6.813361 -0.000010 0.110685 0.051131 0.213120 -0.026167 6.939715 26.505825 7.868629 5.562509 7.868629
0.024693 6.944063 0.000019 0.099831 0.046266 0.208702 3.906445 7.120674 24.722781 7.698926 5.447212 7.698926
0.024638 7.069788 0.000015 0.090090 0.041863 0.207383 3.491737 7.198126 23.126529 7.567952 5.412774 7.567952
0.026604 7.189111 0.000039 0.081335 0.037879 0.208609 3.116144 7.343699 21.694588 7.403848 5.444782 7.403848
0.031655 7.317102 0.000039 0.073374 0.034274 0.210178 2.776655 7.442902 20.403916 7.194615 5.485729 7.194615
0.034945 7.437400 0.000049 0.066173 0.031013 0.210059 2.478823 7.561294 19.235559 7.057587 5.482613 7.057587
0.037918 7.551785 0.000047 0.059627 0.028061 0.210626 2.219417 7.662419 18.185423 6.941169 5.497423 6.941169
0.040539 7.660306 0.000047 0.053714 0.025391 0.211208 1.985760 7.767005 17.241301 6.789293 5.512610 6.789293
0.051127 7.850268 0.000043 0.047926 0.022975 0.208902 1.775718 8.012726 16.398045 6.559488 5.452419 6.559488
0.044375 7.911675 -0.000001 0.043309 0.020788 0.202250 1.588994 7.913947 15.632521 6.307898 5.278813 6.307898
0.028331 7.887154 0.000048 0.039527 0.018810 0.193409 1.423665 7.942979 14.935243 6.135727 5.048049 6.135727
0.026094 7.969395 0.000056 0.035549 0.017020 0.186223 1.274302 8.072185 14.320316 5.995906 4.860489 5.930544
0.023638 8.051908 0.000038 0.031990 0.015400 0.180377 1.137604 8.120927 13.778716 5.825145 4.707903 5.714159
0.020695 8.119645 0.000044 0.028880 0.013935 0.174312 1.014347 8.202495 13.296686 5.718753 4.549623 5.544215
0.017707 8.170815 0.000041 0.026159 0.012609 0.171012 0.902794 8.233243 12.871871 5.619324 4.463475 5.401512
0.015184 8.226067 0.000052 0.023709 0.014065 0.169356 0.800963 8.307102 12.494067 5.541530 4.420259 5.289916
0.012454 8.278895 0.000051 0.021512 0.014065 0.168438 0.702932 8.340510 12.156729 5.481523 4.396287 5.200045
0.011850 8.336948 0.000060 0.019494 0.016046 0.168375 0.605286 8.415573 11.856225 5.337546 4.394648 5.064144
0.012722 8.401539 0.000056 0.017631 0.016046 0.166618 0.501475 8.461100 11.581544 5.124367 4.348789 4.874337
0.013203 8.461471 0.000057 0.015923 0.016046 0.162489 0.406640 8.519994 11.327764 5.064301 4.241021 4.773282
0.014295 8.523909 0.000052 0.014309 0.016046 0.161482 0.320263 8.588849 11.109186 4.977951 4.214737 4.681936
0.014304 8.578924 0.000045 0.012913 0.016046 0.160416 0.229420 8.628282 10.913458 4.895419 4.186928 4.595927
0.013492 8.629655 0.000045 0.011655 0.016046 0.158820 0.127565 8.683943 10.738268 4.865029 4.145276 4.542148
0.013319 8.675458 0.000040 0.010527 0.016046 0.158264 -0.039985 8.722706 10.586022 4.661017 4.130765 4.385748
0.013573 8.720785 0.000041 0.009519 0.016046 0.153797 0.392732 8.759057 10.439307 4.409109 4.014173 4.169625
0.014445 8.769059 0.000038 0.008524 0.016046 0.146892 0.340723 8.806710 10.301932 3.714935 3.833949 3.651618
0.013736 8.810694 0.000029 0.007610 0.016046 0.127773 0.307651 8.804946 10.143873 3.199223 3.334921 3.150606
0.012519 8.854325 0.000025 0.006581 0.016046 0.108318 0.282573 8.883640 10.004731 2.559633 2.827148 2.567854
0.010316 8.886726 -0.000002 0.005706 0.014519 0.085417 0.242371 8.869112 9.872847 1.926028 2.229413 1.959809
0.007729 8.908166 -0.000003 0.004923 0.013137 0.061528 0.210104 8.916633 9.753602 1.243930 1.605914 1.312318
0.004286 8.921271 -0.000022 0.004248 0.011887 0.036655 0.181563 8.897806 9.643193 0.708825 0.956700 0.748450
-0.000339 8.922808 -0.000022 0.003676 0.010756 0.014960 0.180470 8.924200 9.552545 0.360701 0.390453 0.327974
-0.003025 8.926882 -0.000032 0.003193 0.009732 -0.000478 0.150234 8.926793 9.487745 -0.226510 -0.012470 -0.187012
-0.000643 8.973778 -0.000030 0.002623 0.008806 -0.019055 0.102467 8.995297 9.420280 -0.697142 -0.497350 -0.654754
-0.005269 8.950542 -0.000050 0.002397 0.013499 -0.035830 0.053575 8.899740 9.358306 -1.172942 -0.935180 -1.108781
-0.013818 8.880498 -0.000024 0.002438 0.013499 -0.051658 -0.119302 8.847255 9.292676 -1.658975 -1.348296 -1.559885
-0.016332 8.862028 -0.000012 0.002198 0.013499 -0.067150 -0.061589 8.850523 9.226287 -2.067627 -1.752649 -1.956902
-0.019280 8.834739 -0.000018 0.001998 0.013499 -0.080674 -0.012057 8.798465 9.163485 -2.570924 -2.105631 -2.396539
-0.023014 8.795894 -0.000009 0.001876 0.013499 -0.096053 -0.058663 8.758906 9.091794 -3.004044 -2.507028 -2.804592
-0.025352 8.768995 -0.000007 0.001647 0.013499 -0.110454 -0.156765 8.739753 9.022201 -3.322119 -2.882901 -3.128725
-0.025051 8.758674 -0.000011 0.001345 0.013499 -0.121694 -0.190033 8.740836 8.962873 -3.750739 -3.176270 -3.498381
-0.024337 8.751637 -0.000019 0.001078 0.013499 -0.134819 -0.215104 8.717150 8.898621 -3.852683 -3.518818 -3.669045
-0.024044 8.736000 -0.000022 0.000830 0.013499 -0.140361 -0.235485 8.726016 8.857294 -4.207555 -3.663486 -3.943529
-0.025010 8.708308 -0.000030 0.000760 0.013499 -0.150074 -0.217618 8.653296 8.801550 -4.621632 -3.916993 -4.288765
-0.027641 8.667155 -0.000018 0.000686 0.013499 -0.163287 -0.183124 8.625341 8.735210 -5.120599 -4.261844 -4.717508
-0.033071 8.609790 -0.000023 0.000640 0.012214 -0.180355 -0.111818 8.532877 8.658196 -5.598041 -4.707336 -5.162623
-0.039520 8.548782 -0.000013 0.000558 0.011052 -0.199195 -0.033648 8.494636 8.580385 -6.021698 -5.199062 -5.586613
-0.045883 8.484773 -0.000020 0.000488 0.010000 -0.217174 0.335157 8.415122 8.509065 -6.491983 -5.668318 -6.038121
-0.053042 8.413857 -0.000013 0.000486 0.009048 -0.236148 0.262766 8.351007 8.437707 -6.536093 -6.163551 -6.201188
-0.057434 8.347415 -0.000011 0.000461 0.008187 -0.242418 0.163133 8.316572 8.400709 -6.695485 -6.327214 -6.360044
-0.062414 8.255801 -0.000008 0.000740 0.007408 -0.246655 -0.034484 8.179535 8.358570 -7.230847 -6.437806 -6.773940
-0.070715 8.145519 0.000022 0.001087 0.006703 -0.261060 0.792849 8.058767 8.277728 -7.473697 -6.813761 -7.036197
-0.074042 8.040039 0.000036 0.001213 0.009763 -0.268766 0.688534 7.975512 8.204414 -7.703820 -7.014910 -7.248376
-0.070059 7.941524 0.000042 0.001342 0.011279 -0.270111 0.583232 7.862615 8.126405 -7.788380 -7.050002 -7.309563
-0.066429 7.843465 0.000054 0.001444 0.014644 -0.263825 0.520083 7.772711 8.042677 -7.282542 -6.885942 -6.873835
-0.062571 7.733309 0.000059 0.001579 0.015750 -0.238564 0.502752 7.672013 7.981966 -6.766191 -6.226622 -6.324655
-0.056411 7.623166 0.000072 0.001831 0.019396 -0.208843 0.484697 7.543580 7.905578 -6.389586 -5.450890 -5.852517
-0.048755 7.511671 0.000089 0.002010 0.023928 -0.183366 0.478067 7.415672 7.795714 -5.981487 -4.785913 -5.368136
-0.032599 7.450261 0.000096 0.001763 0.025817 -0.157801 0.510179 7.388174 7.671411 -5.311608 -4.118680 -4.671139
-0.026134 7.328417 0.000070 0.001750 0.025817 -0.125833 0.581424 7.191052 7.547553 -4.582012 -3.284288 -3.892016
-0.029068 7.165446 0.000092 0.001950 0.025817 -0.094620 0.622379 7.047534 7.411915 -3.958020 -2.469628 -3.200672
-0.026838 7.067317 0.000096 0.001759 0.025830 -0.071071 0.618314 6.971402 7.265714 -3.269111 -1.854982 -2.491227
-0.025693 6.967688 0.000077 0.001521 0.025830 -0.049442 0.554130 6.858552 7.129746 -2.576442 -1.290461 -1.791537
-0.024552 6.860443 0.000072 0.001374 0.025830 -0.028028 0.394530 6.765411 7.006270 -2.069619 -0.731544 -1.252007
-0.019354 6.787068 0.000064 0.001119 0.025830 -0.012063 0.111581 6.703938 6.883894 -1.533712 -0.314861 -0.711023
-0.018747 6.696897 0.000047 0.000954 0.025830 0.004034 -0.757874 6.599760 6.773689 -0.902769 0.105287 -0.093800
-0.019899 6.596502 0.000046 0.000904 0.025830 0.022972 -0.538514 6.518216 6.680290 -0.525335 0.599582 0.309557
-0.015304 6.530523 0.000043 0.000764 0.025830 0.034559 -0.265984 6.455916 6.580861 -0.394968 0.901995 0.477146
-0.007825 6.498119 0.000033 0.000422 0.025830 0.037338 0.063325 6.434512 6.475217 -0.221607 0.974537 0.656794
-0.006200 6.445559 0.000010 0.000151 0.025830 0.039691 -0.198749 6.364596 6.382450 0.064465 1.035950 0.928184
-0.007480 6.377292 0.000003 0.000026 0.025830 0.045312 -0.260139 6.314514 6.309000 0.239200 1.182653 1.104622
-0.004951 6.341224 -0.000003 -0.000164 0.025830 0.047719 -0.342100 6.291762 6.241393 0.472880 1.245475 1.321594
-0.003459 6.308732 -0.000016 -0.000344 0.023372 0.051754 -0.431295 6.264305 6.190124 0.784925 1.350799 1.605966
-0.000895 6.279167 -0.000023 -0.000454 0.021148 0.059222 -0.445863 6.248573 6.156545 0.977075 1.545710 1.786281
0.001560 6.254246 -0.000028 -0.000499 0.019135 0.063667 -0.425799 6.216094 6.123625 1.260483 1.661730 2.039766
0.003984 6.235738 -0.000028 -0.000572 0.017314 0.071232 -0.402956 6.221329 6.104713 1.561960 1.859191 2.312266
0.004829 6.211052 -0.000035 -0.000543 0.015667 0.080020 -0.347487 6.180515 6.093032 1.884414 2.088541 2.603724
0.004342 6.172654 -0.000026 -0.000406 0.014176 0.090016 -0.275087 6.151040 6.085669 2.241248 2.349448 2.926811
0.005683 6.140275 -0.000020 -0.000279 0.012827 0.102824 -0.159757 6.123539 6.083007 2.564194 2.683756 3.223287
0.009027 6.124523 -0.000013 -0.000212 0.011606 0.114966 0.008279 6.116335 6.078182 2.866663 3.000657 3.501286
0.014354 6.122704 -0.000012 -0.000227 0.010502 0.127190 -2.580238 6.117740 6.072575 3.168053 3.319722 3.780239
0.022515 6.134985 -0.000014 -0.000319 0.009502 0.138803 -2.316609 6.137395 6.067429 3.441464 3.622803 4.033905
0.030950 6.154563 -0.000021 -0.000445 0.008598 0.149646 -2.081377 6.154684 6.062529 4.969401 3.905808 5.456990
0.038995 6.184824 -0.000027 -0.000624 0.007780 0.206555 -1.874681 6.288786 6.154607 5.504411 5.391175 5.980188
0.050892 6.235428 -0.000039 -0.000412 0.010609 0.226607 -1.688835 6.201242 6.171191 5.990782 5.914545 6.440777
0.061245 6.284074 -0.000010 -0.000576 0.010609 0.244368 -1.521824 6.356062 6.188202 6.498538 6.378095 6.920899
0.062183 6.282113 -0.000049 -0.000479 0.013197 0.261664 -1.371778 6.231996 6.206636 7.061167 6.829535 7.451341
0.058104 6.243278 -0.000008 -0.000187 0.013197 0.280877 -1.228232 6.269693 6.227690 7.607051 7.330991 7.965160
0.058075 6.228867 -0.000013 -0.000006 0.013197 0.300127 -1.084109 6.216931 6.248533 8.094628 7.833439 8.423328
0.066667 6.262128 0.000008 -0.000069 0.013197 0.318234 -0.939235 6.317894 6.269501 8.414778 8.306044 8.722929
0.076810 6.312740 -0.000015 -0.000221 0.013197 0.330926 -0.811439 6.316779 6.281988 8.767924 8.637292 9.055200
0.084250 6.375455 -0.000011 -0.000477 0.013197 0.343146 -0.727753 6.432202 6.301142 9.141505 8.956244 9.406235
0.089757 6.463809 -0.000038 -0.000830 0.013197 0.352667 -0.671459 6.503003 6.331317 9.563183 9.204759 9.796829
0.093403 6.555638 -0.000050 -0.001145 0.013454 0.360651 -0.615601 6.624655 6.380658 9.878917 9.413134 10.077365
0.090006 6.640206 -0.000071 -0.001325 0.019047 0.363066 -0.518960 6.687615 6.441581 10.039038 9.476165 10.198031
0.082965 6.731756 -0.000072 -0.001481 0.019264 0.356073 -0.364228 6.809326 6.512856 10.046006 9.293650 10.151664
0.076796 6.826230 -0.000086 -0.001599 0.023195 0.343918 -0.081484 6.896237 6.600677 9.756765 8.976399 9.818248
0.066598 6.909706 -0.000086 -0.001577 0.023195 0.322409 1.171965 6.979067 6.690166 9.530252 8.414998 9.505228
0.057648 6.998364 -0.000085 -0.001573 0.023195 0.304018 0.994422 7.097530 6.804713 9.248379 7.934999 9.140214
0.051142 7.096942 -0.000086 -0.001491 0.023195 0.286897 0.841595 7.195074 6.932538 8.985201 7.488113 8.787496
0.042910 7.193326 -0.000077 -0.001331 0.023195 0.272323 0.733286 7.304322 7.071011 8.805047 7.107739 8.506814
0.036385 7.310453 -0.000069 -0.001222 0.023195 0.261232 0.650060 7.442784 7.222381 8.561902 6.818264 8.187254
0.032113 7.435044 -0.000066 -0.001085 0.023195 0.249351 0.581547 7.559757 7.374551 8.387703 6.508159 7.916879
0.028625 7.548674 -0.000056 -0.000889 0.023195 0.241305 0.510255 7.680914 7.533070 8.191899 6.298148 7.650550
0.029852 7.669350 -0.000045 -0.000695 0.023195 0.235289 0.428467 7.802273 7.688872 7.883341 6.141143 7.315985
0.031612 7.781986 -0.000035 -0.000475 0.023195 0.228943 0.352753 7.896552 7.828979 7.653326 5.975509 7.046944
0.030971 7.884078 -0.000022 -0.000281 0.023195 0.224967 0.334912 8.000060 7.960451 7.456128 5.871718 6.824208
0.030028 7.983270 -0.000014 -0.000116 0.020987 0.221775 0.330893 8.088787 8.081683 7.110555 5.788406 6.507382
0.029470 8.084772 -0.000004 -0.000016 0.018990 0.213732 0.344081 8.180820 8.181252 6.919655 5.578488 6.276693
0.030101 8.183209 -0.000002 -0.000010 0.017183 0.208534 0.362082 8.285809 8.282136 6.634323 5.442816 6.003016
0.028701 8.263021 -0.000003 0.000098 0.015548 0.201767 0.371328 8.334243 8.369677 6.454869 5.266200 5.797759
0.025944 8.340709 0.000008 0.000148 0.014068 0.196657 0.392778 8.435121 8.456019 6.441430 5.132815 5.721083
0.022986 8.416218 0.000005 0.000203 0.012729 0.195718 0.381670 8.499340 8.550284 6.403852 5.108312 5.659733
0.020888 8.482107 0.000013 0.000348 0.011518 0.195275 0.330138 8.565583 8.640729 6.128273 5.096744 5.445298
0.020109 8.552758 0.000020 0.000449 0.010422 0.189495 0.242493 8.619940 8.709374 5.653081 4.945889 5.062844
0.019552 8.628045 0.000025 0.000415 0.009430 0.176671 0.169493 8.687622 8.754333 5.258179 4.611196 4.683040
0.021511 8.710785 0.000018 0.000222 0.008533 0.163945 0.147422 8.777889 8.798551 4.967730 4.279030 4.374645
0.020380 8.763062 0.000005 0.000181 0.007721 0.154527 0.202202 8.802904 8.846706 5.156254 4.033206 4.405362
0.017795 8.796138 0.000012 0.000258 0.006986 0.158372 0.248377 8.875039 8.925962 5.241773 4.133581 4.478462
0.017033 8.845937 0.000014 0.000408 0.006321 0.163846 0.252483 8.905854 9.001157 5.419645 4.276450 4.627272
0.017021 8.890109 0.000027 0.000567 0.007256 0.171792 0.236655 8.963339 9.075878 5.426104 4.483848 4.690221
0.017434 8.935012 0.000032 0.000719 0.008622 0.176853 0.185530 8.983091 9.132531 5.419634 4.615927 4.724798
0.018509 8.983036 0.000043 0.000763 0.011500 0.179965 0.125237 9.043329 9.177920 5.441252 4.697166 4.763284
0.020900 9.028192 0.000039 0.000764 0.011500 0.183776 -0.029682 9.071945 9.218810 5.152558 4.796627 4.615645
0.022852 9.086090 0.000042 0.000677 0.011500 0.179431 0.335971 9.124129 9.232259 5.141836 4.683227 4.575112
0.024718 9.146692 0.000031 0.000437 0.011500 0.178163 0.298803 9.199172 9.258133 5.034187 4.650112 4.500727
0.025068 9.195930 0.000018 0.000317 0.011500 0.175118 0.285957 9.222171 9.280747 5.368970 4.570644 4.685070
0.024574 9.233855 0.000017 0.000239 0.011500 0.181909 0.289357 9.303136 9.335992 5.732135 4.747886 4.971542
0.025080 9.277002 0.000010 0.000301 0.011500 0.193271 0.242652 9.329988 9.403986 5.801543 5.044457 5.117926
0.025398 9.332537 0.000022 0.000365 0.011500 0.198592 0.162397 9.391414 9.453679 6.207779 5.183335 5.416608
0.026160 9.378755 0.000019 0.000382 0.011500 0.209858 -0.011201 9.445537 9.523097 6.004271 5.477378 5.396898
0.030150 9.453928 0.000023 0.000353 0.011500 0.208395 3.303375 9.500197 9.555736 5.743480 5.439186 5.227663
0.027714 9.474271 0.000017 0.000416 0.011500 0.201595 2.964943 9.476376 9.570435 5.623265 5.261717 5.094796
0.021311 9.446791 0.000028 0.000631 0.010406 0.196526 2.661576 9.450266 9.585214 5.434094 5.129416 4.936271
0.019718 9.460427 0.000039 0.000637 0.010591 0.190742 2.392619 9.491430 9.595609 5.539674 4.978446 4.948186
0.019454 9.480581 0.000031 0.000587 0.010591 0.192154 2.153480 9.514035 9.626240 5.663342 5.015292 5.038359
0.019405 9.499865 0.000033 0.000645 0.010591 0.196925 1.939399 9.537181 9.662255 5.906700 5.139820 5.232656
0.020315 9.526734 0.000037 0.000692 0.010591 0.205787 1.746501 9.575950 9.706277 6.226199 5.371122 5.512036
0.021987 9.563658 0.000038 0.000728 0.010591 0.217807 1.569388 9.618019 9.756210 6.513214 5.684836 5.803182
0.024540 9.599392 0.000041 0.000800 0.010937 0.230049 1.404207 9.646682 9.802718 6.323139 6.004376 5.814732
0.026195 9.628940 0.000046 0.000887 0.012328 0.231347 1.251114 9.638678 9.809272 6.316305 6.038245 5.833515
0.027643 9.663825 0.000050 0.000742 0.013471 0.232091 1.119413 9.704819 9.815602 6.336021 6.057680 5.862866
0.030584 9.710633 0.000033 0.000536 0.013471 0.233081 1.003481 9.736180 9.826002 6.093550 6.083500 5.739628
0.032407 9.756023 0.000027 0.000357 0.013471 0.227533 0.912961 9.772652 9.819759 6.256433 5.938693 5.792278
0.033710 9.796913 0.000015 0.000117 0.013471 0.228585 0.845147 9.840176 9.841328 6.330744 5.966153 5.854205
0.033486 9.835450 0.000002 0.000030 0.013471 0.229819 0.789926 9.859041 9.868112 6.678320 5.998375 6.076057
0.033448 9.867832 0.000004 0.000001 0.013471 0.236980 0.738634 9.925911 9.919131 6.756571 6.185263 6.195967
0.032766 9.897405 -0.000001 0.000111 0.013471 0.240987 0.672162 9.917492 9.959849 6.814497 6.289853 6.272967
0.032800 9.939189 0.000013 0.000105 0.013471 0.242675 0.606333 9.995934 9.997171 6.803108 6.333916 6.285788
0.032610 9.971816 0.000001 0.000129 0.013471 0.242575 0.528500 9.987746 10.029860 6.710084 6.331296 6.233395
0.033211 10.018903 0.000013 0.000056 0.013471 0.239795 0.459924 10.072266 10.057202 6.892195 6.258757 6.311574
0.031118 10.045386 -0.000003 0.000060 0.013471 0.242312 0.385957 10.071438 10.103576 6.962518 6.324446 6.377393
0.025093 10.050355 0.000010 0.000272 0.012189 0.243595 0.304655 10.081393 10.146157 7.221072 6.357917 6.535965
0.022351 10.083017 0.000019 0.000322 0.011029 0.248149 0.202268 10.149117 10.204644 7.135640 6.476775 6.531211
0.021342 10.131632 0.000017 0.000373 0.009980 0.246912 0.055311 10.167108 10.246808 7.058677 6.444497 6.471304
0.020585 10.188344 0.000024 0.000298 0.009030 0.243591 -0.273423 10.251443 10.287071 6.945281 6.357826 6.368478
0.019858 10.251119 0.000011 0.000183 0.008171 0.238666 -0.206128 10.294964 10.327579 7.192389 6.229274 6.447130
0.020360 10.310354 0.000010 0.000088 0.007393 0.241224 -0.163584 10.394973 10.398162 7.172708 6.296047 6.455977
0.021717 10.369122 0.000002 0.000148 0.006690 0.242443 -0.111949 10.414256 10.461074 7.162809 6.327846 6.457323
0.024223 10.429348 0.000014 0.000162 0.006053 0.243705 -0.101766 10.504107 10.520586 7.219920 6.360784 6.497292
0.026757 10.490377 0.000005 0.000154 0.005477 0.247380 -0.107375 10.543892 10.582065 7.416808 6.456713 6.641657
0.028124 10.554763 0.000012 0.000139 0.004956 0.254164 -0.149232 10.635539 10.651414 7.700305 6.633786 6.867561
0.028358 10.614079 0.000005 0.000191 0.004484 0.263460 -0.147503 10.676980 10.727749 7.613767 6.876419 6.921741
0.027011 10.667736 0.000015 0.000306 0.004058 0.264820 -0.130783 10.715697 10.777104 7.563544 6.911916 6.909199
0.026030 10.720424 0.000018 0.000289 0.004879 0.263228 -0.096452 10.773127 10.820357 7.081111 6.870351 6.633190
0.024884 10.770036 0.000014 0.000257 0.004879 0.251417 -0.055579 10.783386 10.831148 6.762252 6.562095 6.330618
0.025261 10.827134 0.000014 0.000020 0.004879 0.238943 -0.076069 10.877159 10.845774 6.651733 6.236499 6.129264
0.025647 10.880922 -0.000008 -0.000179 0.004879 0.231340 -0.141610 10.915107 10.880462 6.796429 6.038059 6.115740
0.024166 10.919552 -0.000009 -0.000199 0.004879 0.231236 -0.183725 10.980043 10.941306 7.150298 6.035363 6.295247
0.023060 10.962202 -0.000011 -0.000107 0.004879 0.238755 -0.191685 11.031633 11.027099 7.029509 6.231591 6.314646
0.021826 11.011329 -0.000001 0.000080 0.004879 0.239577 -0.172839 11.054989 11.085426 6.888586 6.253064 6.248402
0.021632 11.066843 0.000009 0.000095 0.004879 0.236674 -0.145389 11.124039 11.131280 6.689456 6.177279 6.109551
0.023580 11.135851 0.000002 -0.000023 0.004879 0.231410 -0.110605 11.183752 11.170188 6.496290 6.039890 5.946888
0.047466 11.463304 -0.000004 -0.001496 0.004879 0.225167 -0.091300 11.721210 11.233764 6.531794 5.876948 5.889342
0.043147 11.456784 -0.000139 -0.001138 0.037376 0.223699 -0.082883 11.294406 11.305229 6.598181 5.838622 5.903492
0.017683 11.205649 0.000003 0.000508 0.037376 0.225293 0.290376 11.191667 11.352295 6.382795 5.880229 5.812304
0.018301 11.271359 0.000046 0.000413 0.037376 0.221861 0.150655 11.372843 11.381931 6.180501 5.790670 5.669378
0.018808 11.349618 0.000002 0.000165 0.037376 0.215475 0.026512 11.360305 11.407967 6.435077 5.623988 5.718627
0.017203 11.397653 0.000014 0.000053 0.037376 0.216531 -0.615801 11.488424 11.467828 6.497219 5.651551 5.758833
0.016437 11.447608 -0.000006 0.000103 0.037376 0.217603 -0.498601 11.478444 11.529294 6.582289 5.679517 5.809866
0.017049 11.505483 0.000014 0.000122 0.037376 0.219591 -0.359444 11.594890 11.594689 6.442442 5.731404 5.761359
0.019190 11.582875 -0.000000 0.000060 0.037376 0.218141 -0.181430 11.626644 11.646889 6.497068 5.693554 5.767305
0.018909 11.636953 0.000006 0.000051 0.037376 0.218612 0.038972 11.705524 11.706219 4.504472 5.705861 4.800500
0.019771 11.682394 0.000000 0.000122 0.037376 0.180804 -1.233052 11.573695 11.613642 5.410353 4.719068 4.775033
0.022292 11.741827 0.000011 -0.000654 0.037376 0.181315 -1.048802 11.928231 11.678359 5.257126 4.732386 4.705090
0.021754 11.781995 -0.000071 -0.000529 0.033819 0.179615 -0.871863 11.704401 11.728117 5.072177 4.688013 4.594257
0.022072 11.843441 0.000007 -0.000589 0.030601 0.175279 -0.714386 11.983515 11.768491 4.862617 4.574843 4.439316
0.021813 11.896680 -0.000062 -0.000654 0.027689 0.168600 -0.569327 11.848816 11.802915 4.466401 4.400526 4.165519
0.018798 11.916779 -0.000014 -0.000581 0.025054 0.157202 -0.445926 11.976095 11.819247 4.070333 4.103034 3.832382
0.016561 11.936532 -0.000045 -0.000599 0.022670 0.143571 -0.360157 11.902427 11.828520 3.843320 3.747263 3.550436
0.014656 11.944098 -0.000022 -0.000590 0.020513 0.132909 -0.312246 11.984647 11.847289 3.712004 3.468967 3.350894
0.012390 11.944913 -0.000040 -0.000498 0.018561 0.126129 -0.291833 11.931371 11.875298 3.602142 3.292022 3.211163
0.009957 11.940464 -0.000017 -0.000333 0.016794 0.121843 -0.266242 11.971020 11.905097 3.247592 3.180138 2.989088
0.008204 11.938376 -0.000020 -0.000170 0.015196 0.114284 -0.221983 11.917324 11.913489 2.884783 2.982853 2.723237
0.009067 11.955770 -0.000002 -0.000216 0.013750 0.105068 -0.170701 11.979165 11.910354 2.592647 2.742316 2.470866
0.009248 11.938359 -0.000020 -0.000143 0.012441 0.097049 -0.123908 11.894477 11.901918 2.208037 2.533007 2.192145
0.008983 11.908432 0.000001 -0.000033 0.011258 0.088735 -0.128463 11.895198 11.878172 2.427401 2.316025 2.196805
0.010413 11.900273 -0.000006 -0.000113 0.010186 0.091397 -0.196558 11.912694 11.888744 2.864665 2.385505 2.445466
0.013376 11.900417 -0.000007 -0.000060 0.009217 0.103578 -0.209900 11.926567 11.925884 2.667934 2.703421 2.517013
0.015850 11.910193 -0.000001 0.000080 0.008340 0.107905 -0.193400 11.894430 11.921651 2.524969 2.816374 2.517546
0.017160 11.915105 0.000007 0.000033 0.007546 0.107883 -0.175503 11.909768 11.899119 2.202214 2.815801 2.378359
0.018231 11.909426 -0.000004 -0.000053 0.006828 0.101824 -0.155482 11.863087 11.854085 1.978714 2.657657 2.209992
0.018686 11.892098 -0.000003 -0.000194 0.006178 0.094575 -0.155698 11.864335 11.806914 2.050502 2.468456 2.166355
0.019364 11.876960 -0.000017 -0.000357 0.005590 0.092516 -0.158736 11.855682 11.782541 2.022400 2.414710 2.139227
0.018229 11.854350 -0.000021 -0.000366 0.005740 0.090776 -0.158894 11.823831 11.760269 2.091584 2.369297 2.161635
0.014773 11.821153 -0.000019 -0.000311 0.005740 0.090130 -0.148420 11.798161 11.745508 2.411757 2.352436 2.315433
0.010717 11.781192 -0.000016 -0.000182 0.005740 0.094250 -0.113226 11.772071 11.753530 2.362362 2.459954 2.349917
0.007576 11.741122 -0.000006 0.000063 0.005740 0.094053 -0.025999 11.709037 11.744963 15.709451 2.454821 8.716137
0.003948 11.707205 0.000010 0.000193 0.005740 0.348824 0.289797 12.700833 12.736279 9.428671 9.104453 8.907273
0.002820 11.701241 0.000010 0.005282 0.005740 0.354661 0.225032 10.925909 12.657116 9.783571 9.256795 9.165448
0.009723 11.774593 0.000494 0.004504 0.132889 0.364122 0.166969 12.493088 12.608412 10.010954 9.503721 9.407412
0.015442 11.829822 0.000035 0.003973 0.132889 0.374425 -3.238243 11.337289 12.568633 10.482998 9.772652 9.777812
0.018600 11.836314 0.000354 0.003737 0.132889 0.389657 -2.736212 12.288863 12.548730 10.740932 10.170208 10.108346
0.028210 11.905396 0.000078 0.003283 0.132889 0.404282 -2.232393 11.641470 12.527244 10.628561 10.551908 10.255745
0.039471 12.002689 0.000257 0.002677 0.132889 0.411751 -1.770938 12.297419 12.480543 9.380071 10.746864 9.769237
0.045629 12.074397 0.000057 0.002073 0.132889 0.392346 -1.463575 11.793367 12.337317 10.174888 10.240389 9.936680
0.050630 12.131122 0.000160 0.001052 0.132889 0.397488 -1.514077 12.396408 12.311780 12.564521 10.374581 11.173318
0.056020 12.168847 -0.000020 0.000729 0.132889 0.446487 -1.679248 12.151208 12.461896 12.853964 11.653498 11.935658
0.052181 12.191825 0.000093 0.001378 0.132889 0.474429 -1.805980 12.314444 12.525014 13.642203 12.382781 12.679849
0.046075 12.222913 0.000064 0.001542 0.132889 0.496683 -1.896634 12.244239 12.589355 13.903016 12.963634 13.094066
0.043816 12.243504 0.000103 0.001765 0.132889 0.507530 -1.786499 12.313440 12.625294 12.851688 13.246741 12.737707
0.040764 12.257208 0.000093 0.001878 0.120243 0.489828 -1.660683 12.182564 12.558827 12.605314 12.784699 12.401810
0.038285 12.267238 0.000112 0.001488 0.108801 0.474456 -1.623387 12.321510 12.516201 12.361648 12.383490 12.093022
0.037292 12.274154 0.000060 0.001235 0.098447 0.462106 -1.654863 12.234629 12.490356 12.463008 12.061154 11.983722
0.037553 12.285228 0.000077 0.001047 0.089078 0.459154 -1.720016 12.355876 12.500013 12.686138 11.984095 12.051396
0.038562 12.300712 0.000045 0.001017 0.080601 0.464037 -1.763243 12.309287 12.532789 12.632859 12.111537 12.090738
0.041713 12.316144 0.000068 0.001106 0.072931 0.468198 -1.785093 12.360768 12.550262 12.517892 12.220160 12.095104
0.045042 12.314618 0.000058 0.001203 0.065991 0.472061 -1.795505 12.300050 12.549050 12.969561 12.320985 12.367628
0.050828 12.315429 0.000075 0.001192 0.059711 0.487082 -1.797359 12.376425 12.574380 12.825934 12.713034 12.502869
0.057645 12.324318 0.000060 0.001276 0.054029 0.497310 -1.762580 12.291109 12.557850 12.577660 12.979979 12.533365
0.063116 12.330583 0.000080 0.001160 0.048887 0.501574 -1.731892 12.331958 12.504919 12.544740 13.091291 12.596582
0.069078 12.315598 0.000053 0.000966 0.044235 0.506575 -1.682297 12.261477 12.444954 11.682483 13.221808 12.269586
0.072175 12.283029 0.000056 0.000826 0.040026 0.495203 -1.644671 12.184706 12.313197 12.123936 12.924990 12.378003
0.075338 12.266048 0.000040 0.000241 0.036217 0.499222 -1.626808 12.270982 12.248343 12.501799 13.029893 12.642656
0.078483 12.249069 -0.000003 -0.000004 0.032770 0.508855 -1.579739 12.191891 12.208769 12.738541 13.281321 12.905295
0.078325 12.216190 0.000008 -0.000038 0.029652 0.516912 -1.517141 12.194880 12.168762 13.629621 13.491614 13.469406
0.078832 12.186025 -0.000005 -0.000088 0.026830 0.536361 -1.418656 12.189302 12.180849 13.199906 13.999226 13.514183
0.080834 12.174596 -0.000000 0.000032 0.024277 0.535495 -1.297203 12.102821 12.120215 13.123237 13.976642 13.487845
0.083517 12.165527 0.000007 -0.000231 0.021966 0.532042 -1.195580 12.151622 12.060676 13.268039 13.886499 13.538046
0.086884 12.147168 -0.000024 -0.000441 0.019876 0.533154 -1.105726 12.097174 12.022895 12.813533 13.915538 13.341484
0.087597 12.107423 -0.000020 -0.000431 0.017985 0.524747 -1.044070 12.032890 11.948614 13.044072 13.696109 13.375684
0.086423 12.057908 -0.000023 -0.000558 0.016273 0.524974 -1.004176 12.028971 11.910592 13.353324 13.702021 13.549836
0.086428 12.016586 -0.000033 -0.000541 0.014725 0.530607 -0.964028 11.980499 11.895013 13.339956 13.849051 13.622942
0.085861 11.969038 -0.000024 -0.000378 0.013323 0.532520 -0.919549 11.921650 11.864195 13.702522 13.898994 13.842388
0.086236 11.928539 -0.000016 -0.000328 0.012055 0.540341 -0.872786 11.919300 11.855879 13.980786 14.103122 14.086998
0.087146 11.890783 -0.000018 -0.000178 0.010908 0.549827 -0.813644 11.858786 11.850185 14.308427 14.350696 14.376320
0.089589 11.866181 -0.000002 -0.000082 0.009870 0.561230 -0.743969 11.868923 11.848612 14.350478 14.648316 14.541292
0.094026 11.852471 -0.000005 -0.000020 0.008931 0.568522 -0.657926 11.816949 11.826637 13.894209 14.838655 14.402190
0.125800 12.219064 0.000003 -0.002003 0.008081 0.564101 -0.574878 12.469852 11.794976 13.838174 14.723258 14.338451
0.122223 12.117729 -0.000193 -0.001647 0.051767 0.561329 -0.502300 11.769582 11.760803 13.873095 14.650904 14.340451
0.104178 11.830706 -0.000003 -0.000357 0.051767 0.560188 -0.303034 11.821212 11.709399 14.196585 14.621138 14.510644
0.104059 11.798919 -0.000033 -0.000457 0.051767 0.565465 -0.130825 11.749211 11.686478 14.682897 14.758857 14.836825
0.092503 11.640919 -0.000019 0.000233 0.051767 0.575864 0.210016 11.548583 11.676220 15.159139 15.030271 15.212243
0.094306 11.644328 0.000036 0.000163 0.051767 0.588197 -0.132662 11.730599 11.682705 15.072863 15.352165 15.310455
0.095457 11.621869 -0.000014 0.000310 0.051767 0.590661 0.617504 11.513916 11.655653 14.775380 15.416496 15.185564
0.093725 11.581927 0.000040 0.000376 0.051767 0.584726 0.479457 11.588204 11.600149 14.719244 15.261592 15.093932
0.090894 11.549770 0.000003 0.000257 0.051767 0.579279 0.442988 11.478306 11.554394 14.734328 15.119420 15.042949
0.087255 11.512298 0.000022 0.000215 0.051767 0.574847 0.432551 11.510581 11.521274 14.809412 15.003725 15.031761
0.084044 11.474782 0.000003 0.000237 0.051767 0.572457 0.327926 11.431555 11.502036 14.731954 14.941361 14.960084
0.081824 11.457734 0.000020 0.000226 0.051767 0.568205 0.111936 11.462956 11.481885 15.091157 14.830382 15.096509
0.080706 11.449017 0.000005 0.000168 0.046841 0.572686 -0.630859 11.457444 11.498176 15.553712 14.947328 15.383210
0.080488 11.446398 0.000012 0.000264 0.042383 0.583928 -0.389031 11.483086 11.538522 16.281415 15.240746 15.885103
0.082496 11.458544 0.000016 0.000408 0.038350 0.604314 0.022920 11.517038 11.608653 16.503129 15.772826 16.222492
0.086532 11.484527 0.000026 0.000633 0.034701 0.621527 -8.316957 11.513345 11.651068 16.246341 16.222088 16.276441
0.092100 11.523597 0.000040 0.000651 0.031398 0.625162 -7.465430 11.533620 11.640141 16.131494 16.316972 16.257368
0.097569 11.561310 0.000031 0.000402 0.028410 0.626259 -6.702064 11.569537 11.618334 16.277891 16.345618 16.351552
0.102619 11.589013 0.000014 0.000150 0.025707 0.631452 -6.020891 11.599509 11.610317 16.216932 16.481160 16.381841
0.106011 11.607457 0.000004 0.000015 0.023261 0.633973 -5.411850 11.593978 11.590194 16.196379 16.546949 16.406134
0.105337 11.614386 -0.000001 -0.000123 0.021047 0.633990 -4.871376 11.604394 11.566294 16.882995 16.547396 16.780148
0.102969 11.608723 -0.000010 -0.000217 0.019044 0.646170 -4.386823 11.637382 11.595732 17.154370 16.865290 17.062141
0.100475 11.606871 -0.000012 -0.000057 0.017232 0.654275 -3.948140 11.604164 11.618549 17.494310 17.076834 17.332632
0.098156 11.613275 0.000004 0.000027 0.015592 0.661826 -3.551471 11.651905 11.649363 17.664977 17.273921 17.503524
0.096916 11.623265 -0.000000 0.000133 0.014108 0.666173 -3.189817 11.629711 11.676112 17.299823 17.387374 17.352734
0.095698 11.638032 0.000013 0.000194 0.012766 0.658627 -2.863390 11.638115 11.665731 17.024193 17.190423 17.115900
0.094512 11.651563 0.000008 0.000072 0.011551 0.647983 -2.570835 11.649841 11.651835 16.569259 16.912607 16.748366
0.094372 11.667920 0.000001 -0.000082 0.010452 0.633142 -2.310113 11.656606 11.627666 16.091173 16.525254 16.321131
0.094929 11.697336 -0.000008 -0.000356 0.009457 0.616448 -2.081859 11.697330 11.602044 15.990788 16.089525 16.071096
0.094454 11.722313 -0.000027 -0.000614 0.008557 0.606787 -1.883105 11.734885 11.606659 16.414602 15.837377 16.173600
0.093879 11.747218 -0.000037 -0.000717 0.009836 0.610922 -1.707157 11.800419 11.664050 16.914845 15.945300 16.470273
0.093992 11.776499 -0.000039 -0.000574 0.010510 0.622987 -1.546568 11.830151 11.748083 17.034157 16.260206 16.658337
0.094671 11.808462 -0.000024 -0.000308 0.010510 0.630923 -1.394419 11.849215 11.812226 16.704672 16.467350 16.567652
0.096718 11.855171 -0.000011 -0.000219 0.010510 0.627970 -1.251129 11.877754 11.834337 16.204571 16.390253 16.266326
0.097437 11.888181 -0.000013 -0.000275 0.010510 0.616553 -1.122946 11.882582 11.825781 16.033097 16.092274 16.039748
0.097411 11.906695 -0.000017 -0.000413 0.010510 0.608058 -1.010895 11.921543 11.829430 15.677669 15.870548 15.751407
0.096977 11.922134 -0.000027 -0.000473 0.010510 0.597247 -0.913043 11.908127 11.824220 15.416683 15.588385 15.485845
0.096082 11.938050 -0.000025 -0.000581 0.010510 0.586911 -0.832864 11.949098 11.822713 15.432050 15.318619 15.367758
0.095192 11.955581 -0.000037 -0.000678 0.010510 0.582280 -0.763800 11.969283 11.844515 15.433545 15.197734 15.307383
0.094388 11.968172 -0.000036 -0.000631 0.010510 0.579901 -0.700653 11.984987 11.874584 15.386193 15.135650 15.247630
0.094540 11.985025 -0.000032 -0.000564 0.010510 0.578071 -0.636978 12.003865 11.904438 15.153943 15.087890 15.100089
0.094990 12.003631 -0.000029 -0.000506 0.010510 0.572985 -0.574942 12.008403 11.919316 15.020974 14.955129 14.966641
0.096765 12.028846 -0.000026 -0.000559 0.009510 0.568785 -0.516863 12.050143 11.935213 14.821434 14.845524 14.810501
0.098696 12.048604 -0.000034 -0.000579 0.009092 0.564194 -0.464166 12.045564 11.944743 14.369126 14.725693 14.522247
0.098919 12.061732 -0.000030 -0.000597 0.009092 0.554015 -0.429213 12.047897 11.929673 14.541859 14.460023 14.490357
0.097641 12.059105 -0.000035 -0.000661 0.009373 0.553077 -0.416404 12.074215 11.948760 15.058535 14.435533 14.740712
0.096127 12.048800 -0.000037 -0.000511 0.009944 0.563358 -0.400605 12.075239 12.005536 15.583458 14.703865 15.125405
0.093445 12.035293 -0.000021 -0.000152 0.009944 0.578553 -0.366724 12.069371 12.074547 16.199786 15.100457 15.613810
0.091337 12.030449 0.000000 0.000225 0.009944 0.597360 -0.290115 12.081844 12.152669 16.182429 15.591327 15.821949
0.091906 12.035083 0.000019 0.000600 0.009944 0.605469 -0.151585 12.042052 12.185288 15.387649 15.802972 15.511013
0.091249 12.028581 0.000040 0.000800 0.010769 0.593701 0.092535 11.986624 12.138437 15.329658 15.495844 15.344409
0.091758 12.030923 0.000043 0.000549 0.011503 0.587529 -0.199247 12.053885 12.115209 14.925781 15.334749 15.067090
0.093497 12.032327 0.000017 0.000423 0.011503 0.577911 -0.074886 11.984377 12.076217 14.293217 15.083711 14.634470
0.094477 12.045510 0.000026 0.000157 0.011503 0.561784 -0.162878 12.035070 12.013800 14.854945 14.662789 14.735438
0.093931 12.049171 -0.000006 -0.000181 0.011503 0.565960 -0.313349 12.074879 12.031763 15.523813 14.771776 15.125873
0.092656 12.045053 -0.000012 -0.000068 0.011503 0.581084 -0.373851 12.077651 12.089552 16.199249 15.166510 15.646435
0.093256 12.052609 0.000003 0.000189 0.011503 0.601428 -0.375553 12.110107 12.163390 16.194419 15.697503 15.882190
0.093745 12.056462 0.000015 0.000546 0.011503 0.611006 -0.327842 12.050852 12.190004 15.742461 15.947508 15.766480
0.094171 12.068237 0.000040 0.000621 0.011503 0.606131 -0.276444 12.066751 12.162433 15.435247 15.820266 15.556396
0.094733 12.078164 0.000028 0.000430 0.011503 0.597438 -0.239353 12.058389 12.125101 15.022316 15.593368 15.247540
0.094391 12.074682 0.000019 0.000257 0.011503 0.584933 -0.238847 12.044844 12.077187 14.501460 15.266988 14.838823
0.093250 12.073294 0.000010 0.000020 0.011503 0.568294 -0.293914 12.038581 12.019326 14.842646 14.832702 14.818458
0.090717 12.058003 -0.000005 -0.000197 0.010409 0.566632 -0.368869 12.074288 12.023940 15.475816 14.789313 15.118561
0.086480 12.024769 -0.000014 -0.000004 0.009418 0.577812 -0.386101 12.036693 12.075562 15.702661 15.081110 15.361830
0.083212 12.013153 0.000011 0.000318 0.008522 0.586244 -0.358212 12.040984 12.115984 15.829443 15.301211 15.521491
0.082468 12.011287 0.000022 0.000534 0.007711 0.591814 -0.287173 12.027187 12.145172 15.346873 15.446588 15.339830
0.084033 12.011851 0.000034 0.000680 0.009148 0.585408 -0.185658 11.992096 12.124354 14.715506 15.279376 14.943332
0.086519 12.013391 0.000038 0.000566 0.010280 0.571655 -0.044449 11.988095 12.070925 14.173003 14.920431 14.507464
0.088733 12.010758 0.000024 0.000307 0.010280 0.556729 0.278671 11.972775 12.008795 13.613271 14.530842 14.051177
0.090776 12.009472 0.000011 -0.000003 0.010280 0.540697 0.270175 11.969942 11.939976 13.511400 14.112397 13.816641
0.090952 11.993225 -0.000008 -0.000272 0.010280 0.532805 0.344915 11.966732 11.900181 14.304650 13.906420 14.133924
0.088580 11.965809 -0.000018 -0.000335 0.010280 0.545659 0.423401 11.994969 11.936641 15.464450 14.241911 14.878493
0.084618 11.939933 -0.000016 -0.000017 0.010280 0.573840 0.447712 11.987686 12.028752 16.486750 14.977452 15.729481
0.083683 11.937209 0.000012 0.000467 0.010280 0.605704 0.401812 12.010138 12.132909 16.796762 15.809125 16.260390
0.085915 11.947394 0.000035 0.000947 0.010280 0.626355 0.280223 11.971345 12.188504 16.070288 16.348126 16.134147
0.086971 11.955678 0.000062 0.001188 0.016800 0.621391 0.093699 11.922286 12.144363 15.711875 16.218554 15.898297
0.089414 11.971468 0.000064 0.000882 0.017247 0.611972 -0.591916 11.972774 12.089034 15.196940 15.972704 15.530563
0.093495 11.988713 0.000034 0.000512 0.017247 0.598339 -0.446883 11.943225 12.020762 14.638521 15.616872 15.092224
0.097328 12.001829 0.000023 0.000097 0.017247 0.582296 -0.374951 11.975262 11.945419 14.361732 15.198165 14.771276
0.098532 12.003521 -0.000008 -0.000297 0.017247 0.570655 -0.410029 11.963332 11.888434 14.838293 14.894331 14.888437
0.096966 11.998792 -0.000021 -0.000563 0.017247 0.574420 -0.514304 12.022952 11.895262 15.670031 14.992581 15.363047
0.095782 11.992109 -0.000036 -0.000494 0.017247 0.591560 -0.548261 12.018293 11.955807 15.259793 15.439957 15.353391
0.095142 11.990059 -0.000017 -0.000175 0.017247 0.589526 -0.526875 11.953945 11.945706 14.909610 15.386861 15.152289
0.095816 11.993431 -0.000002 -0.000244 0.017247 0.580240 -0.503173 11.989190 11.914649 14.641118 15.144498 14.907710
0.097678 11.995195 -0.000021 -0.000411 0.017247 0.570605 -0.479402 11.962208 11.884912 14.159947 14.893011 14.549605
0.098001 11.983528 -0.000022 -0.000503 0.017247 0.557011 -0.478705 11.945549 11.839739 14.037867 14.538209 14.330768
0.096531 11.962091 -0.000030 -0.000624 0.017247 0.548583 -0.496717 11.937761 11.814411 13.867189 14.318230 14.146011
0.095055 11.944312 -0.000035 -0.000663 0.015605 0.540878 -0.517649 11.915691 11.793539 13.901991 14.117121 14.074355
0.092870 11.926346 -0.000035 -0.000678 0.014120 0.537383 -0.532484 11.918719 11.790669 14.698041 14.025900 14.440795
0.090482 11.910547 -0.000037 -0.000612 0.012777 0.550912 -0.519652 11.954470 11.853118 15.098095 14.379025 14.798230
0.087282 11.888070 -0.000030 -0.000178 0.011561 0.564074 -0.455133 11.888934 11.910597 15.359954 14.722556 15.079982
0.087295 11.878335 0.000006 0.000165 0.010461 0.574674 -0.349485 11.917709 11.955224 14.929313 14.999230 14.977180
0.091162 11.882236 0.000010 0.000372 0.009465 0.572328 -0.193293 11.848609 11.942676 13.635730 14.937990 14.283012
0.094553 11.891302 0.000026 0.000262 0.008564 0.547080 -0.035123 11.827689 11.839771 13.157167 14.279015 13.748316
0.098223 11.901388 0.000003 -0.000314 0.007749 0.527825 0.010690 11.876123 11.761710 13.364884 13.776432 13.638686
0.103013 11.897110 -0.000033 -0.000691 0.008851 0.525917 1.469047 11.883002 11.744353 13.728360 13.726654 13.810606
0.106920 11.886759 -0.000040 -0.000727 0.010749 0.536230 1.341996 11.889892 11.758722 14.555762 13.995812 14.367910
0.108380 11.882699 -0.000038 -0.000633 0.010749 0.559904 1.236408 11.918983 11.813158 15.905373 14.613704 15.351770
0.109828 11.865811 -0.000031 -0.000269 0.010749 0.598874 1.125945 11.920245 11.915395 16.295484 15.630838 16.003967
0.113193 11.849204 -0.000002 0.000338 0.010749 0.625360 0.993771 11.842269 11.958674 16.056744 16.322140 16.185788
0.116683 11.850897 0.000033 0.000550 0.010749 0.632778 0.853166 11.837876 11.927972 16.043104 16.515756 16.275904
0.118468 11.836404 0.000025 0.000467 0.010749 0.635606 0.710525 11.799742 11.883331 15.327488 16.589577 15.940819
0.118653 11.807357 0.000024 0.000388 0.010749 0.620935 0.571259 11.718698 11.780982 14.817968 16.206656 15.521205
0.117437 11.769739 0.000018 0.000057 0.010749 0.602235 0.462240 11.706315 11.675602 15.023666 15.718559 15.436810
0.115398 11.731675 -0.000009 -0.000286 0.010749 0.596814 0.386682 11.699793 11.629040 15.198307 15.577081 15.477976
0.116038 11.789601 -0.000020 -0.000819 0.010749 0.594962 0.347104 11.833011 11.616660 16.664821 15.528749 16.241902
0.107267 11.738814 -0.000062 -0.000623 0.016665 0.619383 0.300849 11.748747 11.714166 17.771313 16.166134 17.094015
0.096996 11.622360 -0.000010 0.000469 0.016665 0.649476 0.017108 11.641759 11.825494 17.014742 16.951575 17.019006
0.094317 11.624723 0.000052 0.001025 0.016665 0.646126 -6.700137 11.615836 11.810159 16.816645 16.864143 16.869967
0.093457 11.644608 0.000055 0.000845 0.016665 0.637860 -6.013959 11.664060 11.790038 16.226263 16.648390 16.456778
0.095787 11.657320 0.000036 0.000677 0.016665 0.621733 -5.393934 11.620237 11.745075 15.264712 16.227489 15.760048
0.096286 11.661400 0.000036 0.000427 0.016665 0.595963 -4.841170 11.622050 11.664427 15.442148 15.554869 15.557806
0.095536 11.665090 0.000013 -0.000003 0.016665 0.589292 -4.350526 11.691061 11.656031 15.032971 15.380767 15.259784
0.091833 11.671081 -0.000010 -0.000077 0.016665 0.577571 -3.915657 11.628986 11.631425 15.900331 15.074839 15.574588
0.087078 11.672390 0.000001 -0.000209 0.016665 0.587809 -3.531861 11.769088 11.697495 17.253190 15.342046 16.384008
0.085962 11.673495 -0.000020 0.000122 0.016665 0.619367 -3.175787 11.740500 11.838575 16.784496 16.165728 16.485172
0.085811 11.697395 0.000028 0.000720 0.016665 0.623874 -2.845771 11.709365 11.870911 16.745311 16.283367 16.506126
0.086994 11.732687 0.000046 0.000705 0.015079 0.624945 -2.544017 11.786026 11.891769 16.196135 16.311319 16.224156
0.089650 11.757974 0.000031 0.000683 0.013644 0.615272 -2.266525 11.726884 11.869742 14.838786 16.058845 15.402376
0.090816 11.779786 0.000041 0.000459 0.012345 0.584391 -2.025041 11.730511 11.769150 14.440823 15.252838 14.839293
0.091480 11.798022 0.000012 -0.000147 0.011171 0.563065 -1.822025 11.791069 11.711075 13.982904 14.696226 14.353526
0.090202 11.798137 -0.000022 -0.000444 0.010108 0.544701 -1.651977 11.750239 11.666229 14.309520 14.216906 14.307654
0.084110 11.798286 -0.000023 -0.000674 0.009146 0.541833 -1.512009 11.843676 11.686388 16.387079 14.142044 15.335075
0.076922 11.799482 -0.000045 -0.000577 0.011981 0.578921 -1.378033 11.932673 11.866243 17.426800 15.110068 16.282859
0.073452 11.806957 -0.000019 0.000303 0.011981 0.614013 -1.224122 11.880312 12.034243 17.102098 16.025989 16.512902
0.073921 11.845675 0.000044 0.000962 0.011981 0.622569 -1.055333 11.898754 12.096176 16.795558 16.249290 16.444689
0.078701 11.904419 0.000057 0.000979 0.015227 0.621124 -0.888712 11.949963 12.118011 15.575600 16.211585 15.798815
0.084520 11.946531 0.000048 0.000875 0.015227 0.598992 -0.717567 11.896039 12.053116 14.386533 15.633918 14.930231
0.088084 11.975695 0.000046 0.000395 0.015227 0.568429 -0.603683 11.945773 11.951727 14.115386 14.836224 14.433907
0.091350 11.990618 0.000003 -0.000198 0.015227 0.551963 -0.560043 11.972378 11.901499 12.924306 14.406452 13.635098
0.093204 12.000144 -0.000020 -0.000503 0.015227 0.523099 -0.592629 11.911085 11.800091 12.435284 13.653094 13.053426
0.089591 12.016014 -0.000031 -0.001102 0.015227 0.499590 -0.710730 12.008529 11.730256 14.313593 13.039506 13.733888
0.083560 12.005317 -0.000079 -0.001404 0.021276 0.522992 -0.788500 12.098400 11.853415 15.093349 13.650300 14.396934
0.079874 11.992228 -0.000070 -0.000708 0.021276 0.546709 -0.783410 12.015628 11.975633 14.528960 14.269331 14.384586
0.076603 11.990884 -0.000012 -0.000078 0.021276 0.544364 -0.702496 11.990581 11.996650 14.591249 14.208108 14.379846
0.089685 12.179837 0.000001 -0.000935 0.021276 0.543200 -0.575962 12.360006 12.043733 13.572062 14.177744 13.845840
0.087968 12.148826 -0.000091 -0.000536 0.024389 0.523122 -0.406862 11.934411 12.008771 12.326481 13.653698 12.975822
0.074469 11.976158 0.000020 0.000166 0.024389 0.490277 -0.271559 11.909915 11.905868 12.467692 12.796430 12.651280
0.076992 11.989474 -0.000002 -0.000427 0.024389 0.479334 -0.237306 12.028441 11.889549 11.607454 12.510807 12.084100
0.075531 11.977272 -0.000040 -0.000448 0.024389 0.459189 -0.338998 11.868517 11.830502 12.082452 11.985003 12.080756
0.069743 11.975522 -0.000012 -0.000740 0.024389 0.458169 -0.552602 12.068442 11.852320 14.859964 11.958391 13.447971
0.066231 11.973393 -0.000062 -0.000618 0.024389 0.510355 -0.541445 12.115190 12.082263 15.497302 13.320463 14.378989
0.067236 11.983284 -0.000010 0.000505 0.024389 0.547358 -0.292694 12.041185 12.235792 14.694612 14.286272 14.415401
0.069271 12.002090 0.000055 0.001193 0.024389 0.549871 0.276672 12.001470 12.243078 14.706264 14.351853 14.448012
0.073901 12.022200 0.000069 0.001127 0.024389 0.553625 -0.335890 12.065392 12.247597 13.829338 14.449829 14.054949
0.079281 12.040055 0.000052 0.001059 0.024389 0.541522 0.169804 11.973201 12.180260 12.812003 14.133929 13.406325
0.082794 12.061185 0.000059 0.000608 0.024389 0.518449 -0.448569 12.032328 12.069108 12.901043 13.531733 13.185911
0.088230 12.080164 0.000011 -0.000056 0.022068 0.511518 -0.280271 12.071083 12.022865 11.966026 13.350835 12.641108
0.093053 12.081127 -0.000013 -0.000297 0.019968 0.492494 -0.234896 11.985197 11.924726 11.637443 12.854288 12.263521
0.091750 12.066429 -0.000017 -0.000723 0.018068 0.478176 -0.529058 12.040059 11.847542 13.716249 12.480587 13.161188
0.088386 12.043376 -0.000055 -0.000999 0.016348 0.511520 -0.642189 12.138797 11.959893 14.936126 13.350883 14.175969
0.087502 12.021111 -0.000051 -0.000312 0.014793 0.549751 -0.615649 12.045975 12.085027 14.515781 14.348727 14.416258
0.087413 12.007704 0.000011 0.000395 0.013385 0.557837 -0.523161 11.989628 12.089836 14.159338 14.559761 14.336375
0.088654 12.002768 0.000028 0.000444 0.012111 0.553571 -0.413060 11.983218 12.051068 13.161481 14.448422 13.785427
0.088252 11.976803 0.000019 0.000379 0.010959 0.531284 -0.306849 11.875054 11.947024 12.804012 13.866721 13.349378
0.085390 11.935860 0.000021 0.000057 0.009916 0.513193 -0.250770 11.904722 11.866125 13.660000 13.394531 13.577741
0.084060 11.891508 -0.000011 -0.000130 0.008972 0.522055 -0.195428 11.900867 11.888593 13.085475 13.625845 13.389302
0.081164 11.846743 -0.000003 0.000214 0.008118 0.514915 -0.123168 11.762875 11.843840 13.037635 13.439481 13.284902
0.075164 11.818818 0.000023 0.000128 0.007346 0.508745 -0.155943 11.833403 11.811169 14.879576 13.278449 14.149268
0.071133 11.800224 -0.000006 0.000056 0.006647 0.540065 -0.141289 11.893885 11.930279 15.344935 14.095923 14.746804
0.070246 11.788760 0.000010 0.000722 0.006014 0.562517 0.012885 11.798431 12.009897 14.919739 14.681915 14.789267
0.071533 11.808474 0.000061 0.001028 0.016281 0.564462 -1.909391 11.834363 12.007609 15.381547 14.732686 15.043206
0.076618 11.841373 0.000050 0.000848 0.016281 0.575441 -1.676294 11.895696 12.039699 14.332560 15.019242 14.636394
0.082650 11.868428 0.000042 0.000874 0.016281 0.562049 -1.458355 11.795062 11.971019 13.177824 14.669694 13.894214
0.087153 11.890490 0.000051 0.000411 0.016281 0.534903 -1.287787 11.854831 11.850964 13.301280 13.961180 13.648459
0.091503 11.890490 -0.000000 -0.000202 0.016281 0.527659 -1.161630 11.869476 11.805375 12.742798 13.772098 13.284291
0.091068 11.874882 -0.000017 -0.000355 0.016281 0.514863 -1.083244 11.801933 11.735051 13.652785 13.438138 13.613838
0.085755 11.856692 -0.000018 -0.000621 0.016281 0.525548 -1.041587 11.916615 11.763330 15.322895 13.716999 14.597360
0.079969 11.806762 -0.000043 -0.000222 0.016281 0.561010 -0.962564 11.839443 11.888236 14.773302 14.642583 14.726559
0.075446 11.752665 0.000014 0.000692 0.016281 0.563817 -0.834612 11.693056 11.884492 14.107173 14.715858 14.417792
0.073498 11.727566 0.000055 0.000801 0.016281 0.550168 -0.707316 11.709477 11.823103 14.171963 14.359605 14.291011
0.073248 11.706076 0.000033 0.000597 0.016281 0.545233 -0.585082 11.689267 11.797313 13.725370 14.230792 14.002730
0.071752 11.683563 0.000031 0.000581 0.014732 0.534518 -0.477717 11.641056 11.747993 13.697724 13.951137 13.863029
0.070576 11.672138 0.000031 0.000387 0.013330 0.528969 -0.401347 11.677979 11.721383 13.686125 13.806305 13.790622
0.071749 11.670898 0.000013 0.000258 0.012061 0.526604 -0.335055 11.656211 11.707312 13.080105 13.744586 13.450526
0.071680 11.673154 0.000015 0.000174 0.010914 0.513619 -0.318535 11.636822 11.654010 13.912953 13.405647 13.726334
0.071086 11.682478 0.000006 -0.000145 0.009875 0.524074 -0.349383 11.757089 11.694943 15.492619 13.678549 14.652948
0.073349 11.697040 -0.000017 -0.000011 0.008935 0.561105 -0.314982 11.785192 11.831344 15.662574 14.645070 15.164790
0.077040 11.720414 0.000014 0.000566 0.008085 0.582749 -0.204595 11.744980 11.896640 14.941591 15.209976 15.044550
0.082207 11.754544 0.000044 0.000725 0.011806 0.579152 -0.045815 11.742046 11.862281 13.753016 15.116102 14.394822
0.087587 11.777474 0.000035 0.000433 0.011806 0.554926 0.534235 11.703482 11.751467 12.785178 14.483798 13.623397
0.089705 11.779653 0.000015 -0.000144 0.011806 0.525613 0.506625 11.713065 11.626762 13.197398 13.718706 13.509240
0.089647 11.769244 -0.000024 -0.000727 0.011806 0.521231 0.551647 11.775049 11.601872 14.007705 13.604327 13.884308
0.087617 11.751182 -0.000049 -0.000762 0.013136 0.535345 0.592354 11.762372 11.647087 14.573593 13.972703 14.341695
0.082077 11.735884 -0.000033 -0.000453 0.013136 0.550555 0.606456 11.759805 11.701079 15.801856 14.369713 15.149819
0.077669 11.725788 -0.000017 -0.000126 0.013136 0.578350 0.564330 11.806092 11.811068 16.223341 15.095177 15.681985
0.078512 11.725088 0.000001 0.000439 0.013136 0.597813 0.442837 11.744981 11.887167 15.474724 15.603161 15.515897
0.079924 11.740450 0.000041 0.000749 0.013136 0.591588 0.281724 11.727183 11.862853 15.580203 15.440678 15.495383
0.081676 11.768495 0.000039 0.000482 0.013136 0.590993 0.095472 11.812020 11.863892 15.147141 15.425150 15.262614
0.084407 11.791824 0.000015 0.000368 0.013136 0.582682 -0.410530 11.754796 11.835813 13.951873 15.208235 14.550009
0.085093 11.798956 0.000024 0.000188 0.013136 0.555081 -0.302366 11.739963 11.737806 13.459393 14.487824 13.978245
0.085549 11.803586 -0.000000 -0.000336 0.013136 0.532772 -0.283785 11.777275 11.667175 13.317444 13.905562 13.646877
0.084723 11.806605 -0.000031 -0.000712 0.013136 0.519902 -0.373624 11.785915 11.636965 14.275972 13.569650 13.988758
0.080665 11.810498 -0.000042 -0.000886 0.013136 0.532119 -0.467475 11.883191 11.707345 16.017315 13.888514 15.015497
0.077016 11.809525 -0.000050 -0.000521 0.013500 0.570427 -0.458428 11.910412 11.877383 16.272155 14.888358 15.581960
0.077258 11.818072 -0.000010 0.000303 0.013500 0.592144 -0.328890 11.848088 11.975341 15.121013 15.455184 15.240540
0.077019 11.836592 0.000036 0.000708 0.013500 0.578674 -0.127996 11.802307 11.936378 14.875108 15.103611 14.952922
0.078806 11.846821 0.000038 0.000457 0.013500 0.567504 0.220351 11.865277 11.910267 14.165332 14.812073 14.455649
0.081949 11.849238 0.000013 0.000311 0.013500 0.550749 0.032560 11.787853 11.855610 13.747020 14.374779 14.045022
0.083754 11.861485 0.000020 -0.000030 0.013500 0.536964 -0.215610 11.873262 11.809069 13.621137 14.014966 13.820492
0.085632 11.876092 -0.000018 -0.000342 0.013500 0.529713 -0.219959 11.848789 11.786204 12.887409 13.825713 13.361945
0.084427 11.883381 -0.000018 -0.000496 0.013500 0.511700 -0.343663 11.840611 11.725479 13.890906 13.355581 13.666356
0.083299 11.908225 -0.000033 -0.000933 0.013500 0.522103 -0.446493 12.002505 11.783943 15.091818 13.627086 14.396059
0.084550 11.938895 -0.000063 -0.000791 0.016818 0.549669 -0.450685 11.997973 11.909403 15.746282 14.346584 15.045882
0.086838 11.967186 -0.000026 -0.000295 0.016818 0.575343 -0.365303 12.047640 12.020264 16.453669 15.016669 15.701630
0.089974 11.998477 -0.000008 0.000111 0.016818 0.602223 -0.153830 12.067029 12.125968 15.907693 15.718270 15.735847
0.092282 12.021477 0.000016 0.000533 0.016818 0.604446 0.471126 11.999256 12.129740 14.781938 15.776284 15.190345
0.092917 12.022253 0.000037 0.000549 0.016818 0.583280 0.249003 11.966000 12.044340 13.926926 15.223832 14.511658
0.092130 12.017680 0.000022 0.000136 0.016818 0.556567 0.029000 11.961659 11.944309 13.842229 14.526611 14.160243
0.089076 11.996505 -0.000005 -0.000266 0.016818 0.541874 -0.268506 11.973001 11.898149 13.925024 14.143133 14.031257
0.083560 11.973334 -0.000021 -0.000384 0.016818 0.535213 -0.276499 11.957225 11.889293 14.431024 13.969279 14.206941
0.074966 11.953665 -0.000020 -0.000329 0.016818 0.538484 -0.306459 11.985483 11.930395 15.843131 14.054634 14.947568
0.069211 11.940026 -0.000016 -0.000049 0.016818 0.564088 -0.208547 12.037932 12.065630 15.510062 14.722928 15.072774
0.068492 11.956623 0.000008 0.000556 0.016818 0.567797 0.146354 11.950670 12.113823 14.640266 14.819724 14.670768
0.069804 11.985010 0.000046 0.000657 0.015218 0.552443 -0.319065 11.999008 12.087469 14.438383 14.418986 14.376218
0.072956 12.009335 0.000025 0.000399 0.013770 0.543127 -0.146363 12.019052 12.081112 13.658810 14.175833 13.867424
0.075801 12.021467 0.000018 0.000304 0.012459 0.526406 0.017484 11.984584 12.036332 12.682422 13.739402 13.175679
0.078286 12.035640 0.000015 0.000004 0.011274 0.502061 0.405911 11.997131 11.956910 11.888331 13.103978 12.487639
0.079097 12.041915 -0.000011 -0.000434 0.010201 0.476904 0.454132 11.986476 11.874146 11.803989 12.447376 12.147076
0.077046 12.033722 -0.000032 -0.000814 0.009230 0.464030 0.529792 12.023217 11.841801 12.746706 12.111365 12.464990
0.073064 12.010018 -0.000052 -0.000858 0.013930 0.475955 0.576380 12.047158 11.906321 13.726624 12.422625 13.093096
0.068124 11.985380 -0.000040 -0.000403 0.013930 0.499550 0.601965 12.033857 12.012125 14.414045 13.038460 13.712612
0.063582 11.961616 -0.000007 0.000258 0.013930 0.522369 0.551025 12.007096 12.110346 14.247527 13.634048 13.898105
0.061071 11.944933 0.000029 0.000844 0.013930 0.528881 0.433607 11.941260 12.139862 13.542822 13.804007 13.622226
0.061098 11.944957 0.000057 0.000995 0.015198 0.518032 0.280910 11.928306 12.100763 12.682626 13.520853 13.061884
0.070819 12.055497 0.000049 0.000231 0.015198 0.496968 0.088776 12.094321 12.033306 12.393175 12.971067 12.663068
0.069023 12.017706 -0.000017 0.000080 0.015198 0.483047 -0.161935 11.913029 11.988361 12.686559 12.607722 12.640491
0.060398 11.883076 0.000022 0.000537 0.015198 0.484220 -0.111972 11.865033 11.983751 12.295941 12.638335 12.459952
0.062386 11.895826 0.000034 0.000449 0.015198 0.478889 -0.161243 11.894756 11.949254 13.150577 12.499188 12.824293
0.062567 11.907634 0.000016 0.000212 0.015198 0.493821 -0.244754 11.966840 11.993995 14.758783 12.888912 13.804966
0.063745 11.902895 0.000008 0.000465 0.015198 0.533170 -0.145005 11.992119 12.125265 14.414150 13.915949 14.104579
0.067480 11.910591 0.000038 0.001096 0.015198 0.546383 0.270193 11.882771 12.141200 13.888595 14.260802 14.005079
0.070962 11.922144 0.000074 0.001118 0.020009 0.543746 0.044671 11.925700 12.091351 13.911172 14.191987 13.994282
0.074024 11.922877 0.000048 0.000860 0.020009 0.544766 -1.251205 11.899537 12.053422 13.379870 14.218612 13.749568
0.075808 11.913191 0.000045 0.000716 0.020009 0.535714 -1.097782 11.861146 11.976430 13.208983 13.982340 13.568625
0.076958 11.906801 0.000034 0.000355 0.020009 0.528320 -0.983517 11.885266 11.911407 13.263032 13.789358 13.520214
0.076832 11.901458 0.000009 0.000051 0.020009 0.525382 -0.901426 11.874898 11.870898 13.485820 13.712688 13.607781
0.073853 11.883381 -0.000000 -0.000064 0.020009 0.526463 -0.846644 11.873135 11.855114 14.246958 13.740884 14.010951
0.072381 11.868717 -0.000004 -0.000069 0.020009 0.539872 -0.784737 11.903176 11.894468 13.732565 14.090875 13.911906
0.071550 11.862842 -0.000002 0.000161 0.020009 0.534247 -0.695664 11.803674 11.864405 12.995467 13.944059 13.475871
0.082789 12.007200 0.000018 -0.000729 0.020009 0.515226 -0.630292 12.098806 11.807469 12.289968 13.447602 12.896258
0.082580 11.978758 -0.000082 -0.000874 0.022166 0.492120 -0.589124 11.795811 11.737689 11.188445 12.844525 12.067456
0.072345 11.827210 -0.000016 -0.000457 0.022166 0.459821 -0.640360 11.727999 11.622311 10.962572 12.001508 11.573939
0.073902 11.821685 -0.000030 -0.001017 0.022166 0.441183 -0.753594 11.818635 11.564250 10.972209 11.515060 11.359588
0.073227 11.799282 -0.000073 -0.001199 0.022166 0.433798 -0.868203 11.743045 11.546999 11.926647 11.322293 11.757052
0.070337 11.777822 -0.000056 -0.001178 0.022166 0.449390 -0.945051 11.851016 11.615453 13.487527 11.729253 12.728790
0.069103 11.759344 -0.000068 -0.000734 0.022166 0.487295 -0.921774 11.818008 11.761844 13.777464 12.718596 13.315581
0.070284 11.741513 -0.000017 0.000104 0.022166 0.511173 -0.795211 11.759811 11.839306 13.451650 13.341830 13.427394
0.071950 11.739299 0.000022 0.000510 0.022166 0.516622 -0.609714 11.731135 11.837550 13.683450 13.484038 13.611214
0.075418 11.742749 0.000030 0.000484 0.022166 0.524908 -0.370739 11.767011 11.843041 13.172686 13.700305 13.449406
0.079511 11.738314 0.000021 0.000534 0.022166 0.520454 -0.002630 11.675746 -12455.551575 12.631294 13.584060 13.126512
0.083579 11.737479 0.000033 -63.625200 0.022166 0.476034 6.359906 11.715336 -11208.894198 13.707420 12.424670 13.143521
0.088135 11.733785 0.000000 -57.263026 0.020056 0.483958 5.717708 11.844846 -10086.735098 13.826401 12.631493 13.270503
0.088501 11.725691 -0.000009 -51.536191 0.018148 0.494197 5.145775 11.720075 -9076.799311 15.427970 12.898736 14.200894
0.087312 11.736941 0.000050 -46.382171 0.016421 0.532331 4.631954 11.940317 -8167.755803 16.992161 13.894049 15.429232
0.087465 11.755645 0.000037 -41.743081 0.014858 0.581069 4.158612 11.840498 -7349.572067 16.827926 15.166143 15.884372
0.087972 11.770401 0.000123 -37.567661 0.033088 0.598922 3.719846 11.839082 -6613.313062 16.121734 15.632100 15.709516
0.089319 11.786692 0.000145 -33.810341 0.039092 0.592376 3.285431 11.781539 -5950.766327 15.267418 15.461248 15.181237
0.089374 11.778879 0.000157 -30.429080 0.042211 0.572522 2.893040 11.762199 -5354.526359 14.419367 14.943057 14.505531
0.087233 11.760552 0.000143 -27.386152 0.042211 0.547020 2.569796 11.719919 -4817.936984 14.446332 14.277433 14.219181
0.084431 11.739991 0.000130 -24.647633 0.042211 0.536275 2.323826 11.768730 -4334.956606 14.229836 13.996989 13.974562
0.078419 11.715534 0.000108 -22.182680 0.042211 0.526596 2.129992 11.690459 -3900.271911 14.711623 13.744363 14.100900
0.068143 11.691193 0.000124 -19.964199 0.042211 0.528655 1.979932 11.764397 -3509.002983 16.607024 13.798104 15.076800
0.062071 11.679748 0.000112 -17.967350 0.042211 0.564414 1.791277 11.822909 -3156.723830 16.671408 14.731435 15.508566
0.062048 11.689511 0.000142 -16.169588 0.042211 0.581999 1.518580 11.728436 -2839.736853 15.610444 15.190393 15.160374
0.071067 11.805112 0.000193 -14.552476 0.052008 0.570675 1.223761 11.897988 -2554.551121 14.948513 14.894845 14.680643
0.075438 11.837580 0.000138 -13.097233 0.052008 0.555363 0.919685 11.793283 -2297.908222 13.796118 14.495192 13.909092
0.074533 11.788396 0.000154 -11.787239 0.052008 0.529672 0.683445 11.732003 -2066.991043 13.033696 13.824654 13.219674
0.080092 11.822419 0.000142 -10.608956 0.052008 0.506796 0.644951 11.835370 -1859.169078 12.473097 13.227587 12.670044
0.082630 11.834454 0.000084 -9.548425 0.052008 0.488660 0.815800 11.777078 -1672.125368 12.305997 12.754232 12.379956
0.078286 11.822679 0.000077 -8.593811 0.052008 0.477674 1.082911 11.825509 -1503.764215 14.205791 12.467479 13.225769
0.072058 11.808176 0.000047 -7.734528 0.052008 0.508429 1.218556 11.924813 -1352.076472 15.741347 13.270208 14.363945
0.067811 11.793569 0.000051 -6.960335 0.052008 0.550931 1.110342 11.874094 -1215.503947 15.728055 14.379527 14.853888
0.064327 11.780416 0.000110 -6.263287 0.052008 0.568696 0.818601 11.806715 -1092.674270 15.868270 14.843182 15.131937
0.063285 11.775579 0.000145 -5.636417 0.052008 0.579319 0.352270 11.827628 -982.152326 15.602324 15.120443 15.121855
0.076621 11.918856 0.000146 -5.073114 0.052008 0.580731 -0.794962 12.028014 -882.709031 14.468405 15.157309 14.567651
0.075168 11.881714 0.000088 -4.565428 0.047059 0.561154 -0.265788 11.712954 -793.301676 13.776032 14.646350 13.993052
0.064299 11.730722 0.000151 -4.108379 0.042581 0.539971 0.517378 11.679597 -712.863775 13.263610 14.093457 13.491752
0.066581 11.744233 0.000128 -3.697943 0.038529 0.521757 0.339451 11.733642 -640.465275 13.142769 13.618072 13.224698
0.064859 11.755038 0.000084 -3.328522 0.034862 0.511270 0.492020 11.736472 -575.278927 14.713681 13.344340 13.901963
0.059233 11.746346 0.000066 -2.995808 0.031545 0.535646 0.626328 11.857048 -516.473597 16.003813 13.980563 14.840378
0.055922 11.745275 0.000055 -2.695697 0.028543 0.570203 0.547285 11.807751 -463.499814 15.991720 14.882516 15.243431
0.057760 11.771875 0.000104 -2.425488 0.027924 0.585109 0.326320 11.826448 -415.889371 15.389936 15.271576 15.119026
0.062137 11.808397 0.000111 -2.182700 0.029951 0.581194 -0.051926 11.802841 -373.110709 14.266873 15.169403 14.511992
0.064382 11.830884 0.000110 -1.964500 0.029951 0.558156 1.534374 11.785561 -334.684307 13.616459 14.568084 13.917338
0.065840 11.848379 0.000085 -1.768485 0.029951 0.535448 1.372701 11.827191 -300.102482 13.213488 13.975397 13.450864
0.067974 11.873961 0.000047 -1.592131 0.029951 0.517671 1.262410 11.854176 -268.962038 12.725851 13.511414 12.999984
0.067332 11.878928 0.000020 -1.433236 0.029951 0.499826 1.198278 11.839754 -240.936917 12.495025 13.045655 12.676385
0.063959 11.865244 0.000006 -1.290143 0.029951 0.486077 1.170003 11.844298 -215.698040 13.327028 12.686791 12.930794
0.061660 11.866284 -0.000007 -1.161345 0.029951 0.494784 1.144253 11.931938 -192.893542 14.591482 12.914058 13.663941
0.061975 11.861701 -0.000017 -1.044942 0.029951 0.523752 1.052285 11.931443 -172.292085 14.242810 13.670138 13.832704
0.062719 11.855413 0.000019 -0.939773 0.029951 0.531926 0.886437 11.837582 -153.834341 13.857163 13.883486 13.738832
0.064574 11.865516 0.000054 -0.845628 0.029951 0.529379 0.708377 11.885886 -137.266332 13.169243 13.817008 13.368192
0.067091 11.865774 0.000035 -0.761076 0.029951 0.516304 0.527171 11.801054 -122.401752 11.930324 13.475739 12.597790
0.067579 11.850527 0.000041 -0.685139 0.027100 0.487040 0.441684 11.774083 -109.092547 11.905452 12.711942 12.247316
0.066518 11.822610 0.000014 -0.617075 0.024521 0.473799 0.509218 11.800884 -97.061578 12.441860 12.366353 12.367844
0.064633 11.794432 -0.000011 -0.555533 0.022188 0.478809 0.590761 11.794938 -86.170309 13.503205 12.497103 12.967153
0.062715 11.771586 -0.000007 -0.499834 0.020076 0.502083 0.609023 11.828437 -76.300586 14.683750 13.104575 13.840798
0.061125 11.751066 0.000005 -0.449360 0.018166 0.536254 0.527648 11.807726 -67.376864 14.961473 13.996429 14.388348
0.060812 11.733600 0.000042 -0.403730 0.016437 0.557511 0.352447 11.746750 -59.393367 14.460370 14.551257 14.392185
0.062724 11.732235 0.000074 -0.362980 0.019900 0.557880 0.082098 11.713801 -52.287630 14.188708 14.560888 14.267277
0.067191 11.735808 0.000074 -0.326735 0.019901 0.554164 -1.151637 11.725472 -45.913228 13.136858 14.463911 13.699699
0.070757 11.730994 0.000056 -0.294180 0.019901 0.533550 -0.966486 11.635784 -40.248434 12.544161 13.925862 13.170190
0.073209 11.730905 0.000048 -0.265270 0.019901 0.513261 -0.853761 11.703272 -35.154231 12.602209 13.396321 12.976887
0.074799 11.715763 -0.000003 -0.239195 0.019901 0.506097 -0.802720 11.666138 -30.526850 12.488436 13.209336 12.847399
0.072411 11.698413 -0.000008 -0.215491 0.019901 0.499972 -0.820848 11.670112 -26.358445 14.398061 13.049468 13.764285
0.070608 11.690327 -0.000023 -0.194177 0.019901 0.533557 -0.839457 11.807746 -22.452322 15.583032 13.926055 14.764519
0.072085 11.693333 -0.000031 -0.174258 0.019901 0.571860 -0.762539 11.726200 -18.913359 15.366448 14.925774 15.101549
0.075021 11.713450 0.000028 -0.156300 0.019901 0.584370 -0.632148 11.736333 -15.817595 15.195468 15.252282 15.164596
0.079179 11.743063 0.000031 -0.140652 0.019901 0.586673 -0.471377 11.744181 -13.065794 14.417605 15.312401 14.798359
0.081078 11.746704 0.000025 -0.126627 0.019901 0.572029 -0.320738 11.681546 -10.651721 13.828955 14.930172 14.334368
0.079969 11.729709 0.000021 -0.114221 0.019901 0.553127 -0.257660 11.685566 -8.496252 13.748067 14.436835 14.081731
0.078052 11.717295 -0.000004 -0.103157 0.018007 0.541766 -0.349606 11.690968 -6.526607 13.695180 14.140294 13.927405
0.073043 11.703043 -0.000019 -0.093033 0.016293 0.533219 -0.467573 11.679285 -4.737059 14.770227 13.917220 14.379258
0.066483 11.692752 -0.000023 -0.083847 0.014743 0.546921 -0.526842 11.767565 -3.030038 16.439671 14.274843 15.382551
0.079269 11.892115 -0.000027 -0.076153 0.013340 0.583469 -0.464831 12.154280 -1.375298 16.402388 15.228763 15.780804
0.073296 11.830020 -0.000085 -0.067392 0.022947 0.598416 -0.295717 11.658721 0.033344 15.738582 15.618900 15.610559
0.056167 11.609149 0.000080 -0.059076 0.022947 0.592343 0.173693 11.578477 1.199909 14.596747 15.460389 14.953872
0.062442 11.648172 0.000097 -0.053321 0.026000 0.568875 -0.541323 11.639090 2.179898 12.604168 14.847872 13.663421
0.066389 11.670128 0.000054 -0.048432 0.026000 0.520640 -0.379713 11.526513 2.960474 11.754239 13.588920 12.669433
0.068133 11.672996 0.000033 -0.044463 0.026000 0.483352 -0.509527 11.652444 3.693988 11.626004 12.615691 12.171553
0.067704 11.657767 -0.000041 -0.040642 0.026000 0.465394 -0.742038 11.587725 4.416065 12.177279 12.146956 12.245358
0.061589 11.628826 -0.000040 -0.036809 0.026000 0.467908 -0.924282 11.663983 5.139618 14.308984 12.212585 13.358129
0.054156 11.602034 -0.000056 -0.032980 0.026000 0.508946 -0.984857 11.709861 5.943246 15.781575 13.283692 14.577942
0.050013 11.582856 -0.000020 -0.028781 0.026000 0.554753 -0.883973 11.668782 6.694736 16.216163 14.479265 15.327672
0.049109 11.571470 0.000043 -0.024888 0.026000 0.583892 -0.654842 11.624019 7.312807 16.123027 15.239807 15.616789
0.050790 11.571477 0.000086 -0.021734 0.026000 0.596689 -0.281933 11.595751 7.804982 15.144140 15.573832 15.268795
0.054226 11.583909 0.000104 -0.019285 0.027881 0.584911 0.494078 11.542176 8.150616 13.842263 15.266418 14.471624
0.057148 11.582614 0.000100 -0.017515 0.027881 0.555789 0.101924 11.508045 8.386897 12.913651 14.506303 13.663639
0.060490 11.577420 0.000070 -0.016282 0.027881 0.526418 -0.522678 11.513351 8.586381 12.570062 13.739723 13.153232
0.082312 11.805081 0.000030 -0.016426 0.027881 0.508929 -0.573849 11.950653 8.820438 13.039819 13.283253 13.199676
0.076728 11.736454 -0.000114 -0.014882 0.030784 0.511965 -0.768730 11.546818 9.093764 15.306507 13.362487 14.404392
0.054509 11.474625 0.000000 -0.012150 0.030784 0.558237 -0.893309 11.562819 9.477798 16.380633 14.570204 15.494086
0.056690 11.493564 0.000035 -0.010287 0.030784 0.600364 -0.814897 11.574077 9.815292 15.862727 15.669739 15.720832
0.061227 11.522494 0.000066 -0.008712 0.030784 0.608441 -0.642844 11.495715 10.000501 15.147376 15.880538 15.453533
0.067634 11.549824 0.000085 -0.007907 0.030784 0.598428 -0.437716 11.538069 10.100391 14.314709 15.619201 14.917780
0.072341 11.556286 0.000050 -0.007430 0.030784 0.578459 -0.300631 11.472924 10.148046 13.871804 15.098013 14.470561
0.074513 11.553604 0.000037 -0.007173 0.030784 0.561698 -0.349866 11.526091 10.196544 13.779391 14.660539 14.242248
0.074545 11.540291 -0.000006 -0.006858 0.030784 0.552166 -0.547352 11.485500 10.264767 13.603295 14.411759 14.051195
0.072147 11.516385 -0.000012 -0.006387 0.030784 0.543110 -0.695310 11.480397 10.329233 13.858976 14.175385 14.087817
0.065105 11.498316 -0.000026 -0.005966 0.030784 0.540679 -0.834309 11.488896 10.422387 15.925298 14.111924 15.129218
0.058471 11.476034 -0.000032 -0.005377 0.030784 0.576492 -0.862759 11.601884 10.663891 16.808170 15.046658 15.988844
0.054972 11.463740 -0.000023 -0.004082 0.027854 0.607402 -0.704966 11.485470 10.876121 16.751738 15.853439 16.308095
0.053263 11.472206 0.000046 -0.003042 0.025204 0.617975 -0.434671 11.529034 11.003170 16.373437 16.129395 16.227744
0.055624 11.491673 0.000048 -0.002493 0.022805 0.614690 0.037167 11.480106 11.070341 14.123985 16.043664 15.029685
0.057436 11.507655 0.000062 -0.002232 0.020635 0.569539 -3.801148 11.385575 10.969953 13.132573 14.865199 13.995311
0.058715 11.518284 0.000043 -0.002798 0.018671 0.529652 -3.411364 11.494374 10.894709 13.390006 13.824138 13.661036
0.060989 11.511800 -0.000026 -0.003149 0.016895 0.518964 -3.076889 11.493149 10.923825 13.384622 13.545154 13.530433
0.058190 11.500771 -0.000032 -0.002944 0.015287 0.515867 -2.790265 11.494817 10.969468 15.405527 13.464339 14.528302
0.053068 11.510284 -0.000033 -0.002760 0.013832 0.553635 -2.533234 11.668393 11.169284 17.339234 14.450083 15.946567
0.053306 11.533353 -0.000037 -0.001858 0.012516 0.608061 -2.273765 11.642225 11.422595 16.633928 15.870638 16.214185
0.056878 11.565824 0.000032 -0.000731 0.011325 0.618877 -2.017930 11.562007 11.494222 15.855315 16.152923 15.939784
0.061781 11.611860 0.000066 -0.000600 0.017781 0.609071 -1.784664 11.629400 11.483642 15.653804 15.896993 15.721753
0.068897 11.641644 0.000036 -0.000806 0.017781 0.602988 -1.552204 11.633182 11.481185 14.075497 15.738227 14.843781
0.072756 11.646649 0.000026 -0.000844 0.017781 0.571735 -1.356223 11.532593 11.372902 13.300125 14.922513 14.091413
0.073759 11.644362 0.000017 -0.001385 0.017781 0.543268 -1.228305 11.611976 11.278247 13.121088 14.179515 13.678485
0.073110 11.633984 -0.000039 -0.001815 0.017781 0.527280 -1.152841 11.572129 11.234359 13.493183 13.762204 13.691730
0.066791 11.619097 -0.000046 -0.001963 0.017781 0.525361 -1.124958 11.636474 11.252636 16.347950 13.712138 15.133343
0.059527 11.600343 -0.000064 -0.001774 0.017781 0.577767 -1.069334 11.769322 11.485291 17.966185 15.079958 16.561005
0.054706 11.577428 -0.000040 -0.000470 0.017781 0.631064 -0.911053 11.640596 11.711188 17.531430 16.471012 16.954695
0.052903 11.586008 0.000057 0.000639 0.017781 0.644719 -0.673456 11.621947 11.778281 16.785534 16.827424 16.729987
0.056824 11.627888 0.000078 0.000768 0.020888 0.635354 -0.370611 11.629495 11.760097 14.752145 16.582985 15.583971
0.060485 11.655078 0.000067 0.000536 0.020888 0.591478 0.083454 11.538094 11.612144 13.281020 15.437802 14.320993
0.061091 11.671277 0.000049 -0.000302 0.020888 0.542918 -0.463478 11.615903 11.456137 13.273719 14.170369 13.745596
0.062077 11.679943 -0.000021 -0.001142 0.020888 0.521338 -0.517532 11.663860 11.411202 12.916583 13.607118 13.307099
0.076762 11.869345 -0.000050 -0.002338 0.020888 0.505400 -0.674382 11.981892 11.405174 13.205609 13.191136 13.262826
0.067552 11.825166 -0.000145 -0.002143 0.038966 0.502954 -0.830660 11.700871 11.448260 15.193598 13.127287 14.229368
0.045710 11.623700 -0.000055 -0.000895 0.038966 0.538140 -1.010317 11.717092 11.620932 15.989663 14.045664 15.034006
0.046557 11.634943 -0.000012 -0.000072 0.038966 0.569205 -0.928953 11.715170 11.768279 14.921780 14.856487 14.856901
0.047282 11.649373 0.000029 0.000607 0.038966 0.563122 -0.741903 11.601638 11.761291 14.778051 14.697708 14.705635
0.050322 11.663553 0.000058 0.000499 0.038966 0.558614 -0.516586 11.719116 11.757548 12.726191 14.580048 13.617486
0.053668 11.666873 0.000022 0.000463 0.038966 0.518469 -0.234038 11.485899 11.609302 10.883925 13.532245 12.215755
0.052987 11.664898 0.000046 -0.000284 0.038966 0.464536 -0.398124 11.609275 11.416039 11.881142 12.124572 12.080217
0.053648 11.636563 -0.000046 -0.001125 0.038966 0.460734 -0.700718 11.640117 11.419816 11.147633 12.025335 11.663110
0.054427 11.598233 -0.000055 -0.000911 0.038966 0.447394 -0.880505 11.498832 11.371764 5.121019 11.677166 8.455651
0.048032 11.576909 -0.000029 -0.001047 0.038966 0.319201 -1.127177 11.147167 10.900075 1.136744 8.331270 4.941357
0.040424 11.553653 -0.000064 -0.003335 0.038966 0.174485 -1.211855 11.338713 10.425304 -0.361777 4.554135 2.467472
0.032093 11.470874 -0.000255 -0.005336 0.068693 0.072624 -1.032974 11.207541 10.160798 -5.627658 1.895513 -1.396398
0.021424 11.343433 -0.000295 -0.006035 0.079412 -0.083098 -0.443251 10.887344 9.714259 -8.154412 -2.168879 -4.534473
0.015941 11.228459 -0.000333 -0.007728 0.089597 -0.207517 1.535690 11.051987 9.416315 -12.787757 -5.416275 -8.366062
0.019174 11.220486 -0.000467 -0.009207 0.125612 -0.356721 0.761908 10.801870 9.043317 -15.499071 -9.310560 -11.522711
-0.001828 10.989010 -0.000504 -0.009930 0.135658 -0.480155 -0.473687 10.674119 8.773284 -12.765881 -12.532225 -11.623012
-0.035299 10.581122 -0.000547 -0.009226 0.147181 -0.482152 1.467017 10.489184 8.936526 -4.537490 -12.584365 -7.211722
-0.061590 10.255857 -0.000450 -0.006733 0.147181 -0.289018 -0.126170 10.673315 9.672579 3.490427 -7.543489 -0.702421
-0.100809 9.922862 -0.000294 -0.001277 0.147181 -0.014588 26.550695 10.150872 10.525979 9.211322 -0.380763 5.236794
-0.130159 9.702474 0.000099 0.004203 0.147181 0.229405 23.717499 10.063882 11.163755 13.028022 5.987563 9.657956
-0.130262 9.697178 0.000307 0.007484 0.147181 0.401252 21.102340 9.932378 11.545660 13.974142 10.472827 11.637173
-0.107987 9.907721 0.000456 0.008359 0.147181 0.476972 18.717873 10.150856 11.644728 15.871421 12.449158 13.508365
-0.080878 10.237502 0.000424 0.007182 0.147181 0.548576 16.599765 10.563746 11.760932 20.251292 14.318061 16.809353
-0.053811 10.581959 0.000342 0.006017 0.147181 0.671119 14.719591 11.041968 12.088473 23.136280 17.516471 19.715225
-0.019574 10.952420 0.000300 0.005798 0.147181 0.778727 12.967312 11.302690 12.396775 21.496851 20.325085 20.117845
0.014284 11.414631 0.000315 0.005012 0.147181 0.793001 11.363411 11.592154 12.386531 19.444493 20.697652 19.302956
0.028814 11.757215 0.000231 0.003212 0.147181 0.753903 10.045875 11.795184 12.229518 19.351791 19.677157 18.800286
0.028662 11.836260 0.000129 0.002007 0.133175 0.727359 9.018980 11.844694 12.165766 19.849392 18.984370 18.724470
0.038789 11.928298 0.000097 0.001212 0.120502 0.723956 8.244951 12.060123 12.206961 21.509410 18.895540 19.495404
0.058456 12.098008 0.000047 0.000556 0.109034 0.760840 7.632896 12.324552 12.392302 21.736396 19.858233 20.070712
0.068658 12.225833 0.000024 0.000850 0.098658 0.790201 7.102529 12.287862 12.516658 20.794046 20.624559 19.993239
0.072703 12.342920 0.000070 0.000887 0.089270 0.787994 6.635239 12.399691 12.512009 18.971921 20.566967 19.109224
0.079199 12.473849 0.000036 0.000195 0.080775 0.750718 6.214331 12.413428 12.388444 17.329929 19.594049 17.882102
0.083389 12.557578 -0.000003 -0.000863 0.073088 0.699757 5.853534 12.502920 12.235379 16.100827 18.263944 16.682268
0.081551 12.639852 -0.000073 -0.002064 0.066133 0.649152 5.536069 12.587001 12.113430 10.538485 16.943123 13.406971
0.074383 12.660996 -0.000132 -0.002794 0.059839 0.512695 5.227293 12.239363 11.687358 1.929312 13.381551 7.620950
0.067305 12.626941 -0.000156 -0.004795 0.054145 0.278070 4.878148 12.077226 10.921539 -4.626152 7.257727 1.567824
0.058945 12.600757 -0.000329 -0.008570 0.088516 0.035231 4.540238 12.127398 10.197277 -9.494965 0.919543 -3.811002
0.047063 12.500780 -0.000552 -0.011756 0.148455 -0.179973 4.330413 12.017615 9.645758 -13.409297 -4.697372 -8.408627
0.032289 12.336590 -0.000681 -0.013732 0.183081 -0.361476 4.243104 11.937721 9.260792 -15.110963 -9.434661 -11.556541
0.012684 12.119870 -0.000771 -0.014591 0.207305 -0.483724 4.131039 11.839440 9.120551 -17.347697 -12.625379 -14.203308
-0.012586 11.842017 -0.000786 -0.013889 0.211356 -0.588133 3.858735 11.489550 9.038169 -17.524580 -15.350511 -15.642578
-0.040799 11.491833 -0.000712 -0.012522 0.211356 -0.644293 3.374382 11.330441 9.120317 -15.509858 -16.816309 -15.340294
-0.072239 11.049623 -0.000646 -0.009846 0.211356 -0.622866 2.424284 10.923050 9.411330 -14.612647 -16.257046 -14.668173
-0.103526 10.642510 -0.000448 -0.006283 0.211356 -0.584751 0.568763 10.541531 9.657901 -13.202822 -15.262227 -13.507358
-0.116592 10.487774 -0.000269 -0.004235 0.211356 -0.529675 -9.256851 10.599378 9.895499 -11.583651 -13.824737 -12.044492
-0.115439 10.470791 -0.000217 -0.002936 0.211356 -0.468892 -7.569393 10.536171 10.121277 -10.974362 -12.238273 -11.128930
-0.121751 10.377697 -0.000134 -0.001309 0.211356 -0.429476 -5.770122 10.345806 10.241808 -9.433918 -11.209501 -9.841094
-0.133718 10.277370 -0.000044 -0.000181 0.211356 -0.377743 -3.825294 10.355924 10.378666 -5.492018 -9.859254 -6.938811
-0.127165 10.357602 -0.000007 0.000107 0.211356 -0.266420 -1.288534 10.686815 10.704430 -3.357061 -6.953659 -4.645858
-0.126867 10.317386 -0.000007 0.001975 0.211356 -0.175337 5.817130 10.291857 10.935740 -3.135194 -4.576371 -3.707723
-0.133370 10.227721 0.000173 0.003613 0.211356 -0.135456 3.749391 10.284609 10.973135 -2.754757 -3.535449 -3.122143
-0.121936 10.329040 0.000188 0.003287 0.191243 -0.111654 1.374619 10.423195 10.967336 -3.365907 -2.914208 -3.275484
-0.110355 10.427338 0.000148 0.002756 0.173044 -0.115085 -2.495206 10.396741 10.879425 -2.748622 -3.003759 -2.924524
-0.087485 10.653029 0.000132 0.001155 0.156576 -0.101094 -1.083429 10.877215 10.875940 -1.924439 -2.638583 -2.300800
-0.077887 10.704808 -0.000005 0.000873 0.141676 -0.074965 0.490445 10.620498 10.912441 -2.345676 -1.956606 -2.255812
-0.082706 10.640431 0.000079 0.001388 0.128194 -0.072674 -0.547518 10.627169 10.856031 -1.695535 -1.896810 -1.845748
-0.074064 10.741338 0.000062 0.000585 0.115995 -0.058800 -0.981806 10.847785 10.859672 -1.164842 -1.534702 -1.391903
-0.064726 10.811108 0.000001 0.000248 0.104956 -0.042279 -1.405690 10.809533 10.882583 -1.558606 -1.103502 -1.420769
-0.060071 10.844043 0.000018 0.000197 0.094968 -0.043881 -1.736178 10.837484 10.844562 -1.855332 -1.145315 -1.586416
-0.056951 10.870380 -0.000000 -0.000132 0.085931 -0.051954 -2.001013 10.843393 10.793839 -2.784172 -1.356023 -2.165301
-0.052251 10.903021 -0.000016 -0.000557 0.077753 -0.076026 -2.167268 10.843506 10.697539 -4.105488 -1.984315 -3.127650
-0.051396 10.918535 -0.000043 -0.001128 0.070354 -0.115938 -2.302534 10.819311 10.560392 -4.542298 -3.026037 -3.790460
-0.054153 10.905811 -0.000076 -0.001763 0.063659 -0.145147 -2.398288 10.861177 10.481100 -4.721438 -3.788398 -4.202310
-0.057041 10.877081 -0.000111 -0.002021 0.057601 -0.163885 -2.430874 10.819756 10.450650 -4.117613 -4.277471 -4.079700
-0.060283 10.857861 -0.000108 -0.002078 0.052120 -0.160312 -2.398176 10.900347 10.503373 -2.960911 -4.184218 -3.416832
-0.066051 10.843172 -0.000116 -0.001734 0.047160 -0.135873 -2.280544 10.889271 10.629192 -1.931596 -3.546331 -2.600754
-0.070769 10.834034 -0.000077 -0.001045 0.042672 -0.106001 -2.072499 10.911070 10.770903 -1.536783 -2.766680 -2.078500
-0.071939 10.817297 -0.000043 -0.000237 0.038611 -0.086098 -1.788394 10.834613 10.867877 -2.469559 -2.247189 -2.395451
-0.071277 10.805458 0.000007 0.000319 0.034937 -0.097017 -1.489719 10.765439 10.844940 -2.873889 -2.532180 -2.739448
-0.070593 10.800719 0.000020 0.000226 0.031612 -0.108418 -1.242190 10.803289 10.814864 -2.545547 -2.829748 -2.680744
-0.071972 10.776019 0.000001 0.000198 0.028604 -0.103750 -1.040560 10.775539 10.832316 -2.140227 -2.707925 -2.408525
-0.071099 10.762916 0.000014 0.000354 0.025882 -0.091041 -0.872001 10.795438 10.867996 -2.467667 -2.376212 -2.457350
-0.069402 10.771640 0.000019 0.000492 0.023419 -0.091097 -0.730448 10.745736 10.851495 -2.217446 -2.377672 -2.315459
-0.067288 10.785952 0.000029 0.000334 0.021190 -0.085049 -0.663323 10.830154 10.856969 -1.812671 -2.219809 -2.024206
-0.064378 10.783131 0.000006 0.000377 0.019174 -0.072173 -0.617970 10.776079 10.880151 -1.952787 -1.883749 -1.959671
-0.063645 10.771205 0.000029 0.000556 0.017349 -0.068439 -0.615878 10.762123 10.864074 -1.045192 -1.786297 -1.412348
-0.060187 10.769917 0.000028 0.000481 0.015698 -0.045798 -0.615989 10.831791 10.910297 -1.426998 -1.195357 -1.373130
-0.057423 10.759732 0.000022 0.000768 0.014204 -0.042634 -0.587877 10.684695 10.877850 -1.757815 -1.112763 -1.508531
-0.055343 10.753843 0.000055 0.000633 0.014727 -0.047698 -0.582164 10.760735 10.817022 -1.535679 -1.244936 -1.428094
-0.052943 10.745232 0.000016 0.000366 0.014727 -0.044202 -0.571736 10.711003 10.788015 -1.675861 -1.153694 -1.454471
-0.054298 10.719582 0.000022 0.000349 0.014727 -0.046005 -0.569885 10.687243 10.741970 -0.839594 -1.200761 -1.003132
-0.056916 10.690724 0.000016 0.000262 0.014727 -0.029920 -0.554949 10.720623 10.763960 0.058634 -0.780934 -0.329106
-0.057810 10.664534 0.000013 0.000507 0.014727 -0.004792 -0.483283 10.682694 10.817048 0.038326 -0.125083 -0.068620
-0.056821 10.657355 0.000039 0.000815 0.014727 0.004563 -0.357819 10.649353 10.813347 -0.278640 0.119094 -0.137271
-0.054344 10.669376 0.000047 0.000735 0.014727 0.000879 -0.220367 10.655534 10.769090 -0.091703 0.022931 -0.065344
-0.050396 10.682654 0.000033 0.000441 0.014727 0.003533 -0.089598 10.695744 10.751840 -0.059096 0.092203 -0.011949
-0.048179 10.690085 0.000017 0.000315 0.014727 0.005868 0.091039 10.674198 10.734306 -0.027892 0.153162 0.037724
-0.047707 10.691826 0.000018 0.000217 0.014727 0.007010 0.043705 10.692336 10.716465 0.054490 0.182967 0.101714
-0.045326 10.698491 0.000008 0.000092 0.014727 0.008809 0.015950 10.693769 10.705022 -0.224305 0.229931 -0.024646
-0.042312 10.712159 0.000004 -0.000036 0.013325 0.003484 0.585508 10.692768 10.671634 0.140636 0.090932 0.121379
-0.039085 10.722446 -0.000005 -0.000259 0.012057 0.009299 0.563251 10.749919 10.680447 0.678443 0.242716 0.479856
-0.035806 10.727680 -0.000019 -0.000241 0.010910 0.024251 0.538330 10.742600 10.717882 1.140178 0.632970 0.897210
-0.034314 10.735494 -0.000007 -0.000090 0.009872 0.041002 0.501686 10.767888 10.757722 1.615800 1.070165 1.342415
-0.033000 10.747032 -0.000003 0.000055 0.008932 0.057724 0.443050 10.771311 10.797617 1.388736 1.506624 1.411203
-0.030998 10.759385 0.000008 0.000195 0.008082 0.059372 0.370570 10.740994 10.784943 1.065440 1.549629 1.263565
-0.030194 10.768283 0.000013 0.000085 0.007313 0.052348 0.314725 10.753764 10.746927 1.239570 1.366309 1.284024
-0.030179 10.776497 -0.000002 -0.000151 0.006617 0.051697 0.280370 10.785168 10.740369 1.472507 1.349312 1.403801
-0.030515 10.781321 -0.000013 -0.000209 0.005987 0.055037 0.255109 10.787492 10.753713 1.695112 1.436482 1.560362
-0.031912 10.784107 -0.000009 -0.000155 0.005418 0.059881 0.228398 10.800816 10.776169 1.959182 1.562917 1.754140
-0.033588 10.792644 -0.000007 -0.000084 0.004902 0.065914 0.193488 10.815856 10.807566 2.021453 1.720387 1.851797
-0.035057 10.796909 -0.000002 0.000054 0.004436 0.068303 0.144548 10.804354 10.829103 1.777423 1.782733 1.744511
-0.036441 10.798485 0.000007 0.000156 0.004013 0.063200 0.088198 10.793392 10.825642 1.730998 1.649552 1.659473
-0.035632 10.811176 0.000009 0.000074 0.003632 0.059714 0.032454 10.831518 10.830310 1.574605 1.558563 1.533160
-0.031425 10.854446 -0.000000 -0.000123 0.003286 0.055748 -0.065213 10.873993 10.833928 1.520437 1.455051 1.456933
-0.030554 10.863122 -0.000011 -0.000149 0.003049 0.053839 -0.044965 10.859335 10.841756 1.541387 1.405229 1.444356
-0.031205 10.853070 -0.000005 -0.000058 0.003049 0.054486 -0.026661 10.858281 10.853110 1.394969 1.422098 1.373085
-0.029381 10.874705 -0.000001 -0.000110 0.003049 0.052444 -0.025486 10.885807 10.853233 1.377587 1.368816 1.341032
-0.025685 10.917060 -0.000009 -0.000326 0.003049 0.051623 -0.038390 10.942722 10.860274 1.185490 1.347393 1.231788
-0.021868 10.965008 -0.000024 -0.000534 0.006344 0.047485 -0.070006 10.970683 10.858593 0.996111 1.239370 1.087129
-0.019944 10.999697 -0.000032 -0.000720 0.008650 0.041420 -0.162466 11.004646 10.854440 1.024982 1.081068 1.032535
-0.019987 11.024998 -0.000043 -0.000870 0.011616 0.038386 -0.247185 11.037068 10.867285 1.614196 1.001891 1.299344
-0.020968 11.040805 -0.000049 -0.000886 0.013167 0.047738 -0.314893 11.089764 10.930606 2.096516 1.245985 1.651712
-0.022030 11.050062 -0.000046 -0.000610 0.013167 0.060922 -0.314943 11.082154 11.006405 2.271142 1.590084 1.889367
-0.023135 11.066710 -0.000022 -0.000308 0.013167 0.069631 -0.266983 11.105485 11.063566 2.525654 1.817388 2.116401
-0.024549 11.082458 -0.000013 -0.000096 0.013167 0.077835 -0.165821 11.117210 11.118629 2.355680 2.031518 2.118898
-0.026222 11.093361 -0.000000 0.000129 0.013167 0.077222 0.037642 11.098618 11.140438 2.138094 2.015519 1.995064
-0.026749 11.115626 0.000011 0.000127 0.013167 0.072092 -0.826065 11.138435 11.147159 2.146765 1.881634 1.935361
-0.025889 11.144596 0.000002 0.000013 0.013167 0.069775 -0.704152 11.169430 11.166808 1.613555 1.821166 1.630411
-0.025072 11.169404 -0.000001 -0.000013 0.013167 0.058234 -0.595914 11.153798 11.151481 1.109031 1.519929 1.234544
-0.024031 11.193970 -0.000001 -0.000217 0.013167 0.043228 -0.524185 11.195259 11.124882 1.381583 1.128266 1.194237
-0.022475 11.211136 -0.000021 -0.000440 0.013167 0.042916 -0.486510 11.242856 11.152525 1.277764 1.120116 1.134448
-0.023403 11.217743 -0.000026 -0.000333 0.013167 0.041807 -0.469574 11.209488 11.170882 1.584730 1.091181 1.275171
-0.023862 11.227488 -0.000012 -0.000289 0.011914 0.047632 -0.465718 11.278940 11.213596 1.796887 1.243211 1.448919
-0.024109 11.218431 -0.000019 -0.000025 0.010781 0.055534 -0.429247 11.211591 11.255647 1.231937 1.449455 1.254024
-0.022798 11.224169 0.000012 0.000161 0.009755 0.048935 -0.386003 11.217902 11.236169 0.571453 1.277229 0.843796
-0.020308 11.240111 0.000005 -0.000020 0.008826 0.033916 -0.355267 11.204892 11.183577 0.309639 0.885229 0.538115
-0.016403 11.268663 -0.000007 -0.000434 0.007986 0.022982 -0.350774 11.276467 11.148873 0.389347 0.599849 0.452258
-0.012369 11.305611 -0.000037 -0.000800 0.009911 0.020615 -0.349301 11.313123 11.148743 0.441595 0.538047 0.454230
-0.013637 11.314839 -0.000048 -0.000848 0.012773 0.020358 -0.349894 11.308971 11.158112 1.031287 0.531361 0.748404
-0.016217 11.316215 -0.000044 -0.000807 0.012773 0.030231 -0.313043 11.359542 11.211454 1.050184 0.789048 0.876592
-0.015692 11.332769 -0.000043 -0.000619 0.012773 0.033717 -0.192488 11.330955 11.243190 0.261356 0.880025 0.525226
-0.014622 11.359112 -0.000026 -0.000592 0.012773 0.018799 0.004262 11.335190 3017.263271 0.306844 0.490656 0.368589
-0.013673 11.387682 -0.000037 15.340098 0.012773 0.019846 -1.529828 11.415876 2716.661913 0.557098 0.517981 0.511992
-0.011926 11.415108 -0.000059 13.805878 0.015916 0.024210 -1.360219 11.417430 2446.140169 0.483664 0.631903 0.533915
-0.011789 11.435957 -0.000053 12.425199 0.015916 0.024073 -1.198542 11.439649 2202.658619 0.642953 0.628310 0.615061
-0.011663 11.465596 -0.000057 11.182471 0.015916 0.025803 -1.050659 11.487452 1983.540416 0.735170 0.673465 0.683919
-0.008468 11.525116 -0.000064 10.063926 0.017285 0.027200 -0.911328 11.559880 1786.343518 0.565848 0.709939 0.619846
-0.007850 11.554735 -0.000076 9.057405 0.020558 0.023586 -0.783031 11.539802 1608.853822 0.620775 0.615613 0.602140
-0.008223 11.567189 -0.000067 8.151546 0.020558 0.022183 -0.663895 11.589487 1449.125547 0.481558 0.578996 0.516478
-0.005640 11.614531 -0.000074 7.336152 0.020558 0.018532 -0.559934 11.627251 1305.367130 0.268857 0.483700 0.367682
-0.003373 11.662999 -0.000079 6.602252 0.021184 0.012287 -0.476574 11.675467 1175.980587 0.022735 0.320697 0.170477
-0.002528 11.691053 -0.000089 5.941801 0.023835 0.004142 -0.410095 11.681153 1059.529264 -0.383390 0.108104 -0.127161
-0.002914 11.716139 -0.000088 5.347379 0.023835 -0.008070 -0.373087 11.707228 954.711053 -0.260924 -0.210632 -0.224874
-0.003279 11.746462 -0.000096 4.812298 0.025923 -0.012799 -0.368376 11.774074 860.410818 -0.137167 -0.334054 -0.230328
-0.003203 11.768483 -0.000106 4.330937 0.028579 -0.013479 -0.333185 11.778791 775.561366 -0.359333 -0.351803 -0.349826
-0.002952 11.791087 -0.000093 3.897803 0.028579 -0.018184 -0.265799 11.800358 699.183773 -0.350121 -0.474601 -0.410335
-0.001393 11.823753 -0.000091 3.507853 0.028579 -0.020296 -0.169454 11.851814 630.457116 -0.434358 -0.529723 -0.482217
0.001593 11.855116 -0.000093 3.156955 0.028579 -0.022213 0.014587 11.864917 568.604076 -0.590998 -0.579757 -0.584550
0.004691 11.877550 -0.000086 2.841182 0.028579 -0.024031 -2.117835 11.886812 512.930579 -0.637536 -0.627217 -0.631349
0.007676 11.909181 -0.000084 2.556898 0.028579 -0.024276 -1.890982 11.926301 462.827665 -0.809807 -0.633605 -0.715522
0.009058 11.936819 -0.000087 2.301063 0.028579 -0.027051 -1.684813 11.932004 417.725352 -0.995193 -0.706030 -0.837101
0.009730 11.957563 -0.000084 2.070784 0.028579 -0.032164 -1.497819 11.956301 377.126864 -1.203970 -0.839502 -0.999662
