0.000000 -0.004376 0.000000 0.000000 0.000000 0.000000 0.000000 0.000000 0.000000 6.833293 0.000000 6.833293
0.000000 -0.007731 0.000000 0.000000 0.000000 0.000000 0.000000 0.000000 0.000000 6.832573 0.000000 6.832573
0.000000 -0.003118 0.000000 0.000000 0.000000 0.000000 0.000000 0.000000 0.000000 6.832783 0.000000 6.832783
0.000000 0.069419 0.000000 0.000000 0.000000 0.000000 0.000000 0.000000 0.000000 6.832595 0.000000 6.832595
0.000000 0.229383 0.000000 0.000000 0.000000 0.000000 0.000000 0.000000 0.000000 6.832506 0.000000 6.832506
0.000000 0.402129 0.000000 0.000000 0.000000 0.000000 0.000000 0.000000 0.000000 6.832683 0.000000 6.832683
0.000000 0.555801 0.000000 0.000000 0.000000 0.000000 0.000000 0.000000 0.000000 6.831877 0.000000 6.831877
0.000000 0.703394 0.000000 0.000000 0.000000 0.000000 0.000000 0.000000 0.000000 6.831272 0.000000 6.831272
0.000000 0.848771 0.000000 0.000000 0.000000 0.000000 0.000000 0.000000 0.000000 6.832474 0.000000 6.832474
0.000000 0.961949 0.000000 0.000000 0.000000 0.000000 0.000000 0.000000 0.000000 6.836006 0.000000 6.836006
0.939311 1.023821 0.000000 0.000000 0.000000 0.000000 0.000000 0.000000 0.000000 6.843696 0.000000 6.843696
0.894926 1.060725 0.000000 0.000000 0.000000 0.000000 0.000000 0.000000 0.000000 6.846398 0.000000 6.846398
0.845181 1.086832 0.000000 0.000000 0.000000 0.000000 0.000000 0.000000 0.000000 6.845794 0.000000 6.845794
0.811421 1.112059 0.000000 0.000000 0.000000 0.000000 0.000000 0.000000 0.000000 6.830487 0.000000 6.830487
0.714478 1.141706 0.000000 0.000000 0.000000 0.000000 0.000000 0.000000 0.000000 6.825901 0.000000 6.825901
0.533781 1.179889 0.000000 0.000000 0.000000 0.000000 0.000000 0.000000 0.000000 6.847869 0.000000 6.847869
0.403622 1.227104 0.000000 0.000000 0.000000 0.000000 0.000000 0.000000 0.000000 6.848203 0.000000 6.848203
0.285290 1.283492 0.000000 0.000000 0.000000 0.000000 0.000000 0.000000 0.000000 6.850047 0.000000 6.850047
0.195679 1.354463 0.000000 0.000000 0.000000 0.000000 0.000000 0.000000 0.000000 6.857225 0.000000 6.857225
0.179042 1.463413 0.000000 0.000000 0.000000 0.000000 0.000000 0.000000 0.000000 6.849776 0.000000 6.849776
0.158913 1.543508 0.000000 0.000000 0.000000 0.000000 0.000000 0.000000 0.000000 6.842642 0.000000 6.842642
0.143043 1.599040 0.000000 0.000000 0.000000 0.000000 0.000000 0.000000 0.000000 6.830659 0.000000 6.830659
0.128957 1.689979 0.000000 0.000000 0.000000 0.000000 0.000000 0.000000 0.000000 6.831583 0.000000 6.831583
0.107893 1.786336 0.000000 0.000000 0.000000 0.000000 0.000000 0.000000 0.000000 6.845067 0.000000 6.845067
0.119681 1.883070 0.000000 0.000000 0.000000 0.000000 0.000000 0.000000 0.000000 6.842996 0.000000 6.842996
0.120985 1.978474 0.000000 0.000000 0.000000 0.000000 0.000000 0.000000 0.000000 6.842363 0.000000 6.842363
0.102730 2.069049 0.000000 0.000000 0.000000 0.000000 0.000000 0.000000 0.000000 6.847969 0.000000 6.847969
0.101724 2.161229 0.000000 0.000000 0.000000 0.000000 0.000000 0.000000 0.000000 6.844169 0.000000 6.844169
0.105747 2.258101 0.000000 0.000000 0.000000 0.000000 0.000000 0.000000 0.000000 6.845354 0.000000 6.845354
0.114148 2.352525 0.000000 0.000000 0.000000 0.000000 0.000000 0.000000 0.000000 6.840821 0.000000 6.840821
0.117312 2.440167 0.000000 0.000000 0.000000 0.000000 0.000000 0.000000 0.000000 6.829001 0.000000 6.829001
0.096271 2.524517 0.000000 0.000000 0.000000 0.000000 0.000000 0.000000 0.000000 6.833574 0.000000 6.833574
0.074944 2.608610 0.000000 0.000000 0.000000 0.000000 0.000000 0.000000 0.000000 6.840784 0.000000 6.840784
0.070412 2.697512 0.000000 0.000000 0.000000 0.000000 0.000000 0.000000 0.000000 6.836246 0.000000 6.836246
0.078741 2.810233 0.000000 0.000000 0.000000 0.000000 0.000000 0.000000 0.000000 6.827745 0.000000 6.827745
0.076005 2.903002 0.000000 0.000000 0.000000 0.000000 0.000000 0.000000 0.000000 6.823903 0.000000 6.823903
0.059505 2.979177 0.000000 0.000000 0.000000 0.000000 0.000000 0.000000 0.000000 6.827616 0.000000 6.827616
0.048021 3.074164 0.000000 0.000000 0.000000 0.000000 0.000000 0.000000 0.000000 6.833543 0.000000 6.833543
0.044770 3.170791 0.000000 0.000000 0.000000 0.000000 0.000000 0.000000 0.000000 6.835504 0.000000 6.835504
0.046027 3.265013 0.000000 0.000000 0.000000 0.000000 0.000000 0.000000 0.000000 6.834416 0.000000 6.834416
0.051482 3.358505 0.000000 0.000000 0.000000 0.000000 0.000000 0.000000 0.000000 6.827192 0.000000 6.827192
0.050594 3.453346 0.000000 0.000000 0.000000 0.000000 0.000000 0.000000 0.000000 6.825812 0.000000 6.825812
0.046150 3.546671 0.000000 0.000000 0.000000 0.000000 0.000000 0.000000 0.000000 6.828425 0.000000 6.828425
0.041450 3.639900 0.000000 0.000000 0.000000 0.000000 0.000000 0.000000 0.000000 6.832484 0.000000 6.832484
0.037999 3.727447 0.000000 0.000000 0.000000 0.000000 0.000000 0.000000 0.000000 6.834398 0.000000 6.834398
0.035211 3.815680 0.000000 0.000000 0.000000 0.000000 0.000000 0.000000 0.000000 6.835470 0.000000 6.835470
0.032666 3.908090 0.000000 0.000000 0.000000 0.000000 0.000000 0.000000 0.000000 6.838061 0.000000 6.838061
0.029695 3.997347 0.000000 0.000000 0.000000 0.000000 0.000000 3.997347 3.997347 6.841757 0.000000 6.841757
0.026440 4.081739 0.000000 -0.000447 0.000000 0.294544 0.000000 4.643957 4.500490 6.845081 7.687706 6.845081
0.027085 4.165586 -0.000043 0.001775 0.011442 0.176992 0.000847 3.721963 1439.584285 6.841358 4.619558 6.841358
0.022631 4.252411 0.000203 7.605494 0.054507 0.226831 -0.759866 4.837421 1296.211749 11.012174 5.920379 11.012174
0.019084 4.337492 -0.000084 6.845345 0.054507 0.419472 -0.597731 4.305719 1167.392493 10.864994 10.948378 10.864994
0.021569 4.435449 0.000176 6.162242 0.054507 0.351945 -0.472118 4.533205 1051.090760 10.697000 9.185908 10.697000
0.037548 4.586857 0.000094 5.545184 0.054507 0.363476 -0.249737 4.739040 946.549631 10.545217 9.486870 10.545217
0.058109 4.762758 0.000058 4.990312 0.054507 0.354981 0.306801 4.858257 852.447470 10.384940 9.265135 10.384940
0.068623 4.903212 0.000040 4.490942 0.054507 0.351199 -0.460230 5.020145 767.774013 10.217500 9.166436 10.217500
0.073907 5.029312 0.000014 4.041609 0.054507 0.344696 0.148598 5.112645 691.575542 10.043410 8.996699 10.043410
0.072931 5.161039 0.000008 3.637153 0.054507 0.335758 -1.654310 5.275439 623.009776 9.852103 8.763408 9.852103
0.078468 5.300079 -0.000017 3.273102 0.054507 0.323110 -1.371902 5.398511 561.317526 9.539517 8.433290 9.539517
0.087260 5.470826 -0.000028 2.945304 0.054507 0.309173 -1.114090 5.608665 505.812843 9.217523 8.069540 9.217523
0.080201 5.591337 -0.000062 2.650559 0.054507 0.291954 -0.701955 5.660481 455.873699 8.908985 7.620112 8.908985
0.058970 5.679699 -0.000047 2.385475 0.049320 0.273629 -0.124161 5.788267 410.947493 8.615287 7.141830 8.615287
0.039523 5.802884 -0.000052 2.146768 0.044627 0.249645 2.404447 5.921118 370.539573 8.442121 6.515832 8.442121
0.029333 5.926001 -0.000055 1.932004 0.040380 0.233457 2.116643 6.069191 334.217499 8.171298 6.093322 8.171298
0.020361 6.041538 -0.000052 1.738929 0.036537 0.219163 1.911753 6.169667 301.550154 7.865495 5.720245 7.865495
0.009721 6.147304 -0.000033 1.565272 0.033060 0.206649 1.731180 6.284530 272.164985 7.584941 5.393625 7.584941
0.000856 6.261839 -0.000019 1.408960 0.029914 0.196479 1.564243 6.402133 245.733117 7.309915 5.128192 7.309915
-0.005267 6.382698 -0.000005 1.268263 0.027067 0.187183 1.407723 6.524903 221.955828 7.075357 4.885548 7.075357
-0.010392 6.491129 0.000005 1.141698 0.024492 0.180850 1.267928 6.622448 200.567696 6.870343 4.720269 6.870343
-0.009808 6.618463 0.000021 1.027692 0.022161 0.177001 1.144803 6.770739 181.328237 6.702159 4.619798 6.702159
-0.010492 6.731032 0.000021 0.925150 0.020052 0.175944 1.038954 6.849834 164.019085 6.579774 4.592198 6.579774
-0.010247 6.833443 0.000039 0.832891 0.018144 0.176818 0.950138 6.964044 148.444235 6.396308 4.615028 6.396308
-0.004150 6.959940 0.000044 0.749693 0.016417 0.176875 0.876352 7.085455 134.424604 6.145207 4.616519 6.145207
-0.002514 7.074412 0.000042 0.674799 0.014855 0.174171 0.794866 7.176113 121.800119 5.973601 4.545929 5.973601
-0.001361 7.183941 0.000043 0.607325 0.013441 0.171264 0.709326 7.293434 110.441731 5.754384 4.470051 5.754384
0.001284 7.293945 0.000035 0.546556 0.012162 0.166619 0.635822 7.387221 100.219819 5.514324 4.348814 5.514324
0.002702 7.386861 0.000032 0.491901 0.011005 0.160747 0.562472 7.470848 91.020797 5.309921 4.195561 5.309921
0.001170 7.474370 0.000029 0.442693 0.009958 0.155508 0.493857 7.557763 82.746730 5.153282 4.058826 5.153282
-0.001083 7.562931 0.000024 0.398382 0.009010 0.149654 0.430423 7.646201 75.307486 4.973103 3.906021 4.973103
-0.002821 7.647528 0.000019 0.358515 0.008153 0.143038 0.386846 7.725746 68.618647 4.751438 3.733357 4.751438
-0.005233 7.729090 0.000017 0.322640 0.007377 0.134697 0.349091 7.805379 62.603306 4.701902 3.515638 4.602281
-0.006615 7.793091 0.000014 0.290427 0.006675 0.131518 0.322765 7.869036 57.208059 4.487156 3.432679 4.376491
-0.007888 7.855804 0.000018 0.261506 0.006040 0.126618 0.303649 7.921464 52.349079 4.358222 3.304783 4.202939
-0.007591 7.936800 0.000023 0.235330 0.006293 0.123135 0.275605 8.025239 47.984022 4.406951 3.213864 4.164116
-0.006907 8.006295 0.000013 0.211833 0.006293 0.125029 0.259005 8.077409 44.072517 4.350811 3.263295 4.097251
-0.006486 8.067740 0.000022 0.190781 0.006293 0.126148 0.259855 8.138639 40.550674 4.344684 3.292511 4.063162
-0.002905 8.139648 0.000025 0.171739 0.006594 0.128603 0.267832 8.216534 37.385650 4.166530 3.356576 3.930841
-0.000376 8.215082 0.000022 0.154568 0.006594 0.127301 0.274885 8.272485 34.527158 4.069170 3.322610 3.828223
0.000139 8.282495 0.000020 0.139064 0.006594 0.125255 0.256635 8.344484 31.956673 4.107581 3.269209 3.810066
0.001107 8.339560 0.000013 0.125142 0.006594 0.126497 0.240147 8.396241 29.655582 3.970432 3.301625 3.707813
0.000533 8.394770 0.000015 0.112656 0.006594 0.124018 0.219435 8.441952 27.577860 4.006545 3.236914 3.688058
-0.000108 8.439112 0.000014 0.101412 0.006594 0.124271 0.195065 8.492489 25.719634 3.850576 3.243512 3.570088
-0.002252 8.477792 0.000014 0.091361 0.006594 0.121003 0.176269 8.509930 24.039345 3.711914 3.158221 3.435486
-0.005649 8.510472 0.000020 0.082284 0.006594 0.115929 0.132291 8.550942 22.526493 3.678404 3.025781 3.352395
-0.005213 8.546096 0.000018 0.074079 0.006594 0.113848 0.084210 8.589409 21.175642 3.364607 2.971488 3.119222
-0.005862 8.582376 0.000019 0.066729 0.006594 0.106708 -0.015352 8.605174 19.944741 3.298940 2.785128 3.001518
-0.006416 8.615543 0.000020 0.060031 0.006594 0.103153 0.835525 8.660990 18.848973 2.630858 2.692327 2.538827
-0.008031 8.643526 0.000013 0.054076 0.005967 0.086390 0.737598 8.625109 17.823984 2.008205 2.254816 1.993087
-0.012628 8.667190 0.000021 0.048520 0.005593 0.064587 0.646838 8.683023 16.890473 1.718823 1.685734 1.611349
0.005257 8.853652 -0.000002 0.042585 0.005593 0.049600 0.573287 8.992547 16.089183 1.125128 1.294579 1.100685
0.000839 8.839124 -0.000088 0.038416 0.023718 0.031316 0.519739 8.704133 15.351925 0.623257 0.817349 0.617759
-0.017037 8.696654 -0.000002 0.035265 0.023718 0.013464 0.456119 8.676636 14.672364 -0.004027 0.351411 0.060335
-0.012817 8.736356 0.000002 0.031454 0.023718 -0.005539 0.415857 8.758431 14.053062 -0.863706 -0.144574 -0.647429
-0.012435 8.765973 -0.000029 0.028015 0.023718 -0.031655 0.314086 8.720009 13.472355 -1.386760 -0.826219 -1.207107
-0.012286 8.776983 -0.000030 0.024880 0.023718 -0.052823 0.129333 8.782032 12.962287 -2.123866 -1.378700 -1.855403
-0.014108 8.781842 -0.000056 0.022151 0.023718 -0.077227 -0.343976 8.727809 12.490362 -2.679219 -2.015656 -2.419227
-0.018956 8.786044 -0.000050 0.019628 0.023718 -0.100631 -0.069908 8.784651 12.071951 -2.891649 -2.626503 -2.763533
-0.023468 8.764695 -0.000075 0.017524 0.023718 -0.115549 0.859718 8.729559 11.722053 -3.520319 -3.015882 -3.295980
-0.024567 8.748224 -0.000058 0.015758 0.023718 -0.135653 0.727919 8.726683 11.388196 -4.119315 -3.540592 -3.853933
-0.029935 8.691272 -0.000062 0.014290 0.023718 -0.155705 0.588347 8.621097 11.076658 -4.490133 -4.063959 -4.265565
-0.037570 8.613986 -0.000038 0.013049 0.023718 -0.169748 0.429641 8.577482 10.799576 -4.936872 -4.430491 -4.674263
-0.040472 8.581672 -0.000031 0.011752 0.021461 -0.183942 0.241322 8.548409 10.541171 -5.335570 -4.800958 -5.051467
-0.036994 8.615849 -0.000030 0.010202 0.019419 -0.197590 -0.008227 8.631144 10.309983 -5.486735 -5.157170 -5.263518
-0.046299 8.540640 -0.000061 0.009375 0.017571 -0.207083 4.263968 8.444408 10.109219 -5.536033 -5.404951 -5.375849
-0.063436 8.383972 -0.000010 0.009142 0.015899 -0.211499 3.836416 8.326145 9.927216 -5.794346 -5.520207 -5.589974
-0.070578 8.294868 0.000022 0.008649 0.014386 -0.218888 3.459220 8.250024 9.744159 -6.258689 -5.713056 -5.967930
-0.069112 8.294902 0.000035 0.007679 0.013017 -0.231915 3.123681 8.291352 9.559781 -6.654043 -6.053063 -6.334152
-0.079260 8.212835 0.000009 0.007137 0.011778 -0.246646 2.822625 8.106566 9.381631 -6.987536 -6.437557 -6.669174
-0.091724 8.086755 0.000048 0.006861 0.012954 -0.260602 2.552824 8.031138 9.212376 -7.457882 -6.801827 -7.099689
-0.090872 8.067642 0.000054 0.006066 0.014407 -0.276341 2.314990 8.049407 9.050466 -7.652935 -7.212618 -7.338910
-0.092257 8.029394 0.000030 0.005410 0.014407 -0.284232 2.102578 7.981546 8.916521 -7.618255 -7.418558 -7.362194
-0.092951 7.973394 0.000037 0.004997 0.014407 -0.282578 1.917315 7.952433 8.807769 -7.825284 -7.375390 -7.506815
-0.090854 7.915751 0.000038 0.004727 0.014407 -0.283998 1.756809 7.853875 8.686037 -7.923757 -7.412465 -7.583281
-0.088554 7.846109 0.000053 0.004451 0.014407 -0.281391 1.608533 7.802926 8.565074 -7.890581 -7.344411 -7.533189
-0.084571 7.780028 0.000052 0.004160 0.014407 -0.273496 1.468010 7.722219 8.447078 -7.944954 -7.138365 -7.513802
-0.077695 7.714087 0.000058 0.003884 0.015670 -0.266638 1.329878 7.649261 8.315457 -8.011715 -6.959365 -7.501750
-0.072122 7.645154 0.000057 0.003552 0.015670 -0.260357 1.184384 7.565777 8.172335 -7.826783 -6.795431 -7.296150
-0.069641 7.561803 0.000053 0.003235 0.015670 -0.249337 1.025759 7.484051 8.036708 -7.558619 -6.507788 -6.999478
-0.064875 7.464905 0.000050 0.003030 0.015670 -0.235161 0.871825 7.373606 7.903546 -7.448411 -6.137789 -6.805196
-0.061014 7.366809 0.000055 0.002844 0.015670 -0.224765 0.714510 7.266605 7.755106 -7.134995 -5.866448 -6.469529
-0.058895 7.271225 0.000053 0.002564 0.015670 -0.211168 0.534692 7.183196 7.614993 -6.819665 -5.511566 -6.116855
-0.054568 7.180614 0.000046 0.002302 0.015670 -0.197686 0.341847 7.083963 7.476971 -6.566024 -5.159687 -5.813581
-0.053650 7.081693 0.000043 0.002094 0.015670 -0.187037 0.089148 6.978190 7.335756 -6.025906 -4.881748 -5.295180
-0.050842 6.990215 0.000040 0.001831 0.015670 -0.168955 -0.655921 6.917106 7.218472 -5.589681 -4.409790 -4.832352
-0.044921 6.913229 0.000030 0.001617 0.015670 -0.151952 -0.533824 6.824814 7.102634 -5.254304 -3.966016 -4.456299
-0.043576 6.830590 0.000029 0.001441 0.015670 -0.139748 -0.424435 6.742059 6.982278 -4.699159 -3.647490 -3.920627
-0.043299 6.742878 0.000024 0.001269 0.014179 -0.122489 -0.343455 6.667490 6.882295 -4.242175 -3.197014 -3.451747
-0.043193 6.666194 0.000021 0.001145 0.012829 -0.108051 -0.329668 6.589586 6.785113 -3.771689 -2.820177 -2.984218
-0.040658 6.599948 0.000020 0.000981 0.011609 -0.094106 -0.348893 6.539437 6.697796 -3.310476 -2.456203 -2.530259
-0.038929 6.529994 0.000012 0.000889 0.010504 -0.078884 -0.398719 6.460670 6.619246 -2.987041 -2.058895 -2.192408
-0.036318 6.462975 0.000016 0.000828 0.009504 -0.068503 -0.424556 6.397707 6.536508 -2.712947 -1.787959 -1.912400
-0.028598 6.417755 0.000013 0.000629 0.008600 -0.058080 -0.437018 6.366911 6.457750 -2.517083 -1.515906 -1.699813
-0.023174 6.378728 0.000002 0.000419 0.007781 -0.050744 -0.407577 6.315790 6.377456 -2.267251 -1.324431 -1.449467
-0.017988 6.334955 -0.000004 0.000225 0.007041 -0.042756 -0.348793 6.282115 6.305034 -2.040046 -1.115950 -1.218927
-0.010729 6.315296 -0.000013 -0.000054 0.006371 -0.035322 -0.269963 6.275023 6.239242 -1.778662 -0.921918 -0.962309
-0.006085 6.291291 -0.000029 -0.000276 0.007772 -0.028420 -0.160541 6.242357 6.182498 -1.459735 -0.741767 -0.661484
-0.004770 6.252203 -0.000034 -0.000369 0.009238 -0.019916 0.028185 6.208166 6.137555 -1.214931 -0.519822 -0.423705
-0.006121 6.215716 -0.000036 -0.000414 0.009694 -0.014671 -1.056007 6.171496 6.095110 -1.027082 -0.382909 -0.247252
-0.008213 6.183312 -0.000036 -0.000467 0.009795 -0.012831 -0.927569 6.146187 6.057352 -0.914267 -0.334897 -0.149159
-0.012052 6.155027 -0.000039 -0.000518 0.010464 -0.014298 -0.816378 6.120207 6.025228 -0.793697 -0.373172 -0.056507
-0.017691 6.117278 -0.000040 -0.000488 0.010667 -0.016022 -0.719004 6.084529 6.004026 0.649972 -0.418192 1.208978
-0.019139 6.088685 -0.000034 -0.000449 0.010667 0.031966 -0.644515 6.169245 6.089727 0.842368 0.834331 1.434207
-0.021421 6.075354 -0.000033 0.000076 0.010667 0.039350 -0.575299 6.000823 6.088871 1.176955 1.027045 1.726040
-0.023109 6.072457 0.000017 0.000087 0.010667 0.048315 -0.507323 6.140604 6.098069 1.563871 1.261031 2.064682
-0.025947 6.080017 -0.000020 0.000096 0.010667 0.059681 -0.464981 6.053445 6.118161 1.881632 1.557708 2.342138
-0.027010 6.097014 0.000012 0.000112 0.010667 0.067087 -0.451149 6.155291 6.139468 2.140181 1.750992 2.556935
-0.017878 6.125932 -0.000011 0.000072 0.010667 0.075913 -0.477858 6.130586 6.166256 2.256486 1.981372 2.647484
-0.015942 6.167453 0.000005 -0.000006 0.010667 0.081722 -0.477753 6.216840 6.186268 2.577781 2.132965 2.916971
-0.009502 6.218146 -0.000014 -0.000169 0.010667 0.090446 -0.444225 6.251355 6.221619 2.640491 2.360666 2.964002
-0.004282 6.276666 -0.000014 -0.000292 0.010667 0.093981 -0.433063 6.317148 6.247357 2.761489 2.452953 3.052139
-0.013285 6.328849 -0.000025 -0.000432 0.010667 0.092268 -0.345993 6.360520 6.277815 3.407406 2.408237 3.570644
-0.015384 6.378978 -0.000029 -0.000536 0.009651 0.106530 -0.348918 6.465991 6.360178 3.584972 2.780462 3.721685
-0.018374 6.437757 -0.000035 -0.000411 0.009453 0.109393 -0.463164 6.473341 6.426107 3.741077 2.855192 3.820494
-0.015059 6.501942 -0.000018 -0.000402 0.009453 0.110557 -0.533728 6.588878 6.497746 3.781883 2.885569 3.813619
-0.009162 6.575225 -0.000030 -0.000411 0.009453 0.113495 -0.584461 6.629112 6.570303 3.711295 2.962255 3.725157
-0.005781 6.651117 -0.000021 -0.000428 0.009453 0.111473 -0.562446 6.722881 6.632545 3.726590 2.909490 3.691135
0.000546 6.726187 -0.000030 -0.000496 0.009453 0.113316 -0.507823 6.787913 6.700991 3.596897 2.957591 3.560502
0.001089 6.803758 -0.000029 -0.000545 0.009453 0.109887 -0.398490 6.862660 6.757494 3.732882 2.868092 3.619814
0.002241 6.881111 -0.000034 -0.000655 0.009453 0.111694 -0.245543 6.958402 6.832386 3.866187 2.915246 3.698312
0.003171 6.955236 -0.000040 -0.000651 0.010726 0.114974 -0.065164 7.021463 6.913430 3.952897 3.000854 3.747482
0.000656 7.029391 -0.000034 -0.000614 0.010726 0.115879 0.525521 7.104572 6.993865 4.150939 3.024499 3.868409
0.002108 7.111093 -0.000035 -0.000621 0.010726 0.119638 0.431834 7.197759 7.087037 4.249944 3.122599 3.927006
0.004380 7.192147 -0.000035 -0.000557 0.010726 0.122951 0.384556 7.269171 7.179062 4.182905 3.209067 3.860462
0.004970 7.269568 -0.000029 -0.000480 0.010726 0.121312 0.348588 7.340301 7.258528 4.238508 3.166279 3.859437
0.008194 7.359345 -0.000026 -0.000534 0.010726 0.122622 0.315666 7.452110 7.346139 4.266347 3.200479 3.855966
0.008516 7.453413 -0.000033 -0.000568 0.010726 0.123448 0.284846 7.531524 7.433935 4.356339 3.222032 3.895859
0.007421 7.544175 -0.000031 -0.000584 0.010726 0.124115 0.261817 7.636314 7.526977 4.298285 3.239454 3.827262
0.005784 7.634603 -0.000034 -0.000570 0.010726 0.120642 0.262503 7.709795 7.614300 4.219088 3.148799 3.716694
0.002678 7.722186 -0.000030 -0.000572 0.010726 0.114857 0.255864 7.809488 7.702478 4.170078 2.997817 3.609515
0.020657 7.968223 -0.000034 -0.001408 0.010726 0.109159 0.263382 8.179973 7.813814 4.044574 2.849081 3.447580
0.015553 8.021655 -0.000110 -0.001101 0.029704 0.103220 0.280541 7.981442 7.921040 3.885553 2.694084 3.261356
-0.005148 7.939150 -0.000020 -0.000096 0.029704 0.098223 0.274971 7.991467 8.009002 3.747005 2.563665 3.098417
-0.003795 8.036549 0.000003 -0.000146 0.029704 0.093934 0.232412 8.158179 8.097320 3.557428 2.451721 2.909125
-0.002312 8.133846 -0.000020 -0.000194 0.029704 0.088424 0.136252 8.194329 8.180923 3.426291 2.307906 2.751888
-0.001213 8.224546 -0.000006 -0.000231 0.029704 0.084331 -0.026365 8.329586 8.266152 3.300783 2.201066 2.611747
0.001105 8.307432 -0.000020 -0.000219 0.029704 0.080896 0.783100 8.369225 8.349797 3.061759 2.111420 2.406226
0.012099 8.453067 -0.000007 -0.000547 0.029704 0.075990 0.674275 8.588857 8.428840 2.709679 1.983358 2.120588
0.010607 8.500100 -0.000049 -0.000378 0.029704 0.067944 0.522278 8.481613 8.488483 2.509157 1.773369 1.910087
0.002203 8.477834 0.000001 0.000056 0.029704 0.062611 0.297024 8.528013 8.540621 2.095276 1.634179 1.590636
-0.000462 8.539642 0.000002 0.000005 0.029704 0.051878 -0.151455 8.582286 8.573863 1.995857 1.354048 1.425860
-0.005040 8.600566 -0.000004 -0.000141 0.029704 0.043736 0.871341 8.661596 8.622940 1.973656 1.141526 1.328922
-0.008718 8.658656 -0.000013 -0.000189 0.026877 0.038672 0.644074 8.716472 8.686680 1.762226 1.009350 1.138417
-0.011970 8.727607 -0.000010 -0.000217 0.024320 0.029647 0.442368 8.790953 8.745211 1.766106 0.773794 1.045285
-0.013142 8.803541 -0.000015 -0.000309 0.022005 0.025121 0.276038 8.885363 8.822795 1.609746 0.655677 0.890688
-0.015897 8.872049 -0.000020 -0.000261 0.019911 0.018901 0.164104 8.930384 8.896706 1.560947 0.493333 0.786737
-0.020109 8.932042 -0.000011 -0.000187 0.018016 0.014469 0.110368 9.010564 8.977435 1.607654 0.377634 0.756351
-0.022767 8.994084 -0.000011 -0.000088 0.016302 0.013443 0.242884 9.069839 9.068038 1.634766 0.350865 0.744349
-0.023475 9.062378 -0.000001 0.000030 0.014751 0.014036 0.356009 9.149244 9.160307 1.579094 0.366357 0.698076
-0.021475 9.138649 0.000002 0.000115 0.013347 0.014285 0.434059 9.217862 9.245830 1.470290 0.372841 0.619782
-0.018263 9.213085 0.000008 0.000174 0.012077 0.014327 0.478087 9.288616 9.321908 1.351150 0.373944 0.537993
-0.013210 9.286737 0.000009 0.000186 0.010927 0.014835 0.488336 9.355891 9.389049 1.161910 0.387204 0.425206
-0.007510 9.351894 0.000009 0.000197 0.009888 0.014849 0.468992 9.404712 9.441350 0.968073 0.387574 0.311810
-0.003400 9.408453 0.000010 0.000174 0.008947 0.014416 0.417058 9.453419 9.480034 0.816324 0.376263 0.223965
-0.001847 9.462362 0.000008 0.000094 0.008095 0.013306 0.333940 9.501336 9.510086 0.793485 0.347302 0.205725
-0.002316 9.510371 0.000002 -0.000002 0.007325 0.012746 0.229372 9.549860 9.542377 0.884519 0.332674 0.257424
-0.003008 9.545983 -0.000002 -0.000019 0.006628 0.014137 0.118540 9.582783 9.582639 0.932914 0.368977 0.304109
-0.003124 9.568886 -0.000000 0.000073 0.005997 0.015914 -0.003414 9.598544 9.622040 0.870573 0.415349 0.292589
-0.003678 9.588839 0.000007 0.000176 0.005426 0.015693 1.473156 9.613990 9.651636 0.789374 0.409581 0.250420
-0.006557 9.600467 0.000011 0.000271 0.004910 0.014118 1.322169 9.617109 9.673980 0.688630 0.368487 0.183441
-0.011634 9.608171 0.000017 0.000349 0.004518 0.010538 1.186721 9.624169 9.690548 0.683651 0.275044 0.148654
-0.018094 9.626996 0.000020 0.000337 0.005300 0.006758 1.065371 9.658802 9.713738 0.914598 0.176397 0.242590
-0.019842 9.692813 0.000016 0.000111 0.005300 0.007142 0.959279 9.773398 9.765022 1.142774 0.186411 0.372321
-0.024277 9.708726 -0.000002 0.000298 0.005300 0.010134 0.872969 9.726140 9.828544 1.085933 0.264496 0.365342
-0.029397 9.693207 0.000031 0.000717 0.008208 0.009789 0.801337 9.726256 9.874405 0.921953 0.255501 0.263402
-0.008655 9.921672 0.000044 -0.000250 0.011892 0.007223 0.747322 10.126193 9.927321 0.800098 0.188533 0.166199
-0.008854 9.937736 -0.000059 -0.000055 0.015736 0.005934 0.702225 9.831191 9.972583 0.649848 0.154875 0.070268
-0.023905 9.789863 0.000042 0.000968 0.015736 0.005075 0.644290 9.792589 9.990100 0.408835 0.132449 -0.070525
-0.018158 9.856215 0.000059 0.000709 0.015841 0.002433 0.564159 9.927100 9.996696 0.612354 0.063505 0.020846
-0.013760 9.919139 0.000021 0.000411 0.015841 0.007587 0.454601 9.952455 10.028626 0.977949 0.198028 0.283786
0.009756 10.141521 0.000023 -0.000598 0.015841 0.019248 0.347758 10.349168 10.096309 0.848491 0.502383 0.352922
0.008837 10.153720 -0.000074 -0.000304 0.019987 0.023688 0.236671 10.022387 10.127076 1.173001 0.618266 0.586842
-0.007506 10.021715 0.000031 0.000558 0.019987 0.031918 0.025533 10.061288 10.156651 1.193885 0.833078 0.698828
-0.003297 10.083087 0.000029 0.000390 0.019987 0.035753 -0.834407 10.126615 10.175383 0.785332 0.933179 0.534506
-0.004763 10.122818 0.000015 0.000279 0.019987 0.027161 -0.718111 10.109091 10.159436 1.154807 0.708915 0.644565
-0.004768 10.164714 0.000015 -0.000028 0.019987 0.028913 -0.611281 10.241453 10.192205 1.033154 0.754652 0.604830
-0.006966 10.196452 -0.000014 -0.000023 0.019987 0.025457 -0.531719 10.180588 10.212767 1.080544 0.664443 0.594469
-0.013168 10.208811 0.000010 0.000021 0.019987 0.022161 -0.452895 10.261476 10.242458 1.300820 0.578417 0.674458
-0.017759 10.234437 -0.000005 0.000043 0.019987 0.022671 -0.405956 10.265040 10.293891 1.246692 0.591734 0.647303
-0.023456 10.260072 0.000009 0.000179 0.019987 0.019091 -0.389109 10.303456 10.337867 1.490355 0.498274 0.731231
-0.023805 10.303919 0.000011 0.000180 0.019987 0.020882 -0.409318 10.376024 10.406206 1.314879 0.545025 0.648675
-0.020261 10.361073 0.000009 0.000239 0.019987 0.019144 -0.459071 10.404777 10.457358 0.986450 0.499654 0.449168
-0.018423 10.402021 0.000016 0.000293 0.018085 0.013634 -0.453364 10.435015 10.487023 0.900527 0.355844 0.338097
-0.016560 10.433383 0.000016 0.000284 0.016364 0.012119 -0.400947 10.471463 10.521043 0.713625 0.316317 0.222562
-0.015089 10.483378 0.000015 0.000200 0.014807 0.009745 -0.302490 10.521639 10.546005 0.959649 0.254356 0.324669
-0.014706 10.529346 0.000008 0.000088 0.013397 0.014279 -0.154813 10.586508 10.595336 1.260308 0.372688 0.533688
-0.013375 10.584328 0.000003 0.000058 0.012123 0.022601 0.034176 10.646764 10.658416 1.539234 0.589883 0.774847
-0.011063 10.648044 0.000004 0.000055 0.010969 0.031850 -0.451744 10.717712 10.726023 1.797896 0.831287 1.016212
-0.007118 10.705964 0.000003 0.000106 0.009925 0.041679 -0.399774 10.766459 10.793910 1.719271 1.087837 1.095239
-0.001808 10.769252 0.000009 0.000131 0.008981 0.046051 -0.367233 10.817144 10.837101 1.688969 1.201937 1.137111
0.003370 10.831554 0.000006 0.000029 0.008126 0.049159 -0.328808 10.878298 10.871762 1.683759 1.283058 1.178528
0.005848 10.894493 -0.000002 -0.000120 0.007353 0.051483 -0.273182 10.936423 10.903008 1.857623 1.343723 1.300094
0.002486 10.936682 -0.000010 -0.000178 0.006653 0.054449 -0.198733 10.974048 10.943534 2.350750 1.421153 1.583485
-0.002679 10.970633 -0.000009 -0.000144 0.006020 0.062106 -0.132287 11.035117 11.013460 2.508854 1.620985 1.755180
-0.008231 11.004187 -0.000006 0.000049 0.005447 0.065090 -0.109568 11.043641 11.076731 2.846574 1.698881 1.954072
-0.011302 11.031069 0.000010 0.000242 0.004929 0.070204 -0.149874 11.103996 11.155151 2.808798 1.832356 1.991379
-0.010731 11.074520 0.000015 0.000427 0.004460 0.071722 -0.205109 11.121542 11.217691 2.544837 1.871966 1.875154
-0.009923 11.132840 0.000029 0.000450 0.007730 0.067941 -0.223786 11.190532 11.257859 2.464128 1.773275 1.785041
-0.009827 11.181945 0.000020 0.000402 0.007730 0.065306 -0.241230 11.225028 11.300221 2.183354 1.704508 1.613258
-0.009491 11.223888 0.000023 0.000404 0.007730 0.059532 -0.234156 11.257599 11.327211 2.085843 1.553815 1.492507
-0.007301 11.270374 0.000021 0.000301 0.007730 0.056352 -0.203418 11.319064 11.359996 2.191289 1.470806 1.502546
-0.004842 11.323157 0.000013 0.000195 0.007730 0.058702 -0.146630 11.378527 11.408408 0.013517 1.532134 0.499141
0.038053 11.867440 0.000009 -0.002432 0.007730 0.019523 -0.056959 12.148764 11.344505 0.902796 0.509556 0.421854
0.029589 11.795586 -0.000238 -0.002390 0.064003 0.017093 0.164690 11.541476 11.418047 0.504936 0.446127 0.206272
-0.015510 11.302918 -0.000037 0.000610 0.064003 0.009449 -1.048699 11.116323 11.410786 0.202739 0.246622 -0.031191
-0.013229 11.367132 0.000087 0.000231 0.064003 -0.000220 -0.725767 11.564606 11.403248 -0.313541 -0.005751 -0.396225
-0.012852 11.431754 -0.000048 -0.000151 0.064003 -0.015493 -0.315233 11.303218 11.383843 -0.707626 -0.404375 -0.774103
-0.016084 11.468126 0.000023 -0.000447 0.064003 -0.032845 0.552118 11.578125 11.370345 -0.761120 -0.857256 -1.019989
-0.019585 11.494513 -0.000062 -0.000658 0.064003 -0.044344 0.080874 11.434575 11.389713 -0.726382 -1.157399 -1.153383
-0.023242 11.519831 -0.000014 -0.000689 0.064003 -0.050590 -2.016918 11.619202 11.433890 -0.544789 -1.320428 -1.152725
-0.021433 11.550722 -0.000056 -0.000619 0.064003 -0.050482 -1.774611 11.552022 11.501657 -0.729533 -1.317591 -1.246671
-0.017852 11.586578 -0.000016 -0.000450 0.064003 -0.050987 -1.587421 11.656744 11.552670 -0.732222 -1.330787 -1.258304
-0.019310 11.608009 -0.000032 -0.000293 0.064003 -0.049133 -1.397979 11.612302 11.601484 -0.330035 -1.282380 -1.047064
-0.018091 11.637269 -0.000004 -0.000190 0.064003 -0.039574 -1.234463 11.726104 11.673923 -0.759185 -1.032906 -1.126568
-0.018439 11.653099 -0.000016 0.000110 0.057912 -0.041180 -1.105050 11.614487 11.691632 -0.759309 -1.074817 -1.144471
-0.019127 11.649901 0.000022 0.000221 0.052401 -0.041260 -0.967892 11.701047 11.710273 -0.693572 -1.076911 -1.111487
-0.017021 11.655872 0.000002 0.000288 0.047415 -0.037788 -0.863532 11.647451 11.732551 -1.040822 -0.986279 -1.223701
-0.017365 11.655492 0.000025 0.000408 0.042902 -0.040810 -0.738327 11.657981 11.720901 -0.954706 -1.065147 -1.214185
-0.018076 11.648221 0.000018 0.000385 0.038820 -0.039741 -0.602625 11.648398 11.721619 -1.092581 -1.037252 -1.256743
-0.020099 11.634310 0.000021 0.000463 0.035126 -0.041329 -0.466554 11.619039 11.708887 -1.159211 -1.078700 -1.299558
-0.023890 11.606540 0.000027 0.000542 0.031783 -0.043810 -0.323751 11.590719 11.692831 -1.066464 -1.143464 -1.279413
-0.023570 11.597012 0.000030 0.000508 0.028758 -0.043413 -0.198517 11.607615 11.688817 -1.483896 -1.133099 -1.464719
-0.021754 11.601665 0.000024 0.000462 0.026022 -0.049943 -0.072169 11.571540 11.654737 -1.588163 -1.303529 -1.588164
-0.019510 11.601988 0.000025 0.000280 0.023545 -0.054183 0.428377 11.605766 11.628881 -1.549960 -1.414191 -1.615251
-0.014925 11.605471 0.000007 0.000124 0.021305 -0.053238 0.314830 11.595418 11.616723 -1.698165 -1.389537 -1.661927
-0.011509 11.601657 0.000007 0.000080 0.019277 -0.053010 0.174746 11.584332 11.592900 -1.439529 -1.383571 -1.525101
-0.006420 11.603409 0.000003 -0.000056 0.017443 -0.045772 -0.019063 11.614625 11.589905 -12.728407 -1.194671 -6.656417
-0.004198 11.600777 -0.000007 -0.000058 0.015783 -0.250894 1.273873 10.755733 10.757027 -7.211215 -6.548435 -6.714891
-0.005686 11.586472 0.000001 -0.004395 0.014281 -0.254241 1.117418 12.203139 10.792048 -7.042906 -6.635782 -6.675573
-0.011627 11.501136 -0.000418 -0.003757 0.112479 -0.254294 1.005209 10.910096 10.833519 -7.266968 -6.637161 -6.779875
-0.023576 11.340542 -0.000025 -0.002687 0.112479 -0.259637 0.623121 11.639360 10.838683 -7.448222 -6.776630 -6.932739
-0.034381 11.193936 -0.000239 -0.001882 0.112479 -0.266534 0.135018 10.789036 10.825647 -7.638955 -6.956649 -7.110627
-0.044990 11.072922 0.000008 -0.001310 0.112479 -0.274145 -2.031334 11.250696 10.801040 -7.884901 -7.155306 -7.325880
-0.065799 10.972367 -0.000136 -0.000908 0.112479 -0.287881 -1.661367 10.696949 10.765418 -7.047342 -7.513805 -7.051916
-0.089990 10.892275 0.000018 -0.000672 0.112479 -0.288558 -1.393940 11.082265 10.811832 -6.585423 -7.531467 -6.832688
-0.102049 10.816610 -0.000083 -0.000025 0.112479 -0.288828 -1.585279 10.672492 10.880715 -7.529154 -7.538522 -7.389025
-0.106750 10.759532 0.000059 0.000642 0.112479 -0.311172 -2.046138 10.829841 10.869274 -7.894316 -8.121704 -7.857948
-0.104008 10.761122 0.000010 0.000573 0.112479 -0.325250 -2.360930 10.722588 10.874900 -9.183076 -8.489163 -8.749236
-0.105043 10.778932 0.000043 0.000509 0.112479 -0.354234 -2.520820 10.773833 10.815129 -9.963237 -9.245656 -9.506472
-0.108975 10.776047 0.000011 0.000207 0.112479 -0.382993 -2.437026 10.725932 10.759335 -9.812792 -9.996262 -9.742536
-0.109313 10.757416 0.000009 0.000010 0.101775 -0.388752 -2.287955 10.795869 10.772409 -10.122657 -10.146575 -9.994032
-0.109492 10.740093 -0.000008 0.000171 0.092090 -0.394860 -2.083707 10.697201 10.770907 -9.872651 -10.306005 -9.931665
-0.106981 10.713599 0.000021 0.000304 0.083326 -0.387177 -1.872964 10.758051 10.796510 -10.320776 -10.105471 -10.111726
-0.107426 10.697411 0.000011 0.000525 0.075397 -0.389452 -1.660637 10.633331 10.771033 -10.590909 -10.164854 -10.288912
-0.109050 10.680188 0.000040 0.000481 0.068222 -0.395668 -1.421816 10.686867 10.731142 -10.643109 -10.327093 -10.383367
-0.108017 10.651290 0.000013 0.000423 0.061730 -0.397852 -1.218451 10.599979 10.700306 -10.738445 -10.384104 -10.459283
-0.108414 10.609645 0.000029 0.000480 0.055855 -0.398886 -1.033475 10.591757 10.665619 -10.538814 -10.411080 -10.354499
-0.109284 10.562753 0.000022 0.000545 0.050540 -0.393053 -0.875905 10.530313 10.646096 -10.535707 -10.258845 -10.289770
-0.111091 10.527376 0.000034 0.000629 0.045730 -0.389792 -0.740431 10.505007 10.614205 -10.386757 -10.173729 -10.166682
-0.117091 10.489461 0.000033 0.000661 0.041379 -0.386973 -0.620429 10.461620 10.586328 -9.942039 -10.100157 -9.879016
-0.121733 10.450316 0.000037 0.000721 0.037441 -0.379279 -0.581329 10.452706 10.584160 -9.842659 -9.899320 -9.747856
-0.122581 10.416839 0.000039 0.000887 0.033878 -0.375419 -0.668609 10.392242 10.571524 -9.942904 -9.798577 -9.771988
-0.122538 10.387019 0.000054 0.000978 0.030654 -0.375795 -0.755931 10.372404 10.542638 -10.195187 -9.808411 -9.925423
-0.125256 10.343210 0.000051 0.001057 0.027737 -0.380931 -0.799267 10.291888 10.494729 -10.442330 -9.942452 -10.120779
-0.129415 10.297733 0.000061 0.001044 0.025097 -0.389216 -0.783250 10.266265 10.438885 -10.311501 -10.158700 -10.121387
-0.133440 10.255132 0.000052 0.000974 0.022709 -0.390108 -0.742482 10.235177 10.409461 -9.949512 -10.181985 -9.914474
-0.138092 10.202697 0.000053 0.001096 0.020548 -0.382818 -0.702766 10.193523 10.405594 -9.477421 -9.991701 -9.565460
-0.140333 10.161120 0.000064 0.001295 0.018593 -0.368933 -0.684269 10.172384 10.418332 -9.327649 -9.629303 -9.353601
-0.142698 10.131371 0.000075 0.001521 0.020042 -0.359939 -0.676823 10.120373 10.411448 -9.181195 -9.394555 -9.186375
-0.145454 10.108853 0.000088 0.001603 0.023694 -0.353852 -0.669764 10.115065 10.396616 -9.065179 -9.235686 -9.063962
-0.146905 10.093474 0.000086 0.001606 0.023694 -0.349514 -0.676619 10.088531 10.378630 -9.042178 -9.122466 -9.014982
-0.147671 10.075608 0.000088 0.001606 0.023738 -0.347600 -0.682418 10.071075 10.354134 -9.057692 -9.072487 -9.010928
-0.144452 10.071210 0.000086 0.001499 0.023738 -0.345916 -0.686103 10.072388 10.326911 -9.373287 -9.028544 -9.193185
-0.141703 10.074046 0.000078 0.001340 0.023738 -0.350272 -0.656324 10.050445 10.276697 -9.215472 -9.142227 -9.131018
-0.143999 10.066749 0.000070 0.001112 0.023738 -0.347514 -0.568087 10.074495 10.250406 -8.456361 -9.070244 -8.632907
-0.144780 10.051263 0.000055 0.001055 0.023738 -0.329025 -0.486355 10.077065 10.274880 -8.270402 -8.587681 -8.355794
-0.143031 10.047942 0.000061 0.001202 0.023738 -0.317608 -0.456003 10.047586 10.275127 -8.132941 -8.289686 -8.168596
-0.141874 10.047708 0.000070 0.001205 0.023738 -0.309896 -0.419371 10.059139 10.263719 -7.723682 -8.088404 -7.844016
-0.138452 10.046440 0.000064 0.001151 0.023738 -0.295926 -0.396329 10.062653 10.268363 -7.905789 -7.723775 -7.829008
-0.136278 10.040548 0.000064 0.001207 0.023738 -0.293462 -0.361517 10.009703 10.232421 -8.042327 -7.659478 -7.883613
-0.135541 10.032029 0.000069 0.001062 0.023738 -0.295359 -0.249169 10.022207 10.184699 -8.083713 -7.708986 -7.917437
-0.136054 10.019587 0.000051 0.000875 0.023738 -0.297202 -0.033178 9.990395 10.141093 -7.975106 -7.757086 -7.858746
-0.138209 10.007867 0.000048 0.000706 0.021479 -0.297447 1.931813 10.006080 10.112006 -7.560437 -7.763496 -7.599082
-0.119787 10.215772 0.000034 -0.000550 0.019435 -0.289452 1.715253 10.398208 10.137065 -7.606116 -7.554806 -7.549582
-0.124060 10.151482 -0.000075 -0.000076 0.020101 -0.288116 1.532208 9.950391 10.134797 -7.824365 -7.519933 -7.667270
-0.145394 9.913467 0.000057 0.001173 0.020101 -0.293897 1.358512 9.861915 10.090651 -7.705351 -7.670838 -7.640688
-0.144565 9.928886 0.000070 0.000857 0.020101 -0.294290 1.199296 9.979966 10.071979 -7.703563 -7.681085 -7.644789
-0.142933 9.940768 0.000030 0.000695 0.020101 -0.294888 1.062860 9.907785 10.057233 -7.701675 -7.696697 -7.651139
-0.140410 9.952613 0.000047 0.000554 0.020101 -0.294764 0.939274 9.988116 10.046411 -7.550354 -7.693464 -7.557456
-0.137574 9.966326 0.000019 0.000424 0.020101 -0.289659 0.830132 9.959243 10.048750 -7.414827 -7.560222 -7.429268
-0.136725 9.977879 0.000029 0.000376 0.020101 -0.283930 0.726439 10.003300 10.052176 -7.232433 -7.410687 -7.265558
-0.135382 10.003103 0.000016 0.000260 0.020101 -0.278079 0.636409 10.015835 10.060158 -7.133837 -7.257962 -7.153231
-0.133543 10.019935 0.000015 0.000213 0.020101 -0.274374 0.568657 10.032190 10.065110 -7.143362 -7.161268 -7.126988
-0.131691 10.032648 0.000012 0.000172 0.020101 -0.273223 0.520392 10.034309 10.063159 -7.173250 -7.131238 -7.135393
-0.129793 10.048355 0.000010 0.000078 0.020101 -0.273416 0.473635 10.056553 10.058641 -7.269045 -7.136266 -7.195764
-0.127630 10.056901 0.000002 0.000009 0.018188 -0.275332 0.419470 10.047578 10.048866 -7.564809 -7.186274 -7.392821
-0.128402 10.072013 0.000002 -0.000123 0.016457 -0.283279 0.333925 10.064190 10.023810 -7.348753 -7.393700 -7.332297
-0.130406 10.085830 -0.000011 -0.000329 0.014891 -0.283630 0.212371 10.106392 10.033262 -7.121894 -7.402843 -7.200386
-0.130561 10.095860 -0.000021 -0.000332 0.013474 -0.280182 0.135619 10.107750 10.059836 -7.208451 -7.312860 -7.227658
-0.131100 10.105124 -0.000013 -0.000240 0.012192 -0.282215 0.094211 10.110573 10.071915 -7.118261 -7.365914 -7.197477
-0.130121 10.118329 -0.000011 -0.000246 0.011032 -0.281154 0.103282 10.142441 10.094463 -7.306196 -7.338225 -7.308890
-0.129964 10.127219 -0.000014 -0.000174 0.009982 -0.284780 0.130033 10.117357 10.100054 -7.349054 -7.432869 -7.373483
-0.131740 10.127967 -0.000005 -0.000148 0.009032 -0.287321 0.114642 10.142516 10.108906 -7.123878 -7.499187 -7.265264
-0.132751 10.121410 -0.000010 -0.000066 0.008172 -0.282903 0.127843 10.131662 10.137294 -7.162781 -7.383875 -7.255096
-0.134063 10.118123 0.000002 0.000102 0.007395 -0.281861 0.164336 10.123279 10.151363 -7.109534 -7.356691 -7.218128
-0.134369 10.128476 0.000009 0.000121 0.006691 -0.280439 0.183126 10.150505 10.166946 -7.137463 -7.319581 -7.227308
-0.136494 10.129702 0.000005 0.000197 0.006054 -0.280827 0.202188 10.126228 10.176390 -7.230886 -7.329697 -7.292778
-0.139923 10.123726 0.000015 0.000279 0.005478 -0.284787 0.208159 10.128870 10.178268 -7.253704 -7.433047 -7.348399
-0.141418 10.121861 0.000015 0.000299 0.004957 -0.287630 0.219933 10.129222 10.185595 -7.440075 -7.507267 -7.495700
-0.141629 10.124147 0.000017 0.000326 0.004598 -0.293096 0.226418 10.124944 10.184309 -7.613111 -7.649932 -7.657616
-0.141994 10.125804 0.000018 0.000310 0.004848 -0.298308 0.219992 10.129155 10.181121 -7.694727 -7.785948 -7.759763
-0.143522 10.127411 0.000016 0.000285 0.004848 -0.301663 0.198526 10.132611 10.182345 -7.647529 -7.873531 -7.765450
-0.146125 10.126865 0.000015 0.000294 0.004848 -0.302076 0.168673 10.138611 10.193139 -7.522647 -7.884308 -7.697430
-0.147349 10.136047 0.000017 0.000303 0.004848 -0.300046 0.143542 10.160146 10.213580 -7.428123 -7.831332 -7.627630
-0.145464 10.147668 0.000016 0.000349 0.004848 -0.296628 0.138431 10.166841 10.236144 -7.509264 -7.742115 -7.653231
-0.142664 10.160077 0.000021 0.000403 0.005681 -0.294976 0.142161 10.171503 10.245374 -7.512039 -7.699001 -7.642537
-0.138856 10.190947 0.000023 0.000288 0.006057 -0.291988 0.131220 10.220021 10.253450 -7.573063 -7.621014 -7.651995
-0.116434 10.442379 0.000011 -0.001001 0.006057 -0.290341 0.108509 10.623732 10.275810 -7.739654 -7.578024 -7.729070
-0.120208 10.398238 -0.000103 -0.000649 0.027575 -0.292481 0.054604 10.206155 10.276366 -7.658642 -7.633867 -7.697677
-0.140950 10.150509 0.000021 0.000667 0.027575 -0.291086 -0.897695 10.104200 10.261988 -7.640255 -7.597448 -7.669284
-0.138551 10.170120 0.000047 0.000487 0.027575 -0.289938 -0.752960 10.219760 10.249706 -7.801488 -7.567501 -7.752677
-0.138017 10.196571 0.000009 0.000282 0.027575 -0.294035 -0.603929 10.161102 10.227474 -7.734193 -7.674427 -7.744724
-0.138361 10.206455 0.000020 0.000111 0.027575 -0.295815 -0.450245 10.238417 10.221051 -7.845499 -7.720899 -7.827295
-0.137312 10.223589 -0.000005 -0.000013 0.027575 -0.300021 -0.319434 10.202718 10.212295 -7.985326 -7.830677 -7.950236
-0.135199 10.243602 0.000003 -0.000166 0.027575 -0.305515 -0.165030 10.265127 10.204244 -8.059484 -7.974067 -8.046117
-0.132412 10.249563 -0.000018 -0.000240 0.027575 -0.308114 0.072878 10.230935 10.202599 -8.417849 -8.041898 -8.285335
-0.132598 10.260300 -0.000008 -0.000306 0.027575 -0.316457 -0.753368 10.256609 10.181186 -8.212666 -8.259645 -8.237219
-0.133486 10.267975 -0.000022 -0.000460 0.027575 -0.315842 -0.568920 10.280464 10.193261 -8.012126 -8.243609 -8.111293
-0.136221 10.256431 -0.000026 -0.000335 0.027575 -0.311828 -0.403716 10.253943 10.216316 -7.759808 -8.138846 -7.923713
-0.137964 10.255514 -0.000011 -0.000208 0.024951 -0.306159 -0.250764 10.284178 10.247643 -7.457560 -7.990877 -7.692613
-0.118642 10.486830 -0.000011 -0.001267 0.022576 -0.297698 -0.211014 10.687513 10.310124 -7.923323 -7.770040 -7.883460
-0.123589 10.437489 -0.000112 -0.000675 0.030143 -0.305319 -0.229813 10.226386 10.311777 -8.350317 -7.968938 -8.210379
-0.145952 10.200650 0.000025 0.000589 0.030143 -0.319296 -0.147524 10.152486 10.273088 -8.297149 -8.333760 -8.306980
-0.148447 10.210379 0.000035 0.000332 0.030143 -0.324816 0.098480 10.259341 10.269464 -8.204217 -8.477836 -8.306477
-0.149229 10.214223 0.000003 0.000293 0.030143 -0.325667 -0.106307 10.197914 10.283725 -8.365512 -8.500045 -8.422101
-0.148221 10.216959 0.000025 0.000354 0.030143 -0.329244 -0.034287 10.241923 10.286776 -8.491026 -8.593391 -8.538937
-0.146266 10.238848 0.000013 0.000254 0.030143 -0.331911 0.483812 10.243789 10.289385 -8.347548 -8.663009 -8.480708
-0.147400 10.237235 0.000014 0.000276 0.030143 -0.328250 0.368763 10.254802 10.306980 -8.189130 -8.567442 -8.355293
-0.148569 10.228872 0.000016 0.000414 0.030143 -0.322500 0.257020 10.235482 10.326523 -8.148991 -8.417382 -8.282867
-0.146008 10.248142 0.000027 0.000415 0.030143 -0.318506 0.168024 10.277676 10.338092 -8.147168 -8.313140 -8.247648
-0.141771 10.270657 0.000018 0.000357 0.030143 -0.314984 0.094750 10.277043 10.343349 -8.267104 -8.221211 -8.287445
-0.139299 10.282878 0.000020 0.000320 0.030143 -0.314195 -0.083021 10.284228 10.333983 -8.320873 -8.200616 -8.308654
-0.139450 10.277353 0.000015 0.000300 0.027275 -0.314276 0.315601 10.263158 10.319625 -8.334951 -8.202717 -8.312857
-0.138760 10.283952 0.000017 0.000189 0.024679 -0.314445 0.184680 10.291027 10.306496 -8.376535 -8.207137 -8.334483
-0.137974 10.284685 0.000005 0.000116 0.022331 -0.315724 0.024129 10.267364 10.292067 -8.558610 -8.240519 -8.451542
-0.137405 10.277129 0.000008 0.000079 0.020206 -0.320148 -0.852135 10.261940 10.267573 -8.861230 -8.356001 -8.669927
-0.138071 10.268118 0.000002 -0.000003 0.018283 -0.329174 -0.733496 10.236528 10.231096 -9.063987 -8.591573 -8.870711
-0.115122 10.554535 -0.000001 -0.001714 0.016543 -0.337856 -0.610384 10.774782 10.229281 -9.257176 -8.818177 -9.064879
-0.125024 10.453063 -0.000161 -0.001186 0.043415 -0.347653 -0.486856 10.163946 10.219917 -9.328783 -9.073874 -9.201132
-0.154353 10.096503 0.000016 0.000654 0.043415 -0.354231 -0.193656 10.024117 10.189144 -9.404573 -9.245576 -9.311515
-0.148675 10.137167 0.000049 0.000275 0.043415 -0.358257 0.375334 10.216110 10.172450 -9.553435 -9.350645 -9.440597
-0.148273 10.140977 -0.000013 0.000167 0.043415 -0.362040 0.011265 10.066207 10.154639 -9.303902 -9.449385 -9.319304
-0.152618 10.097435 0.000026 0.000303 0.043415 -0.354877 -11.591280 10.132936 10.159438 -9.103561 -9.262438 -9.130643
-0.154149 10.090406 0.000008 0.000366 0.043415 -0.348358 -10.424513 10.067869 10.164023 -8.817288 -9.092293 -8.899634
-0.154960 10.082726 0.000029 0.000431 0.043415 -0.340471 -9.378741 10.114495 10.175778 -8.469200 -8.886420 -8.621589
-0.154194 10.076655 0.000018 0.000525 0.043415 -0.329044 -8.443993 10.076551 10.196033 -8.425618 -8.588177 -8.483297
-0.152717 10.083410 0.000036 0.000597 0.043415 -0.322884 -7.607783 10.100651 10.196525 -8.397782 -8.427389 -8.406005
-0.152872 10.085753 0.000029 0.000587 0.043415 -0.319551 -6.856896 10.075975 10.187589 -8.361615 -8.340397 -8.349968
-0.142941 10.226789 0.000034 -0.000208 0.043415 -0.318541 -6.181137 10.345906 10.189974 -8.228103 -8.314042 -8.257741
-0.146956 10.184478 -0.000046 0.000029 0.039284 -0.316432 -5.572489 10.061549 10.195639 -8.332225 -8.259012 -8.303412
-0.158684 10.031628 0.000040 0.000869 0.035546 -0.317983 -5.028447 10.002397 10.173944 -8.488983 -8.299479 -8.405239
-0.158104 10.036123 0.000051 0.000730 0.032163 -0.321648 -4.532399 10.049402 10.146459 -8.422555 -8.395147 -8.406722
-0.159033 10.026045 0.000029 0.000638 0.029102 -0.321684 -4.078603 10.005377 10.132436 -8.586492 -8.396077 -8.495698
-0.159678 10.017088 0.000038 0.000611 0.026333 -0.325167 -3.666373 10.012689 10.107133 -8.640655 -8.486978 -8.562047
-0.160185 10.005945 0.000029 0.000536 0.023827 -0.327775 -3.290167 9.989438 10.085902 -8.522706 -8.555066 -8.526832
-0.158647 9.996307 0.000030 0.000475 0.021559 -0.325526 -2.951043 10.004142 10.079283 -8.589189 -8.496360 -8.538079
-0.157573 9.983853 0.000023 0.000506 0.019508 -0.324264 -2.644918 9.960910 10.063028 -8.366056 -8.463420 -8.397226
-0.156386 9.971723 0.000031 0.000484 0.017651 -0.317327 -2.367598 9.987414 10.060937 -8.198920 -8.282363 -8.227213
-0.155249 9.968012 0.000023 0.000492 0.015972 -0.309284 -2.119817 9.958524 10.057678 -8.008067 -8.072436 -8.030903
-0.154034 9.974618 0.000030 0.000440 0.014452 -0.301658 -1.898530 9.992148 10.054026 -7.680508 -7.873397 -7.758553
-0.152628 9.969808 0.000019 0.000446 0.013076 -0.290796 -1.706660 9.965882 10.059552 -7.635375 -7.589880 -7.623043
-0.150023 9.961390 0.000029 0.000520 0.011832 -0.284824 -1.540478 9.954507 10.046446 -7.806066 -7.434032 -7.668500
-0.147171 9.954269 0.000028 0.000488 0.010706 -0.285266 -1.390724 9.927177 10.010328 -7.940625 -7.445549 -7.746403
-0.145182 9.955057 0.000026 0.000293 0.009687 -0.287869 -1.247239 9.941564 9.969003 -7.834033 -7.513496 -7.690279
-0.142675 9.960692 0.000009 0.000044 0.008765 -0.286024 -1.110367 9.952818 9.944995 -7.723957 -7.465342 -7.594908
-0.140321 9.964931 -0.000001 -0.000106 0.007931 -0.282794 -0.983184 9.955921 9.928289 -7.463279 -7.381038 -7.394271
-0.135824 9.984794 -0.000007 -0.000299 0.007177 -0.275382 -0.866259 10.001946 9.927993 -7.186377 -7.187591 -7.148443
-0.132620 10.003538 -0.000021 -0.000400 0.006494 -0.265837 -0.760667 10.004900 9.935636 -6.763043 -6.938453 -6.793749
-0.131170 10.024791 -0.000020 -0.000472 0.005876 -0.253596 -0.665704 10.053388 9.957234 -6.177391 -6.618949 -6.317634
-0.129233 10.046706 -0.000028 -0.000474 0.007539 -0.236975 -0.588989 10.073289 9.998109 -5.929350 -6.185133 -6.011790
-0.127353 10.062413 -0.000022 -0.000341 0.007539 -0.226695 -0.529760 10.072208 10.023034 -5.803291 -5.916837 -5.838422
-0.124258 10.089503 -0.000014 -0.000352 0.007539 -0.220952 -0.483763 10.111550 10.037891 -5.741970 -5.766936 -5.745896
-0.122209 10.126509 -0.000022 -0.000470 0.007539 -0.218487 -0.441856 10.140282 10.048558 -5.765784 -5.702587 -5.735618
-0.122654 10.142174 -0.000027 -0.000496 0.007539 -0.220375 -0.399351 10.139119 10.053350 -5.837815 -5.751880 -5.797011
-0.121874 10.151867 -0.000026 -0.000522 0.007539 -0.224314 -0.358011 10.155853 10.056989 -6.079017 -5.854672 -5.980730
-0.121701 10.173825 -0.000030 -0.000619 0.007957 -0.232416 -0.304313 10.171981 10.052451 -5.952856 -6.066151 -5.984027
-0.122398 10.192482 -0.000036 -0.000742 0.009637 -0.234205 -0.225165 10.217075 10.074646 -5.778415 -6.112853 -5.902356
-0.122282 10.206866 -0.000043 -0.000701 0.011499 -0.231722 -0.128200 10.222881 10.112050 -5.854732 -6.048042 -5.931859
-0.119687 10.240684 -0.000034 -0.000682 0.011499 -0.232904 0.041071 10.268905 10.138891 -5.875502 -6.078889 -5.962257
-0.115695 10.282626 -0.000039 -0.000762 0.011499 -0.232805 -0.435583 10.308310 10.167971 -5.899803 -6.076312 -5.981050
-0.114936 10.300277 -0.000043 -0.000701 0.011499 -0.232422 -0.344625 10.306613 10.193964 -5.792992 -6.066311 -5.918765
-0.113682 10.331384 -0.000034 -0.000728 0.011499 -0.229679 -0.256592 10.370963 10.227469 -5.815419 -5.994717 -5.909137
-0.098251 10.529469 -0.000044 -0.001600 0.011729 -0.229563 -0.183747 10.669238 10.270633 -5.870740 -5.991685 -5.943064
-0.100133 10.520888 -0.000119 -0.001326 0.032104 -0.231207 -0.125965 10.410953 10.304404 -5.911789 -6.034591 -5.987236
-0.113118 10.377437 -0.000033 -0.000387 0.032104 -0.232819 0.084563 10.359503 10.320587 -6.060219 -6.076664 -6.093396
-0.110630 10.413813 -0.000013 -0.000494 0.032104 -0.236616 -0.179908 10.458450 10.331098 -6.425664 -6.175768 -6.345574
-0.108703 10.448861 -0.000039 -0.000624 0.032104 -0.246335 0.002656 10.423121 7113.034046 -6.774617 -6.429440 -6.645902
-0.109652 10.457836 -0.000031 37.634919 0.032104 -0.238765 -3.760915 10.460650 6402.751466 -7.290516 -6.231871 -6.848024
-0.111420 10.465207 -0.000045 33.871256 0.032104 -0.250441 -3.363920 10.392305 5763.446293 -7.367097 -6.536613 -6.992143
-0.112927 10.478545 -0.000043 30.483654 0.032104 -0.259896 -3.001346 10.487487 5188.089469 -7.407038 -6.783400 -7.098170
-0.114369 10.487865 -0.000083 27.434921 0.032104 -0.267245 -2.672739 10.443075 4670.284216 -7.466819 -6.975206 -7.198932
-0.115514 10.505092 -0.000075 24.691099 0.032104 -0.273796 -2.377093 10.519159 4204.270756 -7.457156 -7.146193 -7.255236
-0.117281 10.510881 -0.000099 22.221770 0.032104 -0.278215 -2.111132 10.481774 3784.872284 -7.496197 -7.261510 -7.321373
-0.119553 10.507690 -0.000085 19.999491 0.032104 -0.282214 -1.876174 10.511453 3407.418855 -7.469799 -7.365885 -7.347263
-0.120578 10.515753 -0.000090 17.999409 0.029049 -0.284158 -1.667319 10.511680 3067.721031 -7.467544 -7.416643 -7.368234
-0.120798 10.525276 -0.000084 16.199378 0.026284 -0.285136 -1.491533 10.532473 2761.997775 -7.678926 -7.442170 -7.503530
-0.120613 10.539410 -0.000083 14.579346 0.023783 -0.290319 -1.339776 10.527840 2486.834820 -7.855379 -7.577434 -7.659652
-0.120949 10.546680 -0.000078 13.121282 0.021520 -0.296272 -1.203346 10.541654 2239.185909 -7.966520 -7.732814 -7.785585
-0.122705 10.539311 -0.000080 11.809086 0.021642 -0.301129 -1.079737 10.520539 2016.304350 -8.054742 -7.859587 -7.887535
-0.123031 10.537074 -0.000072 10.628100 0.021642 -0.304999 -0.968652 10.536191 1815.713512 -8.326300 -7.960603 -8.085970
-0.122633 10.536049 -0.000073 9.565221 0.021642 -0.311973 -0.867487 10.509492 1635.169323 -8.574171 -8.142628 -8.300139
-0.122620 10.540323 -0.000066 8.608536 0.021642 -0.319835 -0.760305 10.533784 1472.675220 -8.633675 -8.347815 -8.413535
-0.123955 10.540626 -0.000075 7.747515 0.021642 -0.324480 -0.646487 10.525429 1326.441091 -8.591110 -8.469061 -8.436731
-0.124735 10.539356 -0.000072 6.972661 0.021642 -0.326119 -0.537031 10.541672 1194.842092 -8.680360 -8.511836 -8.508003
-0.125106 10.534489 -0.000072 6.275374 0.021642 -0.328963 -0.443589 10.516557 1076.399147 -8.756287 -8.586067 -8.583401
-0.125558 10.525178 -0.000061 5.647821 0.021642 -0.331753 -0.348224 10.519766 969.799442 -8.749105 -8.658882 -8.609836
-0.125786 10.523119 -0.000060 5.082985 0.021642 -0.332263 -0.248625 10.519278 873.865286 -8.631092 -8.672209 -8.549106
-0.126727 10.524150 -0.000056 4.574646 0.021642 -0.330075 -0.127434 10.531021 787.534145 -8.348442 -8.615092 -8.366546
-0.126735 10.521008 -0.000053 4.117214 0.021642 -0.323043 -0.015447 10.532278 709.852112 -8.282323 -8.431550 -8.263225
-0.126036 10.508962 -0.000043 3.705659 0.019583 -0.318032 -0.077063 10.501099 639.928587 -8.374037 -8.300752 -8.270073
-0.124645 10.503566 -0.000027 3.335179 0.017719 -0.316749 -0.111630 10.500241 576.980786 -8.434661 -8.267271 -8.292818
-0.124942 10.495898 -0.000026 3.001673 0.016033 -0.316623 -0.064865 10.480319 520.320194 -8.260650 -8.263991 -8.188857
-0.126372 10.477603 -0.000021 2.701539 0.014507 -0.312692 0.062801 10.475672 469.336176 -8.287043 -8.161381 -8.165234
-0.128321 10.458764 -0.000018 2.431486 0.013127 -0.312213 0.026882 10.436152 423.439349 -8.335356 -8.148882 -8.188243
-0.127630 10.448192 -0.000008 2.188345 0.011878 -0.313790 0.009716 10.444341 382.126750 -8.497363 -8.190048 -8.298472
-0.126304 10.430288 -0.000013 1.969534 0.010747 -0.316804 0.074609 10.396825 344.934883 -8.576100 -8.268717 -8.372018
-0.126915 10.403275 -0.000005 1.772606 0.009724 -0.318664 -0.068908 10.386208 311.459496 -8.305951 -8.317256 -8.227902
-0.126638 10.385155 -0.000007 1.595324 0.008799 -0.312122 0.123534 10.385130 281.352879 -8.078845 -8.146511 -8.028162
-0.125654 10.379321 -0.000006 1.435827 0.007962 -0.303802 0.024275 10.379566 254.260416 -7.785303 -7.929347 -7.771602
-0.122554 10.384450 -0.000003 1.292243 0.007204 -0.293208 -0.176788 10.398772 229.883235 -7.765475 -7.652837 -7.653334
-0.120621 10.378650 -0.000005 1.163104 0.006519 -0.287705 -0.161614 10.354407 207.924632 -7.733315 -7.509213 -7.575033
-0.119227 10.367539 0.000006 1.046810 0.005898 -0.284432 -0.153452 10.361840 188.152719 -7.732141 -7.423780 -7.535839
-0.117895 10.351957 -0.000001 0.942125 0.005337 -0.282510 -0.151356 10.321755 170.350346 -7.829576 -7.373627 -7.566830
-0.117980 10.332136 0.000004 0.847900 0.004829 -0.284039 -0.132196 10.307472 154.315557 -7.789082 -7.413534 -7.550331
-0.118980 10.322571 -0.000002 0.762986 0.004369 -0.284704 -0.095057 10.307496 139.889104 -7.656484 -7.430876 -7.472941
-0.120419 10.311205 -0.000009 0.686604 0.003954 -0.284138 -0.040474 10.297859 126.915001 -7.566942 -7.416110 -7.412057
-0.122043 10.296146 -0.000010 0.617937 0.003577 -0.283838 0.042962 10.283870 115.242209 -7.470475 -7.408296 -7.351961
-0.122128 10.278758 -0.000008 0.556177 0.003237 -0.282886 -0.023069 10.270173 104.741368 -7.389700 -7.383449 -7.296632
-0.118320 10.276151 -0.000005 0.500549 0.002929 -0.279559 0.055864 10.280481 95.294395 -7.513937 -7.296600 -7.338578
-0.115089 10.277367 -0.000008 0.450486 0.002650 -0.279035 -0.012309 10.259161 86.776977 -7.359479 -7.282929 -7.240077
-0.111945 10.276373 -0.000005 0.405359 0.002398 -0.273583 0.451068 10.284608 79.121381 -7.288981 -7.140616 -7.141911
-0.112052 10.276624 -0.000013 0.364793 0.003625 -0.269009 0.391806 10.259509 72.226178 -6.872512 -7.021237 -6.848265
-0.113308 10.281128 -0.000008 0.328233 0.003625 -0.259828 0.325079 10.309177 66.042427 -6.434428 -6.781612 -6.500393
-0.112000 10.284702 -0.000018 0.295447 0.004919 -0.247787 0.277940 10.290226 60.491758 -6.402217 -6.467339 -6.364765
-0.108731 10.304737 -0.000004 0.265929 0.004919 -0.243020 0.247038 10.321055 55.477765 -6.318275 -6.342922 -6.268812
-0.106222 10.314731 -0.000011 0.239309 0.004919 -0.238989 0.237253 10.311454 50.963243 -6.582896 -6.237715 -6.381780
-0.105396 10.314034 -0.000007 0.215391 0.004919 -0.243354 0.233223 10.291139 46.873364 -6.897535 -6.351636 -6.605236
-0.104364 10.324735 -0.000008 0.193663 0.004919 -0.252708 0.218790 10.312140 43.179029 -7.034331 -6.595778 -6.775189
-0.104542 10.331940 -0.000024 0.174049 0.006386 -0.260557 0.191243 10.316069 39.862610 -7.117105 -6.800635 -6.900897
-0.108319 10.329299 -0.000031 0.156490 0.008463 -0.267823 0.146407 10.316999 36.886396 -6.868679 -6.990286 -6.831279
-0.114208 10.319262 -0.000035 0.140773 0.009451 -0.268907 0.083051 10.329865 34.238475 -6.434060 -7.018572 -6.596166
-0.117529 10.318244 -0.000033 0.126748 0.009451 -0.262834 0.124958 10.351212 31.888716 -6.341501 -6.860080 -6.496533
-0.119702 10.320583 -0.000024 0.114285 0.009451 -0.260332 0.249719 10.333578 29.769400 -6.368401 -6.794758 -6.502837
-0.118309 10.336641 -0.000006 0.102970 0.009451 -0.260369 0.312130 10.369920 27.856952 -6.581397 -6.795743 -6.642195
-0.114965 10.354635 -0.000007 0.092741 0.009451 -0.263006 0.345388 10.357906 26.122219 -6.941595 -6.864553 -6.888448
-0.115080 10.355744 0.000001 0.083543 0.009451 -0.269868 0.329510 10.348443 24.540001 -7.006835 -7.043659 -6.999932
-0.115704 10.358736 0.000002 0.075143 0.009451 -0.272789 0.274683 10.369633 23.124537 -7.011239 -7.119906 -7.036296
-0.115280 10.371618 -0.000003 0.067575 0.009451 -0.273329 0.200842 10.381064 21.857103 -6.971909 -7.133996 -7.023218
-0.114861 10.375585 -0.000004 0.060838 0.009451 -0.272134 0.110087 10.382922 20.720671 -6.849588 -7.102805 -6.944208
-0.112659 10.389795 -0.000001 0.054741 0.009451 -0.267698 -0.009436 10.413603 19.705892 -6.797416 -6.987030 -6.872899
-0.111013 10.408048 -0.000004 0.049267 0.009451 -0.263985 1.121469 10.417314 18.789818 -6.812291 -6.890102 -6.846060
-0.109708 10.423312 -0.000001 0.044332 0.008551 -0.262491 1.000902 10.433736 17.958794 -7.012409 -6.851130 -6.947044
-0.109079 10.433091 -0.000004 0.039877 0.007738 -0.266281 0.892972 10.420914 17.194562 -7.076720 -6.950042 -7.021470
-0.109298 10.431049 -0.000003 0.035838 0.007001 -0.269458 0.793448 10.429996 16.509051 -7.112464 -7.032959 -7.073819
-0.109335 10.440710 -0.000008 0.032155 0.006335 -0.271680 0.703650 10.443533 15.896468 -7.063650 -7.090967 -7.068416
-0.111464 10.444859 -0.000013 0.028887 0.005732 -0.272799 0.621277 10.447896 15.353283 -6.839512 -7.120152 -6.952623
-0.114433 10.434840 -0.000012 0.026062 0.005187 -0.269852 0.551714 10.444688 14.881730 -6.821787 -7.043251 -6.917965
-0.117724 10.426647 -0.000004 0.023606 0.004693 -0.269927 0.495230 10.428227 14.452235 -6.644943 -7.045194 -6.821882
-0.119480 10.421952 0.000005 0.021356 0.004246 -0.267212 0.450135 10.445872 14.078148 -6.709285 -6.974329 -6.840487
-0.120100 10.417485 0.000008 0.019397 0.003842 -0.267431 0.416355 10.413939 13.731246 -6.947621 -6.980068 -6.988373
-0.121497 10.412213 0.000021 0.017587 0.005750 -0.272545 0.382696 10.413178 13.401689 -6.977268 -7.113542 -7.060718
-0.121911 10.422104 0.000020 0.015788 0.005750 -0.274796 0.350253 10.439097 13.113584 -7.024984 -7.172284 -7.115529
-0.122157 10.434860 0.000014 0.014194 0.005750 -0.276669 0.317504 10.442120 12.856362 -7.010627 -7.221163 -7.130172
-0.121529 10.445986 0.000015 0.012772 0.005750 -0.276729 0.288314 10.464302 12.630548 -6.982153 -7.222730 -7.118556
-0.118423 10.471039 0.000011 0.011443 0.005750 -0.274866 0.266076 10.493823 12.431992 -7.057880 -7.174107 -7.146972
-0.115167 10.498454 0.000007 0.010245 0.005750 -0.274072 0.246899 10.510562 12.247042 -7.109092 -7.153387 -7.168977
-0.111514 10.524977 0.000004 0.009125 0.005750 -0.273274 0.225223 10.539711 12.078038 -7.261840 -7.132560 -7.246725
-0.107894 10.553262 -0.000004 0.008079 0.005750 -0.274683 0.200358 10.554756 11.916213 -7.287559 -7.169326 -7.271776
-0.104918 10.566118 -0.000010 0.007154 0.005750 -0.274617 0.161704 10.566659 11.772655 -7.211061 -7.167623 -7.222879
-0.102137 10.578108 -0.000015 0.006330 0.005750 -0.271309 0.115736 10.584126 11.650059 -7.141899 -7.081263 -7.143576
-0.099364 10.598685 -0.000019 0.005571 0.005750 -0.267880 0.041024 10.605948 11.540537 -7.119066 -6.991772 -7.088483
-0.098355 10.607101 -0.000025 0.004946 0.006687 -0.265877 -0.148353 10.598819 11.437989 -7.067867 -6.939484 -7.032199
-0.098023 10.613921 -0.000023 0.004367 0.006687 -0.264972 -0.065987 10.616720 11.346300 -7.045799 -6.915884 -7.005040
-0.097286 10.618653 -0.000029 0.003856 0.007664 -0.265034 0.058872 10.610805 11.264141 -7.198942 -6.917491 -7.086989
-0.097217 10.625158 -0.000027 0.003386 0.007664 -0.269401 -0.099485 10.616289 11.179892 -7.277563 -7.031472 -7.173174
-0.100491 10.610865 -0.000031 0.003015 0.008457 -0.274596 0.003819 10.588732 -282.771164 -7.300734 -7.167059 -7.238993
-0.104996 10.583232 -0.000026 -1.554418 0.008457 -0.280396 0.159531 10.569167 -253.445390 -7.442997 -7.318435 -7.381795
-0.108603 10.566288 -0.000021 -1.398937 0.008457 -0.287824 0.112686 10.554977 -227.053229 -7.503931 -7.512325 -7.497137
-0.112053 10.553588 -0.000017 -1.259024 0.008457 -0.293980 0.068791 10.553084 -203.291940 -7.449551 -7.672999 -7.535743
-0.114019 10.551527 -0.000015 -1.133107 0.008457 -0.296295 0.068639 10.566438 -181.891437 -7.474235 -7.733414 -7.582243
-0.114241 10.558886 -0.000013 -1.019750 0.008457 -0.298083 0.120155 10.571584 -162.627664 -7.487485 -7.780074 -7.616987
-0.114661 10.550969 -0.000008 -0.917634 0.008457 -0.298172 0.160479 10.555633 -145.288645 -7.427188 -7.782408 -7.591212
-0.114206 10.545037 0.000004 -0.825727 0.008457 -0.295059 0.181737 10.562244 -129.679592 -7.301982 -7.701164 -7.493890
-0.099283 10.709099 0.000009 -0.743887 0.008457 -0.288987 0.195067 10.855446 -115.611859 -7.216621 -7.542663 -7.385831
-0.101021 10.672667 -0.000066 -0.669153 0.017831 -0.282542 0.201752 10.550019 -102.959832 -7.218714 -7.374453 -7.320064
-0.112961 10.520035 0.000032 -0.601304 0.017831 -0.278096 0.191616 10.507310 -91.600584 -7.173473 -7.258414 -7.247210
-0.107815 10.554888 0.000044 -0.541298 0.017831 -0.274012 0.153349 10.599093 -81.378895 -7.145576 -7.151813 -7.185862
-0.102634 10.579431 0.000016 -0.487266 0.017831 -0.269539 0.093874 10.564152 -72.182612 -7.180412 -7.035077 -7.152932
-0.097924 10.593930 0.000024 -0.438614 0.017831 -0.266449 -0.101698 10.607244 -63.915466 -7.318938 -6.954424 -7.189385
-0.093117 10.607194 0.000007 -0.394878 0.017831 -0.266096 0.181813 10.580796 -56.489557 -7.582637 -6.945203 -7.320782
-0.092408 10.621222 0.000006 -0.355605 0.017831 -0.271286 -0.094794 10.607471 -49.824570 -7.299417 -7.080666 -7.205964
-0.094205 10.623569 -0.000015 -0.320301 0.017831 -0.269860 0.508245 10.620630 -43.795573 -7.058879 -7.043464 -7.049732
-0.096299 10.609637 -0.000021 -0.288281 0.017831 -0.266683 0.387047 10.599727 -38.356167 -7.025146 -6.960527 -6.993955
-0.096833 10.599118 -0.000014 -0.259403 0.017831 -0.266678 0.304043 10.593958 -33.465311 -7.021743 -6.960412 -6.990411
-0.094865 10.599755 -0.000012 -0.233491 0.017831 -0.266877 0.267405 10.599959 -29.063239 -7.252909 -6.965585 -7.120191
-0.095575 10.585415 -0.000014 -0.210089 0.016134 -0.271708 0.226551 10.553004 -25.119149 -7.220586 -7.091689 -7.150389
-0.098618 10.572357 -0.000005 -0.189121 0.014599 -0.273758 0.156693 10.578519 -21.559318 -6.905137 -7.145185 -6.993937
-0.100518 10.557398 -0.000014 -0.170179 0.013210 -0.269054 0.116438 10.557858 -18.330290 -6.854841 -7.022427 -6.919211
-0.101631 10.534597 -0.000002 -0.152948 0.011953 -0.266208 0.180103 10.528105 -15.431683 -6.842233 -6.948141 -6.884711
-0.101477 10.525200 0.000010 -0.137540 0.010815 -0.264357 0.224657 10.530534 -12.828337 -6.757731 -6.899828 -6.818944
-0.099783 10.530315 0.000010 -0.123772 0.009786 -0.260711 0.257667 10.540415 -10.482197 -6.871081 -6.804652 -6.845320
-0.099839 10.526325 0.000009 -0.111319 0.008855 -0.261083 0.267825 10.510249 -8.386148 -6.924446 -6.814381 -6.877754
-0.100234 10.519133 0.000015 -0.100175 0.008012 -0.262365 0.260426 10.518282 -6.503579 -6.938014 -6.847832 -6.896947
-0.097989 10.520103 0.000009 -0.090205 0.007250 -0.262685 0.246655 10.515040 -4.807731 -7.049253 -6.856174 -6.960970
-0.098188 10.506952 0.000008 -0.081149 0.006560 -0.264164 0.221936 10.486521 -3.290224 -6.924846 -6.894788 -6.902536
-0.099866 10.492838 0.000011 -0.073033 0.005936 -0.262272 0.180702 10.495717 -1.914091 -6.957779 -6.845408 -6.899418
-0.101242 10.489538 0.000007 -0.065724 0.005371 -0.263136 0.145752 10.476470 -0.681853 -7.106709 -6.867941 -6.991117
-0.103067 10.487187 0.000009 -0.059182 0.004860 -0.268720 0.105488 10.478496 0.417786 -7.036100 -7.013696 -7.007930
-0.102973 10.480998 0.000003 -0.053323 0.004397 -0.270396 0.073712 10.481380 1.422487 -7.205402 -7.057447 -7.123409
-0.103330 10.471086 0.000001 -0.047946 0.003979 -0.274654 0.044528 10.452153 2.316649 -7.237550 -7.168567 -7.186383
-0.104374 10.460860 0.000006 -0.043154 0.003600 -0.277050 -0.030647 10.462837 3.126082 -7.245819 -7.231117 -7.217084
-0.104781 10.460566 0.000001 -0.038864 0.003257 -0.278212 0.082009 10.457685 3.858468 -7.309460 -7.261445 -7.267115
-0.106455 10.454932 0.000002 -0.034953 0.002948 -0.280679 0.022355 10.449258 4.514642 -6.969498 -7.325843 -7.099642
-0.106055 10.447754 0.000004 -0.031438 0.002667 -0.274049 -0.128277 10.472318 5.133720 -6.981305 -7.152798 -7.043270
-0.105721 10.447262 0.000004 -0.028155 0.002413 -0.270693 -0.104447 10.439618 5.677474 -7.001823 -7.065188 -7.022801
-0.106034 10.452524 0.000016 -0.025302 0.004381 -0.269984 -0.079497 10.467432 6.159561 -7.035458 -7.046692 -7.036175
-0.106896 10.460175 0.000008 -0.022788 0.004381 -0.270877 -0.057409 10.455183 6.590434 -7.159036 -7.070008 -7.117417
-0.109514 10.459152 0.000011 -0.020499 0.004381 -0.275745 -0.035764 10.455890 6.970869 -7.009649 -7.197055 -7.083397
-0.109485 10.459018 0.000008 -0.018483 0.004381 -0.275223 -0.090059 10.475072 7.333234 -7.116887 -7.183432 -7.144618
-0.107480 10.459254 0.000006 -0.016564 0.004381 -0.276482 -0.132004 10.451412 7.650648 -7.425740 -7.216291 -7.337520
-0.108275 10.467274 0.000013 -0.014925 0.004381 -0.282869 -0.137231 10.464819 7.917166 -7.195462 -7.383003 -7.270885
-0.109907 10.465621 0.000004 -0.013504 0.004381 -0.281087 -0.115330 10.479823 8.185572 -7.024261 -7.336487 -7.158089
-0.109645 10.456603 0.000003 -0.012034 0.004381 -0.276057 -0.114822 10.460603 8.435251 -7.164975 -7.205193 -7.191619
-0.109540 10.458416 0.000015 -0.010720 0.004381 -0.276650 -0.101808 10.459574 8.640476 -6.873015 -7.220673 -7.031105
-0.106112 10.471916 0.000014 -0.009704 0.004381 -0.269189 -0.082056 10.506928 8.848758 -7.115830 -7.025950 -7.095510
-0.104712 10.487314 0.000007 -0.008682 0.004381 -0.269986 -0.052648 10.465124 9.006114 -7.121827 -7.046730 -7.104553
-0.106415 10.497179 0.000016 -0.007901 0.004281 -0.271519 0.070059 10.517393 9.149791 -6.835065 -7.086751 -6.955414
-0.107104 10.504597 -0.000002 -0.007179 0.004281 -0.266985 0.010769 10.512560 9.303470 -6.793737 -6.968415 -6.887263
-0.108465 10.509331 0.000005 -0.006390 0.004281 -0.265644 -0.081934 10.519379 9.436686 -6.523436 -6.933423 -6.721755
-0.107198 10.521868 0.000006 -0.005750 0.004281 -0.259729 -0.112845 10.553504 9.574849 -6.821921 -6.779020 -6.835392
-0.105081 10.532940 0.000004 -0.005077 0.004281 -0.263235 -0.155970 10.513386 9.667556 -7.460510 -6.870526 -7.234762
-0.106693 10.544079 0.000014 -0.004644 0.004281 -0.278915 -0.151649 10.525974 9.712549 -7.327880 -7.279780 -7.318844
-0.108045 10.555055 -0.000003 -0.004464 0.004281 -0.283872 -0.113927 10.574841 9.793322 -7.228868 -7.409181 -7.316570
-0.107800 10.549672 -0.000017 -0.004008 0.004589 -0.283803 -0.089199 10.542575 9.881994 -7.292460 -7.407366 -7.356347
-0.107925 10.531049 -0.000003 -0.003439 0.004589 -0.284022 -0.057859 10.530137 9.955208 -7.141052 -7.413082 -7.275001
-0.107353 10.543829 0.000003 -0.003119 0.004589 -0.279251 0.000651 10.574452 131.754145 -6.978712 -7.288556 -7.135553
-0.109650 10.539825 -0.000004 0.642287 0.004589 -0.273688 -0.063838 10.534527 119.655117 -6.910272 -7.143364 -7.041410
-0.114260 10.517402 0.000014 0.578296 0.004589 -0.271084 -0.025162 10.520556 108.758200 -6.645730 -7.075393 -6.865388
-0.114762 10.521472 0.000021 0.520534 0.005712 -0.265527 -0.046574 10.553272 98.965595 -6.619603 -6.930371 -6.798669
-0.112701 10.519338 0.000019 0.468656 0.005712 -0.261705 -0.189487 10.514661 90.143440 -7.130939 -6.830602 -7.055494
-0.111234 10.519033 0.000034 0.421911 0.009165 -0.269783 -0.195378 10.500813 82.159282 -7.370399 -7.041442 -7.272005
-0.111470 10.518346 0.000029 0.379609 0.009165 -0.277068 -0.153139 10.508586 74.971403 -7.380128 -7.231587 -7.347879
-0.114333 10.508366 0.000017 0.341575 0.009165 -0.280465 -0.063779 10.497449 68.514359 -7.502403 -7.320253 -7.450330
-0.115309 10.507382 0.000016 0.307366 0.009165 -0.285943 0.096574 10.502157 62.700490 -7.859853 -7.463221 -7.710560
-0.114247 10.510342 0.000009 0.276544 0.009165 -0.296396 0.036202 10.488211 57.452796 -8.225275 -7.736060 -8.024833
-0.114620 10.509845 0.000004 0.248740 0.009165 -0.308569 -0.139061 10.491778 52.723128 -8.514308 -8.053772 -8.312303
-0.115501 10.503830 -0.000007 0.223710 0.009165 -0.320246 -0.055151 10.480171 48.467898 -8.672595 -8.358556 -8.520405
-0.114459 10.503693 -0.000013 0.201164 0.009165 -0.328131 0.142051 10.499804 44.648771 -8.644235 -8.564359 -8.583798
-0.112141 10.494095 -0.000023 0.180978 0.009165 -0.328954 0.059190 10.483752 41.227528 -8.681152 -8.585824 -8.613211
-0.110994 10.475384 -0.000018 0.162949 0.009165 -0.327398 -0.089997 10.461797 38.145420 -8.653131 -8.545208 -8.578527
-0.111740 10.463190 -0.000012 0.146682 0.009165 -0.324947 0.038342 10.456501 35.369394 -8.535325 -8.481257 -8.481985
-0.115554 10.444645 -0.000012 0.132071 0.008292 -0.322136 -0.207718 10.431251 32.873009 -8.331881 -8.407884 -8.333237
-0.122198 10.419135 -0.000005 0.118978 0.007503 -0.319755 -0.172595 10.414937 30.633117 -7.799373 -8.345735 -7.999467
-0.124727 10.397871 0.000002 0.107222 0.006789 -0.309792 -0.214567 10.423723 28.649098 -7.861750 -8.085693 -7.945472
-0.124783 10.379901 0.000010 0.096804 0.006143 -0.307477 -0.294374 10.361036 26.838371 -8.117725 -8.025271 -8.078079
-0.124800 10.369769 0.000031 0.087263 0.008451 -0.311798 -0.329814 10.370070 25.184826 -8.319140 -8.138051 -8.240600
-0.125839 10.359653 0.000024 0.078555 0.008451 -0.317103 -0.357977 10.338226 23.689215 -8.552020 -8.276509 -8.429963
-0.132303 10.320803 0.000027 0.070836 0.008451 -0.325493 -0.349402 10.286944 22.332452 -8.284440 -8.495491 -8.350924
-0.136926 10.285469 0.000033 0.063834 0.008930 -0.324171 -0.335550 10.299550 21.143014 -8.270033 -8.460980 -8.335415
-0.138352 10.261848 0.000031 0.057657 0.008930 -0.323532 -0.341750 10.245494 20.068705 -8.284516 -8.444326 -8.343582
-0.140035 10.231890 0.000047 0.052123 0.012604 -0.322692 -0.343413 10.232562 19.096578 -8.080346 -8.422394 -8.215629
-0.140765 10.211600 0.000049 0.047079 0.013248 -0.315809 -0.350650 10.219562 18.232813 -8.086185 -8.242749 -8.158942
-0.140461 10.190027 0.000055 0.042617 0.014829 -0.311679 -0.350482 10.177719 17.439855 -8.046936 -8.134940 -8.097007
-0.139480 10.162444 0.000065 0.038561 0.017422 -0.306439 -0.336181 10.156587 16.718477 -7.724591 -7.998183 -7.848503
-0.136625 10.148329 0.000066 0.034814 0.017835 -0.293547 -0.305170 10.161506 16.081245 -7.518798 -7.661690 -7.598954
-0.132509 10.141067 0.000064 0.031476 0.017835 -0.280472 -0.277654 10.135049 15.497559 -7.548787 -7.320440 -7.486486
-0.130332 10.134162 0.000068 0.028419 0.018385 -0.274002 -0.230718 10.116942 14.944708 -7.400514 -7.151551 -7.322206
-0.127279 10.133782 0.000062 0.025492 0.018385 -0.267392 -0.152301 10.129252 14.445614 -7.456870 -6.979033 -7.280033
-0.124211 10.133267 0.000048 0.022850 0.018385 -0.265645 -0.051482 10.101928 13.979829 -7.453882 -6.933431 -7.245790
-0.120562 10.133041 0.000041 0.020383 0.018385 -0.265073 0.408782 10.120300 13.557518 -7.423748 -6.918505 -7.206859
-0.116059 10.132107 0.000022 0.018150 0.018385 -0.263160 0.301472 10.105020 13.178444 -7.590876 -6.868578 -7.272876
-0.114218 10.134849 0.000014 0.016127 0.018385 -0.266473 0.118705 10.106485 12.821858 -7.392231 -6.955038 -7.170154
-0.113908 10.138326 -0.000003 0.014219 0.018385 -0.264964 -0.394769 10.132186 12.521893 -7.127788 -6.915666 -6.986482
-0.113972 10.134974 -0.000018 0.012648 0.018385 -0.260958 -0.216590 10.121866 12.267863 -6.874475 -6.811107 -6.789916
-0.115032 10.124062 -0.000018 0.011360 0.018385 -0.256118 0.010757 10.121236 12.048901 -6.479940 -6.684780 -6.504422
-0.116591 10.120385 -0.000018 0.010219 0.018385 -0.246855 -2.908601 10.134516 11.870861 -6.276435 -6.443015 -6.294143
-0.118374 10.121530 -0.000015 0.009269 0.018385 -0.241584 -2.612734 10.123186 11.707972 -6.305691 -6.305430 -6.263689
-0.121740 10.116348 -0.000007 0.008434 0.016635 -0.243420 -2.350504 10.110859 11.548791 -6.256799 -6.353345 -6.255292
-0.124872 10.119683 -0.000003 0.007573 0.015052 -0.246222 -2.117294 10.133723 11.412861 -6.192007 -6.426489 -6.249765
-0.126681 10.124744 -0.000007 0.006825 0.013620 -0.248142 -1.912028 10.134516 11.301004 -6.336816 -6.476607 -6.365600
-0.127266 10.126466 -0.000002 0.006224 0.012324 -0.253175 -1.730430 10.130134 11.193658 -6.587268 -6.607967 -6.574349
-0.126317 10.143653 0.000002 0.005564 0.011151 -0.260439 -1.564290 10.155965 11.090154 -6.760118 -6.797551 -6.755431
-0.126726 10.160295 -0.000005 0.004927 0.010090 -0.266680 -1.407887 10.166465 10.999875 -6.762204 -6.960442 -6.823353
-0.128544 10.178567 -0.000007 0.004352 0.009130 -0.269487 -1.262151 10.202583 10.932078 -6.532398 -7.033727 -6.720336
-0.128258 10.207013 -0.000012 0.003842 0.008261 -0.266050 -1.131297 10.246807 10.895821 -6.473002 -6.944021 -6.663779
-0.127161 10.234970 -0.000013 0.003502 0.007475 -0.263245 -1.018374 10.259558 10.863794 -6.427244 -6.870796 -6.620351
-0.126108 10.253436 -0.000006 0.003234 0.006763 -0.260566 -0.918366 10.280611 10.834830 -6.424000 -6.800879 -6.602173
-0.125909 10.264914 -0.000002 0.003020 0.006120 -0.258076 -0.830219 10.279608 10.805089 -6.498203 -6.735878 -6.629648
-0.125001 10.291071 0.000006 0.002724 0.005537 -0.258354 -0.748961 10.317428 10.770873 -6.551438 -6.743133 -6.669284
-0.124041 10.324570 -0.000001 0.002365 0.005010 -0.259318 -0.675298 10.344145 10.740103 -6.550799 -6.768312 -6.682704
-0.122857 10.358831 -0.000004 0.002020 0.004534 -0.260144 -0.607566 10.386307 10.717704 -6.525150 -6.789873 -6.680541
-0.121065 10.375339 -0.000011 0.001814 0.004102 -0.259291 -0.548831 10.385705 10.702608 -6.840651 -6.767607 -6.861665
-0.120502 10.392806 -0.000004 0.001642 0.003712 -0.265295 -0.494230 10.393206 10.666347 -6.944966 -6.924313 -6.983223
-0.119320 10.417518 -0.000008 0.001318 0.003359 -0.269860 -0.439143 10.435473 10.639970 -7.123124 -7.043445 -7.133975
-0.119421 10.435226 -0.000019 0.001085 0.005156 -0.275506 -0.387199 10.429266 10.613735 -7.225688 -7.190809 -7.250941
-0.119559 10.449551 -0.000017 0.000870 0.005156 -0.280773 -0.327875 10.463256 10.594794 -7.262701 -7.328278 -7.327123
-0.119399 10.457914 -0.000026 0.000725 0.006941 -0.283421 -0.276141 10.458382 10.585848 -7.407597 -7.397392 -7.440322
-0.119445 10.468019 -0.000021 0.000624 0.006941 -0.287767 -0.220210 10.474991 10.573327 -7.504862 -7.510830 -7.542328
-0.118403 10.474096 -0.000024 0.000526 0.006941 -0.291044 -0.176536 10.473811 10.563835 -7.860785 -7.596362 -7.783040
-0.119229 10.472796 -0.000021 0.000482 0.006941 -0.299674 -0.132376 10.452864 10.535612 -7.891662 -7.821614 -7.886651
-0.120473 10.470793 -0.000018 0.000343 0.006941 -0.303897 -0.067493 10.480071 10.524065 -7.919731 -7.931821 -7.946038
-0.120284 10.469582 -0.000026 0.000289 0.006941 -0.305925 0.001563 10.462065 10.519491 -8.213666 -7.984774 -8.138312
-0.120595 10.467552 -0.000018 0.000275 0.006941 -0.312765 -0.906454 10.455392 10.497747 -8.252504 -8.163286 -8.228325
-0.121249 10.459308 -0.000019 0.000204 0.006941 -0.316018 -0.808342 10.455990 10.487452 -8.318267 -8.248204 -8.298995
-0.122482 10.450150 -0.000019 0.000198 0.006941 -0.318470 -0.719105 10.440411 10.478656 -8.401463 -8.312185 -8.371769
-0.126456 10.432489 -0.000014 0.000245 0.006941 -0.322213 -0.636513 10.419696 10.467584 -8.261634 -8.409878 -8.327167
-0.129040 10.416516 -0.000009 0.000271 0.006941 -0.321916 -0.564558 10.424691 10.473196 -8.348818 -8.402143 -8.379353
-0.130391 10.412438 -0.000007 0.000322 0.006280 -0.324356 -0.506781 10.406492 10.470976 -8.255871 -8.465808 -8.351556
-0.130783 10.415180 0.000000 0.000296 0.005683 -0.323609 -0.455984 10.437310 10.480576 -8.096674 -8.446321 -8.254936
-0.129225 10.418075 -0.000004 0.000331 0.005142 -0.318595 -0.417396 10.427970 10.499608 -8.273090 -8.315443 -8.314419
-0.130096 10.419232 0.000006 0.000426 0.004653 -0.319717 -0.381365 10.415304 10.494633 -8.076589 -8.344750 -8.210471
-0.131074 10.413326 0.000010 0.000431 0.004210 -0.315672 -0.345799 10.431132 10.505892 -8.011130 -8.239171 -8.135011
-0.132333 10.406949 0.000010 0.000524 0.003809 -0.312139 -0.319403 10.404092 10.512486 -7.774805 -8.146941 -7.962356
-0.132796 10.410949 0.000021 0.000538 0.005674 -0.305767 -0.296608 10.443343 10.529240 -7.500685 -7.980631 -7.740942
-0.132057 10.406569 0.000016 0.000650 0.005674 -0.296177 -0.297701 10.411853 10.551677 -7.648682 -7.730347 -7.738011
-0.131956 10.399068 0.000033 0.000809 0.008790 -0.294986 -0.300597 10.394745 10.542321 -7.641513 -7.699245 -7.720731
-0.132089 10.382233 0.000036 0.000848 0.009686 -0.293152 -0.307134 10.376398 10.530486 -7.633053 -7.651388 -7.695244
-0.131610 10.367524 0.000039 0.000864 0.010461 -0.290771 -0.299842 10.361750 10.515516 -7.683908 -7.589240 -7.698168
-0.131253 10.355674 0.000040 0.000847 0.010668 -0.289773 -0.272621 10.343967 10.492686 -7.638499 -7.563180 -7.655413
-0.130100 10.344377 0.000039 0.000786 0.010668 -0.287269 -0.223581 10.339259 10.472409 -7.771926 -7.497841 -7.703871
-0.128678 10.339381 0.000035 0.000705 0.010668 -0.288260 -0.150896 10.319661 10.439288 -7.792233 -7.523690 -7.716617
-0.127165 10.338247 0.000032 0.000535 0.010668 -0.288628 -0.005878 10.333699 10.409767 -7.594853 -7.533301 -7.594303
-0.124192 10.339063 0.000019 0.000375 0.010668 -0.284086 3.446995 10.338903 10.398246 -7.466396 -7.414757 -7.466996
-0.121867 10.328552 0.000015 0.000369 0.010668 -0.277928 3.096797 10.316537 10.387543 -7.293526 -7.254026 -7.296617
-0.119019 10.321345 0.000019 0.000351 0.010668 -0.270062 2.781397 10.322336 10.378067 -7.184913 -7.048729 -7.146184
-0.117406 10.325305 0.000014 0.000280 0.010668 -0.263720 2.497478 10.317833 10.362944 -6.826915 -6.883192 -6.863004
-0.116622 10.325134 0.000011 0.000200 0.010668 -0.253976 2.242374 10.335044 10.363232 -6.656555 -6.628878 -6.658902
-0.115480 10.323172 0.000007 0.000212 0.010668 -0.247141 2.016837 10.311673 10.357225 -6.582174 -6.450478 -6.540026
-0.114430 10.313656 0.000012 0.000231 0.010668 -0.243714 1.815357 10.305721 10.343345 -6.600326 -6.361021 -6.509346
-0.114932 10.292259 0.000010 0.000271 0.009653 -0.243008 1.635608 10.264187 10.320933 -6.628121 -6.342616 -6.511015
-0.115641 10.282371 0.000016 0.000204 0.008734 -0.244530 1.471096 10.276274 10.296433 -6.721222 -6.382324 -6.574121
-0.118025 10.269723 0.000005 0.000142 0.007903 -0.248929 1.322785 10.239976 10.269258 -6.751081 -6.497148 -6.629620
-0.119840 10.251915 0.000008 0.000092 0.007151 -0.253724 1.186999 10.243106 10.249162 -6.830183 -6.622302 -6.721158
-0.118723 10.243371 0.000001 0.000031 0.006470 -0.257750 1.066281 10.228553 10.233552 -7.109519 -6.727389 -6.924819
-0.118065 10.236265 0.000001 -0.000014 0.005855 -0.265468 0.952638 10.214804 10.206193 -7.091008 -6.928811 -6.986487
-0.117960 10.230963 -0.000003 -0.000131 0.005298 -0.267465 0.845287 10.232162 10.196942 -7.047661 -6.980943 -6.979260
-0.119667 10.223225 -0.000011 -0.000139 0.004793 -0.267666 0.745762 10.211252 10.194746 -6.904222 -6.986191 -6.896189
-0.120820 10.218181 -0.000005 -0.000124 0.004337 -0.265609 0.656791 10.229651 10.203017 -6.844239 -6.932507 -6.843039
-0.120624 10.221329 -0.000008 -0.000097 0.003925 -0.264144 0.580869 10.221053 10.211230 -6.851765 -6.894255 -6.836299
-0.121564 10.211768 -0.000003 -0.000003 0.003551 -0.264221 0.515121 10.207412 10.214356 -6.932915 -6.896268 -6.888275
-0.123442 10.200892 0.000002 0.000071 0.003213 -0.266563 0.457926 10.193027 10.210360 -7.059123 -6.957387 -6.988724
-0.124917 10.197819 0.000005 0.000066 0.002907 -0.271414 0.406344 10.194297 10.201750 -7.222864 -7.084021 -7.136115
-0.126316 10.188398 0.000002 0.000071 0.002631 -0.277744 0.360099 10.173640 10.190375 -7.335907 -7.249217 -7.267481
-0.126921 10.179706 0.000005 0.000057 0.002380 -0.282880 0.316544 10.178290 10.183040 -7.472934 -7.383280 -7.402459
-0.128289 10.177300 0.000001 0.000030 0.002154 -0.287819 0.275120 10.170025 10.175984 -7.437308 -7.512202 -7.431225
-0.129877 10.180063 0.000002 -0.000022 0.001949 -0.289670 0.234531 10.193510 10.181807 -7.413391 -7.560505 -7.439759
-0.132134 10.176201 -0.000004 0.000030 0.001763 -0.290598 0.201119 10.172992 10.191884 -7.322426 -7.584714 -7.399938
-0.132253 10.182256 0.000005 0.000051 0.001596 -0.289588 0.173936 10.208633 10.209886 -7.213530 -7.558355 -7.332395
-0.130398 10.194985 0.000000 0.000079 0.001444 -0.285647 0.158090 10.209000 10.233329 -7.238855 -7.455492 -7.317658
-0.127591 10.214228 0.000007 0.000101 0.001909 -0.283357 0.146833 10.234074 10.247083 -7.404586 -7.395732 -7.399860
-0.125946 10.231890 0.000004 0.000081 0.001909 -0.284714 0.140831 10.229503 10.244924 -7.427606 -7.431145 -7.427662
-0.125316 10.240782 0.000005 0.000022 0.001909 -0.285320 0.130433 10.250061 10.244765 -7.401747 -7.446959 -7.418748
-0.124841 10.250990 -0.000002 -0.000033 0.001909 -0.284431 0.125070 10.255003 10.248657 -7.256880 -7.423769 -7.324331
-0.124327 10.259675 -0.000002 -0.000058 0.001909 -0.281039 0.120325 10.275479 10.261826 -7.123753 -7.335234 -7.213973
-0.124304 10.267177 -0.000004 -0.000028 0.001909 -0.276523 0.125766 10.275826 10.277652 -7.159781 -7.217371 -7.193468
-0.125094 10.275775 0.000000 0.000010 0.001909 -0.276737 0.129561 10.279898 10.281629 -7.127980 -7.222940 -7.177934
-0.126263 10.275995 0.000000 0.000030 0.001909 -0.276920 0.136950 10.279739 10.287932 -7.235617 -7.227712 -7.246151
-0.127839 10.261597 0.000002 0.000140 0.001909 -0.280316 0.141260 10.246511 10.284727 -7.431911 -7.316364 -7.398279
-0.130269 10.249331 0.000011 0.000188 0.003043 -0.286348 0.140084 10.243232 10.272832 -7.434703 -7.473789 -7.458986
-0.133535 10.245574 0.000009 0.000144 0.003043 -0.290077 0.128250 10.250274 10.272933 -7.235198 -7.571126 -7.378113
-0.114481 10.488914 0.000007 -0.001144 0.003043 -0.288130 0.120996 10.704115 10.318821 -7.362449 -7.520302 -7.439065
-0.120321 10.435958 -0.000114 -0.000621 0.030703 -0.290739 0.122707 10.232847 10.341948 -7.444931 -7.588391 -7.519411
-0.142892 10.184723 0.000032 0.000833 0.030703 -0.293849 -0.034913 10.156597 10.336599 -7.423907 -7.669573 -7.541231
-0.141562 10.201883 0.000053 0.000714 0.030703 -0.294130 0.433973 10.255875 10.340890 -7.524092 -7.676915 -7.611409
-0.140141 10.214781 0.000025 0.000668 0.030703 -0.295288 0.359721 10.192956 10.339330 -7.553425 -7.707133 -7.644207
-0.139658 10.217567 0.000044 0.000645 0.030703 -0.294962 0.266610 10.248370 10.338268 -7.498938 -7.698626 -7.610709
-0.138919 10.224403 0.000027 0.000603 0.030703 -0.292165 0.151098 10.219668 10.341320 -7.496008 -7.625627 -7.584482
-0.138041 10.236785 0.000037 0.000554 0.030703 -0.290228 -0.043509 10.259851 10.340239 -7.586124 -7.575068 -7.621187
-0.136147 10.250237 0.000024 0.000477 0.030703 -0.291222 0.635834 10.241746 10.330439 -7.751991 -7.601004 -7.729484
-0.135376 10.250346 0.000027 0.000424 0.030703 -0.294521 0.516204 10.246308 10.311512 -7.722589 -7.687111 -7.739736
-0.135017 10.247328 0.000020 0.000340 0.030703 -0.294336 0.365861 10.245579 10.302529 -7.708280 -7.682299 -7.726685
-0.134257 10.250940 0.000018 0.000273 0.030703 -0.293310 0.179409 10.253349 10.295491 -7.750951 -7.655501 -7.739658
-0.134777 10.239729 0.000013 0.000295 0.027781 -0.293808 -0.179288 10.221930 10.283013 -7.790531 -7.668514 -7.764708
-0.135713 10.229141 0.000019 0.000285 0.025137 -0.295022 0.141024 10.226087 10.268803 -7.756293 -7.700201 -7.751915
-0.136495 10.227253 0.000013 0.000220 0.022745 -0.295284 -0.230110 10.224131 10.260592 -7.616104 -7.707022 -7.667203
-0.137019 10.223850 0.000012 0.000195 0.020581 -0.292725 -0.053878 10.230199 10.263492 -7.475049 -7.640237 -7.557274
-0.137265 10.219144 0.000011 0.000235 0.018622 -0.288889 0.311069 10.222245 10.271002 -7.229008 -7.540122 -7.372547
-0.134131 10.222740 0.000015 0.000256 0.016850 -0.280762 0.273777 10.245632 10.288671 -7.313556 -7.328003 -7.347741
-0.123709 10.316760 0.000013 -0.000149 0.015246 -0.277457 0.270339 10.374708 10.292525 -7.187572 -7.241730 -7.237024
-0.123424 10.313288 -0.000024 -0.000110 0.013796 -0.272154 0.242252 10.268068 10.298517 -6.978777 -7.103319 -7.057179
-0.132121 10.217496 0.000010 0.000429 0.012483 -0.265172 0.229392 10.186044 10.299420 -6.860591 -6.921107 -6.915798
-0.131815 10.214419 0.000034 0.000450 0.011295 -0.260866 0.231198 10.241495 10.295296 -6.898687 -6.808697 -6.894451
-0.130821 10.208449 0.000017 0.000460 0.010220 -0.260001 0.253866 10.175506 10.280104 -6.937351 -6.786122 -6.904722
-0.130934 10.194483 0.000032 0.000454 0.009247 -0.260518 0.244670 10.198731 10.260607 -6.982986 -6.799622 -6.931982
-0.131758 10.187658 0.000019 0.000387 0.008367 -0.261791 0.223427 10.165541 10.240054 -7.091534 -6.832856 -7.004472
-0.134072 10.174204 0.000023 0.000349 0.007571 -0.266381 0.180412 10.162429 10.214765 -7.191347 -6.952653 -7.103959
-0.136264 10.164260 0.000016 0.000268 0.006851 -0.272032 0.137980 10.148466 10.192455 -7.252960 -7.100151 -7.191908
-0.137411 10.153674 0.000014 0.000205 0.006199 -0.277186 0.088370 10.146792 10.177528 -7.308381 -7.234655 -7.273730
-0.137110 10.147400 0.000010 0.000160 0.005609 -0.280276 0.051896 10.142555 10.169184 -7.449063 -7.315305 -7.389203
-0.138992 10.139037 0.000009 0.000160 0.005075 -0.284889 -0.026224 10.126551 10.156498 -7.272126 -7.435720 -7.323845
-0.140454 10.125604 0.000010 0.000164 0.004592 -0.282836 0.094287 10.136676 10.165238 -7.322695 -7.382143 -7.339623
-0.141708 10.119240 0.000009 0.000244 0.004155 -0.283329 0.078791 10.109591 10.164936 -7.130408 -7.395005 -7.228124
-0.141721 10.106728 0.000017 0.000308 0.004591 -0.278881 0.072158 10.123571 10.178248 -7.086169 -7.278893 -7.164293
-0.140864 10.096391 0.000017 0.000434 0.004591 -0.274320 0.106083 10.088583 10.183997 -7.177058 -7.159858 -7.180207
-0.139309 10.099881 0.000029 0.000446 0.007795 -0.273747 0.100066 10.107675 10.174342 -7.335529 -7.144892 -7.271027
-0.139961 10.092690 0.000021 0.000433 0.007795 -0.276256 0.059980 10.066918 10.152392 -7.409513 -7.210383 -7.335747
-0.141881 10.079368 0.000026 0.000387 0.007795 -0.279787 -0.131847 10.074929 10.130692 -7.337626 -7.302557 -7.320459
-0.141864 10.071834 0.000017 0.000312 0.007795 -0.279515 -0.034904 10.066823 10.122270 -7.389841 -7.295440 -7.349220
-0.142552 10.060776 0.000017 0.000326 0.007795 -0.280972 0.340083 10.049112 10.109295 -7.334491 -7.333489 -7.326777
-0.144059 10.047993 0.000019 0.000325 0.007795 -0.280314 0.269415 10.047025 10.103092 -7.393383 -7.316311 -7.357245
-0.144828 10.039632 0.000017 0.000336 0.007795 -0.282201 0.200931 10.028145 10.091173 -7.623135 -7.365562 -7.517038
-0.147892 10.022699 0.000020 0.000363 0.007795 -0.289192 0.133082 9.999718 10.065702 -7.523865 -7.548028 -7.515779
-0.151015 9.996322 0.000020 0.000368 0.007795 -0.290711 0.051957 9.995353 10.060511 -7.542277 -7.587670 -7.544000
-0.150314 9.992024 0.000020 0.000363 0.007795 -0.291459 0.041147 9.992643 10.056944 -7.815738 -7.607192 -7.722231
-0.148212 9.996663 0.000020 0.000319 0.007795 -0.297596 0.034961 9.984799 10.035837 -7.988946 -7.767366 -7.885117
-0.148339 9.983534 0.000016 0.000277 0.007053 -0.302182 -0.042742 9.966500 10.014585 -8.012970 -7.887080 -7.939006
-0.149961 9.977029 0.000015 0.000199 0.006382 -0.304215 0.139436 9.976349 10.001727 -7.750421 -7.940143 -7.793633
-0.150033 9.972517 0.000008 0.000155 0.005774 -0.298838 0.090516 9.983169 10.012524 -7.801009 -7.799788 -7.778740
-0.151246 9.959057 0.000010 0.000283 0.005225 -0.298205 0.067977 9.939679 10.007089 -7.693348 -7.783273 -7.707577
-0.150407 9.954445 0.000021 0.000279 0.005584 -0.295440 0.056646 9.972760 10.008327 -7.751468 -7.711112 -7.719572
-0.151179 9.951901 0.000011 0.000299 0.005584 -0.295208 0.074787 9.932296 9.999766 -7.679540 -7.705047 -7.672822
-0.153629 9.946781 0.000021 0.000281 0.005588 -0.295024 0.059249 9.960213 9.996312 -7.557668 -7.700246 -7.600386
-0.156373 9.937552 0.000012 0.000311 0.005588 -0.293546 0.110918 9.929734 10.000745 -7.461296 -7.661668 -7.533681
-0.158263 9.933015 0.000022 0.000359 0.005870 -0.292685 0.144426 9.950129 10.008460 -7.263876 -7.639203 -7.420304
-0.159567 9.923803 0.000018 0.000449 0.005870 -0.288414 0.199387 9.929880 10.027133 -7.212618 -7.527721 -7.352074
-0.160438 9.924121 0.000030 0.000546 0.007973 -0.285797 0.232305 9.942298 10.039616 -7.111463 -7.459412 -7.274437
-0.161338 9.930228 0.000030 0.000580 0.007995 -0.282496 0.274828 9.945730 10.053836 -7.130388 -7.373257 -7.252965
-0.163083 9.924083 0.000033 0.000688 0.008870 -0.281916 0.298417 9.924327 10.058422 -7.177031 -7.358107 -7.275654
-0.162680 9.926555 0.000041 0.000699 0.010961 -0.282225 0.319335 9.941430 10.058328 -7.200199 -7.366175 -7.295535
-0.161976 9.926592 0.000036 0.000698 0.010961 -0.281845 0.327829 9.926724 10.057156 -7.127917 -7.356262 -7.256097
-0.161941 9.915604 0.000040 0.000750 0.010961 -0.278665 0.319296 9.923220 10.059512 -7.165657 -7.273280 -7.241647
-0.161876 9.906742 0.000042 0.000809 0.011199 -0.276730 0.295151 9.901342 10.052016 -7.238713 -7.222772 -7.258024
-0.161069 9.905736 0.000046 0.000775 0.012367 -0.276315 0.254623 9.908099 10.036236 -7.302448 -7.211925 -7.285400
-0.159740 9.912394 0.000039 0.000656 0.012367 -0.276688 0.188793 9.909285 10.017306 -7.348843 -7.221656 -7.311593
-0.158866 9.899008 0.000033 0.000627 0.012367 -0.277020 0.091188 9.881590 9.996280 -7.666771 -7.230322 -7.486615
-0.159153 9.879517 0.000035 0.000619 0.012367 -0.282904 -0.143168 9.846300 9.953045 -7.828495 -7.383907 -7.632477
-0.159933 9.874581 0.000033 0.000416 0.012367 -0.289036 0.097144 9.865059 9.913052 -7.627852 -7.543958 -7.584087
-0.160310 9.860203 0.000016 0.000280 0.012367 -0.287717 -0.242993 9.850252 9.901701 -7.757840 -7.509540 -7.637040
-0.159754 9.846647 0.000017 0.000292 0.012367 -0.289850 -0.110445 9.825809 9.878242 -7.931296 -7.565187 -7.751171
-0.158322 9.845964 0.000017 0.000171 0.012367 -0.294281 0.158747 9.835615 9.848542 -8.034232 -7.680838 -7.850859
-0.159209 9.847866 0.000005 0.000004 0.012367 -0.298539 -0.067834 9.832114 9.822922 -7.666324 -7.791990 -7.689469
-0.159197 9.850635 -0.000002 -0.000147 0.012367 -0.293892 0.417191 9.874539 9.834780 -7.370819 -7.670685 -7.476897
-0.154592 9.858777 -0.000011 -0.000127 0.012367 -0.284275 0.341516 9.867850 9.858862 -7.445471 -7.419694 -7.426626
-0.151105 9.871333 -0.000002 -0.000066 0.011190 -0.280049 0.278478 9.872256 9.858245 -7.036413 -7.309396 -7.131589
-0.150702 9.881014 -0.000003 -0.000121 0.010126 -0.268019 0.205960 9.907758 9.880260 -6.636895 -6.995406 -6.773018
-0.136083 10.059882 -0.000007 -0.000952 0.009162 -0.255139 0.154756 10.207503 9.924145 -6.568626 -6.659230 -6.612373
-0.139736 10.033791 -0.000083 -0.000581 0.022436 -0.250825 0.138785 9.901372 9.941661 -6.446135 -6.546644 -6.495878
-0.155058 9.868149 0.000012 0.000390 0.022436 -0.248665 0.130936 9.848838 9.941577 -6.370857 -6.490256 -6.430883
-0.154399 9.886215 0.000028 0.000293 0.022436 -0.247473 0.214060 9.924750 9.944674 -6.457188 -6.459155 -6.471661
-0.155926 9.891758 0.000006 0.000280 0.022436 -0.250428 0.248509 9.865507 9.939525 -6.592841 -6.536266 -6.581849
-0.158259 9.883934 0.000022 0.000295 0.022436 -0.256027 0.257882 9.894584 9.929875 -7.027410 -6.682400 -6.886542
-0.162482 9.877511 0.000011 0.000277 0.022436 -0.268706 0.231730 9.838905 9.899692 -7.095066 -7.013334 -7.069178
-0.165326 9.879831 0.000018 0.000105 0.022436 -0.277670 0.149262 9.906661 9.891796 -7.371727 -7.247292 -7.322108
-0.166535 9.880177 -0.000004 0.000062 0.022436 -0.287846 0.086397 9.849992 9.881637 -7.882433 -7.512884 -7.706323
-0.168749 9.879950 0.000010 0.000009 0.022436 -0.302568 -0.221975 9.877195 9.854747 -7.649756 -7.897157 -7.782652
-0.153711 10.065731 -0.000006 -0.001118 0.022436 -0.305686 -0.034657 10.234449 9.893735 -7.383880 -7.978526 -7.666968
-0.157464 10.012358 -0.000101 -0.000629 0.027088 -0.299349 0.896968 9.877682 9.948594 -7.353167 -7.813127 -7.591316
-0.174535 9.812614 0.000021 0.000721 0.027088 -0.294985 0.765088 9.793818 9.968254 -7.264964 -7.699223 -7.499606
-0.171172 9.839997 0.000052 0.000680 0.027088 -0.289602 0.657689 9.908340 9.986828 -7.500910 -7.558729 -7.545969
-0.169729 9.861437 0.000023 0.000664 0.027088 -0.289760 0.576565 9.828095 9.978470 -7.443931 -7.562847 -7.521432
-0.169177 9.865164 0.000045 0.000600 0.027088 -0.288494 0.495124 9.903417 9.975737 -7.603112 -7.529803 -7.583058
-0.166730 9.866728 0.000022 0.000578 0.027088 -0.289477 0.449297 9.832077 9.959536 -8.000870 -7.555458 -7.791438
-0.165093 9.857644 0.000038 0.000540 0.027088 -0.296443 0.358895 9.845892 9.917140 -7.893214 -7.737282 -7.814603
-0.162156 9.841961 0.000022 0.000398 0.027088 -0.294968 0.208677 9.827541 9.898347 -8.078746 -7.698770 -7.891283
-0.161391 9.835521 0.000022 0.000333 0.027088 -0.296092 -0.143370 9.814431 9.864590 -7.845758 -7.728116 -7.770729
-0.163095 9.830324 0.000016 0.000182 0.027088 -0.292561 0.537951 9.834532 9.852657 -7.631448 -7.635961 -7.612471
-0.166459 9.810573 0.000006 0.000223 0.027088 -0.288638 0.332273 9.791732 9.848775 -7.576754 -7.533575 -7.535171
-0.167779 9.799667 0.000018 0.000260 0.024510 -0.287888 0.113986 9.802893 9.840742 -7.439379 -7.513999 -7.457277
-0.166628 9.801337 0.000012 0.000209 0.022178 -0.285420 -0.142422 9.805488 9.842197 -7.544256 -7.449571 -7.480520
-0.166161 9.790194 0.000012 0.000276 0.020067 -0.286353 -0.033188 9.771111 9.830151 -7.763271 -7.473934 -7.601817
-0.166043 9.776246 0.000018 0.000286 0.018158 -0.290590 0.285314 9.759433 9.803839 -7.811554 -7.584514 -7.674718
-0.167755 9.763160 0.000014 0.000216 0.016430 -0.293401 0.191425 9.749725 9.783355 -7.448249 -7.657882 -7.527019
-0.170032 9.750139 0.000011 0.000176 0.014866 -0.288538 0.092630 9.765628 9.795191 -7.258834 -7.530945 -7.376166
