0.000000 0.000000 0.000000 0.000000 0.000000 0.000000 0.000000 0.000000 0.000000 10.411487 0.000000 10.411487
0.000000 0.000000 0.000000 0.000000 0.000000 0.000000 0.000000 0.000000 0.000000 10.411171 0.000000 10.411171
0.000000 0.003829 0.000000 0.000000 0.000000 0.000000 0.000000 0.000000 0.000000 10.411830 0.000000 10.411830
0.000000 0.139678 0.000000 0.000000 0.000000 0.000000 0.000000 0.000000 0.000000 10.412222 0.000000 10.412222
0.000000 0.432961 0.000000 0.000000 0.000000 0.000000 0.000000 0.000000 0.000000 10.411662 0.000000 10.411662
0.000000 0.565444 0.000000 0.000000 0.000000 0.000000 0.000000 0.000000 0.000000 10.411673 0.000000 10.411673
0.000000 0.539767 0.000000 0.000000 0.000000 0.000000 0.000000 0.000000 0.000000 10.411078 0.000000 10.411078
0.000000 0.582878 0.000000 0.000000 0.000000 0.000000 0.000000 0.000000 0.000000 10.406857 0.000000 10.406857
0.000000 0.650836 0.000000 0.000000 0.000000 0.000000 0.000000 0.000000 0.000000 10.383677 0.000000 10.383677
0.000000 0.718631 0.000000 0.000000 0.000000 0.000000 0.000000 0.000000 0.000000 10.366485 0.000000 10.366485
0.000000 0.793174 0.000000 0.000000 0.000000 0.000000 0.000000 0.000000 0.000000 10.378029 0.000000 10.378029
0.000000 0.867528 0.000000 0.000000 0.000000 0.000000 0.000000 0.000000 0.000000 10.376125 0.000000 10.376125
0.000000 0.933713 0.000000 0.000000 0.000000 0.000000 0.000000 0.000000 0.000000 10.398338 0.000000 10.398338
0.000000 0.991737 0.000000 0.000000 0.000000 0.000000 0.000000 0.000000 0.000000 10.424225 0.000000 10.424225
0.350992 1.053323 0.000000 0.000000 0.000000 0.000000 0.000000 0.000000 0.000000 10.417682 0.000000 10.417682
0.218852 1.125435 0.000000 0.000000 0.000000 0.000000 0.000000 0.000000 0.000000 10.419799 0.000000 10.419799
0.124674 1.219034 0.000000 0.000000 0.000000 0.000000 0.000000 0.000000 0.000000 10.416096 0.000000 10.416096
0.067547 1.320642 0.000000 0.000000 0.000000 0.000000 0.000000 0.000000 0.000000 10.413627 0.000000 10.413627
0.035781 1.430506 0.000000 0.000000 0.000000 0.000000 0.000000 0.000000 0.000000 10.421420 0.000000 10.421420
0.024172 1.546605 0.000000 0.000000 0.000000 0.000000 0.000000 0.000000 0.000000 10.432048 0.000000 10.432048
0.032426 1.670106 0.000000 0.000000 0.000000 0.000000 0.000000 0.000000 0.000000 10.427813 0.000000 10.427813
0.056800 1.801769 0.000000 0.000000 0.000000 0.000000 0.000000 0.000000 0.000000 10.400739 0.000000 10.400739
0.073988 1.924313 0.000000 0.000000 0.000000 0.000000 0.000000 0.000000 0.000000 10.389795 0.000000 10.389795
0.087782 2.044699 0.000000 0.000000 0.000000 0.000000 0.000000 0.000000 0.000000 10.395354 0.000000 10.395354
0.097008 2.165265 0.000000 0.000000 0.000000 0.000000 0.000000 0.000000 0.000000 10.403547 0.000000 10.403547
0.093726 2.270720 0.000000 0.000000 0.000000 0.000000 0.000000 0.000000 0.000000 10.413513 0.000000 10.413513
0.086857 2.387551 0.000000 0.000000 0.000000 0.000000 0.000000 0.000000 0.000000 10.419754 0.000000 10.419754
0.068923 2.477539 0.000000 0.000000 0.000000 0.000000 0.000000 0.000000 0.000000 10.425482 0.000000 10.425482
0.053299 2.547023 0.000000 0.000000 0.000000 0.000000 0.000000 0.000000 0.000000 10.424415 0.000000 10.424415
0.051029 2.648271 0.000000 0.000000 0.000000 0.000000 0.000000 0.000000 0.000000 10.419356 0.000000 10.419356
0.044340 2.752315 0.000000 0.000000 0.000000 0.000000 0.000000 0.000000 0.000000 10.416490 0.000000 10.416490
0.051434 2.915912 0.000000 0.000000 0.000000 0.000000 0.000000 0.000000 0.000000 10.423202 0.000000 10.423202
0.040066 3.010698 0.000000 0.000000 0.000000 0.000000 0.000000 0.000000 0.000000 10.420683 0.000000 10.420683
0.020800 3.052147 0.000000 0.000000 0.000000 0.000000 0.000000 0.000000 0.000000 10.405477 0.000000 10.405477
0.021451 3.162791 0.000000 0.000000 0.000000 0.000000 0.000000 0.000000 0.000000 10.407734 0.000000 10.407734
0.023369 3.274332 0.000000 0.000000 0.000000 0.000000 0.000000 0.000000 0.000000 10.411487 0.000000 10.411487
0.026942 3.385923 0.000000 0.000000 0.000000 0.000000 0.000000 0.000000 0.000000 10.410462 0.000000 10.410462
0.030808 3.505972 0.000000 0.000000 0.000000 0.000000 0.000000 0.000000 0.000000 10.410488 0.000000 10.410488
0.033237 3.618603 0.000000 0.000000 0.000000 0.000000 0.000000 0.000000 0.000000 10.410635 0.000000 10.410635
0.034220 3.721237 0.000000 0.000000 0.000000 0.000000 0.000000 0.000000 0.000000 10.411805 0.000000 10.411805
0.031748 3.819751 0.000000 0.000000 0.000000 0.000000 0.000000 0.000000 0.000000 10.413717 0.000000 10.413717
0.027129 3.921885 0.000000 0.000000 0.000000 0.000000 0.000000 0.000000 0.000000 10.421237 0.000000 10.421237
0.027722 4.028337 0.000000 0.000000 0.000000 0.000000 0.000000 4.028337 4.028337 10.416238 0.000000 10.416238
0.029358 4.126516 0.000000 -0.000353 0.000000 0.477961 0.000000 5.105339 4.938435 10.402628 15.398266 10.402628
0.026586 4.221710 -0.000034 0.002574 0.009022 0.163282 0.000668 3.083031 -2192.741219 10.406660 5.260389 10.406660
0.022064 4.314165 0.000272 -7.890329 0.073038 0.353507 0.789439 5.743866 -1972.590886 10.420422 11.388769 10.420422
0.038076 4.479007 -0.000175 -7.100291 0.073038 0.243516 0.122173 3.383426 -1774.967592 10.417885 7.845248 10.417885
0.037083 4.571523 0.000274 -6.390895 0.073663 0.305931 -2.167365 5.744354 -1596.791326 10.410742 9.856057 10.410742
0.018821 4.601434 -0.000158 -5.751114 0.073663 0.274651 -1.777988 3.735039 -1436.604108 10.418515 8.848318 10.418515
0.020135 4.701879 0.000247 -5.176191 0.073663 0.289445 -1.408858 5.611064 -1292.337797 10.418064 9.324927 10.418064
0.024806 4.806753 -0.000106 -4.658461 0.073663 0.284258 -1.074552 4.257784 -1162.528862 17.696801 9.157822 17.696801
0.025424 4.912043 0.000179 -4.192654 0.073663 0.604620 -0.633929 6.173479 -1045.046744 17.597501 19.478780 17.597501
0.026727 5.019487 -0.000062 -3.771124 0.073663 0.473689 0.243778 3.933694 -940.202720 17.529299 15.260623 17.529299
0.041194 5.181502 0.000338 -3.395177 0.090945 0.519422 -1.092569 6.375832 -845.468215 17.317722 16.734003 17.317722
0.053859 5.351262 -0.000120 -3.055565 0.090945 0.495251 -0.606657 4.582058 -760.335817 17.135970 15.955272 17.135970
0.059747 5.481091 0.000241 -2.750294 0.090945 0.495153 0.310474 6.302366 -683.652077 16.945985 15.952125 16.945985
0.070173 5.625703 -0.000089 -2.475417 0.090945 0.488788 -1.335548 5.170273 -614.638400 16.581787 15.747086 16.581787
0.075476 5.779811 0.000151 -2.228120 0.090945 0.476214 -0.677454 6.339585 -552.524435 16.202860 15.341987 16.202860
0.076692 5.934229 -0.000072 -2.005604 0.090945 0.461300 0.862766 5.684350 -496.604163 15.886796 14.861491 15.886796
0.075850 6.079485 0.000073 -1.805298 0.090945 0.448903 -0.529263 6.484211 -446.247181 15.608864 14.462122 15.608864
0.068733 6.205779 -0.000069 -1.624903 0.090945 0.435893 1.598926 6.082146 -400.902771 15.387708 14.042964 15.387708
0.059825 6.331255 0.000033 -1.462508 0.090945 0.424857 0.847140 6.646770 -360.063142 15.046908 13.687442 15.046908
0.051201 6.450633 -0.000055 -1.316268 0.090945 0.410068 -0.051430 6.411223 -323.294265 14.454357 13.210974 14.454357
0.038281 6.554823 0.000017 -1.184594 0.090945 0.385461 11.857740 6.777170 -290.201890 14.005599 12.418232 14.005599
0.027026 6.663811 -0.000034 -1.066140 0.082291 0.369476 10.621720 6.710321 -260.378123 13.627980 11.903258 13.627980
0.021332 6.778570 0.000008 -0.959445 0.074460 0.357241 9.525632 6.982238 -233.513385 13.126931 11.509091 13.126931
0.015189 6.884654 -0.000016 -0.863346 0.067374 0.343215 8.548424 6.946417 -209.333751 12.806043 11.057192 12.806043
0.012735 7.005535 0.000019 -0.776944 0.060962 0.335323 7.670648 7.203983 -187.548668 12.681543 10.802970 12.681543
0.014655 7.130119 -0.000003 -0.699154 0.055161 0.334518 6.892587 7.233393 -167.918424 12.483488 10.777009 12.483488
0.017722 7.248698 0.000023 -0.629081 0.049912 0.333161 6.201755 7.408433 -150.254220 12.200356 10.733297 12.200356
0.023203 7.381343 0.000015 -0.566120 0.045162 0.329507 5.578850 7.486469 -134.363865 12.034966 10.615587 12.034966
0.029804 7.504813 0.000023 -0.509496 0.040864 0.329141 5.013963 7.642166 -120.054320 11.809979 10.603787 11.809979
0.034599 7.615973 0.000015 -0.458505 0.036976 0.327527 4.504111 7.699271 -107.183039 11.576248 10.551785 11.576248
0.036896 7.722025 0.000022 -0.412661 0.033457 0.324099 4.037012 7.828774 -95.603988 11.521691 10.441365 11.521691
0.039564 7.813477 0.000012 -0.371405 0.030273 0.324572 3.617564 7.894613 -85.168868 11.298632 10.456594 11.298632
0.042356 7.904977 0.000016 -0.334258 0.027392 0.320918 3.243273 7.986045 -75.788706 11.204878 10.338863 11.161062
0.043253 7.992946 0.000011 -0.300887 0.024785 0.319298 2.901537 8.073317 -67.335691 11.384134 10.286670 11.263292
0.043894 8.064226 0.000008 -0.270785 0.022427 0.324871 2.602902 8.151808 -59.700845 11.199773 10.466234 11.094465
0.043698 8.140735 0.000010 -0.243641 0.020293 0.321571 2.342677 8.195276 -52.853287 11.107241 10.359904 10.969555
0.040813 8.206830 0.000013 -0.219286 0.018362 0.318254 2.105814 8.280665 -46.682682 11.097352 10.253042 10.912452
0.038975 8.267847 0.000008 -0.197345 0.016614 0.317032 1.898076 8.330567 -41.114655 10.714961 10.213689 10.565569
0.036120 8.328675 0.000011 -0.177567 0.015033 0.306645 1.707461 8.370487 -36.126997 10.284506 9.879060 10.137838
0.032417 8.377855 0.000011 -0.159831 0.013603 0.293315 1.525087 8.418792 -31.641469 9.395915 9.449592 9.333799
0.030910 8.436249 0.000007 -0.143932 0.012308 0.268493 1.359831 8.445575 -27.638337 8.714886 8.649906 8.632455
0.028718 8.487682 0.000001 -0.129740 0.011137 0.247228 1.210067 8.526984 -24.020118 8.026431 7.964832 7.945589
0.025658 8.525289 -0.000014 -0.116881 0.010077 0.226776 1.083457 8.529258 -20.760254 7.135801 7.305947 7.109182
0.048556 8.794732 -0.000012 -0.106141 0.009118 0.201018 0.971210 8.992406 -17.819461 6.293681 6.476124 6.279329
0.040430 8.769289 -0.000101 -0.095489 0.027275 0.176407 0.871945 8.575026 -15.176354 5.038367 5.683215 5.144328
0.008877 8.546624 -0.000016 -0.085197 0.027275 0.142629 0.721876 8.468167 -12.859791 4.444536 4.595023 4.455065
0.006583 8.582879 -0.000004 -0.077007 0.027275 0.121781 0.522273 8.661642 -10.728531 4.171676 3.923374 4.089222
0.005424 8.603860 -0.000043 -0.069429 0.027275 0.112016 0.381496 8.579095 -8.773831 3.396242 3.608769 3.422285
0.001296 8.606213 -0.000019 -0.062417 0.027275 0.092844 0.296403 8.609538 -7.054195 3.248060 2.991119 3.162861
-0.001412 8.600590 -0.000027 -0.056221 0.027275 0.086576 0.284877 8.615639 -5.466509 2.670265 2.789192 2.672845
-0.001822 8.602366 -0.000021 -0.050526 0.027275 0.073793 0.447739 8.581469 -4.069901 1.990128 2.377371 2.066708
-0.002905 8.600287 -0.000015 -0.045503 0.027275 0.056736 0.488199 8.581873 -2.836351 1.384477 1.827845 1.490115
-0.002851 8.591376 -0.000020 -0.041041 0.027275 0.040793 0.508354 8.560659 -1.731899 0.607389 1.314199 0.795871
-0.002419 8.586735 -0.000021 -0.037058 0.027275 0.020913 0.445702 8.546505 -0.761126 0.418754 0.673733 0.517451
-0.000998 8.576162 -0.000028 -0.033533 0.027275 0.014258 0.338648 8.577849 0.150565 -0.178301 0.459335 0.024836
-0.000394 8.559225 -0.000035 -0.030198 0.024679 0.000752 0.214830 8.489215 0.936320 -0.375328 0.024215 -0.211610
0.000344 8.540249 -0.000026 -0.027308 0.022331 -0.005244 -0.040196 8.546543 1.662180 -0.451801 -0.168943 -0.306121
0.000518 8.508465 -0.000041 -0.024587 0.020206 -0.006685 0.560579 8.453555 2.322361 -0.784181 -0.215364 -0.561078
-0.001095 8.468054 -0.000024 -0.022071 0.018283 -0.013893 0.466192 8.430490 2.887767 -0.889408 -0.447569 -0.680810
-0.002545 8.424990 -0.000026 -0.019886 0.016543 -0.017069 0.395593 8.382402 3.403301 -1.366955 -0.549892 -1.057605
-0.004982 8.380410 -0.000022 -0.017874 0.014969 -0.029102 0.332061 8.308198 3.830393 -2.078351 -0.937559 -1.669400
-0.009429 8.326204 -0.000019 -0.016146 0.013544 -0.049643 0.232230 8.242010 4.181375 -2.802217 -1.599340 -2.344476
-0.015765 8.259775 -0.000024 -0.014647 0.012255 -0.072737 0.065877 8.170021 4.485250 -3.239257 -2.343351 -2.811498
-0.021578 8.186141 -0.000027 -0.013291 0.011089 -0.088736 -0.556513 8.121603 4.777905 -3.546820 -2.858780 -3.138646
-0.028233 8.092490 -0.000030 -0.011904 0.010034 -0.099232 -0.441836 8.009731 5.049896 -4.019776 -3.196913 -3.573104
-0.037869 7.988985 -0.000017 -0.010555 0.009079 -0.113202 -0.324323 7.901268 5.272685 -4.057975 -3.646986 -3.662546
-0.047086 7.878990 -0.000009 -0.009360 0.008215 -0.116083 -0.206697 7.825647 5.497793 -4.087280 -3.739795 -3.700517
-0.051197 7.780387 -0.000000 -0.008198 0.007433 -0.115667 -0.134987 7.714146 5.696019 -4.481811 -3.726379 -4.042419
-0.051948 7.710676 0.000015 -0.007235 0.006726 -0.124181 -0.070926 7.642608 5.832193 -4.595310 -4.000673 -4.160979
-0.052745 7.643571 0.000015 -0.006505 0.006086 -0.125897 0.111321 7.592946 5.961936 -4.234190 -4.055968 -3.840798
-0.047365 7.602910 0.000013 -0.005893 0.005507 -0.112994 0.029318 7.595476 6.110629 -3.763008 -3.640293 -3.386352
-0.044391 7.532162 0.000009 -0.005105 0.004983 -0.094932 0.042228 7.470904 6.242176 -3.323500 -3.058391 -2.943073
-0.045377 7.435185 0.000029 -0.004284 0.007895 -0.077780 0.146835 7.383697 6.338564 -2.929499 -2.505802 -2.538879
-0.042964 7.366901 0.000039 -0.003693 0.010426 -0.062849 0.197031 7.316843 6.404777 -2.588971 -2.024768 -2.183732
-0.040770 7.299769 0.000041 -0.003214 0.010976 -0.050547 0.240067 7.237345 6.445512 -2.274757 -1.628446 -1.854838
-0.037918 7.236326 0.000043 -0.002840 0.011501 -0.039823 0.263618 7.179651 6.468733 -2.056795 -1.282976 -1.615727
-0.033406 7.181788 0.000039 -0.002561 0.011501 -0.032294 0.262156 7.116616 6.473157 -1.839412 -1.040407 -1.380518
-0.028635 7.133872 0.000035 -0.002373 0.011501 -0.025133 0.211512 7.078619 6.470170 -1.532676 -0.809691 -1.063442
-0.024086 7.092220 0.000025 -0.002234 0.011501 -0.016009 0.099127 7.040613 6.469887 -1.053664 -0.515771 -0.586401
-0.020656 7.045641 0.000018 -0.002068 0.011501 -0.002158 -0.160333 7.003173 6.480972 -0.500773 -0.069509 -0.037939
-0.017937 6.996397 0.000015 -0.001851 0.011501 0.013700 -0.039078 6.953702 6.495240 0.059571 0.441357 0.517481
-0.013569 6.959909 0.000016 -0.001669 0.011501 0.029775 0.094183 6.931876 6.508709 0.519598 0.959250 0.977841
-0.008024 6.926255 0.000012 -0.001500 0.011501 0.043100 0.171969 6.883759 6.512464 0.971617 1.388544 1.427404
-0.001514 6.890012 0.000013 -0.001356 0.011501 0.056900 0.221357 6.858979 6.514184 1.517919 1.833132 1.964704
0.005499 6.851425 0.000010 -0.001211 0.011501 0.074530 0.250213 6.818138 6.520664 2.207480 2.401092 2.640542
0.011151 6.814928 0.000011 -0.001057 0.011501 0.096759 0.246378 6.795625 6.533356 3.054321 3.117257 3.469328
0.016844 6.789024 0.000011 -0.000918 0.010406 0.122899 0.250936 6.778303 6.553484 3.816354 3.959392 4.217942
0.023960 6.776132 0.000012 -0.000800 0.009416 0.145876 0.288534 6.762033 6.563386 4.304275 4.699628 4.701865
0.031346 6.776066 0.000012 -0.000764 0.008520 0.159517 0.323195 6.753122 6.550483 4.828468 5.139083 5.223784
0.041805 6.803026 0.000006 -0.000907 0.007709 0.173965 0.335708 6.816102 6.548891 5.518797 5.604550 5.905844
0.059131 6.864484 -0.000012 -0.001133 0.006975 0.194431 0.364677 6.895778 6.573039 5.847962 6.263911 6.223870
0.076162 6.942666 -0.000027 -0.001327 0.007262 0.203829 0.391721 6.944227 6.574051 6.108944 6.566655 6.486876
0.089892 7.023741 -0.000040 -0.001615 0.010880 0.209601 0.377091 7.047792 6.579460 6.515653 6.752620 6.897504
0.105188 7.107924 -0.000064 -0.001898 0.017151 0.220116 0.370764 7.135548 6.611825 6.732900 7.091366 7.107172
0.120739 7.203231 -0.000078 -0.002124 0.021044 0.224804 0.360218 7.226395 6.639983 6.978266 7.242399 7.352714
0.129415 7.255450 -0.000094 -0.002210 0.025260 0.230282 0.283434 7.255866 6.678701 7.263513 7.418887 7.634074
0.124668 7.193461 -0.000095 -0.001849 0.025526 0.237080 0.148239 7.130109 6.716748 7.557884 7.637901 7.919385
0.115761 7.087113 -0.000065 -0.001330 0.025526 0.245047 -0.080140 7.045800 6.746868 7.677515 7.894561 8.022788
0.110700 7.016147 -0.000044 -0.000967 0.025526 0.248098 0.409727 6.973665 6.755037 7.705441 7.992874 8.042844
0.105798 6.962236 -0.000029 -0.000744 0.025526 0.248149 0.131812 6.928251 6.750914 7.745238 7.994494 8.081305
0.100693 6.920645 -0.000023 -0.000610 0.025526 0.248193 -0.932339 6.893017 6.746344 7.662650 7.995916 7.992260
0.092671 6.864963 -0.000018 -0.000426 0.025526 0.242884 -0.643571 6.813716 6.729401 7.469645 7.824895 7.798839
0.081643 6.804196 -0.000007 -0.000269 0.025526 0.233842 -0.239537 6.765876 6.706176 7.274048 7.533595 7.606737
0.070124 6.771209 -0.000003 -0.000234 0.025526 0.223337 0.887224 6.753043 6.690247 7.456315 7.195156 7.793748
0.061295 6.741348 -0.000004 -0.000184 0.025526 0.225362 0.543102 6.754563 6.717929 7.349632 7.260379 7.656720
0.049741 6.705642 0.000000 0.000044 0.025526 0.218880 0.238826 6.674220 6.724415 7.114886 7.051557 7.403005
0.038216 6.693789 0.000017 0.000110 0.025526 0.207623 -0.289869 6.714918 6.726826 7.224371 6.688898 7.492664
0.034930 6.696929 0.000009 0.000107 0.023097 0.208982 -0.147042 6.728820 6.770117 8.941741 6.732672 9.154370
0.031653 6.694460 0.000014 0.000272 0.020899 0.264684 -0.429645 6.857903 6.953482 9.228656 8.527211 9.346132
0.029500 6.708758 0.000024 0.000879 0.018910 0.272525 -0.482388 6.650069 6.989636 9.730346 8.779828 9.804427
0.033822 6.748649 0.000073 0.000865 0.019610 0.289705 -0.559018 6.909667 7.047691 10.092985 9.333286 10.121921
0.037120 6.789041 0.000032 0.000929 0.019610 0.302786 -0.627578 6.758201 7.087487 10.456588 9.754727 10.449218
0.040770 6.832109 0.000070 0.000917 0.019610 0.315219 -0.651725 6.951898 7.122611 10.937302 10.155276 10.894933
0.050175 6.886551 0.000038 0.000848 0.019610 0.332327 -0.662300 6.901864 7.166596 11.352241 10.706426 11.277672
0.058699 6.935693 0.000057 0.000829 0.019610 0.348453 -0.654306 7.018574 7.199324 11.517124 11.225958 11.422564
0.062857 6.988440 0.000040 0.000757 0.019610 0.354995 -0.571262 6.989498 7.203401 11.732608 11.436711 11.628574
0.068238 7.049386 0.000047 0.000553 0.019610 0.361128 -0.404303 7.122871 7.213574 12.019861 11.634318 11.904337
0.071348 7.092393 0.000022 0.000435 0.019610 0.369577 -0.171727 7.101333 7.234779 12.079039 11.906511 11.956818
0.069823 7.134231 0.000030 0.000361 0.019610 0.369138 0.457165 7.175461 7.239636 12.496179 11.892369 12.355949
0.071432 7.188548 0.000016 0.000183 0.019610 0.379059 0.170766 7.251205 7.286714 12.907782 12.211979 12.741629
0.075755 7.243190 0.000010 0.000156 0.019610 0.390514 -0.184277 7.296917 7.342500 12.870536 12.581015 12.697285
0.072490 7.280332 0.000012 0.000223 0.017743 0.387934 0.128725 7.292087 7.361307 12.967511 12.497907 12.779210
0.067883 7.319089 0.000016 0.000152 0.016055 0.387575 -0.381101 7.381279 7.397673 13.159342 12.486329 12.944932
0.067010 7.364059 0.000006 0.000121 0.014527 0.390847 -0.260308 7.408451 7.452481 13.076891 12.591759 12.853625
0.063770 7.409409 0.000011 0.000155 0.013145 0.386683 -0.163475 7.452106 7.490104 13.051747 12.457598 12.807508
0.060162 7.464613 0.000010 0.000092 0.011894 0.383248 0.007207 7.525971 7.538907 13.236169 12.346922 12.949202
0.056319 7.509016 0.000004 0.000107 0.010762 0.386855 -1.758181 7.572311 7.612776 13.240649 12.463148 12.935887
0.050923 7.556433 0.000010 0.000202 0.009738 0.385427 -1.582062 7.610930 7.674342 13.290811 12.417133 12.953134
0.047440 7.613927 0.000014 0.000217 0.008811 0.384700 -1.426332 7.691837 7.743812 13.193515 12.393719 12.839043
0.046130 7.672193 0.000012 0.000257 0.007973 0.381216 -1.291621 7.725605 7.805777 13.012249 12.281466 12.645269
0.045924 7.746280 0.000017 0.000214 0.007214 0.375762 -1.166520 7.825981 7.862989 13.043045 12.105761 12.630949
0.047657 7.822269 0.000009 0.000146 0.006527 0.376414 -1.050470 7.900309 7.939927 13.072677 12.126763 12.634351
0.050105 7.890329 0.000009 0.000178 0.005906 0.378819 -0.946927 7.964101 8.016723 12.923136 12.204246 12.493933
0.050616 7.960357 0.000012 0.000202 0.005344 0.376473 -0.847517 8.019495 8.073220 13.122653 12.128672 12.637373
0.050433 8.019086 0.000012 0.000194 0.004836 0.382314 -0.753612 8.104669 8.153717 13.177104 12.316829 12.689001
0.050486 8.078361 0.000011 0.000271 0.004375 0.385455 -0.673155 8.131669 8.220536 13.246143 12.418050 12.745666
0.048952 8.141843 0.000019 0.000283 0.005061 0.387697 -0.599348 8.221555 8.284239 13.711776 12.490280 13.127241
0.049604 8.201471 0.000014 0.000297 0.005061 0.400246 -0.543212 8.290978 8.381536 13.617583 12.894548 13.092168
0.054371 8.295828 0.000019 0.000308 0.005143 0.400262 -0.509747 8.362201 8.435458 13.404483 12.895054 12.909110
0.053462 8.356253 0.000016 0.000284 0.005143 0.394822 -0.471095 8.395524 8.471567 13.623121 12.719801 13.051699
0.052768 8.396996 0.000016 0.000268 0.005143 0.399998 -0.437362 8.476248 8.542185 13.369856 12.886550 12.864904
0.054503 8.461005 0.000014 0.000292 0.005143 0.395223 -0.403887 8.490583 8.575839 13.468485 12.732724 12.913945
0.055189 8.518901 0.000018 0.000204 0.005143 0.397534 -0.355466 8.605148 8.633737 13.445340 12.807170 12.902212
0.057281 8.587359 0.000007 0.000167 0.005143 0.397978 -0.307755 8.628284 8.684257 13.270963 12.821498 12.762928
0.056517 8.652278 0.000012 0.000115 0.005143 0.393444 -0.237622 8.710321 8.719906 13.409674 12.675427 12.842770
0.064499 8.790766 0.000003 -0.000254 0.005143 0.395040 -0.155603 8.918583 8.790454 13.051437 12.726844 12.567619
0.062802 8.838458 -0.000025 -0.000172 0.006731 0.385895 -0.057086 8.802413 8.823309 12.842841 12.432207 12.346999
0.051446 8.813009 0.000005 0.000037 0.006731 0.378032 0.394881 8.856976 8.857770 12.921937 12.178891 12.352066
0.048858 8.869581 0.000001 -0.000042 0.006731 0.377145 0.301775 8.943887 8.923173 12.793834 12.150320 12.239789
0.045153 8.927844 -0.000004 -0.000017 0.006731 0.372398 0.225392 8.970630 8.979259 12.982612 11.997400 12.338975
0.040904 8.984693 0.000002 -0.000020 0.006731 0.374110 0.184932 9.081095 9.064955 12.741505 12.052540 12.157968
0.036384 9.043385 -0.000003 0.000077 0.006731 0.367107 0.209699 9.072763 9.122345 12.662545 11.826931 12.034972
0.034562 9.112968 0.000010 0.000034 0.006731 0.362210 0.231153 9.217354 9.193630 12.411565 11.669148 11.799530
0.034254 9.180540 -0.000004 0.000047 0.006731 0.355267 0.269482 9.215257 9.256489 11.899216 11.445478 11.361403
0.033033 9.242793 0.000009 0.000049 0.006731 0.342280 0.251253 9.304040 9.294336 12.048093 11.027071 11.352961
0.033107 9.316632 -0.000002 -0.000080 0.006731 0.343336 0.216839 9.414953 9.384813 12.319649 11.061105 11.540118
0.034415 9.384679 -0.000006 0.000000 0.006731 0.350862 0.200717 9.469236 9.493576 12.036346 11.303561 11.388677
0.036088 9.442369 0.000005 0.000184 0.006091 0.348317 0.222558 9.484210 9.551790 11.711373 11.221593 11.131892
0.037137 9.501824 0.000014 0.000179 0.005511 0.342213 0.210331 9.558247 9.589126 11.699145 11.024933 11.068437
0.038602 9.566503 0.000006 0.000081 0.004987 0.341770 0.191646 9.631380 9.645136 11.209704 11.010657 10.721654
0.037116 9.617836 0.000003 0.000098 0.004512 0.331417 0.160791 9.624204 9.659609 11.135836 10.677128 10.581217
0.035775 9.660997 0.000007 -0.000005 0.004083 0.326823 0.112564 9.730077 9.699394 10.488851 10.529124 10.095185
0.033179 9.703715 -0.000006 -0.000016 0.003694 0.311331 0.057607 9.679145 9.696346 10.256405 10.030003 9.798529
0.028728 9.742560 0.000004 -0.000166 0.003343 0.300716 -0.123921 9.812860 9.720535 10.711935 9.688043 10.006617
0.026154 9.780878 -0.000018 -0.000217 0.004937 0.306779 -0.072996 9.843789 9.815065 10.628696 9.883352 9.999718
0.022583 9.818615 -0.000006 -0.000013 0.004937 0.306278 -0.066649 9.862897 9.879840 10.659497 9.867216 10.009322
0.019159 9.862067 0.000003 0.000064 0.004937 0.306093 -0.160093 9.929880 9.946540 10.264592 9.861265 9.739428
0.017337 9.902011 0.000003 0.000160 0.004937 0.297313 -0.211982 9.914576 9.976947 9.910957 9.578388 9.415843
0.017678 9.940680 0.000013 0.000130 0.004937 0.287971 -0.231702 9.990308 10.002064 9.916710 9.277446 9.323520
0.019620 9.984257 0.000002 0.000064 0.004937 0.287135 -0.228953 10.034668 10.055535 10.203986 9.250499 9.499697
0.023995 10.033190 0.000004 0.000080 0.004937 0.295571 -0.216801 10.114418 10.135711 10.326096 9.522291 9.661859
0.027441 10.086836 0.000004 0.000176 0.004937 0.303700 -0.199959 10.134245 10.200297 10.835801 9.784163 10.078664
0.031038 10.142431 0.000013 0.000208 0.004937 0.318667 -0.170486 10.239874 10.285404 10.967629 10.266370 10.318820
0.048608 10.347767 0.000009 -0.000224 0.004937 0.327683 -0.163902 10.494692 10.352250 11.281460 10.556825 10.621964
0.048474 10.362905 -0.000028 -0.000038 0.007641 0.337850 -0.145588 10.320105 10.415946 11.267362 10.884382 10.724812
0.035372 10.238320 0.000019 0.000638 0.007641 0.341745 -0.159668 10.205993 10.431285 11.069249 11.009858 10.648328
0.036379 10.286706 0.000045 0.000519 0.012218 0.338585 -0.106738 10.356410 10.421960 11.127134 10.908041 10.666771
0.036212 10.332289 0.000014 0.000322 0.012218 0.337764 0.046279 10.331929 10.431929 10.760200 10.881601 10.433131
0.032425 10.354795 0.000020 0.000277 0.012218 0.328214 -0.530247 10.362595 10.413723 10.812111 10.573930 10.376362
0.028120 10.374306 0.000011 0.000142 0.012218 0.323958 -0.418676 10.404261 10.430368 10.966600 10.436823 10.433635
0.027714 10.435488 0.000006 -0.000018 0.012218 0.323703 -0.312930 10.506259 10.476668 11.040974 10.428586 10.477625
0.024106 10.463494 -0.000006 0.000047 0.012218 0.323483 -0.228490 10.482211 10.528280 11.269581 10.421524 10.615840
0.019093 10.471172 0.000010 0.000205 0.012218 0.326925 -0.192606 10.535638 10.595867 11.278710 10.532396 10.654104
0.020913 10.526472 0.000012 0.000249 0.012218 0.328086 -0.237886 10.583644 10.653432 10.882345 10.569809 10.416529
0.024472 10.581975 0.000014 0.000257 0.012218 0.321801 -0.284274 10.607652 10.673299 10.916603 10.367320 10.368021
0.029385 10.633970 0.000014 0.000141 0.012218 0.322494 -0.274061 10.702499 10.716841 11.038417 10.389640 10.451961
0.035216 10.690285 0.000003 0.000095 0.012218 0.328228 -0.233901 10.736588 10.770259 11.300801 10.574384 10.681884
0.039635 10.745767 0.000007 0.000088 0.011055 0.337939 -0.142444 10.815895 10.830595 11.813451 10.887248 11.113448
0.043852 10.805236 0.000003 0.000091 0.010003 0.353144 -0.037716 10.876761 10.908111 12.057421 11.377085 11.440305
0.047466 10.860875 0.000007 0.000170 0.009051 0.364031 0.117097 10.906967 10.962189 11.966894 11.727816 11.515225
0.048865 10.908840 0.000011 0.000192 0.008190 0.365974 0.091599 10.931002 10.977518 12.138706 11.790434 11.655276
0.048968 10.944896 0.000010 0.000117 0.007411 0.369076 0.061775 10.986113 11.004357 12.332207 11.890369 11.819139
0.048492 10.975311 0.000004 0.000104 0.006705 0.373062 0.094272 11.004858 11.039640 12.358570 12.018786 11.888445
0.045269 10.998281 0.000007 0.000149 0.006067 0.373454 0.111426 11.022386 11.064872 12.391817 12.031400 11.919834
0.040718 11.023979 0.000009 0.000147 0.005490 0.371919 0.139871 11.056404 11.091934 12.427923 11.981963 11.927446
0.037406 11.061720 0.000008 0.000109 0.004967 0.369468 0.160974 11.104518 11.127457 12.201730 11.902976 11.762633
0.033785 11.096758 0.000005 0.000110 0.004495 0.362126 0.182646 11.116371 11.150208 11.771438 11.666459 11.417208
0.029351 11.127749 0.000007 0.000081 0.004067 0.349299 0.177825 11.145925 11.157036 11.713183 11.253221 11.226041
0.025858 11.161676 0.000003 -0.000017 0.003680 0.342108 0.159368 11.214031 11.197255 11.789239 11.021529 11.176670
0.025710 11.201773 -0.000003 -0.000016 0.003330 0.340643 0.141786 11.258320 11.264060 11.630359 10.974360 11.056646
0.028172 11.251174 0.000001 0.000046 0.003013 0.338634 0.126236 11.302155 11.319470 11.681853 10.909621 11.055978
0.031560 11.308770 0.000004 0.000038 0.002726 0.341017 0.090585 11.380806 11.385144 12.221622 10.986381 11.396165
0.034496 11.356728 0.000001 0.000102 0.002467 0.354600 0.050812 11.444228 11.489065 12.418170 11.423981 11.673646
0.037500 11.409242 0.000009 0.000287 0.002488 0.365629 0.009748 11.467181 11.567011 12.458682 11.779322 11.833733
0.041299 11.472496 0.000020 0.000339 0.005467 0.372210 -0.113380 11.535466 11.616277 12.191783 11.991331 11.764661
0.044576 11.533343 0.000017 0.000298 0.005467 0.370694 -0.066415 11.548969 11.625308 11.933283 11.942483 11.604919
0.045378 11.575787 0.000016 0.000178 0.005467 0.365526 0.069120 11.596445 11.619561 12.095808 11.775994 11.644933
0.046260 11.613844 0.000005 0.000021 0.005467 0.366397 -0.104334 11.655405 11.646631 8.726997 11.804055 9.717810
0.044322 11.643386 -0.000001 0.000012 0.005467 0.303159 0.020850 11.367820 11.380355 9.631638 9.766726 9.470834
0.041041 11.689560 0.000003 -0.001110 0.005467 0.293166 -0.708656 11.935277 11.399600 9.762796 9.444812 9.421514
0.038276 11.728316 -0.000107 -0.001181 0.028868 0.289131 -0.625977 11.590230 11.459955 8.815049 9.314802 8.828925
0.029187 11.712112 -0.000026 -0.000906 0.028868 0.268024 -0.525254 11.766424 11.441977 8.280631 8.634815 8.253959
0.019310 11.705750 -0.000066 -0.000947 0.028868 0.246939 -0.414450 11.626598 11.437742 8.404507 7.955518 8.040281
0.013637 11.720960 -0.000039 -0.001017 0.028868 0.238338 -0.371648 11.835256 11.504870 7.706866 7.678424 7.526495
0.009710 11.728695 -0.000067 -0.000804 0.028868 0.221808 -0.418992 11.645905 11.529711 7.126617 7.145899 6.974925
0.008910 11.747913 -0.000024 -0.000784 0.028868 0.205632 -0.438978 11.827852 11.549864 7.262819 6.624755 6.823015
0.010119 11.774853 -0.000057 -0.000808 0.028868 0.203671 -0.438073 11.787601 11.627511 7.249500 6.561573 6.777754
0.009525 11.790857 -0.000033 -0.000587 0.028868 0.205251 -0.448066 11.852919 11.703304 7.540975 6.612482 6.950116
0.011036 11.813537 -0.000031 -0.000396 0.028868 0.213343 -0.489776 11.862282 11.794577 6.708861 6.873192 6.596491
0.013741 11.850208 -0.000015 -0.000200 0.028868 0.204491 -0.557201 11.826346 11.785937 6.210800 6.587990 6.207979
0.018063 11.914042 -0.000009 -0.000460 0.028868 0.193383 -0.542193 11.951599 11.766147 6.111943 6.230144 6.009821
0.018923 11.919850 -0.000038 -0.000552 0.026120 0.188381 -0.522901 11.884235 11.771301 5.346535 6.068998 5.528683
0.015426 11.885307 -0.000024 -0.000409 0.023635 0.173773 -0.467129 11.823721 11.720259 5.082053 5.598358 5.196450
0.014115 11.881777 -0.000022 -0.000580 0.021386 0.163223 -0.377866 11.883598 11.691786 4.571465 5.258487 4.782507
0.012836 11.874033 -0.000040 -0.000655 0.019351 0.149795 -0.267998 11.807001 11.650631 4.234773 4.825893 4.424907
0.015882 11.919784 -0.000033 -0.000967 0.017509 0.138083 -0.113624 11.958920 11.626456 3.897658 4.448563 4.088598
0.012647 11.899589 -0.000068 -0.000981 0.018315 0.126828 0.207739 11.804510 11.606154 3.973757 4.085978 3.981961
0.006287 11.837072 -0.000041 -0.000829 0.018315 0.122924 0.003776 11.853422 2903.607179 4.146156 3.960178 4.023257
0.007558 11.838153 -0.000049 10.385269 0.018315 0.129974 -1.034822 11.842012 2614.446350 3.966636 4.187330 4.026018
0.010749 11.832004 -0.000039 9.346822 0.018315 0.130733 -0.921295 11.804924 2354.165841 3.864161 4.211778 3.988793
0.014482 11.833298 -0.000032 8.412066 0.018315 0.131120 -0.818246 11.825953 2119.902542 4.282759 4.224232 4.234610
0.017287 11.841293 -0.000038 7.570723 0.018315 0.140078 -0.712410 11.858622 1909.101476 4.961408 4.512833 4.737100
0.017487 11.824111 -0.000040 6.813731 0.018315 0.156541 -0.632229 11.835272 1719.412510 20.438149 5.043224 13.485428
0.015653 11.794680 -0.000024 6.132602 0.018315 0.441079 -0.584851 13.092796 1549.981316 14.052335 14.210063 13.682473
0.014466 11.788167 -0.000008 5.524144 0.018315 0.445241 -0.519815 10.730831 1396.148369 14.188225 14.344143 13.842673
0.021020 11.873218 0.000439 4.971375 0.117917 0.447844 -0.497862 12.773652 1257.707378 14.882811 14.427986 14.286453
0.031096 11.982708 0.000006 4.473796 0.117917 0.460193 0.099733 11.389264 1133.174222 15.263467 14.825846 14.681576
0.035457 12.013539 0.000276 4.026447 0.117917 0.472714 -2.310708 12.550783 1021.095977 15.421632 15.229222 14.956476
0.040722 12.055051 0.000036 3.623789 0.117917 0.481055 -1.955387 11.675096 920.208515 14.568793 15.497953 14.617881
0.048228 12.129989 0.000202 3.261201 0.117917 0.469541 -1.550988 12.413595 829.320354 12.029708 15.126983 13.087697
0.052209 12.190381 0.000028 2.934575 0.117917 0.418527 -0.792872 11.744111 747.339658 11.597798 13.483517 12.212014
0.055572 12.227347 0.000101 2.640024 0.117917 0.387720 1.421697 12.450952 673.665443 14.216688 12.491000 13.280246
0.063099 12.230752 -0.000073 2.375424 0.117917 0.423926 -0.126973 12.203745 607.671126 14.682910 13.657455 14.018282
0.065779 12.226368 0.000009 2.138433 0.117917 0.446498 15.507944 12.333098 548.215281 15.692847 14.384628 14.886608
0.063433 12.242476 0.000000 1.924850 0.117917 0.473435 13.827003 12.283049 494.731071 17.418285 15.252464 16.208923
0.067500 12.276955 0.000031 1.732647 0.117917 0.514478 12.338862 12.459273 446.672852 16.054470 16.574703 15.984987
0.067587 12.252934 0.000030 1.560141 0.106695 0.506767 11.025887 12.042899 403.185896 15.516276 16.326276 15.602423
0.064841 12.215489 0.000098 1.404100 0.096542 0.493296 9.849532 12.283552 364.018847 16.663254 15.892305 16.088078
0.065617 12.200072 0.000030 1.263494 0.087355 0.508663 8.809368 12.199921 328.903603 17.432229 16.387389 16.727509
0.064265 12.167346 0.000055 1.137501 0.079042 0.529443 7.895851 12.231593 297.320283 17.268705 17.056844 16.912835
0.062183 12.150582 0.000061 1.024136 0.071520 0.534615 7.090284 12.104085 268.821624 16.831616 17.223470 16.747462
0.061462 12.145982 0.000083 0.921804 0.064714 0.527819 6.361466 12.145632 243.120192 17.356933 17.004514 16.968759
0.062667 12.143782 0.000061 0.829510 0.058556 0.534357 5.697004 12.172762 220.053011 18.092138 17.215160 17.475852
0.065802 12.145176 0.000056 0.746664 0.052983 0.551357 5.096895 12.198905 199.338025 18.080357 17.762837 17.695743
0.069452 12.155495 0.000060 0.672232 0.047941 0.559698 4.555453 12.148210 180.647215 17.685661 18.031554 17.592534
0.071432 12.160868 0.000069 0.605088 0.043379 0.556876 4.058893 12.141099 163.768685 17.349997 17.940644 17.383902
0.076134 12.175215 0.000058 0.544421 0.039251 0.550419 3.601272 12.151459 148.558288 17.011147 17.732618 17.128001
0.083075 12.185924 0.000041 0.489757 0.035516 0.543716 3.176198 12.151139 134.858695 16.869373 17.516654 16.983295
0.087173 12.192675 0.000025 0.440533 0.032136 0.540684 2.772061 12.169958 122.536148 17.775920 17.418989 17.488108
0.089262 12.219721 0.000009 0.396182 0.029078 0.556458 2.393921 12.290380 111.535355 18.851463 17.927157 18.319058
0.090824 12.241709 -0.000009 0.356595 0.026311 0.581215 2.072310 12.282660 101.685878 18.860628 18.724752 18.644914
0.092282 12.254295 0.000008 0.321177 0.023807 0.589480 1.810414 12.243346 92.754464 17.961006 18.991013 18.244607
0.091517 12.246083 0.000017 0.289131 0.021541 0.574292 1.583209 12.159248 84.614602 17.747509 18.501708 17.949405
0.087949 12.209276 0.000015 0.260031 0.019492 0.562489 1.363846 12.184112 77.308883 18.693083 18.121453 18.356962
0.084870 12.154928 -0.000004 0.233989 0.017637 0.574267 1.172139 12.180987 70.842894 18.810724 18.500924 18.574668
0.083416 12.108518 0.000006 0.210934 0.015958 0.581358 1.023144 12.077320 64.996233 18.110621 18.729371 18.264497
0.081707 12.084235 0.000031 0.190024 0.014440 0.571269 0.891575 12.036288 59.651554 18.121397 18.404334 18.155148
0.079864 12.066053 0.000025 0.170895 0.013066 0.566983 0.762048 12.065412 54.868550 18.501833 18.266237 18.327632
0.080511 12.048402 0.000013 0.153781 0.011822 0.572352 0.650343 12.055156 50.606898 18.460833 18.439229 18.374157
0.082173 12.029994 0.000017 0.138542 0.010697 0.574910 0.555909 12.011732 46.751075 18.388307 18.521633 18.369915
0.083196 12.023708 0.000024 0.124717 0.009679 0.575681 0.462973 12.021766 43.266814 18.356958 18.546459 18.369373
0.084863 12.033632 0.000018 0.112168 0.008758 0.575729 0.369984 12.026747 40.127118 18.280142 18.548008 18.333841
0.088878 12.054741 0.000012 0.100817 0.007925 0.574607 0.280250 12.053985 37.296728 17.890888 18.511868 18.102273
0.092516 12.073836 0.000001 0.090583 0.007171 0.567573 0.180628 12.036045 34.720767 17.831006 18.285243 17.992486
0.094218 12.097187 -0.000006 0.081249 0.006488 0.563627 0.016699 12.106840 32.419149 18.628063 18.158119 18.418748
0.097103 12.145732 -0.000026 0.072808 0.006958 0.576386 -1.299765 12.217463 30.432425 19.221760 18.569167 18.923911
0.094872 12.113297 -0.000037 0.065790 0.009869 0.591323 -1.161644 12.086368 28.656916 18.702300 19.050402 18.804502
0.089388 12.042560 0.000002 0.059667 0.009869 0.586391 -1.044437 11.977428 26.965394 18.501256 18.891515 18.632737
0.089324 12.037459 0.000017 0.053611 0.009869 0.579837 -0.934444 12.051754 25.438870 18.890883 18.680347 18.784423
0.091760 12.045295 -0.000005 0.048101 0.009869 0.584891 -0.834807 12.058325 24.117710 18.984145 18.843164 18.901620
0.094310 12.049314 -0.000002 0.043341 0.009869 0.589500 -0.745794 12.054291 22.923055 19.045365 18.991668 18.996185
0.097222 12.056917 0.000001 0.039024 0.009869 0.593647 -0.663975 12.063659 21.841082 18.910897 19.125280 18.972058
0.099973 12.071795 -0.000000 0.035085 0.009869 0.593612 -0.583334 12.059775 20.845624 18.927979 19.124128 18.988936
0.103118 12.090855 -0.000003 0.031441 0.009869 0.594396 -0.497521 12.098765 19.953194 18.944212 19.149396 19.015313
0.107397 12.112582 -0.000013 0.028158 0.009869 0.595636 -0.406580 12.105901 19.151399 18.902875 19.189349 19.013562
0.110785 12.134096 -0.000017 0.025201 0.009869 0.595942 -0.296951 12.131892 18.424909 19.264353 19.199218 19.240224
0.112664 12.152520 -0.000025 0.022526 0.009869 0.602755 -0.156571 12.174651 17.803299 19.647241 19.418697 19.554672
0.113368 12.159466 -0.000029 0.020269 0.008930 0.611814 0.032302 12.167070 17.258669 19.547471 19.710536 19.607712
0.113288 12.161441 -0.000021 0.018306 0.008080 0.612235 -0.497091 12.142843 16.734852 19.289212 19.724110 19.464958
0.112460 12.160007 -0.000017 0.016430 0.007311 0.605984 -0.421143 12.136150 16.239779 19.476322 19.522737 19.506149
0.112088 12.152210 -0.000022 0.014680 0.006616 0.605978 -0.355044 12.161047 15.827011 19.760500 19.522535 19.675303
0.113398 12.152253 -0.000025 0.013197 0.006740 0.611272 -0.308392 12.165785 15.480102 19.847050 19.693088 19.788715
0.115586 12.166176 -0.000020 0.011901 0.006740 0.615334 -0.265005 12.179795 15.162017 19.769605 19.823953 19.791204
0.117976 12.176073 -0.000018 0.010723 0.006740 0.615963 -0.211817 12.168398 14.858725 20.084101 19.844197 19.988247
0.120522 12.177209 -0.000015 0.009630 0.006740 0.623392 -0.142687 12.204993 14.611308 20.732853 20.083538 20.465232
0.122603 12.182939 -0.000017 0.008721 0.006740 0.639908 -0.049749 12.221416 14.424592 21.339267 20.615634 21.023619
0.125911 12.211582 -0.000007 0.007948 0.006740 0.658258 0.152038 12.266258 14.265835 21.738179 21.206802 21.480160
0.130112 12.253135 -0.000003 0.007228 0.006740 0.673069 0.107594 12.288563 14.110492 22.008780 21.683978 21.820363
0.134604 12.299699 0.000001 0.006503 0.006740 0.683747 0.092265 12.336680 13.957486 21.886668 22.027981 21.877792
0.137992 12.349957 -0.000002 0.005773 0.006740 0.684889 0.100975 12.348365 13.784519 22.068409 22.064763 22.008815
0.139483 12.381269 -0.000007 0.005040 0.006740 0.687470 0.087135 12.407907 13.644509 22.134249 22.147926 22.084244
0.140513 12.397330 -0.000017 0.004479 0.006740 0.688577 0.120340 12.387686 13.518609 21.992018 22.183582 22.016156
0.141561 12.404709 -0.000012 0.004000 0.006098 0.685449 0.124497 12.401770 13.390662 21.832869 22.082828 21.888301
0.142243 12.405068 -0.000017 0.003540 0.005518 0.681170 0.111775 12.386102 13.270499 21.597327 21.944971 21.700990
0.143565 12.430079 -0.000016 0.003018 0.004993 0.674747 0.045734 12.435213 13.156410 21.904775 21.738031 21.814713
0.147045 12.478717 -0.000030 0.002434 0.008011 0.678016 -0.105665 12.527931 13.103052 21.580461 21.843335 21.658208
0.149814 12.521514 -0.000042 0.002088 0.011246 0.672738 -0.010336 12.493659 13.022178 21.292089 21.673321 21.425900
0.152022 12.555881 -0.000036 0.001675 0.011246 0.664297 1.850136 12.572708 12.942598 21.117962 21.401352 21.224488
0.155949 12.604601 -0.000054 0.001214 0.014391 0.657960 1.654217 12.605622 12.884305 21.018350 21.197223 21.091614
0.161703 12.679763 -0.000059 0.000735 0.015952 0.654125 1.466422 12.723616 12.848391 21.291428 21.073665 21.211746
0.168184 12.773319 -0.000079 0.000270 0.021247 0.658601 1.290755 12.831903 12.859705 21.705151 21.217877 21.511618
0.173985 12.865045 -0.000088 -0.000019 0.023791 0.668428 1.120732 12.933674 12.902354 21.987986 21.534445 21.793895
0.177030 12.934512 -0.000091 -0.000115 0.024572 0.677099 0.974582 12.974383 12.944770 22.300672 21.813795 22.080920
0.178063 12.973174 -0.000083 -0.000102 0.024572 0.685015 0.857062 13.014288 12.989691 22.162313 22.068822 22.088614
0.175786 12.961194 -0.000075 0.000102 0.024572 0.684262 0.775661 12.926800 12.994922 22.238088 22.044581 22.123311
0.171603 12.921422 -0.000049 0.000264 0.024572 0.684187 0.694989 12.933845 13.004297 22.475590 22.042151 22.260495
0.169991 12.900599 -0.000043 0.000372 0.024572 0.688383 0.643704 12.911465 13.031389 21.857353 22.177331 21.935248
0.169220 12.904440 -0.000027 0.000456 0.024572 0.678075 0.584232 12.871164 12.991039 21.859777 21.845252 21.814257
0.169087 12.921306 -0.000022 0.000250 0.024572 0.674084 0.483736 12.962675 12.985321 21.799984 21.716676 21.728131
0.168668 12.929464 -0.000037 0.000201 0.024572 0.671483 0.373484 12.910096 12.986935 21.805323 21.632871 21.696825
0.166752 12.913366 -0.000023 0.000264 0.024572 0.670656 0.224069 12.930886 12.994484 21.836927 21.606217 21.701754
0.164466 12.885492 -0.000021 0.000391 0.024572 0.671327 0.042735 12.869116 13.003525 21.387798 21.627841 21.439172
0.163262 12.881182 -0.000004 0.000439 0.024572 0.663460 -1.020581 12.870087 12.970543 21.352443 21.374417 21.324136
0.162780 12.906942 -0.000008 0.000228 0.022234 0.659510 -0.860634 12.934527 12.962284 21.598407 21.247132 21.420165
0.162269 12.939186 -0.000020 0.000083 0.020118 0.661640 -0.722914 12.973273 12.990335 21.547622 21.315780 21.410102
0.160339 12.955898 -0.000019 0.000124 0.018203 0.660211 -0.626633 12.962036 13.006930 21.243765 21.269718 21.207983
0.156853 12.950229 -0.000011 0.000204 0.016471 0.652394 -0.561040 12.938540 12.999016 20.549129 21.017882 20.699713
0.151955 12.925799 -0.000006 0.000263 0.014904 0.635032 -0.505660 12.875091 12.951180 20.546600 20.458548 20.480412
0.148254 12.897558 -0.000001 0.000193 0.013485 0.627468 -0.440699 12.923142 12.953428 20.482127 20.214874 20.340029
0.146574 12.877262 -0.000009 0.000274 0.012202 0.624141 -0.402900 12.863657 12.968910 20.005948 20.107672 20.012130
0.144203 12.864837 0.000008 0.000374 0.011041 0.614920 -0.358242 12.856989 12.949711 20.131769 19.810617 19.965286
0.143152 12.867412 0.000006 0.000296 0.009990 0.614390 -0.316562 12.903507 12.969238 19.718491 19.793527 19.711002
0.143127 12.875026 0.000002 0.000338 0.009040 0.607370 -0.290742 12.845755 12.953332 19.339063 19.567362 19.399913
0.143912 12.886418 0.000012 0.000240 0.008179 0.598565 -0.249770 12.899217 12.926908 19.128378 19.283703 19.166536
0.146024 12.913979 -0.000003 0.000046 0.007401 0.592544 -0.189124 12.912363 12.912191 19.163851 19.089721 19.111206
0.148164 12.943236 -0.000008 -0.000111 0.006697 0.591999 -0.094641 12.974341 12.921702 19.564716 19.072163 19.335350
0.149068 12.952921 -0.000018 -0.000112 0.006059 0.600367 0.045229 12.978356 12.967396 19.511482 19.341766 19.405086
0.147424 12.938633 -0.000009 0.000103 0.005483 0.603156 -0.162607 12.921523 12.979188 19.530854 19.431603 19.451052
0.143986 12.912224 0.000006 0.000240 0.004961 0.604102 -0.099571 12.913364 12.981070 19.958145 19.462105 19.710230
0.141699 12.886188 0.000008 0.000341 0.004489 0.611738 -0.062452 12.907320 13.014455 19.603302 19.708101 19.596960
0.148134 12.991598 0.000017 0.000082 0.004518 0.607920 -0.096425 13.049963 13.003111 19.279521 19.585079 19.363209
0.144605 12.956184 -0.000014 0.000169 0.004518 0.599854 -0.110858 12.854750 12.972009 19.034982 19.325226 19.122759
0.135167 12.824088 0.000020 0.000531 0.005309 0.591821 -0.134817 12.774473 12.932131 18.442669 19.066433 18.681271
0.135107 12.820866 0.000028 0.000400 0.007621 0.577623 -0.137505 12.804068 12.867092 18.057573 18.609026 18.283913
0.135210 12.805225 0.000010 0.000222 0.007621 0.565625 -0.096890 12.758489 12.813243 17.516366 18.222489 17.823526
0.134992 12.791317 0.000008 0.000079 0.007621 0.551840 0.049699 12.756550 12.750020 17.463682 17.778386 17.624680
0.134921 12.783567 -0.000004 -0.000120 0.007621 0.546258 -0.406530 12.777980 12.726175 17.900766 17.598555 17.808960
0.135732 12.771514 -0.000012 -0.000163 0.007621 0.553114 -0.316291 12.792461 12.756829 17.753367 17.819434 17.806426
0.135342 12.748910 -0.000009 0.000028 0.007621 0.554044 -0.242044 12.708359 12.750327 17.818217 17.849406 17.857254
0.134277 12.726123 0.000007 0.000087 0.007621 0.555921 -0.172759 12.737639 12.745211 17.971882 17.909873 17.971451
0.133661 12.691912 -0.000000 0.000191 0.007621 0.559886 -0.135999 12.660689 12.745240 17.896282 18.037597 17.977973
0.132459 12.644869 0.000016 0.000360 0.007621 0.560762 -0.128125 12.619998 12.722989 18.275197 18.065836 18.213507
0.130147 12.590298 0.000020 0.000477 0.007621 0.568893 -0.150498 12.584633 12.727815 18.486730 18.327792 18.438985
0.126971 12.535466 0.000028 0.000691 0.007621 0.576136 -0.204358 12.509870 12.722317 18.967221 18.561122 18.811467
0.124923 12.487788 0.000042 0.000842 0.011287 0.587775 -0.268103 12.505222 12.733964 18.921192 18.936089 18.928110
0.123786 12.448007 0.000046 0.001027 0.012241 0.591572 -0.378875 12.400947 12.704080 18.928941 19.058416 18.983630
0.123591 12.425815 0.000061 0.000999 0.016334 0.593223 -0.436608 12.434519 12.665063 19.145563 19.111599 19.136363
0.125850 12.426122 0.000046 0.000858 0.016334 0.598352 -0.497970 12.422340 12.644105 18.683326 19.276834 18.930956
0.129584 12.452476 0.000045 0.000688 0.016334 0.592008 -0.509199 12.425288 12.573645 18.668515 19.072465 18.854913
0.135096 12.508364 0.000030 0.000234 0.016334 0.589542 -0.466620 12.539910 12.532203 18.657737 18.993020 18.826423
0.140221 12.566006 -0.000001 -0.000121 0.016334 0.588471 -0.389331 12.557904 12.506605 18.720839 18.958503 18.857629
0.143170 12.605952 -0.000010 -0.000357 0.016334 0.588664 -0.269371 12.623849 12.495998 18.915784 18.964723 18.980405
0.142961 12.612284 -0.000025 -0.000418 0.016334 0.591291 -0.107703 12.598802 12.503397 18.995063 19.049363 19.061126
0.139284 12.573696 -0.000019 -0.000252 0.016334 0.592022 0.235608 12.548918 12.505734 18.994825 19.072928 19.070064
0.134213 12.511778 -0.000009 -0.000022 0.016334 0.590796 0.090875 12.475315 12.499587 18.845353 19.033421 18.965767
0.129965 12.460675 0.000005 0.000140 0.016334 0.586342 -0.191594 12.432709 12.479441 18.772071 18.889939 18.866921
0.127015 12.425910 0.000010 0.000192 0.016334 0.582447 -0.058437 12.410283 12.463901 19.050304 18.764449 18.980566
0.124978 12.392922 0.000011 0.000255 0.014779 0.585993 0.187356 12.403740 12.481510 19.436632 18.878677 19.244987
0.124113 12.359151 0.000016 0.000439 0.013373 0.595432 0.204534 12.371705 12.517498 19.455625 19.182774 19.363193
0.122963 12.321651 0.000030 0.000703 0.012100 0.600634 0.285503 12.305190 12.521496 19.408181 19.350353 19.394920
0.124050 12.312787 0.000044 0.000750 0.011789 0.602877 0.341163 12.323863 12.505623 19.284078 19.422612 19.348612
0.127662 12.341008 0.000037 0.000591 0.011789 0.602555 0.373314 12.342751 12.477188 19.591743 19.412245 19.530713
0.131610 12.375769 0.000028 0.000364 0.011789 0.609182 0.382421 12.417697 12.482560 19.885397 19.625737 19.786270
0.135753 12.419211 0.000014 0.000228 0.011789 0.617969 0.394058 12.442866 12.498668 19.897139 19.908852 19.900032
0.138054 12.462577 0.000012 0.000130 0.011789 0.621099 0.391376 12.477334 12.494047 20.087662 20.009662 20.054677
0.140216 12.511355 0.000004 -0.000062 0.011789 0.624544 0.382131 12.545315 12.502519 20.096250 20.120651 20.102638
0.139589 12.518942 -0.000008 -0.000059 0.011789 0.624462 0.371746 12.495735 12.502052 19.977104 20.118036 20.031687
0.135244 12.482281 0.000002 0.000071 0.011789 0.620524 0.351297 12.459337 12.487894 20.058255 19.991154 20.032182
0.130430 12.441340 0.000006 0.000167 0.011789 0.618978 0.323042 12.432742 12.489038 20.101830 19.941346 20.035628
0.126473 12.406643 0.000012 0.000296 0.011789 0.618027 0.306123 12.399634 12.494670 19.637668 19.910713 19.744655
0.123055 12.393048 0.000020 0.000365 0.011789 0.607848 0.288869 12.364180 12.460908 19.438216 19.582766 19.500235
0.120718 12.389765 0.000020 0.000255 0.010668 0.599062 0.252524 12.397740 12.441300 19.360226 19.299704 19.341499
0.119524 12.384593 0.000009 0.000204 0.009652 0.594048 0.230682 12.379306 12.440860 19.269470 19.138178 19.219493
0.119390 12.385088 0.000013 0.000200 0.008734 0.590929 0.214696 12.401060 12.446631 19.223883 19.037698 19.147332
0.121413 12.409443 0.000010 0.000134 0.007903 0.590050 0.209610 12.432241 12.459004 19.189894 19.009391 19.110471
0.125060 12.454478 0.000006 0.000016 0.007151 0.590370 0.198220 12.487868 12.474152 19.299529 19.019694 19.174262
0.128235 12.490476 -0.000002 -0.000059 0.006470 0.593964 0.186266 12.516749 12.499971 19.515700 19.135486 19.341655
0.129652 12.501352 -0.000003 -0.000005 0.005854 0.600639 0.173344 12.521897 12.532971 19.965768 19.350536 19.685037
0.131201 12.505867 0.000003 0.000097 0.005297 0.612920 0.173063 12.546218 12.583435 20.189483 19.746170 19.963540
0.133076 12.514393 0.000008 0.000248 0.004793 0.623045 0.183986 12.527249 12.614847 20.326837 20.072381 20.168063
0.134762 12.519643 0.000018 0.000342 0.004837 0.630419 0.188022 12.535551 12.627319 20.435962 20.309929 20.325230
0.135622 12.523163 0.000019 0.000374 0.005076 0.635888 0.184547 12.524145 12.627797 20.815289 20.486122 20.620717
0.137419 12.542832 0.000021 0.000305 0.005731 0.645134 0.176260 12.586231 12.647750 20.667397 20.783998 20.648664
0.139685 12.586175 0.000013 0.000221 0.005731 0.645346 0.180052 12.576052 12.631515 20.710809 20.790825 20.683546
0.137332 12.569771 0.000012 0.000222 0.005731 0.644800 0.171616 12.557831 12.618425 20.538990 20.773235 20.580095
0.132745 12.515893 0.000013 0.000368 0.005731 0.640115 0.180702 12.462097 12.587926 20.183148 20.622297 20.317617
0.131309 12.513749 0.000026 0.000266 0.006949 0.630275 0.165194 12.517114 12.542552 20.644863 20.305311 20.473299
0.132676 12.543970 0.000006 -0.000005 0.006949 0.634507 0.152926 12.594802 12.572042 20.451913 20.441630 20.408051
0.133127 12.573243 -0.000004 -0.000004 0.006949 0.631813 0.163337 12.556884 12.573050 20.268319 20.354829 20.266051
0.132391 12.595654 0.000004 -0.000081 0.006949 0.626217 0.166845 12.619193 12.567834 20.027304 20.174567 20.054459
0.131869 12.605767 -0.000010 -0.000136 0.006949 0.618657 0.178678 12.582299 12.558899 19.308617 19.930992 19.538927
0.131415 12.606122 -0.000004 -0.000170 0.006949 0.602064 0.164466 12.571389 12.509829 19.235918 19.396448 19.292827
0.131238 12.603481 -0.000012 -0.000336 0.006949 0.594824 0.105831 12.615280 12.505320 19.345734 19.163174 19.264896
0.129954 12.588534 -0.000022 -0.000299 0.006949 0.595003 0.016474 12.582917 12.529420 19.361615 19.168941 19.271725
0.126607 12.562374 -0.000011 -0.000118 0.006949 0.595774 -0.450284 12.562593 12.549368 19.499502 19.193783 19.357569
0.123229 12.532401 -0.000003 0.000061 0.006949 0.598383 -0.400425 12.534671 12.574095 18.855967 19.277859 19.010323
0.120645 12.514801 0.000008 0.000213 0.006949 0.587016 -0.364781 12.462440 12.531701 18.421387 18.911631 18.617110
0.120599 12.528686 0.000014 0.000011 0.006288 0.574007 -0.318989 12.539311 12.489028 18.484372 18.492526 18.491886
0.123313 12.570123 -0.000010 -0.000291 0.005690 0.570345 -0.275850 12.594067 12.496432 18.570447 18.374566 18.492374
0.124920 12.596646 -0.000020 -0.000360 0.005261 0.571019 -0.244197 12.615638 12.523384 18.395865 18.396286 18.394586
0.124716 12.609857 -0.000019 -0.000311 0.005261 0.568343 -0.229867 12.605196 12.531995 17.937877 18.310051 18.093008
0.124749 12.632874 -0.000015 -0.000362 0.005261 0.558349 -0.216123 12.622849 12.509915 17.671826 17.988082 17.813720
0.123994 12.637438 -0.000023 -0.000458 0.006154 0.549114 -0.197869 12.621776 12.495334 17.613443 17.690552 17.662657
0.120573 12.601329 -0.000026 -0.000381 0.006909 0.544245 -0.171638 12.578307 12.499269 17.932138 17.533719 17.781600
0.115178 12.529049 -0.000016 -0.000107 0.006909 0.548488 -0.152385 12.524078 12.536682 17.869399 17.670406 17.791427
0.108735 12.454655 0.000002 0.000295 0.006909 0.549290 -0.157221 12.416316 12.545678 18.042297 17.696248 17.896237
0.105252 12.408053 0.000026 0.000494 0.006909 0.552871 -0.168802 12.431352 12.561825 17.670843 17.811605 17.721622
0.105162 12.383643 0.000026 0.000640 0.006999 0.548463 -0.197664 12.333310 12.531841 17.209858 17.669589 17.399791
0.104649 12.360402 0.000040 0.000616 0.010717 0.539481 -0.175066 12.342340 12.474962 17.819582 17.380232 17.642884
0.103580 12.329049 0.000027 0.000524 0.010717 0.548637 -0.109065 12.356390 12.498344 17.996287 17.675202 17.856906
0.102042 12.298473 0.000029 0.000718 0.010717 0.556462 -0.063105 12.279892 12.506108 17.975384 17.927299 17.942243
0.100331 12.272069 0.000046 0.000841 0.012327 0.559353 -0.029117 12.269967 12.486861 17.912818 18.020445 17.944475
0.099981 12.257935 0.000044 0.000822 0.012327 0.559321 0.048048 12.239008 12.454666 18.002280 18.019405 17.999519
0.100608 12.255547 0.000044 0.000715 0.012327 0.561135 -0.109240 12.267298 12.433274 18.505911 18.077839 18.317227
0.099851 12.256785 0.000034 0.000634 0.012327 0.571033 -0.029880 12.285373 12.452623 19.329635 18.396722 18.917369
0.097841 12.264240 0.000035 0.000677 0.012327 0.588938 -0.163470 12.327966 12.514417 19.916634 18.973556 19.475286
0.096625 12.266863 0.000038 0.000889 0.012327 0.605284 -0.348528 12.299491 12.571172 18.875947 19.500177 19.073427
0.095129 12.260202 0.000056 0.001117 0.014978 0.591263 -0.453534 12.174819 12.486123 18.058507 19.048462 18.431185
0.094620 12.259712 0.000064 0.000813 0.017163 0.569809 -0.480340 12.242064 12.377919 17.991932 18.357283 18.129309
0.095096 12.257264 0.000029 0.000433 0.017163 0.560465 -0.446914 12.237847 12.334276 18.228176 18.056272 18.148955
0.094065 12.240424 0.000021 0.000337 0.017163 0.561931 -0.368717 12.257342 12.339749 18.456824 18.103487 18.296402
0.093028 12.232934 0.000018 0.000384 0.017163 0.567253 -0.294240 12.243945 12.359606 18.003949 18.274949 18.098769
0.091568 12.226479 0.000025 0.000478 0.017163 0.560797 -0.219195 12.189084 12.322871 17.392271 18.066961 17.666708
0.091334 12.225733 0.000028 0.000349 0.017163 0.546587 -0.109898 12.196738 12.254843 16.692292 17.609145 17.088531
0.093334 12.244351 0.000013 0.000038 0.017163 0.528100 0.229917 12.203198 12.174550 16.742798 17.013556 16.889963
0.095713 12.258983 -0.000005 -0.000303 0.017163 0.522537 -0.026891 12.280210 12.159592 17.335530 16.834342 17.162008
0.097791 12.265346 -0.000023 -0.000380 0.017163 0.532245 1.695184 12.296773 12.213485 17.603905 17.147113 17.433516
0.098867 12.263055 -0.000016 -0.000178 0.017163 0.542198 1.510272 12.275562 12.257923 17.333035 17.467773 17.398174
0.100441 12.270278 -0.000003 -0.000044 0.017163 0.541749 1.351429 12.254405 12.247513 17.080342 17.453300 17.248979
0.102592 12.278091 -0.000001 -0.000110 0.015529 0.537334 1.205222 12.264804 12.218336 17.537505 17.311043 17.464396
0.105232 12.273806 -0.000009 -0.000199 0.014052 0.545251 1.070512 12.300580 12.243456 18.191285 17.566112 17.944365
0.108007 12.269131 -0.000011 -0.000092 0.012714 0.562234 0.954110 12.298006 12.300058 18.690742 18.113262 18.445630
0.110163 12.268097 0.000001 0.000115 0.011504 0.579421 0.856960 12.294082 12.346773 18.854430 18.666943 18.754994
0.111768 12.269162 0.000011 0.000279 0.010410 0.589531 0.778841 12.265430 12.355217 18.523231 18.992673 18.690985
0.111743 12.253220 0.000018 0.000366 0.009419 0.586769 0.707229 12.202878 12.304443 18.541585 18.903691 18.679445
0.111191 12.223969 0.000021 0.000289 0.008523 0.585541 0.631932 12.209545 12.265099 18.870964 18.864127 18.867747
0.110051 12.192231 0.000012 0.000262 0.007712 0.591004 0.559183 12.178971 12.258403 19.191438 19.040103 19.128726
0.108143 12.173950 0.000016 0.000303 0.006978 0.598204 0.492812 12.183013 12.263038 19.441559 19.272066 19.367165
0.106441 12.168408 0.000017 0.000340 0.006314 0.603939 0.442504 12.171373 12.268224 19.409129 19.456841 19.419647
0.105643 12.166722 0.000020 0.000365 0.005713 0.603767 0.409166 12.158877 12.253950 19.181977 19.451306 19.285621
0.105511 12.170462 0.000020 0.000300 0.005295 0.598200 0.383239 12.156452 12.222323 19.286751 19.271959 19.281088
0.106004 12.174652 0.000014 0.000171 0.005295 0.597435 0.356766 12.190491 12.218834 19.578881 19.247293 19.442148
0.106928 12.181336 0.000006 0.000135 0.005295 0.602808 0.338344 12.202671 12.243744 19.673669 19.420395 19.559929
0.107441 12.189470 0.000009 0.000195 0.005295 0.606791 0.325745 12.200800 12.260207 19.680555 19.548733 19.610225
0.108485 12.196717 0.000013 0.000228 0.005295 0.608622 0.317415 12.204844 12.265251 19.584741 19.607722 19.575230
0.110907 12.205451 0.000013 0.000215 0.005295 0.608239 0.307005 12.203950 12.257285 19.668684 19.595386 19.621186
0.113637 12.214702 0.000011 0.000153 0.005295 0.611047 0.286106 12.229639 12.259362 20.053397 19.685836 19.884244
0.116621 12.227863 0.000007 0.000113 0.005295 0.620837 0.255778 12.258211 12.287981 20.323398 20.001228 20.163311
0.119018 12.249330 0.000007 0.000139 0.005295 0.630677 0.222896 12.270070 12.311961 20.553206 20.318237 20.420920
0.121250 12.284850 0.000009 0.000097 0.005295 0.638539 0.187683 12.316982 12.329558 20.543980 20.571537 20.513793
0.125012 12.339159 0.000003 -0.000034 0.005295 0.640557 0.159353 12.354520 12.328136 20.481217 20.636540 20.505858
0.128876 12.395930 -0.000005 -0.000243 0.004791 0.639275 0.127211 12.415633 12.321491 20.423300 20.595253 20.460944
0.130312 12.442924 -0.000019 -0.000436 0.004979 0.636510 0.092120 12.449895 12.318772 20.725844 20.506154 20.609714
0.129170 12.469246 -0.000026 -0.000540 0.007013 0.639088 0.051191 12.503714 12.352808 21.176879 20.589225 20.904590
0.125456 12.472659 -0.000030 -0.000430 0.008124 0.646194 0.148969 12.498605 12.415584 21.197641 20.818161 20.996445
0.117532 12.416812 -0.000017 -0.000004 0.008124 0.646560 0.249484 12.384176 12.448505 20.608988 20.829940 20.649263
0.110212 12.356830 0.000013 0.000329 0.008124 0.633795 0.322424 12.315856 12.420241 19.904771 20.418713 20.076205
0.106686 12.343295 0.000021 0.000276 0.008124 0.614601 0.343109 12.320826 12.368126 19.651543 19.800348 19.685946
0.105589 12.343958 0.000010 0.000087 0.008124 0.602476 0.331293 12.349602 12.352848 19.608322 19.409708 19.502016
0.106500 12.349955 0.000001 0.000010 0.008124 0.598265 0.302521 12.367404 12.369725 19.199499 19.274028 19.203623
0.107101 12.357308 0.000001 0.000045 0.008124 0.590989 0.263153 12.342789 12.362042 18.599694 19.039650 18.760774
0.106838 12.369625 0.000004 -0.000027 0.008124 0.578175 0.187208 12.353067 12.324774 18.369328 18.626808 18.466849
0.107412 12.381941 -0.000006 -0.000205 0.008124 0.569681 0.061814 12.382787 12.308237 17.891155 18.353150 18.082454
0.108155 12.398634 -0.000015 -0.000325 0.008124 0.558318 -0.336892 12.371382 12.277346 17.742000 17.987077 17.854739
0.107618 12.413760 -0.000019 -0.000490 0.008124 0.551191 -0.213083 12.426480 12.269805 18.022182 17.757490 17.925773
0.105632 12.420497 -0.000032 -0.000541 0.008497 0.553029 -0.064076 12.438589 12.307752 18.414329 17.816706 18.168664
0.104083 12.425661 -0.000027 -0.000423 0.008497 0.560077 0.200152 12.466972 12.371196 17.887574 18.043746 17.945868
0.102134 12.424366 -0.000020 -0.000191 0.008497 0.552527 0.163370 12.376784 12.363015 17.265430 17.800513 17.490051
0.098544 12.411695 -0.000003 -0.000175 0.008497 0.537210 0.110471 12.393377 12.321636 17.417900 17.307071 17.380621
0.094707 12.384003 -0.000015 -0.000224 0.008497 0.533354 0.049052 12.386083 12.337451 17.280792 17.182844 17.245544
0.094811 12.401776 -0.000010 -0.000231 0.008497 0.529304 0.014184 12.422796 12.352349 16.984262 17.052356 17.017469
0.090239 12.365698 -0.000015 -0.000048 0.008497 0.522404 -0.038286 12.314134 12.347799 16.962410 16.830053 16.910790
0.083582 12.292713 0.000006 0.000198 0.008497 0.519303 0.006206 12.287016 12.353730 17.066926 16.730160 16.923105
0.083118 12.278967 0.000013 0.000268 0.008497 0.520768 0.348320 12.301634 12.375360 17.040436 16.777342 16.919247
0.084010 12.271483 0.000015 0.000373 0.008497 0.522540 0.326762 12.270101 12.387712 16.565201 16.834438 16.666691
0.084019 12.271004 0.000023 0.000419 0.008497 0.516085 0.300812 12.248456 12.352771 16.517121 16.626476 16.557693
0.083220 12.267806 0.000021 0.000305 0.007688 0.513141 0.253885 12.273834 12.334823 16.624193 16.531629 16.580948
0.084253 12.264298 0.000012 0.000253 0.006957 0.514590 0.220346 12.264670 12.335771 16.123275 16.578327 16.313440
0.085244 12.260134 0.000014 0.000272 0.006295 0.506965 0.182393 12.217175 12.288877 16.145286 16.332678 16.233050
0.085270 12.250904 0.000015 0.000136 0.005696 0.505020 0.118910 12.261690 12.268883 16.577369 16.270015 16.457502
0.084791 12.230816 0.000002 0.000137 0.005154 0.512773 0.050742 12.232681 12.291641 16.923417 16.519794 16.753358
0.085079 12.208805 0.000012 0.000297 0.004663 0.522921 0.014166 12.224589 12.318243 16.610870 16.846710 16.703004
0.084596 12.189223 0.000019 0.000463 0.005129 0.521774 0.147734 12.140547 12.284957 16.424208 16.809778 16.587089
0.084791 12.181552 0.000029 0.000371 0.007890 0.517731 0.137117 12.181031 12.241292 16.207432 16.679524 16.417803
0.086012 12.179837 0.000013 0.000221 0.007890 0.512201 0.125557 12.138078 12.194343 16.163436 16.501345 16.329179
0.086482 12.164149 0.000012 0.000108 0.007890 0.509294 0.077147 12.155801 12.162118 16.306551 16.407708 16.380008
0.085371 12.129685 0.000002 0.000116 0.007890 0.511239 0.003875 12.100050 12.150132 16.468068 16.470353 16.500973
0.082792 12.093339 0.000010 0.000204 0.007890 0.515242 -1.687208 12.087772 12.144255 17.221124 16.599316 16.988338
0.082660 12.078713 0.000012 0.000235 0.007890 0.530448 -1.515827 12.125208 12.191444 17.405355 17.089205 17.283268
0.082130 12.060568 0.000014 0.000470 0.007890 0.539731 -1.366518 12.036181 12.205681 17.607540 17.388263 17.517115
0.080917 12.045903 0.000035 0.000574 0.009286 0.546587 -1.234871 12.072632 12.208656 17.965602 17.609152 17.811113
0.081348 12.037270 0.000028 0.000616 0.009286 0.555537 -1.123411 12.039789 12.222325 17.868381 17.897491 17.866832
0.082550 12.020880 0.000037 0.000723 0.010044 0.557604 -1.029700 12.003236 12.199665 17.719457 17.964078 17.809896
0.084346 12.008952 0.000040 0.000685 0.010825 0.556613 -0.945407 11.992383 12.159451 17.574008 17.932155 17.719283
0.087726 12.015935 0.000034 0.000515 0.010825 0.554626 -0.859434 12.003822 12.114144 17.879712 17.868146 17.881126
0.091051 12.022422 0.000023 0.000329 0.010825 0.560813 -0.766168 12.038301 12.105972 18.660634 18.067458 18.420226
0.094124 12.018780 0.000015 0.000313 0.010825 0.579148 -0.674671 12.054432 12.148521 18.983117 18.658151 18.836562
0.097377 12.017720 0.000020 0.000470 0.010825 0.593480 -0.591851 12.016437 12.163528 19.231594 19.119875 19.164056
0.100091 12.025147 0.000031 0.000497 0.010825 0.604180 -0.507527 12.041771 12.159346 19.874654 19.464601 19.683003
0.104394 12.046556 0.000025 0.000405 0.010825 0.620617 -0.428110 12.085826 12.183508 19.799062 19.994136 19.843410
0.109973 12.085791 0.000021 0.000351 0.010825 0.625511 -0.357985 12.068902 12.156876 19.805768 20.151802 19.918493
0.115060 12.141915 0.000019 0.000054 0.010825 0.626934 -0.271006 12.170417 12.125472 19.929146 20.197657 20.021604
0.118538 12.192216 -0.000008 -0.000240 0.010825 0.628380 -0.178887 12.186447 12.108939 19.578242 20.244240 19.840014
0.119871 12.234669 -0.000015 -0.000452 0.010825 0.619818 -0.061050 12.215683 12.063949 19.585661 19.968420 19.751676
0.120086 12.268417 -0.000030 -0.000734 0.009795 0.613723 0.238279 12.277522 12.051314 19.424537 19.772044 19.586507
0.118390 12.281953 -0.000045 -0.000828 0.012095 0.605616 0.169191 12.255463 12.044343 19.581311 19.510879 19.581047
0.114715 12.264156 -0.000042 -0.000789 0.012095 0.603044 0.094147 12.277198 12.072411 19.665423 19.428018 19.593206
0.110123 12.218967 -0.000041 -0.000526 0.012095 0.602337 0.145248 12.192902 12.107586 19.215273 19.405239 19.311176
0.105174 12.172383 -0.000017 -0.000233 0.012095 0.592881 0.200246 12.139548 12.097647 19.072289 19.100601 19.105940
0.103382 12.151256 -0.000009 -0.000193 0.012095 0.586564 0.225374 12.158175 12.100561 18.738911 18.897086 18.825935
0.104409 12.154645 -0.000012 -0.000194 0.012095 0.578913 0.233137 12.138149 12.092298 18.774086 18.650582 18.748321
0.106612 12.168055 -0.000010 -0.000272 0.012095 0.578214 0.201998 12.202655 12.110548 18.941994 18.628073 18.833189
0.107818 12.168431 -0.000019 -0.000208 0.012095 0.582992 0.169385 12.168184 12.143469 19.131843 18.781988 18.998507
0.108840 12.169162 -0.000005 -0.000092 0.012095 0.589817 0.123981 12.200183 12.176276 19.497030 19.001880 19.293779
0.109883 12.174850 -0.000005 0.000005 0.012095 0.600461 0.104455 12.197379 12.218930 20.040191 19.344798 19.740977
0.111325 12.184502 0.000004 0.000124 0.012095 0.615403 0.123533 12.234302 12.275590 20.396727 19.826180 20.129750
0.112957 12.209707 0.000008 0.000237 0.010944 0.628141 0.206928 12.239343 12.318314 20.981450 20.236556 20.628629
0.114094 12.240150 0.000016 0.000281 0.009902 0.643399 0.257871 12.305177 12.374879 21.355066 20.728121 21.031955
0.115665 12.278691 0.000014 0.000345 0.008960 0.655380 0.328199 12.311689 12.419448 21.265310 21.114103 21.123250
0.115698 12.311189 0.000022 0.000389 0.008107 0.656761 0.366785 12.323857 12.421691 21.323981 21.158580 21.175630
0.114652 12.327585 0.000020 0.000338 0.007336 0.656785 0.385011 12.344863 12.426576 21.155791 21.159356 21.076578
0.112615 12.332640 0.000017 0.000337 0.006638 0.652244 0.379301 12.322553 12.416874 21.296112 21.013076 21.101737
0.108901 12.325638 0.000019 0.000328 0.006006 0.651799 0.354003 12.352569 12.432213 21.327195 20.998719 21.109619
0.103527 12.300552 0.000016 0.000473 0.005435 0.650785 0.321235 12.287329 12.447438 21.372056 20.966058 21.116641
0.098801 12.267460 0.000033 0.000646 0.008744 0.650261 0.285338 12.286655 12.464530 20.795959 20.949178 20.769068
0.093821 12.226938 0.000036 0.000853 0.009737 0.639231 0.242668 12.165922 12.427528 20.219916 20.593821 20.294896
0.090506 12.205682 0.000053 0.000797 0.014298 0.624312 0.142800 12.205173 12.373027 19.749146 20.113199 19.834185
0.090148 12.224872 0.000035 0.000532 0.014298 0.610291 -0.169794 12.209166 12.326746 19.252441 19.661475 19.369883
0.090635 12.261255 0.000025 0.000235 0.014298 0.595615 0.192489 12.267573 12.284844 18.727388 19.188684 18.880998
0.091300 12.300204 0.000004 -0.000055 0.014298 0.580282 -0.139947 12.286439 12.246510 18.165038 18.694690 18.362541
0.093512 12.327970 -0.000007 -0.000293 0.014298 0.564025 0.332827 12.315417 12.208878 18.012392 18.170961 18.067009
0.096477 12.337648 -0.000021 -0.000462 0.014298 0.556905 0.111887 12.341727 12.208050 18.066390 17.941578 18.005168
0.098985 12.340110 -0.000026 -0.000474 0.014298 0.557861 -0.469371 12.349603 12.232043 18.157050 17.972352 18.067363
0.101121 12.331655 -0.000023 -0.000358 0.014298 0.562643 -0.301962 12.333260 12.257968 17.829518 18.126416 17.939021
0.102748 12.332501 -0.000015 -0.000268 0.014298 0.560372 -0.092852 12.306233 12.239760 18.114159 18.053253 18.081595
0.106417 12.347348 -0.000013 -0.000386 0.014298 0.565941 0.458472 12.385505 12.255783 17.875116 18.232668 18.017088
0.109888 12.354950 -0.000026 -0.000356 0.014298 0.565165 0.333077 12.299603 12.234797 17.764587 18.207663 17.952609
0.111857 12.348729 -0.000013 -0.000409 0.012937 0.563615 0.180791 12.349735 12.207894 17.997095 18.157727 18.079531
0.113862 12.336623 -0.000029 -0.000462 0.011706 0.568225 0.014651 12.312249 12.206884 18.133537 18.306270 18.224718
0.117185 12.339495 -0.000021 -0.000476 0.010592 0.573530 -1.337098 12.346361 12.205216 18.211689 18.477166 18.345044
0.120025 12.345680 -0.000029 -0.000504 0.009584 0.577517 -1.194680 12.322190 12.196317 18.373449 18.605616 18.499396
0.121257 12.341803 -0.000026 -0.000522 0.008672 0.581713 -1.066079 12.337427 12.190799 18.802867 18.740804 18.813161
0.120973 12.324639 -0.000030 -0.000481 0.008067 0.590687 -0.955031 12.319773 12.209547 19.239836 19.029898 19.186109
0.120090 12.297904 -0.000023 -0.000317 0.008067 0.601218 -0.861723 12.298554 12.236528 19.382804 19.369168 19.401915
0.119819 12.278708 -0.000013 -0.000151 0.008067 0.607050 -0.788890 12.264010 12.241924 19.354889 19.557060 19.460534
0.118179 12.255340 -0.000005 -0.000048 0.008067 0.607559 -0.726694 12.230930 12.225792 19.680630 19.573478 19.664613
0.116296 12.229139 -0.000002 -0.000012 0.008067 0.612708 -0.676631 12.236967 12.235388 19.785407 19.739358 19.789991
0.114985 12.213133 -0.000001 0.000080 0.008067 0.615555 -0.639825 12.198046 12.237143 19.914938 19.831081 19.901675
0.114890 12.211883 0.000007 0.000091 0.008067 0.618143 -0.612485 12.230201 12.241865 19.824154 19.914441 19.878628
0.115644 12.224369 0.000002 0.000063 0.008067 0.616779 -0.590352 12.211900 12.232312 19.802635 19.870498 19.849657
0.117501 12.254775 0.000004 -0.000081 0.008067 0.615229 -0.562906 12.283211 12.228692 19.838729 19.820568 19.851594
0.121072 12.310602 -0.000011 -0.000294 0.008067 0.614914 -0.530932 12.334085 12.238453 19.961023 19.810406 19.918250
0.126878 12.390407 -0.000020 -0.000546 0.008067 0.616834 -0.492702 12.448482 12.266666 19.624299 19.872267 19.739330
0.131560 12.473831 -0.000037 -0.000744 0.009936 0.610992 -0.448949 12.472678 12.265951 19.664344 19.684052 19.692214
0.133764 12.533691 -0.000042 -0.000962 0.011319 0.608427 -0.381811 12.580798 12.291021 19.249287 19.601424 19.413366
0.133923 12.574412 -0.000059 -0.001018 0.015849 0.598348 -0.309121 12.538868 12.288925 18.958574 19.276732 19.117585
0.130947 12.583061 -0.000051 -0.001056 0.015849 0.586955 -0.148032 12.590916 12.290840 19.421433 18.909689 19.243512
0.125605 12.537505 -0.000061 -0.000886 0.016505 0.589894 0.076983 12.539007 12.359737 18.982497 19.004362 19.010972
0.118026 12.475409 -0.000037 -0.000415 0.016505 0.581959 -0.223620 12.422641 12.369414 19.028687 18.748719 18.930464
0.110939 12.431943 -0.000012 -0.000225 0.016505 0.578449 -0.118913 12.463583 12.399865 18.845584 18.635651 18.768215
0.108834 12.434017 -0.000014 -0.000123 0.016505 0.572886 -0.123632 12.428508 12.421425 17.992229 18.456427 18.193569
0.106486 12.412845 -0.000003 0.000031 0.016505 0.555181 -0.165197 12.360194 12.380446 17.522415 17.886039 17.693696
0.102993 12.367513 0.000003 0.000046 0.016505 0.540754 -0.111506 12.341941 12.347725 17.819542 17.421239 17.677327
0.103128 12.350398 0.000000 -0.000010 0.016505 0.542635 0.018786 12.391589 12.382417 17.730004 17.481831 17.639037
0.103771 12.342927 -0.000003 0.000142 0.016505 0.544398 -0.347735 12.325447 12.399918 17.493580 17.538618 17.518810
0.104573 12.353164 0.000014 0.000168 0.016505 0.542312 -0.267482 12.371446 12.391350 17.791156 17.471416 17.663472
0.107553 12.380282 0.000003 0.000040 0.016505 0.548303 -0.176518 12.414987 12.417878 18.058020 17.664432 17.890091
0.109499 12.388936 0.000000 0.000104 0.016505 0.556941 -0.077844 12.402113 12.449002 18.304094 17.942710 18.138954
0.108732 12.387722 0.000009 0.000220 0.014934 0.565460 0.084431 12.407444 12.474109 18.862990 18.217189 18.568848
0.106907 12.386396 0.000013 0.000315 0.013513 0.578446 0.039689 12.425375 12.521154 19.045897 18.635549 18.834330
0.103210 12.362614 0.000019 0.000569 0.012227 0.585542 0.435045 12.347871 12.540767 18.629801 18.864148 18.681542
0.102743 12.376893 0.000039 0.000589 0.011064 0.579034 0.438758 12.379855 12.504125 18.310382 18.654491 18.417365
0.099294 12.334661 0.000025 0.000609 0.010011 0.569837 0.432200 12.268764 12.457437 18.199987 18.358188 18.239379
0.092510 12.257889 0.000038 0.000717 0.010237 0.563947 0.407948 12.235516 12.423809 18.052343 18.168446 18.079499
0.088989 12.239054 0.000038 0.000664 0.010261 0.558302 0.371816 12.231849 12.395298 18.040887 17.986561 17.999612
0.086855 12.221787 0.000033 0.000623 0.010261 0.555321 0.337243 12.218433 12.382643 17.460712 17.890547 17.625508
0.086425 12.202705 0.000034 0.000646 0.010261 0.543881 0.314002 12.152971 12.327498 16.854693 17.521984 17.133333
0.086783 12.190357 0.000036 0.000493 0.010261 0.529371 0.253012 12.162591 12.256110 17.014681 17.054515 17.044861
0.087621 12.184691 0.000020 0.000256 0.010261 0.528099 0.143848 12.198928 12.245525 17.336390 17.013530 17.213000
0.088083 12.174051 0.000010 0.000257 0.010261 0.534977 -0.047512 12.182054 12.266283 17.752383 17.235130 17.537094
0.088236 12.161715 0.000018 0.000376 0.010261 0.546378 0.336864 12.190150 12.300532 18.061975 17.602432 17.856730
0.088374 12.151436 0.000023 0.000535 0.010261 0.557296 0.287742 12.160184 12.325341 18.320102 17.954160 18.142306
0.088282 12.142994 0.000034 0.000655 0.010261 0.566659 0.283076 12.160871 12.338735 18.449350 18.255806 18.335396
0.089754 12.147972 0.000037 0.000685 0.010261 0.572769 0.311060 12.154382 12.336387 18.426850 18.452655 18.401581
0.089987 12.133376 0.000038 0.000729 0.010261 0.575011 0.346390 12.114341 12.313855 18.506082 18.524886 18.480300
0.089096 12.111576 0.000041 0.000726 0.011070 0.577445 0.370225 12.107738 12.292002 18.672684 18.603306 18.611964
0.089213 12.105588 0.000038 0.000669 0.011070 0.581389 0.392408 12.109865 12.279357 18.480596 18.730350 18.553471
0.088188 12.094336 0.000035 0.000664 0.011070 0.578853 0.403843 12.060326 12.239269 18.672867 18.648641 18.639087
0.088571 12.086248 0.000037 0.000550 0.011070 0.580961 0.396812 12.109080 12.226060 18.725723 18.716579 18.698723
0.089695 12.077165 0.000025 0.000535 0.011070 0.583185 0.388429 12.052424 12.211961 18.653222 18.788210 18.687354
0.090511 12.079278 0.000033 0.000477 0.011070 0.582969 0.353355 12.089095 12.187026 18.941976 18.781251 18.857356
0.092491 12.095989 0.000021 0.000327 0.011070 0.588349 0.307576 12.115395 12.191814 18.783495 18.954577 18.833732
0.094923 12.123976 0.000017 0.000244 0.011070 0.587334 0.254329 12.116054 12.170243 18.907799 18.921871 18.898296
0.095600 12.139232 0.000012 0.000111 0.011070 0.588727 0.181703 12.156558 12.165926 19.077896 18.966771 19.017254
0.095166 12.139422 0.000003 0.000095 0.011070 0.591701 0.111076 12.135317 12.172880 19.121443 19.062584 19.080230
0.093499 12.130974 0.000009 0.000150 0.011070 0.592823 0.027490 12.132587 12.173777 19.554517 19.098731 19.346395
0.090787 12.105738 0.000009 0.000244 0.010017 0.600487 -0.085704 12.123653 12.206367 19.741388 19.345613 19.546611
0.088125 12.074722 0.000018 0.000473 0.009063 0.606533 -0.145149 12.069785 12.227409 19.744673 19.540401 19.620588
0.085686 12.052697 0.000033 0.000627 0.008775 0.608622 -0.195297 12.056681 12.227593 19.637690 19.607708 19.582921
0.083858 12.039366 0.000035 0.000676 0.009510 0.607087 -0.235186 12.028105 12.211362 19.284370 19.558258 19.358445
