0.000000 -0.001641 0.000000 0.000000 0.000000 0.000000 0.000000 0.000000 0.000000 10.411471 0.000000 10.411471
0.000000 -0.002899 0.000000 0.000000 0.000000 0.000000 0.000000 0.000000 0.000000 10.411135 0.000000 10.411135
0.000000 0.003070 0.000000 0.000000 0.000000 0.000000 0.000000 0.000000 0.000000 10.410810 0.000000 10.410810
0.000000 0.121994 0.000000 0.000000 0.000000 0.000000 0.000000 0.000000 0.000000 10.410841 0.000000 10.410841
0.000000 0.256460 0.000000 0.000000 0.000000 0.000000 0.000000 0.000000 0.000000 10.411351 0.000000 10.411351
0.000000 0.276638 0.000000 0.000000 0.000000 0.000000 0.000000 0.000000 0.000000 10.411567 0.000000 10.411567
0.000000 0.309878 0.000000 0.000000 0.000000 0.000000 0.000000 0.000000 0.000000 10.409245 0.000000 10.409245
0.000000 0.385045 0.000000 0.000000 0.000000 0.000000 0.000000 0.000000 0.000000 10.387605 0.000000 10.387605
0.000000 0.443039 0.000000 0.000000 0.000000 0.000000 0.000000 0.000000 0.000000 10.353867 0.000000 10.353867
0.000000 0.500979 0.000000 0.000000 0.000000 0.000000 0.000000 0.000000 0.000000 10.351410 0.000000 10.351410
0.000000 0.573995 0.000000 0.000000 0.000000 0.000000 0.000000 0.000000 0.000000 10.363952 0.000000 10.363952
0.000000 0.646070 0.000000 0.000000 0.000000 0.000000 0.000000 0.000000 0.000000 10.398055 0.000000 10.398055
0.000000 0.713605 0.000000 0.000000 0.000000 0.000000 0.000000 0.000000 0.000000 10.436793 0.000000 10.436793
0.000000 0.780283 0.000000 0.000000 0.000000 0.000000 0.000000 0.000000 0.000000 10.437885 0.000000 10.437885
0.000000 0.862326 0.000000 0.000000 0.000000 0.000000 0.000000 0.000000 0.000000 10.441516 0.000000 10.441516
0.000000 0.959157 0.000000 0.000000 0.000000 0.000000 0.000000 0.000000 0.000000 10.429624 0.000000 10.429624
0.194304 1.068182 0.000000 0.000000 0.000000 0.000000 0.000000 0.000000 0.000000 10.410378 0.000000 10.410378
0.151133 1.184647 0.000000 0.000000 0.000000 0.000000 0.000000 0.000000 0.000000 10.427034 0.000000 10.427034
0.118091 1.304042 0.000000 0.000000 0.000000 0.000000 0.000000 0.000000 0.000000 10.444234 0.000000 10.444234
0.104454 1.440264 0.000000 0.000000 0.000000 0.000000 0.000000 0.000000 0.000000 10.450138 0.000000 10.450138
0.107761 1.588240 0.000000 0.000000 0.000000 0.000000 0.000000 0.000000 0.000000 10.424906 0.000000 10.424906
0.113369 1.729078 0.000000 0.000000 0.000000 0.000000 0.000000 0.000000 0.000000 10.395802 0.000000 10.395802
0.122018 1.862252 0.000000 0.000000 0.000000 0.000000 0.000000 0.000000 0.000000 10.380030 0.000000 10.380030
0.141305 2.001363 0.000000 0.000000 0.000000 0.000000 0.000000 0.000000 0.000000 10.367623 0.000000 10.367623
0.145681 2.130151 0.000000 0.000000 0.000000 0.000000 0.000000 0.000000 0.000000 10.383157 0.000000 10.383157
0.137772 2.237544 0.000000 0.000000 0.000000 0.000000 0.000000 0.000000 0.000000 10.396365 0.000000 10.396365
0.125516 2.343679 0.000000 0.000000 0.000000 0.000000 0.000000 0.000000 0.000000 10.405747 0.000000 10.405747
0.111470 2.443317 0.000000 0.000000 0.000000 0.000000 0.000000 0.000000 0.000000 10.406273 0.000000 10.406273
0.101959 2.539505 0.000000 0.000000 0.000000 0.000000 0.000000 0.000000 0.000000 10.400762 0.000000 10.400762
0.099456 2.643422 0.000000 0.000000 0.000000 0.000000 0.000000 0.000000 0.000000 10.402603 0.000000 10.402603
0.102049 2.745733 0.000000 0.000000 0.000000 0.000000 0.000000 0.000000 0.000000 10.394107 0.000000 10.394107
0.103918 2.878739 0.000000 0.000000 0.000000 0.000000 0.000000 0.000000 0.000000 10.398642 0.000000 10.398642
0.089137 2.976393 0.000000 0.000000 0.000000 0.000000 0.000000 0.000000 0.000000 10.406730 0.000000 10.406730
0.071652 3.047307 0.000000 0.000000 0.000000 0.000000 0.000000 0.000000 0.000000 10.409675 0.000000 10.409675
0.063649 3.148459 0.000000 0.000000 0.000000 0.000000 0.000000 0.000000 0.000000 10.420813 0.000000 10.420813
0.058457 3.247173 0.000000 0.000000 0.000000 0.000000 0.000000 0.000000 0.000000 10.423321 0.000000 10.423321
0.058246 3.351261 0.000000 0.000000 0.000000 0.000000 0.000000 0.000000 0.000000 10.418219 0.000000 10.418219
0.058106 3.457409 0.000000 0.000000 0.000000 0.000000 0.000000 0.000000 0.000000 10.409049 0.000000 10.409049
0.055454 3.556844 0.000000 0.000000 0.000000 0.000000 0.000000 0.000000 0.000000 10.405102 0.000000 10.405102
0.053278 3.655298 0.000000 0.000000 0.000000 0.000000 0.000000 0.000000 0.000000 10.408312 0.000000 10.408312
0.050061 3.750286 0.000000 0.000000 0.000000 0.000000 0.000000 0.000000 0.000000 10.413192 0.000000 10.413192
0.045460 3.848474 0.000000 0.000000 0.000000 0.000000 0.000000 0.000000 0.000000 10.415322 0.000000 10.415322
0.042352 3.952205 0.000000 0.000000 0.000000 0.000000 0.000000 0.000000 0.000000 10.410467 0.000000 10.410467
0.043154 4.061227 0.000000 0.000000 0.000000 0.000000 0.000000 4.061227 4.061227 10.406230 0.000000 10.406230
0.046622 4.166816 0.000000 -0.000379 0.000000 0.479474 0.000000 5.150702 4.971200 10.400238 15.447006 10.400238
0.044072 4.254289 -0.000036 0.002575 0.009703 0.158216 0.000719 3.100965 -2703.277320 10.404399 5.097186 10.404399
0.041801 4.355075 0.000274 -9.723975 0.073597 0.357890 0.972845 5.817068 -2432.055376 10.417184 11.529981 10.417184
0.043536 4.463638 -0.000181 -8.750320 0.073597 0.240080 0.384678 3.284715 -2188.499654 10.413254 7.734539 10.413254
0.042502 4.560651 0.000299 -7.875982 0.080350 0.306999 -0.446964 5.812923 -1968.962101 10.407647 9.890448 10.407647
0.043527 4.665105 -0.000166 -7.087927 0.080350 0.271682 0.606133 3.791552 -1771.554679 10.404876 8.752656 10.404876
0.046416 4.763664 0.000242 -6.379328 0.080350 0.290642 -0.273038 5.684155 -1593.780042 16.589926 9.363502 16.589926
0.050095 4.858612 -0.000113 -5.741223 0.080350 0.563051 1.879309 4.822760 -1433.291594 16.422359 18.139576 16.422359
0.056722 4.977198 0.000180 -5.165284 0.080350 0.436334 1.326498 4.952328 -1289.613134 16.211101 14.057193 16.211101
0.067837 5.131874 0.000110 -4.649844 0.080350 0.481617 0.688414 5.461673 -1159.952470 16.026106 15.516036 16.026106
0.078882 5.276989 0.000038 -4.184712 0.080350 0.456188 -0.321664 5.173327 -1043.385439 15.827666 14.696815 15.827666
0.084975 5.398563 0.000098 -3.766519 0.080350 0.457935 1.638585 5.676492 -938.409299 15.707567 14.753091 15.707567
0.092008 5.538743 0.000011 -3.390020 0.080350 0.452265 1.096779 5.511040 -843.931999 15.589342 14.570422 15.589342
0.100402 5.680051 0.000057 -3.051229 0.080350 0.448946 0.543944 5.903325 -758.882728 15.238385 14.463509 15.238385
0.102004 5.821539 -0.000006 -2.746298 0.080350 0.435071 -0.440569 5.823082 -682.345329 15.053666 14.016492 15.053666
0.099063 5.965703 0.000023 -2.471945 0.072703 0.426122 1.031229 6.169442 -613.424582 14.892060 13.728172 14.892060
0.092299 6.081973 -0.000028 -2.224846 0.065785 0.416570 0.578153 6.112593 -551.373331 14.572235 13.420467 14.572235
0.079799 6.188568 0.000004 -2.002383 0.059524 0.401045 0.097599 6.348896 -495.517594 14.401311 12.920300 14.401311
0.067575 6.304148 -0.000022 -1.802203 0.053860 0.391275 -0.918591 6.396355 -445.207415 14.033987 12.605539 14.033987
0.056177 6.413412 -0.000005 -1.621915 0.048734 0.374840 -0.892554 6.550520 -399.921871 13.522552 12.076050 13.522552
0.044576 6.528788 -0.000010 -1.459694 0.044097 0.355902 -0.870171 6.636425 -359.151783 13.092636 11.465935 13.092636
0.036132 6.653625 -0.000002 -1.313724 0.039900 0.340577 -0.836826 6.807982 -322.430646 12.626257 10.972214 12.626257
0.031108 6.781558 -0.000007 -1.182306 0.036103 0.325888 -0.812165 6.903379 -289.366466 12.120744 10.498995 12.120744
0.025953 6.912747 0.000002 -1.064034 0.032668 0.311250 -0.757635 7.060411 -259.598376 11.710693 10.027390 11.710693
0.024237 7.044779 -0.000001 -0.957601 0.029559 0.299962 -0.668745 7.177761 -232.788572 11.247104 9.663741 11.247104
0.026822 7.176212 0.000004 -0.861790 0.026746 0.289130 -0.567958 7.311824 -208.655243 10.711676 9.314781 10.711676
0.027895 7.301949 0.000004 -0.775571 0.024201 0.277265 -0.395682 7.414783 -186.938789 10.372698 8.932530 10.372698
0.028642 7.421395 0.000007 -0.698010 0.021898 0.270450 -0.142389 7.551158 -167.378297 10.101132 8.712977 10.101132
0.030644 7.532932 0.000004 -0.628162 0.019814 0.265859 0.327962 7.638330 -149.767195 9.719606 8.565064 9.719606
0.030880 7.637509 0.000010 -0.565291 0.017928 0.258335 0.147911 7.736640 -133.926937 9.405016 8.322660 9.405016
0.033637 7.761932 0.000010 -0.508850 0.016222 0.251244 -0.151098 7.875714 -119.664502 9.160283 8.094206 9.160283
0.033468 7.841148 0.000000 -0.457914 0.014679 0.246153 0.033884 7.905637 -106.821795 8.730576 7.930218 8.730576
0.028588 7.895739 0.000012 -0.411987 0.013282 0.236609 -0.575031 7.956997 -95.280866 8.678744 7.622726 8.598161
0.026295 7.973566 0.000014 -0.370820 0.012018 0.234993 -0.480039 8.078094 -84.864151 8.642362 7.570681 8.512569
0.026896 8.054634 0.000007 -0.333701 0.010874 0.235018 -0.434622 8.128492 -75.479647 8.220811 7.571480 8.123876
0.027512 8.136916 0.000014 -0.300294 0.009839 0.225335 -0.399030 8.199778 -67.061868 7.729859 7.259519 7.640939
0.026330 8.211280 0.000010 -0.270330 0.008903 0.212130 -0.343014 8.261133 -59.493902 7.445684 6.834091 7.310347
0.023885 8.275519 0.000005 -0.243382 0.008056 0.203150 -0.258528 8.339888 -52.664100 7.511931 6.544790 7.279881
0.021864 8.324174 -0.000000 -0.219028 0.007289 0.203970 -0.185174 8.395193 -46.481682 7.291382 6.571203 7.077296
0.020909 8.381306 0.000005 -0.197031 0.006595 0.199809 -0.140958 8.432442 -40.933138 7.277510 6.437144 7.012812
0.021453 8.451186 0.000009 -0.177355 0.005968 0.199600 -0.099827 8.538814 -35.922072 7.417719 6.430427 7.092313
0.021512 8.505249 0.000002 -0.159553 0.005400 0.204336 -0.126764 8.563730 -31.394008 6.869511 6.582999 6.674803
0.019931 8.553986 0.000013 -0.143466 0.004886 0.192774 -0.175534 8.570954 -27.374445 6.292976 6.210521 6.142275
0.019370 8.607103 0.000015 -0.129221 0.004421 0.176863 -0.221787 8.643149 -23.769164 5.322492 5.697907 5.285952
0.019178 8.665362 0.000002 -0.116483 0.004000 0.150506 -0.254876 8.650684 -20.558158 4.470444 4.848772 4.454242
0.016777 8.707184 -0.000006 -0.105101 0.003620 0.124383 -0.259271 8.719684 -17.664323 3.612499 4.007197 3.619225
0.010372 8.712442 -0.000025 -0.094727 0.006673 0.098237 -0.257790 8.672534 -15.060761 2.501321 3.164861 2.595936
0.001565 8.706456 -0.000020 -0.085356 0.006673 0.065641 -0.249643 8.676244 -12.741389 1.886816 2.114719 1.893411
-0.004722 8.699927 -0.000030 -0.077003 0.007978 0.043270 -0.232044 8.699176 -10.616955 0.819648 1.394026 0.927333
-0.011503 8.679240 -0.000035 -0.069299 0.009395 0.013432 -0.225716 8.613648 -8.736979 -0.247966 0.432733 -0.090998
-0.018237 8.658642 -0.000025 -0.062473 0.009395 -0.018110 -0.167082 8.635803 -7.056250 -1.143112 -0.583450 -0.991174
-0.021324 8.646425 -0.000038 -0.056393 0.010168 -0.045002 -0.082153 8.606551 -5.534355 -2.414331 -1.449800 -2.144120
-0.017568 8.683105 -0.000038 -0.051059 0.010176 -0.079026 0.191534 8.660984 -4.195973 -3.141304 -2.545957 -2.930415
-0.023377 8.616253 -0.000060 -0.046013 0.016242 -0.101104 0.007869 8.529012 -2.966207 -3.961888 -3.257237 -3.706467
-0.037356 8.464773 -0.000039 -0.041052 0.016242 -0.120861 -6.922844 8.352478 -1.884012 -4.680577 -3.893711 -4.386079
-0.046779 8.363163 -0.000014 -0.036801 0.016242 -0.139828 -6.221298 8.303701 -0.927304 -4.816451 -4.504786 -4.592457
-0.057417 8.253663 -0.000016 -0.032972 0.016242 -0.144267 -5.589734 8.186695 -0.036144 -5.094180 -4.647800 -4.842048
-0.069348 8.141327 0.000003 -0.029368 0.016242 -0.151262 -5.025346 8.066452 0.743022 -5.404090 -4.873148 -5.129528
-0.082470 8.027638 0.000018 -0.026161 0.016242 -0.160933 -4.521181 7.950697 1.425594 -5.708549 -5.184695 -5.422711
-0.088030 7.974123 0.000029 -0.023518 0.016242 -0.171106 -4.072640 7.947586 2.035170 -6.217434 -5.512445 -5.898436
-0.103101 7.831546 0.000019 -0.020817 0.016242 -0.187418 -3.672794 7.677781 2.553875 -6.970182 -6.037958 -6.612478
-0.121185 7.665548 0.000057 -0.018358 0.016242 -0.211694 -3.314509 7.575189 2.984470 -7.777831 -6.820056 -7.391477
-0.117950 7.683503 0.000055 -0.016876 0.016242 -0.236771 -2.989488 7.687374 3.371592 -8.457123 -7.627957 -8.050796
-0.108521 7.752520 0.000013 -0.015733 0.016242 -0.257319 -2.694531 7.732971 3.738020 -9.059076 -8.289932 -8.637089
-0.104580 7.773806 -0.000010 -0.014494 0.014697 -0.275762 -2.428922 7.739996 4.075121 -9.350238 -8.884095 -8.936313
-0.094894 7.826774 -0.000023 -0.013473 0.013298 -0.284292 -2.192065 7.855907 4.409997 -9.533119 -9.158922 -9.125639
-0.087796 7.835939 -0.000051 -0.012304 0.013676 -0.287969 -1.985461 7.787622 4.720249 -10.311810 -9.277356 -9.836442
-0.086676 7.808457 -0.000039 -0.011091 0.013676 -0.308476 -1.798843 7.735716 4.939662 -10.420044 -9.938034 -9.975051
-0.083459 7.817229 -0.000043 -0.010334 0.013676 -0.311971 -1.620078 7.840779 5.185758 -9.745399 -10.050642 -9.383135
-0.076665 7.817121 -0.000066 -0.009450 0.017851 -0.291945 -1.477070 7.824576 5.475277 -9.921108 -9.405458 -9.497146
-0.065596 7.811775 -0.000052 -0.008391 0.017851 -0.292019 -1.381845 7.756965 5.664359 -10.778891 -9.407848 -10.244684
-0.055442 7.795403 -0.000043 -0.007653 0.017851 -0.311413 -1.271623 7.707653 5.758963 -11.337263 -10.032671 -10.771937
-0.049084 7.754636 -0.000052 -0.007167 0.017851 -0.324534 -1.107972 7.679465 5.845774 -11.344452 -10.455378 -10.799041
-0.048842 7.677025 -0.000063 -0.006577 0.017851 -0.323234 -0.899600 7.598230 5.952056 -11.221983 -10.413476 -10.670205
-0.048417 7.584478 -0.000056 -0.005863 0.017851 -0.318059 -0.668803 7.503596 6.045419 -11.146797 -10.246773 -10.572379
-0.045608 7.491479 -0.000046 -0.005193 0.017851 -0.313092 -0.408664 7.403995 6.112235 -10.603696 -10.086752 -10.054169
-0.043572 7.394723 -0.000037 -0.004606 0.017851 -0.294366 -0.043194 7.342626 6.195804 -9.803810 -9.483458 -9.274644
-0.030521 7.378299 -0.000031 -0.004247 0.017851 -0.268227 2.473796 7.379148 6.286366 -9.144851 -8.641339 -8.606238
-0.029426 7.276957 -0.000040 -0.003558 0.017851 -0.245504 2.194087 7.151685 6.341906 -8.556668 -7.909281 -8.006139
-0.038413 7.109213 -0.000001 -0.002756 0.017851 -0.226361 1.947228 7.019283 6.362683 -7.767500 -7.292587 -7.223468
-0.035334 7.032567 0.000013 -0.002406 0.016152 -0.201938 1.735251 7.002148 6.388624 -6.852597 -6.505743 -6.319184
-0.032674 6.954831 0.000008 -0.002033 0.014615 -0.173988 1.566835 6.886999 6.415266 -6.117927 -5.605306 -5.585224
-0.029755 6.875554 0.000023 -0.001653 0.013224 -0.151693 1.433280 6.822092 6.416989 -5.559099 -4.887015 -5.020775
-0.025235 6.814337 0.000025 -0.001427 0.011966 -0.134901 1.319507 6.750045 6.398635 -4.706941 -4.346055 -4.173798
-0.020277 6.761721 0.000025 -0.001304 0.010827 -0.109435 1.214299 6.739870 6.403752 -4.045959 -3.525614 -3.515513
-0.016581 6.714190 0.000019 -0.001115 0.009797 -0.090523 1.122937 6.648672 6.389822 -3.520966 -2.916335 -2.988357
-0.012534 6.671975 0.000026 -0.001013 0.008865 -0.076753 1.029898 6.638359 6.365779 -3.158015 -2.472725 -2.619621
-0.005546 6.641706 0.000015 -0.000991 0.008021 -0.067308 0.941512 6.585154 6.334142 -3.113282 -2.168448 -2.559679
0.000467 6.601314 0.000013 -0.000959 0.007258 -0.067265 0.836496 6.532579 6.279197 -2.767505 -2.167047 -2.205834
0.003000 6.534340 0.000006 -0.000916 0.006567 -0.056643 0.715970 6.483850 6.252813 -2.315891 -1.824843 -1.754370
0.003372 6.468627 0.000005 -0.000775 0.005942 -0.042959 0.587539 6.414006 6.231953 -1.862821 -1.383983 -1.304752
0.004371 6.423528 0.000010 -0.000688 0.005377 -0.030451 0.460725 6.389759 6.209724 -1.385670 -0.981011 -0.831370
0.005229 6.379064 0.000005 -0.000608 0.004865 -0.017827 0.342494 6.335533 6.191684 -0.860863 -0.574315 -0.312755
0.005457 6.320252 0.000008 -0.000462 0.004402 -0.003105 0.244019 6.283261 6.179774 -0.551501 -0.100040 -0.018737
0.006283 6.276377 0.000013 -0.000347 0.003983 0.004948 0.157130 6.231851 6.150414 -0.028180 0.159400 0.507436
0.010015 6.254672 0.000014 -0.000374 0.003772 0.020194 0.056924 6.256716 6.144627 0.597113 0.650589 1.120571
0.010469 6.218967 0.000005 -0.000267 0.003772 0.038597 -0.024398 6.184146 6.147439 1.281462 1.243462 1.786137
0.006893 6.170475 0.000017 -0.000083 0.004660 0.057774 -0.104786 6.162823 6.153027 2.046195 1.861290 2.531450
0.004026 6.129173 0.000020 0.000086 0.005472 0.079651 -0.263054 6.118234 6.166623 2.617045 2.566078 3.063995
0.004839 6.122464 0.000030 0.000159 0.008044 0.094332 -0.360035 6.130254 6.166613 3.149570 3.039059 3.575772
0.001602 6.092136 0.000026 0.000267 0.008044 0.108253 -0.484827 6.071194 6.168716 3.536527 3.487542 3.934000
-0.001890 6.060936 0.000036 0.000387 0.009736 0.117819 -0.565440 6.056964 6.162172 3.863617 3.795726 4.240912
0.004365 6.085528 0.000036 0.000275 0.009752 0.126312 -0.630018 6.114247 6.160376 4.129667 4.069329 4.485343
0.013233 6.123335 0.000023 0.000133 0.009752 0.133818 -0.658943 6.135819 6.161887 4.355253 4.311171 4.690167
0.021456 6.160694 0.000018 0.000004 0.009752 0.140391 -0.650866 6.184403 6.165577 4.551403 4.522902 4.867321
0.030409 6.203753 0.000008 -0.000137 0.009752 0.146238 -0.616065 6.221696 6.171858 4.666515 4.711292 4.961394
0.040192 6.256613 0.000000 -0.000304 0.009752 0.149354 -0.552222 6.280676 6.176464 6.527545 4.811658 6.925066
0.050814 6.318700 -0.000012 -0.000511 0.009752 0.213255 -0.464602 6.497424 6.338992 7.246681 6.870350 7.454620
0.061448 6.391654 -0.000024 -0.000189 0.009752 0.229875 -0.362702 6.339565 6.376785 7.811340 7.405769 7.993392
0.074764 6.490380 0.000015 -0.000408 0.009752 0.246030 -0.269219 6.646085 6.423198 8.132468 7.926229 8.273568
0.089632 6.623291 -0.000038 -0.000719 0.010261 0.253184 -0.177132 6.622881 6.461033 8.544542 8.156715 8.680131
0.106950 6.772423 -0.000027 -0.001118 0.010261 0.263358 -0.029823 6.925576 6.525692 8.884578 8.484492 8.995947
0.127927 6.936889 -0.000075 -0.001477 0.020247 0.272601 0.264231 6.980519 6.601391 8.929696 8.782281 9.002243
0.144483 7.117511 -0.000072 -0.001854 0.020247 0.271659 -0.025435 7.239846 6.665744 9.439468 8.751907 9.528747
0.154371 7.252568 -0.000112 -0.002107 0.030105 0.284301 3.557293 7.322171 6.783853 9.940121 9.159215 9.996408
0.147774 7.254922 -0.000106 -0.001692 0.030105 0.297044 3.179862 7.268617 6.898454 10.233209 9.569752 10.245583
0.131193 7.194267 -0.000073 -0.001062 0.030105 0.301676 2.844688 7.192129 6.985378 10.419108 9.718956 10.400154
0.122338 7.182870 -0.000040 -0.000709 0.030105 0.304155 2.553537 7.235977 7.065642 10.422264 9.798814 10.369755
0.115808 7.194026 -0.000033 -0.000461 0.030105 0.302045 2.279996 7.214351 7.132365 10.407349 9.730848 10.327944
0.106562 7.210839 -0.000016 -0.000282 0.030105 0.299486 2.006664 7.266501 7.198683 10.514183 9.648419 10.404977
0.099943 7.257768 -0.000013 -0.000212 0.030105 0.299627 1.732180 7.325610 7.279420 10.871217 9.652943 10.718615
0.093487 7.300917 -0.000009 -0.000077 0.030105 0.308041 1.494250 7.386458 7.386865 10.881318 9.924015 10.686744
0.083168 7.341846 0.000000 0.000162 0.030105 0.305420 1.301755 7.388896 7.465103 10.820363 9.839586 10.588299
0.075909 7.405803 0.000016 0.000213 0.030105 0.299810 1.133447 7.504097 7.543942 10.501377 9.658840 10.242705
0.069175 7.465603 0.000008 0.000281 0.030105 0.287837 1.006805 7.507628 7.608929 10.012570 9.273133 9.734304
0.060891 7.522549 0.000021 0.000310 0.027240 0.271130 0.845908 7.598396 7.664201 9.867137 8.734869 9.529730
0.054787 7.588613 0.000014 0.000271 0.024648 0.264814 0.690063 7.678649 7.754505 9.902794 8.531412 9.501635
0.049389 7.651618 0.000016 0.000369 0.022302 0.265124 0.573352 7.748523 7.862745 9.837265 8.541393 9.399017
0.044858 7.727193 0.000023 0.000487 0.020180 0.263549 0.526173 7.822133 7.961193 9.655254 8.490630 9.193679
0.042393 7.816315 0.000029 0.000520 0.018260 0.258383 0.499054 7.912320 8.047364 9.513383 8.324205 9.014756
0.041856 7.900115 0.000028 0.000529 0.016522 0.254831 0.490745 7.993132 8.135420 9.039545 8.209786 8.563761
0.040767 7.993284 0.000029 0.000510 0.014950 0.242984 0.452533 8.065122 8.192923 8.896138 7.828124 8.363985
0.039280 8.078507 0.000026 0.000411 0.013527 0.238276 0.372154 8.181523 8.273790 8.689240 7.676440 8.141283
0.038247 8.146953 0.000019 0.000456 0.012240 0.233677 0.312452 8.206834 8.348643 8.114769 7.528257 7.622994
0.035291 8.219555 0.000029 0.000464 0.011075 0.219352 0.213602 8.280424 8.386427 8.047856 7.066772 7.475256
0.034565 8.295530 0.000022 0.000326 0.010021 0.216049 0.057227 8.392409 8.462133 7.673449 6.960362 7.135372
0.033662 8.365065 0.000015 0.000349 0.009068 0.207452 -0.322994 8.404822 8.514058 7.422244 6.683400 6.870455
0.029278 8.422113 0.000023 0.000330 0.008205 0.200184 -0.207069 8.499804 8.568722 7.713652 6.449250 7.038550
0.027810 8.476447 0.000015 0.000331 0.007424 0.206821 -0.131130 8.567045 8.668778 7.309480 6.663056 6.744664
0.027497 8.538495 0.000021 0.000468 0.006717 0.199480 -0.136035 8.571525 8.711620 7.050380 6.426549 6.486869
0.025960 8.593052 0.000029 0.000426 0.007815 0.192759 -0.132153 8.664191 8.753681 6.691472 6.210030 6.158672
0.025879 8.641897 0.000019 0.000401 0.007815 0.184063 -0.147123 8.665673 8.784114 6.178830 5.929893 5.704333
0.025155 8.693216 0.000025 0.000326 0.007815 0.171345 -0.093003 8.736767 8.796540 6.299077 5.520143 5.705320
0.022814 8.736692 0.000013 0.000215 0.007815 0.172458 0.028964 8.803956 8.857879 6.350963 5.556012 5.744371
0.020292 8.779279 0.000012 0.000282 0.007815 0.174398 -0.110912 8.828245 8.918727 6.418113 5.618511 5.801359
0.017437 8.825584 0.000019 0.000335 0.007815 0.176295 -0.125923 8.892566 8.978522 6.423058 5.679618 5.812336
0.015041 8.875682 0.000018 0.000369 0.007815 0.176376 -0.215089 8.926431 9.032494 6.081861 5.682219 5.557092
0.012263 8.922703 0.000022 0.000394 0.007815 0.167843 -0.271220 8.954261 9.056056 6.006226 5.407340 5.432763
0.010523 8.966102 0.000021 0.000323 0.007815 0.163792 -0.301438 9.027337 9.098823 5.722243 5.276831 5.190401
0.009146 9.006037 0.000015 0.000333 0.007815 0.156767 -0.324632 9.027494 9.128041 5.626899 5.050495 5.062066
0.009653 9.053963 0.000021 0.000266 0.007815 0.153655 -0.322836 9.124957 9.170452 5.414995 4.950248 4.881623
0.012173 9.110138 0.000010 0.000217 0.007072 0.149516 -0.318292 9.138451 9.204589 5.009833 4.816884 4.558357
0.013689 9.162590 0.000014 0.000151 0.006399 0.140618 -0.277407 9.198577 9.217066 5.124721 4.530218 4.568194
0.015951 9.215007 0.000005 0.000007 0.005790 0.142234 -0.215242 9.279534 9.268243 4.871969 4.582304 4.403462
0.015920 9.258678 -0.000001 0.000034 0.005239 0.137916 -0.133047 9.267029 9.292323 5.246479 4.443180 4.633411
0.016012 9.304361 0.000006 -0.000043 0.004740 0.145343 -0.007879 9.403657 9.362956 5.379860 4.682465 4.789654
0.016106 9.356145 -0.000008 0.000024 0.004289 0.150126 0.918651 9.378412 9.422551 5.381107 4.836530 4.832438
0.014712 9.400552 0.000009 0.000079 0.003881 0.150631 0.821149 9.465332 9.467419 5.503434 4.852800 4.922139
0.013973 9.434031 0.000001 0.000120 0.003512 0.153126 0.740336 9.465224 9.520315 5.346589 4.933178 4.836109
0.011625 9.458663 0.000012 0.000221 0.003178 0.150337 0.668308 9.489145 9.549881 5.899974 4.843332 5.190948
0.011788 9.496009 0.000013 0.000193 0.003419 0.161858 0.605620 9.592826 9.635820 6.309044 5.214509 5.571398
0.011309 9.522061 0.000009 0.000409 0.003419 0.174980 0.556350 9.560050 9.719045 7.023588 5.637248 6.175386
0.011180 9.545989 0.000032 0.000622 0.008731 0.195269 0.517181 9.654562 9.821561 7.016215 6.290908 6.355518
0.013704 9.602202 0.000034 0.000788 0.009192 0.201974 0.527268 9.623003 9.862314 6.857884 6.506920 6.315646
0.015750 9.658160 0.000049 0.000733 0.013129 0.200643 0.517229 9.716620 9.872233 6.646908 6.464016 6.168768
0.017296 9.694970 0.000032 0.000637 0.013129 0.196179 0.505015 9.693458 9.870314 5.982895 6.320228 5.689802
0.017247 9.727350 0.000036 0.000513 0.013129 0.180881 0.428041 9.725307 9.826862 5.974338 5.827375 5.550988
0.017281 9.756521 0.000021 0.000253 0.013129 0.176272 0.287793 9.794195 9.832530 5.591501 5.678888 5.259334
0.016051 9.782511 0.000009 0.000180 0.013129 0.166773 0.056007 9.765610 9.819975 5.672280 5.372848 5.230302
0.015579 9.820133 0.000012 -0.000001 0.013129 0.165346 -1.265688 9.889631 9.845871 5.968606 5.326883 5.417587
0.016110 9.863703 -0.000008 -0.000064 0.013129 0.170819 -1.089416 9.898426 9.903118 6.496223 5.503200 5.821106
0.017768 9.899124 0.000002 0.000014 0.013129 0.183626 -0.940455 9.985510 9.988546 6.368442 5.915807 5.863112
0.030665 10.048365 0.000001 -0.000215 0.013129 0.185726 -0.827228 10.137770 10.033650 6.555752 5.983450 6.011843
0.029095 10.061086 -0.000020 -0.000099 0.013129 0.190797 -0.722251 10.049203 10.085857 7.334420 6.146838 6.576735
0.018019 9.967769 0.000008 0.000424 0.013129 0.209534 -0.655119 10.005266 10.176692 7.415689 6.750459 6.818565
0.019418 10.013032 0.000035 0.000588 0.011879 0.217356 -0.612637 10.076740 10.217822 7.619568 7.002469 7.035979
0.019649 10.046463 0.000029 0.000615 0.010749 0.223926 -0.580465 10.075578 10.254022 7.605523 7.214124 7.099472
0.020847 10.104596 0.000037 0.000537 0.009829 0.225259 -0.545473 10.161639 10.272908 7.889253 7.257063 7.303528
0.016555 10.121585 0.000023 0.000543 0.009829 0.230211 -0.501447 10.144182 10.312417 8.396312 7.416614 7.684154
0.010710 10.118709 0.000035 0.000696 0.009829 0.240832 -0.471770 10.183007 10.377721 8.721399 7.758768 8.002663
0.010564 10.170156 0.000040 0.000745 0.010769 0.249753 -0.463399 10.243076 10.440166 8.420619 8.046173 7.904605
0.010116 10.228159 0.000041 0.000761 0.010925 0.245531 -0.466864 10.248589 10.451328 8.483321 7.910166 7.900865
0.012018 10.293736 0.000042 0.000566 0.011255 0.244511 -0.452607 10.379392 10.485107 8.121091 7.877299 7.661307
0.013552 10.351202 0.000022 0.000481 0.011255 0.237080 -0.430485 10.349722 10.492788 8.136043 7.637887 7.591507
0.014054 10.405784 0.000030 0.000312 0.011255 0.234919 -0.362845 10.493689 10.527143 8.462362 7.568284 7.770933
0.015608 10.463759 0.000008 0.000228 0.011255 0.241139 -0.295435 10.517091 10.598080 8.300270 7.768673 7.736596
0.016167 10.523318 0.000017 0.000268 0.011255 0.240204 -0.211716 10.574245 10.636550 8.522280 7.738561 7.863764
0.017812 10.589309 0.000014 0.000170 0.011255 0.244178 -0.124848 10.669098 10.699563 8.344860 7.866581 7.797993
0.020543 10.655749 0.000007 0.000157 0.011255 0.242311 -0.021935 10.686409 10.736520 8.500352 7.806430 7.873258
0.022865 10.712937 0.000011 0.000085 0.011255 0.245254 0.512690 10.794135 10.794137 8.724810 7.901245 8.044101
0.024249 10.771082 0.000001 0.000083 0.011255 0.251448 0.446607 10.823821 10.863013 8.834285 8.100805 8.182036
0.024900 10.821962 0.000009 0.000147 0.011255 0.255927 0.391723 10.883871 10.922303 8.704132 8.245094 8.156119
0.025808 10.869885 0.000009 0.000188 0.011255 0.255245 0.353313 10.898371 10.956736 8.464154 8.223124 8.006711
0.027520 10.932407 0.000012 0.000087 0.010184 0.250366 0.302402 10.980468 10.975135 8.710518 8.065947 8.102606
0.028460 10.981754 -0.000000 -0.000024 0.009215 0.253440 0.241413 11.038494 11.031508 8.939709 8.164965 8.277913
0.028303 11.025660 -0.000001 0.000021 0.008338 0.259090 0.182811 11.082354 11.097884 9.445991 8.346975 8.648130
0.027036 11.070302 0.000004 0.000099 0.007545 0.270508 0.138478 11.155649 11.190115 9.668327 8.714830 8.915235
0.026764 11.124647 0.000007 0.000235 0.006827 0.278230 0.149930 11.182256 11.265979 9.163711 8.963627 8.709420
0.026486 11.180745 0.000017 0.000306 0.006177 0.270753 0.166135 11.196829 11.274749 9.077676 8.722741 8.571630
0.024764 11.227337 0.000016 0.000170 0.005589 0.265433 0.150682 11.282420 11.300685 9.235945 8.551346 8.599998
0.023086 11.274537 0.000004 0.000094 0.005057 0.265544 0.127713 11.327400 11.357240 9.437069 8.554913 8.715968
0.021718 11.313709 0.000007 0.000156 0.004576 0.268861 0.110414 11.379001 11.429132 9.513240 8.661763 8.797420
0.021780 11.364632 0.000011 0.000232 0.004141 0.271708 0.109453 11.426731 11.496276 9.017877 8.753511 8.544934
0.023741 11.438023 0.000015 0.000209 0.003901 0.263843 0.099268 11.469906 11.513300 8.563427 8.500130 8.186318
0.025837 11.509328 0.000009 0.000014 0.003901 0.252738 0.055514 11.546336 11.518373 8.444039 8.142364 7.979478
0.032279 11.630395 -0.000005 -0.000402 0.003901 0.246595 -0.068821 11.723717 11.555649 8.276742 7.944450 7.806719
0.030090 11.657691 -0.000033 -0.000366 0.008963 0.241494 0.050522 11.633591 11.594574 5.134290 7.780107 5.964341
0.021234 11.619580 -0.000008 -0.000090 0.008963 0.181788 -0.317464 11.379692 11.368395 5.762926 5.856575 5.562560
0.040515 11.930804 -0.000002 -0.002020 0.008963 0.167874 -0.243538 12.363600 11.416542 5.218860 5.408313 5.074771
0.030160 11.878651 -0.000190 -0.001660 0.051151 0.151324 -0.194395 11.474318 11.446378 4.947117 4.875147 4.702624
0.000047 11.590444 -0.000006 -0.000517 0.051151 0.139121 0.046384 11.689565 11.467005 4.336591 4.482001 4.197732
-0.001134 11.650637 -0.000045 -0.000659 0.051151 0.122439 0.026307 11.606927 11.472801 3.632244 3.944549 3.582093
0.034301 12.146484 -0.000028 -0.002419 0.051151 0.101793 0.608374 12.551137 11.513176 2.871177 3.279429 2.881916
0.025745 12.087453 -0.000210 -0.002062 0.056354 0.079949 0.573229 11.681221 11.535319 2.199113 2.575679 2.214305
0.010524 11.942235 -0.000031 -0.001461 0.056354 0.060031 0.453192 12.118499 11.543463 2.064931 1.933990 1.864518
0.004174 11.916549 -0.000117 -0.001340 0.056354 0.050252 0.216021 11.766305 11.592089 2.070758 1.618945 1.725722
-0.024305 11.628772 -0.000037 -0.000132 0.056354 0.047000 -0.287095 11.557796 11.634808 1.744710 1.514176 1.491133
-0.024996 11.656891 0.000013 -0.000079 0.056354 0.040247 0.075375 11.756093 11.656941 1.343937 1.296606 1.171564
-0.025361 11.671663 -0.000022 -0.000053 0.056354 0.031646 -1.249614 11.608211 11.662504 1.245407 1.019534 1.000830
-0.024255 11.673754 0.000009 -0.000040 0.056354 0.028264 -1.034837 11.745710 11.683151 1.427662 0.910561 1.056273
-0.023332 11.650190 -0.000014 0.000118 0.056354 0.033338 -0.815909 11.618467 11.724549 1.447334 1.074038 1.131977
-0.025765 11.611021 0.000020 0.000408 0.056354 0.038795 -0.574720 11.637328 11.745460 1.483119 1.249849 1.225857
-0.029893 11.577682 0.000021 0.000603 0.056354 0.042900 -0.260579 11.550127 11.748844 1.458541 1.382087 1.269938
-0.032214 11.556502 0.000039 0.000691 0.056354 0.044190 0.248391 11.568210 11.736218 0.937434 1.423653 0.995072
-0.032618 11.556798 0.000033 0.000644 0.050992 0.035201 -0.254534 11.505645 11.676252 0.824226 1.134067 0.826798
-0.031253 11.568163 0.000034 0.000388 0.046139 0.029366 0.240638 11.591397 11.638663 0.904574 0.946081 0.806588
-0.029520 11.566297 0.000009 0.000260 0.041748 0.029332 -0.172042 11.542629 11.627839 0.966807 0.944966 0.848211
-0.027280 11.564660 0.000017 0.000227 0.037776 0.031503 0.269467 11.584172 11.623409 0.874138 1.014929 0.830315
-0.024482 11.565652 0.000008 0.000207 0.034181 0.032082 0.052468 11.538667 11.605464 0.707970 1.033567 0.752981
-0.022635 11.559003 0.000013 0.000167 0.030928 0.030660 -0.862176 11.547130 11.572677 0.792734 0.987774 0.794462
-0.019780 11.554906 0.000005 0.000064 0.027985 0.032573 -0.727598 11.544270 11.554042 0.344698 1.049406 0.577496
-0.017293 11.557118 0.000002 -0.000011 0.025322 0.025995 -0.596279 11.506489 11.493442 0.580849 0.837454 0.640366
-0.016973 11.551918 -0.000003 -0.000210 0.022912 0.027430 -0.442250 11.566084 11.477111 1.312236 0.883687 1.081877
-0.018585 11.527150 -0.000018 -0.000180 0.020732 0.040708 -0.325064 11.533043 11.519155 1.348259 1.311482 1.278743
-0.020754 11.501064 -0.000003 0.000065 0.018759 0.045661 -0.281947 11.478659 11.520524 1.193814 1.471056 1.261546
-0.020615 11.493624 0.000008 0.000097 0.016974 0.043795 -0.303373 11.481634 11.493872 1.082077 1.410933 1.182073
-0.018460 11.499245 0.000002 -0.000019 0.015358 0.040612 -0.332195 11.484911 11.465986 0.982874 1.308369 1.092312
-0.017178 11.496821 -0.000004 -0.000111 0.013897 0.037550 -0.338605 11.478216 11.440937 1.078327 1.209746 1.113831
-0.016468 11.495214 -0.000008 -0.000195 0.012574 0.038039 -0.321545 11.497454 11.435006 1.173671 1.225473 1.179166
-0.016709 11.480904 -0.000013 -0.000165 0.011378 0.039817 -0.296679 11.463186 11.435119 1.297365 1.282767 1.276284
-0.016612 11.459833 -0.000006 -0.000089 0.010295 0.042899 -0.265771 11.458413 11.438852 1.733608 1.382062 1.567119
-0.014957 11.436934 -0.000004 0.000007 0.009315 0.052944 -0.239700 11.450136 11.469044 1.658758 1.705668 1.655702
-0.012361 11.416625 0.000004 0.000188 0.008429 0.057128 -0.217364 11.385762 11.459748 1.500088 1.840484 1.626422
-0.007914 11.426461 0.000015 0.000120 0.007627 0.057315 -0.165907 11.429599 11.426999 1.520914 1.846489 1.650982
-0.001488 11.460436 -0.000001 -0.000120 0.006901 0.058721 -0.081438 11.456966 11.402203 1.149617 1.891790 1.472751
0.003697 11.491722 -0.000011 -0.000321 0.006244 0.052979 0.118087 11.455381 11.347009 1.413951 1.706788 1.558715
0.006734 11.504928 -0.000022 -0.000567 0.005878 0.055134 -0.052680 11.519255 11.337490 1.852673 1.776240 1.841895
0.009458 11.509662 -0.000037 -0.000618 0.009872 0.063528 0.244785 11.508594 11.361314 2.497967 2.046652 2.319489
0.010798 11.502676 -0.000030 -0.000508 0.009872 0.078341 0.138000 11.536948 11.414457 3.247406 2.523884 2.936737
0.010902 11.490963 -0.000025 -0.000275 0.009872 0.097481 0.082391 11.516709 11.484642 3.512788 3.140508 3.336045
0.011241 11.487050 -0.000007 -0.000009 0.009872 0.109173 0.167570 11.495499 11.517059 3.598123 3.517165 3.539342
0.011533 11.484225 0.000004 0.000118 0.009872 0.114497 0.258086 11.482202 11.520773 3.153196 3.688687 3.362487
0.011406 11.486908 0.000007 0.000122 0.009872 0.107401 0.304763 11.444391 11.471104 3.055889 3.460103 3.223374
0.012277 11.489823 0.000005 -0.000067 0.009872 0.101665 0.308855 11.491233 11.438039 3.294328 3.275311 3.288376
0.014331 11.492023 -0.000011 -0.000194 0.009872 0.103602 0.296972 11.494299 11.445081 3.611986 3.337702 3.494279
0.015728 11.490809 -0.000010 -0.000164 0.009872 0.110550 0.272160 11.511724 11.473361 3.878972 3.561551 3.735066
0.016763 11.485349 -0.000008 -0.000043 0.009872 0.118659 0.253777 11.491683 11.501994 3.757568 3.822780 3.771323
0.019018 11.487772 0.000002 0.000051 0.009872 0.120165 0.242552 11.479007 11.494936 3.179551 3.871312 3.466709
0.021417 11.491699 0.000003 0.000012 0.008932 0.110682 0.217394 11.442064 11.434823 2.759170 3.565799 3.115132
0.052375 11.845144 -0.000002 -0.001474 0.008082 0.099624 0.141565 12.097890 11.406138 2.872390 3.209552 3.047847
0.047304 11.772733 -0.000139 -0.001317 0.037457 0.097409 0.005390 11.483467 11.413656 3.237870 3.138172 3.233287
0.015642 11.401906 -0.000015 0.000042 0.037457 0.107752 -21.166531 11.345274 11.421098 3.593362 3.471395 3.574672
0.015970 11.421366 0.000014 -0.000001 0.037457 0.116649 -19.047143 11.492782 11.431666 3.692518 3.758045 3.749705
0.014561 11.425689 -0.000013 0.000021 0.037457 0.119995 -17.141394 11.366351 11.425405 3.238143 3.865826 3.538551
0.012266 11.415500 0.000011 0.000036 0.037457 0.111057 -15.429307 11.400569 11.370164 2.744385 3.577884 3.149447
0.012311 11.418452 -0.000007 -0.000173 0.037457 0.097138 -13.887583 11.360720 11.302953 2.748894 3.129466 2.978292
0.011920 11.411544 -0.000012 -0.000390 0.037457 0.091248 -12.498982 11.419310 11.280919 2.602817 2.939687 2.820501
0.010616 11.411335 -0.000028 -0.000468 0.037457 0.085909 -11.247368 11.375840 11.264845 2.621495 2.767698 2.762200
0.034536 11.723174 -0.000023 -0.001646 0.037457 0.083121 -10.118382 11.988406 11.298041 2.830620 2.677866 2.841567
0.023517 11.617360 -0.000139 -0.001147 0.037502 0.084703 -9.098832 11.333726 11.343176 2.808134 2.728839 2.843329
-0.008969 11.268332 0.000001 0.000269 0.037502 0.084009 -8.185036 11.222870 11.342545 3.145708 2.706497 3.021670
-0.007467 11.298000 0.000023 0.000160 0.037502 0.089351 -7.359862 11.396066 11.376052 2.964175 2.878574 2.977052
-0.005108 11.338255 -0.000005 0.000136 0.037502 0.088166 -6.616767 11.299405 11.379671 3.121661 2.840397 3.045125
-0.002942 11.375699 0.000015 0.000014 0.037502 0.090534 -5.946091 11.461045 11.403583 17.465232 2.916678 11.156939
-0.000430 11.395163 -0.000012 0.000030 0.037502 0.354604 -5.344281 12.599896 12.660179 11.759223 11.424122 11.290861
0.002924 11.418620 0.000011 0.004459 0.037502 0.359775 -4.795128 10.502562 12.564986 12.024159 11.590721 11.519048
0.015243 11.551686 0.000414 0.003639 0.111335 0.367966 -4.310357 12.428447 12.501118 12.410741 11.854591 11.855326
0.038452 11.838765 0.000016 0.002379 0.111335 0.378983 -3.759043 11.415087 12.482951 12.574521 12.209518 12.102821
0.060925 12.151393 0.000216 0.001191 0.111335 0.385897 -3.250337 12.771985 12.481343 13.137784 12.432284 12.521515
0.079298 12.418938 -0.000056 0.000224 0.111335 0.397699 -2.766002 12.197476 12.536079 13.014252 12.812482 12.615695
0.097311 12.666132 0.000070 -0.000467 0.111335 0.399581 -2.323767 13.058495 12.566523 12.023750 12.873116 12.097703
0.108760 12.829762 -0.000097 -0.000945 0.111335 0.382449 -1.837314 12.573365 12.519436 10.645234 12.321198 11.120350
0.108547 12.796425 -0.000010 -0.000995 0.111335 0.350732 -1.193059 12.830019 12.402281 8.186905 11.299376 9.350298
0.104150 12.670273 -0.000085 -0.000962 0.111335 0.294899 -0.306041 12.273464 12.160068 6.631597 9.500648 7.781546
0.097930 12.581685 -0.000022 -0.001514 0.111335 0.244717 3.243627 12.580289 11.954256 6.110786 7.883949 6.864277
0.089810 12.481664 -0.000125 -0.001894 0.111335 0.214432 2.565401 12.249509 11.853742 4.007961 6.908249 5.302583
0.075754 12.339643 -0.000080 -0.001745 0.111335 0.162568 1.884853 12.161076 11.651659 3.280360 5.237387 4.237162
0.060047 12.218309 -0.000103 -0.002035 0.100740 0.124600 1.039256 12.094949 11.539177 4.065663 4.014188 4.180137
0.046891 12.098998 -0.000113 -0.002010 0.091153 0.119955 0.182933 12.106686 11.599608 3.409588 3.864533 3.741703
0.031405 11.972039 -0.000103 -0.001338 0.082479 0.104447 -2.012255 11.825000 11.597530 4.599383 3.364917 4.179737
0.019362 11.875673 -0.000048 -0.000999 0.074630 0.117106 -1.784688 12.022907 11.732040 4.225735 3.772758 4.119582
0.010743 11.798089 -0.000060 -0.000237 0.067528 0.115532 -1.783757 11.657386 11.777796 2.398217 3.722032 3.078665
0.001708 11.740295 0.000022 0.000135 0.061102 0.082515 -1.800504 11.692205 11.659628 2.487886 2.658344 2.675012
-0.002449 11.702032 -0.000008 -0.000152 0.055287 0.070299 -1.770798 11.695161 11.649136 2.006976 2.264803 2.232808
-0.002589 11.679869 -0.000011 -0.000110 0.050026 0.058773 -1.725598 11.645352 11.629925 2.247426 1.893462 2.198874
-0.004696 11.651958 -0.000005 -0.000079 0.045265 0.060628 -1.627679 11.687835 11.662721 3.686614 1.953222 3.004842
-0.005932 11.608902 -0.000006 0.000193 0.040958 0.089660 -1.540752 11.695573 11.807157 3.819901 2.888539 3.445572
-0.004186 11.576429 0.000021 0.000829 0.037060 0.107302 -1.476341 11.561612 11.864582 3.952458 3.456906 3.745622
-0.001242 11.570279 0.000060 0.001057 0.033533 0.119933 -1.395743 11.620044 11.877983 3.654313 3.863833 3.748564
0.002328 11.569957 0.000051 0.001106 0.030342 0.121891 -1.288868 11.511779 11.829071 2.797598 3.926906 3.307482
0.006452 11.575527 0.000063 0.000911 0.027455 0.108811 -1.131494 11.528919 11.706110 3.510060 3.505522 3.546150
0.011883 11.591470 0.000036 0.000412 0.024842 0.117378 -0.927799 11.641904 11.695039 3.786848 3.781518 3.820653
0.015688 11.600806 0.000011 0.000338 0.022478 0.126793 -0.717073 11.568389 11.686076 7.876164 4.084849 6.242707
0.019091 11.629586 0.000024 0.000203 0.020339 0.204882 -0.475059 12.006229 12.008112 15.244975 6.600600 11.376658
0.019189 11.635466 0.000001 0.001338 0.018404 0.370080 -0.224121 12.085992 12.717984 18.182665 11.922707 15.135011
0.021788 11.677876 0.000127 0.003735 0.034244 0.489333 0.024299 11.892433 13.155024 20.950912 15.764640 18.222833
0.036472 11.864196 0.000255 0.004636 0.068488 0.587104 -0.661467 12.289858 13.474193 22.720173 18.914470 20.483186
0.049871 12.027813 0.000240 0.005194 0.068488 0.658152 -0.550689 12.147106 13.658484 24.151846 21.203401 22.217637
0.056137 12.084635 0.000307 0.005652 0.082497 0.713301 -0.465261 12.289494 13.755934 25.409683 22.980099 23.655096
0.064049 12.148056 0.000299 0.005774 0.082497 0.759732 -0.068937 12.244895 13.805136 26.914948 24.475950 25.124100
0.076399 12.258172 0.000319 0.005556 0.085729 0.807278 3.827227 12.479597 13.861243 26.821450 26.007709 25.706851
0.085879 12.377227 0.000284 0.005330 0.085729 0.826413 3.322354 12.365663 13.783174 26.040579 26.624180 25.547746
0.092821 12.493117 0.000292 0.004633 0.085729 0.819050 2.738101 12.544640 13.603727 26.058743 26.386982 25.505915
0.101895 12.599636 0.000221 0.003606 0.085729 0.815616 2.034354 12.615264 13.474948 25.534085 26.276343 25.203223
0.108404 12.704969 0.000181 0.002765 0.085729 0.804382 1.099015 12.712580 13.333797 26.077677 25.914436 25.403680
0.111718 12.810073 0.000133 0.001881 0.085729 0.807746 -0.576297 12.902176 13.295533 26.346646 26.022813 25.626643
0.114854 12.900973 0.000087 0.001417 0.085729 0.810521 2.188925 12.927999 13.284066 24.423530 26.112205 24.607707
0.116312 12.993969 0.000079 0.001042 0.085729 0.774141 1.315284 12.900793 13.109104 22.149208 24.940169 22.893337
0.118021 13.094218 0.000049 0.000053 0.085729 0.715102 0.061520 13.007734 12.866391 20.636010 23.038123 21.304107
0.121432 13.178723 -0.000022 -0.001122 0.085729 0.667750 -25.646272 13.107899 12.690009 20.423182 21.512602 20.586283
0.123079 13.214752 -0.000078 -0.001885 0.085729 0.643594 -23.018549 13.206075 12.648324 19.637939 20.734392 19.848302
0.121451 13.204029 -0.000107 -0.001996 0.077571 0.620081 -20.652275 13.107625 12.609128 17.783555 19.976888 18.528229
0.120199 13.196154 -0.000096 -0.002108 0.070189 0.577828 -18.523139 13.077406 12.478260 16.516442 18.615623 17.287816
0.119430 13.189727 -0.000117 -0.002555 0.063510 0.538356 -16.601337 13.098151 12.367973 16.704591 17.343976 16.883277
0.118255 13.148148 -0.000145 -0.002802 0.057466 0.526424 -14.870710 13.132883 12.390728 16.783168 16.959587 16.776237
0.115765 13.080058 -0.000148 -0.002476 0.051998 0.525080 -13.322080 13.022549 12.444413 17.059469 16.916260 16.918394
0.112029 13.006444 -0.000116 -0.002018 0.047049 0.531114 -11.939162 13.005937 12.512994 17.156322 17.110657 17.058670
0.110549 12.947447 -0.000099 -0.001560 0.042572 0.536839 -10.709903 12.904603 12.560386 16.615371 17.295116 16.842725
0.110706 12.904226 -0.000070 -0.001235 0.038521 0.531079 -9.613905 12.845175 12.536020 17.416538 17.109529 17.228639
0.112621 12.864653 -0.000063 -0.001180 0.034855 0.545152 -8.633356 12.906770 12.595418 18.014908 17.562917 17.757583
0.115788 12.828265 -0.000064 -0.000836 0.031538 0.564596 -7.757574 12.804527 12.657768 18.523172 18.189333 18.308107
0.118817 12.791066 -0.000031 -0.000479 0.028537 0.584408 -6.972052 12.809151 12.699952 19.300198 18.827602 19.019458
0.124333 12.777082 -0.000023 -0.000277 0.025821 0.609300 -6.267425 12.792274 12.748512 19.422275 19.629545 19.423622
0.132246 12.784889 -0.000010 -0.000131 0.023364 0.624111 -5.633466 12.761068 12.734235 19.547591 20.106697 19.707744
0.140695 12.795862 -0.000007 -0.000221 0.021141 0.634906 -5.058655 12.775373 12.692074 19.684177 20.454488 19.951680
0.148833 12.816577 -0.000018 -0.000447 0.019129 0.643689 -4.535105 12.782962 12.637946 19.634701 20.737443 20.063677
0.154230 12.822452 -0.000030 -0.000663 0.017308 0.646575 -4.057450 12.758734 12.561086 19.648693 20.830432 20.142161
0.158275 12.820659 -0.000041 -0.000932 0.015661 0.646871 -3.623058 12.768062 12.484905 19.771224 20.839949 20.251433
0.162452 12.827393 -0.000058 -0.001230 0.015635 0.647562 -3.230210 12.782487 12.426784 20.094200 20.862227 20.480748
0.165586 12.823121 -0.000073 -0.001423 0.019599 0.651901 -2.874660 12.789247 12.400037 20.523944 21.002015 20.812023
0.168087 12.820186 -0.000080 -0.001509 0.021467 0.659630 -2.550451 12.803617 12.400732 20.780439 21.251012 21.074565
0.168263 12.798559 -0.000083 -0.001429 0.022266 0.664788 -2.266045 12.753840 12.399843 20.699541 21.417181 21.100690
0.166542 12.761606 -0.000073 -0.001299 0.022266 0.662097 -2.026617 12.705793 12.373993 20.242705 21.330488 20.806492
0.166290 12.745865 -0.000069 -0.001336 0.022266 0.649201 -1.823746 12.683904 12.317163 19.653435 20.915010 20.311363
0.167665 12.731273 -0.000076 -0.001487 0.022266 0.631045 -1.641158 12.660129 12.249535 19.448935 20.330092 19.984800
0.169432 12.708241 -0.000085 -0.001647 0.022848 0.620114 -1.462974 12.670572 12.219247 19.748271 19.977958 20.043867
0.170428 12.680044 -0.000093 -0.001655 0.025094 0.622545 -1.286637 12.667770 12.245475 20.189311 20.056272 20.339590
0.172603 12.673512 -0.000088 -0.001537 0.025094 0.632600 -1.120550 12.689605 12.299777 20.342867 20.380213 20.546115
0.176922 12.689676 -0.000081 -0.001400 0.025094 0.639848 -0.987071 12.686505 12.335539 19.974746 20.613718 20.403308
0.180261 12.686647 -0.000074 -0.001261 0.025094 0.636091 -0.879327 12.631534 12.315423 19.339629 20.492682 19.987189
0.184396 12.690611 -0.000067 -0.001347 0.025094 0.623967 -0.771097 12.638213 12.253283 18.979685 20.102083 19.637955
0.189209 12.704043 -0.000080 -0.001619 0.025094 0.614074 -0.633491 12.659698 12.201350 19.200637 19.783349 19.628477
0.191027 12.695012 -0.000095 -0.001773 0.025627 0.613961 -0.459581 12.672900 12.200352 19.574951 19.779727 19.829209
0.189367 12.650430 -0.000098 -0.001616 0.026433 0.619624 -0.251533 12.614755 12.227661 19.851031 19.962153 20.059227
0.184897 12.573076 -0.000081 -0.001240 0.026433 0.625690 0.036608 12.530129 12.252598 20.938675 20.157596 20.755015
0.180897 12.498458 -0.000059 -0.000883 0.026433 0.647659 -0.798197 12.540630 12.344693 21.827310 20.865359 21.542444
0.174756 12.415704 -0.000043 -0.000255 0.026433 0.672293 -0.789680 12.398905 12.434936 22.892257 21.658974 22.473190
0.169356 12.350856 0.000004 0.000302 0.026433 0.699582 -0.910204 12.419011 12.533121 23.107992 22.538141 22.899983
0.167488 12.330580 0.000020 0.000727 0.026433 0.711515 -1.136590 12.309087 12.562120 22.479632 22.922570 22.636161
0.168525 12.355924 0.000048 0.000741 0.026433 0.701321 -1.315012 12.355111 12.503217 22.345404 22.594150 22.442274
0.175897 12.428438 0.000028 0.000269 0.026433 0.694970 -1.430205 12.465601 12.474240 21.998686 22.389534 22.156154
0.182538 12.492186 0.000000 -0.000064 0.026433 0.688252 -1.468801 12.479673 12.442253 23.173831 22.173128 22.766527
0.184426 12.525620 -0.000009 -0.000299 0.026433 0.708535 -1.436832 12.648868 12.537081 24.352045 22.826579 23.691548
0.183020 12.533939 -0.000024 0.000011 0.026433 0.738456 -1.398185 12.573843 12.668613 24.781599 23.790507 24.303931
0.181373 12.540600 0.000018 0.000460 0.023917 0.756818 -1.363111 12.599666 12.741473 24.547206 24.382082 24.381869
0.182148 12.565551 0.000027 0.000632 0.021641 0.757810 -1.327275 12.552530 12.738152 23.447239 24.414032 23.751083
0.184445 12.585771 0.000036 0.000547 0.019582 0.737553 -1.257165 12.528803 12.639354 22.876944 23.761416 23.176835
0.186711 12.596926 0.000022 0.000152 0.017718 0.720432 -1.143983 12.574979 12.558666 22.821254 23.209858 22.927206
0.187062 12.614846 -0.000004 -0.000202 0.016032 0.713010 -1.003926 12.613151 12.530696 23.104145 22.970721 22.988468
0.185456 12.629212 -0.000017 -0.000354 0.014507 0.714163 -0.868815 12.653592 12.552080 22.380263 23.007881 22.598836
0.180699 12.639384 -0.000021 -0.000314 0.013126 0.698285 -0.750335 12.573772 12.506565 22.818138 22.496352 22.669314
0.176082 12.651299 -0.000014 -0.000520 0.011877 0.696622 -0.635406 12.741133 12.548850 23.586412 22.442760 23.111776
0.171717 12.628444 -0.000039 -0.000286 0.010747 0.708808 -0.577326 12.637140 12.655656 23.587677 22.835373 23.233236
0.163119 12.563295 0.000003 0.000332 0.009724 0.711796 -0.554117 12.569240 12.711442 24.439152 22.931620 23.769956
0.157394 12.525166 0.000028 0.000669 0.008799 0.728490 -0.566601 12.620204 12.823111 23.683121 23.469456 23.483757
0.155225 12.528862 0.000040 0.001057 0.010856 0.720010 -0.606696 12.474256 12.812153 22.786107 23.196262 22.832914
0.153898 12.549090 0.000068 0.000945 0.018217 0.699684 -0.640222 12.573509 12.750397 22.887136 22.541426 22.650690
0.155861 12.570024 0.000036 0.000648 0.018217 0.695751 -0.701537 12.597116 12.762240 22.131745 22.414723 22.139833
0.155042 12.558797 0.000034 0.000731 0.018217 0.682419 -0.710132 12.503684 12.717438 22.529852 21.985195 22.222227
0.149329 12.532789 0.000043 0.000663 0.018217 0.686406 -0.651146 12.603148 12.746048 23.480908 22.113654 22.832886
0.143530 12.508838 0.000029 0.000852 0.018217 0.705409 -0.611747 12.551562 12.840499 23.201630 22.725845 22.878627
0.138181 12.489925 0.000059 0.001259 0.018217 0.705880 -0.616289 12.481738 12.846564 23.184279 22.741040 22.867208
0.134864 12.493559 0.000074 0.001268 0.019964 0.704400 -0.635934 12.541326 12.849573 22.640412 22.693362 22.519909
0.135668 12.525303 0.000063 0.001165 0.019964 0.693228 -0.674656 12.507908 12.812569 21.719256 22.333417 21.836669
0.135670 12.550579 0.000063 0.000941 0.019964 0.672156 -0.670031 12.531634 12.733288 22.111215 21.654544 21.812810
0.136284 12.560471 0.000042 0.000621 0.019964 0.672746 -0.645100 12.623011 12.755477 21.237290 21.673551 21.297851
0.138093 12.575503 0.000028 0.000646 0.019964 0.658619 -0.629727 12.499790 12.699773 19.926191 21.218457 20.355535
0.137106 12.608017 0.000042 0.000330 0.019964 0.629338 -0.514714 12.582908 12.578907 20.871899 20.275112 20.563832
0.136220 12.645351 0.000001 -0.000239 0.019964 0.635246 -0.313138 12.746886 12.637132 21.789745 20.465445 21.166412
0.134412 12.656385 -0.000021 -0.000069 0.019964 0.654157 -0.130170 12.698444 12.753517 22.444818 21.074690 21.769033
0.130991 12.658182 0.000012 0.000342 0.019964 0.672771 -0.053183 12.744394 12.862404 22.994360 21.674379 22.306500
0.130627 12.673524 0.000025 0.000678 0.019964 0.689969 -1.039029 12.730915 12.957603 21.758176 22.228443 21.791243
0.130023 12.681348 0.000047 0.000992 0.019964 0.673974 -1.016866 12.601049 12.889332 21.141704 21.713133 21.238105
0.127914 12.664525 0.000059 0.000807 0.018064 0.656660 -0.972887 12.665918 12.817462 20.724478 21.155336 20.784333
0.126081 12.629969 0.000032 0.000673 0.016345 0.643455 -0.917366 12.563970 12.761474 19.414243 20.729923 19.863865
0.121541 12.601964 0.000041 0.000573 0.014790 0.614658 -0.825026 12.518643 12.631808 19.461028 19.802164 19.540388
0.114335 12.573804 0.000024 0.000208 0.013382 0.602955 -0.695980 12.588449 12.596523 20.322939 19.425149 19.887392
0.108415 12.531671 0.000003 0.000233 0.012109 0.612599 -0.584305 12.563845 12.667634 20.583850 19.735837 20.147574
0.105614 12.503690 0.000022 0.000589 0.010957 0.621060 -0.517532 12.528861 12.724534 20.788411 20.008427 20.361651
0.104160 12.487998 0.000041 0.000849 0.010924 0.629059 -0.479427 12.522723 12.768295 20.673298 20.266116 20.389385
0.105350 12.490010 0.000051 0.000999 0.013639 0.631703 -0.464920 12.499033 12.775659 19.764834 20.351295 19.899955
0.107140 12.506403 0.000057 0.000967 0.015347 0.617862 -0.449707 12.461611 12.698045 19.572700 19.905389 19.620895
0.107867 12.503731 0.000049 0.000698 0.015347 0.610252 -0.396710 12.508672 12.649860 19.004944 19.660237 19.204322
0.107897 12.473911 0.000030 0.000632 0.015347 0.598485 -0.323682 12.389464 12.575627 18.341433 19.281141 18.683468
0.106252 12.444657 0.000039 0.000470 0.015347 0.582801 -0.143602 12.407592 12.481311 19.637782 18.775857 19.242661
0.104255 12.423156 0.000016 0.000209 0.015347 0.600897 0.320355 12.510103 12.549992 20.505379 19.358839 19.966998
0.100328 12.384939 0.000010 0.000593 0.015347 0.623775 0.169888 12.383904 12.632583 21.114066 20.095899 20.601411
0.096248 12.350922 0.000051 0.001012 0.015347 0.642906 0.098935 12.412538 12.692417 21.565350 20.712214 21.099092
0.094930 12.327532 0.000058 0.001310 0.015551 0.658045 0.430612 12.333265 12.729665 20.510236 21.199941 20.683970
0.094992 12.315101 0.000081 0.001489 0.021882 0.644605 0.499732 12.240958 12.628598 19.793333 20.766959 20.112627
0.096532 12.332485 0.000080 0.001063 0.021882 0.626210 0.514960 12.321555 12.514835 19.804634 20.174328 19.897830
0.098186 12.348642 0.000041 0.000597 0.021882 0.619411 0.470485 12.338359 12.466263 19.608758 19.955308 19.705269
0.096869 12.333829 0.000028 0.000476 0.021882 0.613239 0.395579 12.300252 12.423067 19.686961 19.756452 19.677402
0.092923 12.306125 0.000027 0.000420 0.021882 0.611623 0.287341 12.304817 12.405367 20.504342 19.704407 20.127278
0.092005 12.295259 0.000022 0.000395 0.021882 0.625299 0.217955 12.356751 12.463495 20.038319 20.144980 20.028327
0.092611 12.302452 0.000023 0.000578 0.021882 0.622170 0.261215 12.249794 12.438172 19.983507 20.044188 19.959434
0.096199 12.339864 0.000040 0.000353 0.021882 0.619937 0.237700 12.406674 12.423096 19.549097 19.972229 19.683654
0.102016 12.391590 0.000005 0.000113 0.021882 0.612171 0.237675 12.342951 12.383374 18.518454 19.722042 18.998617
0.104912 12.419941 0.000010 -0.000131 0.021882 0.590809 0.056317 12.377507 12.283004 18.317899 19.033828 18.625414
0.106722 12.424320 -0.000017 -0.000508 0.021882 0.579656 -1.161340 12.399893 12.235258 17.395770 18.674526 17.961211
0.106309 12.411043 -0.000032 -0.000631 0.019800 0.558483 -0.960016 12.309440 12.142313 17.451929 17.992409 17.738778
0.104254 12.389580 -0.000033 -0.000888 0.017916 0.550744 -0.742899 12.406979 12.120326 17.855477 17.743064 17.877780
0.100548 12.346853 -0.000057 -0.000814 0.016211 0.554419 -0.547064 12.308468 12.152694 17.930036 17.861490 17.964528
0.096000 12.297503 -0.000031 -0.000520 0.014668 0.556176 -0.385638 12.294655 12.173100 18.162433 17.918093 18.117362
0.093512 12.265002 -0.000024 -0.000330 0.013272 0.560357 -0.285490 12.262398 12.203408 18.181795 18.052782 18.176219
0.094024 12.242887 -0.000012 -0.000142 0.012009 0.562585 -0.268385 12.238429 12.218507 17.835999 18.124544 18.001326
0.096266 12.233165 -0.000004 -0.000053 0.010866 0.558493 -0.298969 12.204015 12.195034 17.683238 17.992720 17.863257
0.098440 12.223656 -0.000002 -0.000103 0.009832 0.555749 -0.302476 12.212621 12.171147 18.013522 17.904313 18.024009
0.100226 12.199809 -0.000008 -0.000103 0.008897 0.562810 -0.295312 12.198999 12.183452 18.112457 18.131814 18.170901
0.100204 12.172432 -0.000003 0.000040 0.008050 0.568885 -0.279085 12.149505 12.180677 18.936675 18.327514 18.731763
0.099724 12.150796 0.000006 0.000107 0.007284 0.587016 -0.259910 12.204479 12.230339 19.783575 18.911628 19.450273
0.100488 12.133980 0.000005 0.000346 0.006591 0.610063 -0.280873 12.152943 12.296066 20.272957 19.654126 20.018798
0.101412 12.120540 0.000029 0.000630 0.007736 0.628219 -0.315899 12.148102 12.331999 21.063614 20.239063 20.707177
0.102217 12.095226 0.000037 0.000850 0.009977 0.650399 -0.376551 12.124191 12.379588 21.128883 20.953621 21.017015
0.102748 12.071824 0.000052 0.001105 0.013887 0.660516 -0.457165 12.045078 12.363960 21.384781 21.279556 21.298575
0.106074 12.081354 0.000065 0.001015 0.017377 0.669387 -0.534215 12.119469 12.344794 21.184989 21.565339 21.295886
0.108740 12.074947 0.000046 0.000969 0.017377 0.669510 -0.595444 12.006456 12.284935 20.984487 21.569318 21.191173
0.110026 12.068878 0.000057 0.000776 0.017377 0.665829 -0.575859 12.068269 12.212782 21.326943 21.450738 21.365129
0.112273 12.096511 0.000030 0.000418 0.017377 0.670376 -0.511535 12.108405 12.190456 21.724444 21.597222 21.665197
0.113890 12.132759 0.000018 0.000207 0.017377 0.677951 -0.421166 12.163238 12.195682 22.837234 21.841251 22.422824
0.117373 12.181923 0.000008 0.000049 0.017377 0.700358 -0.366409 12.282953 12.280389 22.875330 22.563141 22.710267
0.121439 12.246019 0.000001 0.000123 0.017377 0.708158 -0.394846 12.243454 12.303935 22.316062 22.814428 22.472696
0.127063 12.331642 0.000013 -0.000100 0.017377 0.698800 -0.408208 12.359118 12.263631 21.671437 22.512932 21.983603
0.132008 12.402380 -0.000018 -0.000498 0.017377 0.682136 -0.377728 12.364258 12.204775 21.278800 21.976075 21.557637
0.133251 12.432568 -0.000031 -0.000818 0.017377 0.667556 -0.264212 12.426951 12.167289 21.349578 21.506353 21.428645
0.131371 12.420999 -0.000052 -0.000911 0.017377 0.662680 -0.088171 12.402687 12.179110 21.066985 21.349279 21.200864
0.127326 12.391725 -0.000045 -0.000764 0.015723 0.654349 0.378496 12.358557 12.175973 20.981193 21.080876 21.047532
0.123592 12.373175 -0.000037 -0.000708 0.014227 0.648277 0.255898 12.376254 12.187077 20.791034 20.885259 20.856723
0.122740 12.383494 -0.000038 -0.000705 0.012873 0.641285 0.161461 12.381141 12.198575 20.507606 20.660011 20.598580
0.123519 12.404174 -0.000037 -0.000738 0.011648 0.632949 0.097057 12.409428 12.205962 20.207391 20.391451 20.314323
0.123479 12.413790 -0.000041 -0.000746 0.011136 0.624348 0.073942 12.401371 12.210837 19.989836 20.114350 20.075897
0.124606 12.441241 -0.000039 -0.000827 0.011136 0.617283 0.093896 12.462374 12.223115 19.776447 19.886722 19.858461
0.126175 12.480466 -0.000049 -0.000924 0.013143 0.610769 0.176280 12.485408 12.239319 19.496963 19.676891 19.609127
0.126900 12.507947 -0.000050 -0.000965 0.013554 0.602988 0.225360 12.510427 12.250631 19.816283 19.426196 19.695496
0.129875 12.544190 -0.000053 -0.001054 0.014335 0.606557 0.249819 12.604917 12.313702 20.023573 19.541180 19.851744
0.127225 12.512858 -0.000060 -0.000715 0.016073 0.612918 0.270893 12.480904 12.375311 20.595052 19.746100 20.256551
0.120705 12.445268 -0.000023 -0.000251 0.016073 0.626220 0.272985 12.490134 12.455682 20.978999 20.174663 20.634731
0.118299 12.420133 -0.000008 0.000128 0.016073 0.638495 0.334794 12.433651 12.521646 20.563031 20.570128 20.534370
0.116593 12.395497 0.000016 0.000453 0.016073 0.635636 0.377346 12.364361 12.508418 20.463481 20.478019 20.439617
0.115142 12.372602 0.000028 0.000488 0.016073 0.633267 0.373870 12.377939 12.493580 20.462378 20.401697 20.409067
0.114626 12.373274 0.000022 0.000432 0.016073 0.632851 0.329905 12.374787 12.486794 20.631336 20.388279 20.501775
0.112242 12.369414 0.000022 0.000422 0.016073 0.635599 0.255011 12.386123 12.496064 21.106525 20.476821 20.810113
0.109711 12.368647 0.000022 0.000458 0.016073 0.644530 0.191621 12.409092 12.537748 20.961519 20.764550 20.830627
0.108314 12.385755 0.000026 0.000546 0.016073 0.644020 0.189036 12.384109 12.539572 20.819316 20.748109 20.738209
0.105948 12.383741 0.000031 0.000560 0.016073 0.639952 0.193486 12.389601 12.530144 20.612856 20.617059 20.564068
0.102862 12.364791 0.000028 0.000594 0.016073 0.633967 0.203938 12.344581 12.513245 20.030589 20.424230 20.149224
0.098289 12.345610 0.000034 0.000602 0.014543 0.620216 0.143864 12.312411 12.462459 19.780344 19.981232 19.830066
0.094402 12.338383 0.000030 0.000446 0.013159 0.609140 -0.001311 12.341798 12.432689 19.438437 19.624403 19.488976
0.091158 12.329232 0.000019 0.000372 0.011907 0.596791 3.883129 12.303106 12.406270 19.061692 19.226554 19.109623
0.088158 12.320070 0.000021 0.000310 0.010774 0.584756 3.489492 12.319391 12.383401 18.653476 18.838824 18.715797
0.086451 12.324051 0.000013 0.000213 0.009749 0.572633 3.134540 12.311759 12.361446 18.259190 18.448274 18.328983
0.084337 12.322157 0.000011 0.000141 0.008821 0.560921 2.813801 12.314133 12.341174 18.144631 18.070935 18.106284
0.081773 12.312405 0.000006 0.000103 0.007982 0.554575 2.524890 12.317392 12.344667 17.946661 17.866506 17.903826
0.078620 12.295000 0.000006 0.000178 0.007222 0.548874 2.266276 12.284015 12.346628 17.866284 17.682826 17.776692
0.075321 12.269708 0.000013 0.000276 0.006535 0.545570 2.035243 12.274118 12.354793 17.855588 17.576393 17.719760
0.073203 12.254887 0.000017 0.000359 0.005913 0.544752 1.830419 12.263633 12.368933 17.832130 17.550027 17.688204
0.073099 12.254731 0.000022 0.000410 0.005833 0.544871 1.648550 12.271992 12.381895 17.811931 17.553872 17.671931
0.074853 12.263053 0.000023 0.000427 0.006096 0.546044 1.487824 12.278207 12.392315 17.865130 17.591652 17.712781
0.076868 12.269162 0.000024 0.000442 0.006337 0.549324 1.345201 12.285563 12.403637 17.871856 17.697324 17.756811
0.080507 12.293083 0.000024 0.000397 0.006565 0.552647 1.218826 12.314183 12.407666 17.653607 17.804381 17.676966
0.082202 12.293979 0.000020 0.000408 0.006565 0.551577 1.104515 12.264785 12.383266 17.803944 17.769917 17.753321
0.082566 12.275313 0.000025 0.000388 0.006606 0.555084 0.998860 12.286676 12.375412 17.527932 17.882900 17.646174
0.083907 12.277870 0.000019 0.000350 0.006606 0.552198 0.901509 12.240144 12.334977 17.511695 17.789930 17.608110
0.084909 12.274483 0.000020 0.000217 0.006606 0.550898 0.807007 12.277906 12.304880 17.617246 17.748040 17.658834
0.085608 12.264936 0.000006 0.000143 0.006606 0.552571 0.721019 12.243256 12.289581 17.352670 17.801943 17.535357
0.085391 12.253272 0.000010 0.000130 0.006606 0.548140 0.638954 12.222453 12.247119 17.182383 17.659183 17.389582
0.083960 12.225732 0.000006 0.000077 0.006606 0.542761 0.561927 12.187146 12.203771 16.801592 17.485880 17.110622
0.081531 12.189649 0.000004 0.000051 0.006606 0.532959 0.486637 12.132508 12.143215 16.737567 17.170098 16.956531
0.078775 12.149319 0.000003 -0.000022 0.006606 0.527175 0.410910 12.125385 12.106442 17.082079 16.983767 17.083721
0.076497 12.112260 -0.000003 -0.000021 0.006606 0.530816 0.343538 12.110257 12.115521 17.486985 17.101057 17.360707
0.074457 12.091541 0.000002 0.000086 0.006606 0.539308 0.296605 12.109924 12.146479 17.787719 17.374665 17.637453
0.072900 12.075830 0.000008 0.000254 0.006606 0.547468 0.280970 12.084256 12.175114 17.720159 17.637546 17.699044
0.073220 12.067848 0.000019 0.000385 0.005977 0.549221 0.295311 12.061861 12.171528 17.540949 17.694023 17.617812
0.074921 12.067950 0.000023 0.000372 0.006064 0.547021 0.305581 12.059590 12.147940 17.481691 17.623137 17.557217
0.076829 12.061984 0.000018 0.000309 0.006064 0.546072 0.301686 12.051674 12.127119 17.514418 17.592572 17.566144
0.077986 12.048695 0.000016 0.000282 0.006064 0.547556 0.276488 12.039557 12.112522 18.041330 17.640382 17.891047
0.078340 12.030717 0.000015 0.000294 0.006064 0.558939 0.236900 12.058300 12.138995 18.387246 18.007092 18.233827
0.077701 12.000274 0.000017 0.000498 0.006064 0.570475 0.202216 11.986710 12.157980 18.574269 18.378736 18.487985
0.078298 11.973005 0.000035 0.000664 0.009431 0.579045 0.175588 11.978941 12.156382 19.003788 18.654853 18.847807
0.080875 11.955401 0.000036 0.000722 0.009792 0.591648 0.169864 11.966727 12.166443 19.152119 19.060872 19.094651
0.083935 11.949200 0.000041 0.000780 0.011023 0.600709 0.185692 11.943064 12.152605 19.411507 19.352768 19.365943
0.086923 11.941758 0.000043 0.000757 0.011585 0.610137 0.201389 11.945790 12.136597 19.565909 19.656523 19.581465
0.090344 11.928708 0.000039 0.000747 0.011585 0.617804 0.222245 11.907211 12.107977 19.442940 19.903521 19.613970
0.092789 11.916511 0.000042 0.000688 0.011585 0.619269 0.198619 11.884142 12.049022 20.034430 19.950711 19.996965
0.094914 11.910610 0.000034 0.000497 0.011585 0.631247 0.127310 11.939019 12.042416 20.764466 20.336599 20.584834
0.097073 11.917157 0.000022 0.000450 0.011585 0.649339 0.070735 11.936649 12.066871 21.496953 20.919480 21.244819
0.098757 11.924085 0.000027 0.000513 0.011585 0.668965 0.146251 11.963945 12.102504 21.951334 21.551744 21.755722
0.101251 11.937511 0.000029 0.000593 0.011585 0.683884 0.306297 11.950899 12.120541 21.819157 22.032384 21.861326
0.103539 11.948124 0.000035 0.000619 0.011585 0.685812 0.382259 11.927474 12.084870 21.514358 22.094498 21.712491
0.104245 11.943736 0.000033 0.000507 0.011585 0.679750 0.414264 11.906603 12.020615 21.421708 21.899199 21.596749
0.104476 11.944813 0.000024 0.000272 0.011585 0.674584 0.398304 11.934110 11.971765 21.798129 21.732776 21.769305
0.102417 11.929788 0.000009 0.000151 0.011585 0.678552 0.364162 11.931979 11.973216 22.001944 21.860603 21.940779
0.097602 11.903571 0.000010 0.000250 0.010482 0.681801 0.336288 11.893061 11.978467 22.196952 21.965276 22.095422
0.094878 11.914086 0.000018 0.000231 0.009485 0.683944 0.327025 11.950930 11.992053 22.302191 22.034329 22.179740
0.094631 11.947643 0.000009 0.000159 0.008582 0.684279 0.347899 11.968165 12.010764 22.070612 22.045130 22.040303
0.095108 11.980691 0.000010 0.000108 0.007765 0.678387 0.377609 11.992914 12.009959 21.560358 21.855300 21.661667
0.093716 11.998069 0.000004 0.000043 0.007026 0.665528 0.391266 11.976701 11.983278 21.193710 21.441012 21.284621
0.091164 12.005532 0.000002 -0.000080 0.006358 0.652742 0.378868 12.007221 11.964129 20.801008 21.029119 20.891424
0.089549 12.024022 -0.000008 -0.000215 0.005753 0.639772 0.351457 12.017747 11.950402 20.387258 20.611251 20.482519
0.087369 12.047580 -0.000013 -0.000349 0.005205 0.626277 0.306008 12.052086 11.940760 20.544450 20.176488 20.398230
0.085856 12.077439 -0.000022 -0.000491 0.005860 0.623189 0.252023 12.129525 11.986231 20.628201 20.077001 20.394335
0.086458 12.120153 -0.000028 -0.000481 0.007632 0.623281 0.199459 12.160296 12.047264 20.697961 20.079988 20.420782
0.088317 12.168652 -0.000022 -0.000436 0.007632 0.625089 0.141647 12.228749 12.112815 20.447018 20.138218 20.284540
0.090647 12.219439 -0.000023 -0.000383 0.007632 0.622085 0.088170 12.238681 12.150167 20.073174 20.041435 20.021316
0.091720 12.251267 -0.000018 -0.000363 0.007632 0.615041 -0.026739 12.264080 12.163020 19.699063 19.814518 19.710753
0.090739 12.258892 -0.000020 -0.000344 0.007632 0.606196 0.462395 12.244763 12.162628 19.161632 19.529567 19.285871
0.086979 12.253404 -0.000017 -0.000326 0.007632 0.593014 0.372345 12.228516 12.139905 19.414176 19.104888 19.259958
0.082380 12.246627 -0.000018 -0.000383 0.007632 0.591640 0.273592 12.287847 12.177309 19.866749 19.060597 19.491068
0.078799 12.239589 -0.000023 -0.000224 0.007632 0.598610 0.202625 12.270658 12.253213 19.739459 19.285155 19.495540
0.075456 12.231428 -0.000004 0.000078 0.007632 0.598696 0.181359 12.239310 12.290300 19.546187 19.287930 19.377417
0.074331 12.234285 0.000010 0.000201 0.007632 0.595295 0.202166 12.252586 12.307020 19.133657 19.178351 19.092482
0.075093 12.241752 0.000011 0.000234 0.007632 0.587568 0.229981 12.229222 12.296630 18.479577 18.929426 18.618782
0.075345 12.247967 0.000013 0.000175 0.006906 0.574055 0.220775 12.224083 12.252884 17.875692 18.494065 18.103040
0.076399 12.266206 0.000006 -0.000048 0.006249 0.558806 0.167187 12.246458 12.200770 17.114791 18.002824 17.478182
0.078324 12.295304 -0.000009 -0.000340 0.005654 0.539756 0.049696 12.257628 12.133470 17.046276 17.389072 17.197141
0.077044 12.280423 -0.000025 -0.000528 0.006742 0.531658 -0.442271 12.269032 12.118537 17.382865 17.128207 17.282553
0.074689 12.243807 -0.000030 -0.000450 0.008195 0.535294 -0.329815 12.245637 12.153074 17.753651 17.245326 17.535528
0.075333 12.241071 -0.000019 -0.000316 0.008195 0.544420 -0.201910 12.281352 12.205809 18.005021 17.539340 17.791626
0.074669 12.227545 -0.000016 -0.000078 0.008195 0.553484 -0.080377 12.224749 12.248231 18.217466 17.831341 18.026642
0.074788 12.212928 0.000004 0.000127 0.008195 0.561548 0.036243 12.236844 12.278074 17.893233 18.091148 17.946567
0.075404 12.205643 0.000008 0.000260 0.008195 0.559663 0.108514 12.163576 12.253725 17.778388 18.030429 17.862057
0.075692 12.192789 0.000018 0.000219 0.008195 0.557176 0.138478 12.194376 12.225848 17.271829 17.950302 17.547940
0.076731 12.188892 0.000006 0.000133 0.008195 0.547438 0.174521 12.125865 12.163511 16.864945 17.636582 17.200432
0.075274 12.175754 0.000007 -0.000044 0.008195 0.535854 0.130304 12.148973 12.098043 17.676433 17.263372 17.520964
0.073812 12.152966 -0.000010 -0.000197 0.008195 0.545543 0.073315 12.191862 12.139236 17.984538 17.575535 17.818555
0.074540 12.138578 -0.000011 0.000002 0.008195 0.555175 0.102464 12.131301 12.174521 18.068434 17.885841 17.988383
0.075734 12.129582 0.000009 0.000161 0.008195 0.561186 0.161123 12.143988 12.185808 18.261405 18.079479 18.176758
0.076730 12.121755 0.000008 0.000230 0.007415 0.567767 0.195021 12.119692 12.195127 17.748098 18.291501 17.969634
0.077069 12.114595 0.000015 0.000289 0.006710 0.561131 0.201265 12.063551 12.140107 17.537888 18.077701 17.773214
0.077127 12.099537 0.000015 0.000146 0.006071 0.554453 0.164854 12.081669 12.089394 17.495290 17.862577 17.671409
0.078214 12.087472 0.000002 0.000007 0.005494 0.551259 0.113759 12.060370 12.057457 17.151309 17.759681 17.439227
0.077638 12.066692 -0.000000 -0.000033 0.004971 0.543768 0.015408 12.019168 12.005799 17.846212 17.518331 17.751161
0.077767 12.048884 -0.000003 -0.000155 0.004498 0.553837 -0.633300 12.100996 12.038446 18.126289 17.842722 18.038959
0.078818 12.047976 -0.000013 -0.000034 0.004070 0.563185 -0.564379 12.030069 12.063908 18.222853 18.143891 18.212871
0.078664 12.045617 0.000007 0.000066 0.003682 0.568108 -0.507447 12.064880 12.068903 18.461759 18.302478 18.414462
0.079931 12.043184 0.000001 0.000092 0.003332 0.574074 -0.464028 12.039594 12.080098 18.070222 18.494701 18.264399
0.082026 12.047700 0.000008 0.000116 0.003015 0.569252 -0.426749 12.017497 12.040170 18.241000 18.339329 18.308610
0.083801 12.047790 0.000005 -0.000027 0.002728 0.570847 -0.388750 12.063525 12.032434 18.444604 18.390726 18.449663
0.084637 12.039133 -0.000006 -0.000024 0.002468 0.575725 -0.353860 12.024276 12.037760 18.587235 18.547882 18.595583
0.085167 12.029779 0.000003 0.000029 0.002233 0.580364 -0.321255 12.037582 12.040363 18.656395 18.697328 18.696098
0.086493 12.020528 0.000001 0.000071 0.002021 0.583684 -0.292978 12.003346 12.034842 18.444698 18.804302 18.617519
0.087646 12.005726 0.000006 0.000105 0.001829 0.581401 -0.264726 11.976549 12.000850 18.538886 18.730756 18.650809
0.089836 11.995581 0.000005 0.000019 0.001655 0.582982 -0.234784 11.994224 11.983739 18.636421 18.781692 18.732850
0.091773 11.983881 -0.000002 -0.000001 0.001497 0.586374 -0.204889 11.963052 11.971198 18.822245 18.890948 18.889426
0.093460 11.976024 0.000002 -0.000017 0.001355 0.591734 -0.176604 11.980465 11.965742 18.952344 19.063644 19.037100
0.094955 11.967078 -0.000003 -0.000005 0.001226 0.596496 -0.153331 11.946750 11.956256 18.979281 19.217063 19.117092
0.045687 11.965497 0.000002 -0.000033 0.001109 0.588772 -0.134051 11.959943 11.936629 6.661806 18.968224 12.113194
-0.051442 11.968456 -0.000005 -0.000114 0.001245 0.321533 -0.116354 10.911617 10.876162 -15.043531 10.358677 -3.547742
-0.113383 11.949347 -0.000007 -0.003854 0.001909 -0.264848 -0.088777 10.584008 8.787957 -23.732782 -8.532481 -15.617839
-0.155244 11.824636 -0.000361 -0.010906 0.097090 -0.695684 -0.029750 11.503370 7.777857 -28.079656 -22.412549 -23.056464
-0.203993 11.514804 -0.000751 -0.013421 0.201855 -0.880584 13.508633 11.034140 7.661741 -35.342716 -28.369384 -29.630283
-0.259271 11.009152 -0.000683 -0.012022 0.201855 -1.001456 12.093743 10.386454 7.393774 -45.068733 -32.263474 -35.206539
-0.322917 10.155793 -0.000610 -0.009919 0.201855 -1.110534 10.843061 8.864501 6.563212 -50.291050 -35.777602 -38.906487
-0.392240 9.023502 -0.000473 -0.008836 0.201855 -1.187663 9.731241 7.896298 5.554838 -56.082894 -38.262413 -41.674401
-0.459092 7.896486 -0.000482 -0.008410 0.201855 -1.251654 8.775663 6.356404 4.248771 -63.802732 -40.323982 -44.122359
-0.527805 6.722865 -0.000436 -0.008885 0.201855 -1.312760 7.975779 4.986755 2.466902 -67.477459 -42.292606 -46.038493
-0.601528 5.471422 -0.000520 -0.010790 0.201855 -1.363446 7.319698 3.682418 0.590616 -21.972187 -43.925543 -44.661339
-0.676299 4.242556 -0.000636 -0.013115 0.201855 -1.328237 6.850059 6.588104 2.853248 -3.214590 -42.791236 -42.614555
-0.750563 3.100002 -0.000767 -0.000886 0.206225 -1.273451 6.666178 3.730148 6.298550 6.937371 -41.026227 -40.500424
-0.819891 2.117398 0.000498 0.015016 0.206225 -1.214830 6.752995 4.972712 10.025949 62.795093 -39.137649 -36.598641
-0.871365 1.433963 0.001002 0.030857 0.269401 -1.098412 7.003544 7.413054 17.976840 132.480933 -35.387060 -29.549642
-0.885312 1.210579 0.002116 0.060213 0.568949 -0.901912 7.613159 10.757501 30.809116 133.119365 -29.056521 -23.169411
-0.851510 1.490562 0.004034 0.105292 1.084764 -0.685996 9.605437 8.093941 41.894191 107.880869 -22.100419 -17.813856
-0.760931 2.292115 0.006817 0.142224 1.685996 -0.458083 12.281565 8.884991 49.168321 130.028337 -14.757847 -5.078068
-0.621863 3.439672 0.008151 0.164226 1.458083 -0.053732 14.604359 11.597349 57.109387 106.860793 -1.731056 4.416831
-0.465110 4.642792 0.009236 0.188424 1.053732 0.524179 15.281197 8.464786 61.248367 52.558219 16.887249 11.151524
-0.299893 5.862261 0.010733 0.198909 1.524179 1.038511 14.718702 6.863298 58.792814 38.012707 33.457242 15.662653
-0.094739 7.305390 0.010601 0.184908 2.038511 1.339826 11.888324 8.052795 54.037802 40.470885 43.164602 19.206536
0.110683 8.823164 0.009441 0.162380 2.339826 1.416161 -3.477037 9.206641 49.283519 41.783385 45.623844 21.871914
0.219221 9.992674 0.008279 0.141106 2.416161 1.422855 55.008749 10.289568 45.022502 44.525388 45.839501 24.444548
0.269725 10.810531 0.007222 0.122866 2.422855 1.434557 46.755050 11.113721 41.487726 49.622799 46.216500 27.148529
0.305153 11.533692 0.006356 0.107575 2.434557 1.460643 39.464943 12.164077 38.786730 51.137768 47.056893 29.027179
0.336872 12.306645 0.005608 0.095098 2.460643 1.475087 32.261139 12.773411 36.491434 42.813712 47.522241 29.105488
0.355907 13.155626 0.005025 0.083806 2.475087 1.448349 23.748777 13.054438 33.750893 53.725146 46.660842 30.479188
0.370087 14.015181 0.004416 0.070877 2.448349 1.459451 12.522293 15.394346 32.387892 61.790393 47.018508 32.362294
0.390523 14.752506 0.003667 0.063334 2.459451 1.489610 -5.209914 15.515774 31.901094 19.184401 47.990123 30.508514
0.403170 15.357188 0.003538 0.059414 2.489610 1.403332 37.499601 12.740628 27.757013 13.790665 45.210521 28.374826
0.412528 15.947539 0.003255 0.042412 2.403332 1.320847 26.823854 15.797436 23.860434 27.409245 42.553162 27.570700
0.432084 16.511003 0.001849 0.026394 2.320847 1.282248 14.663504 15.772961 21.816595 4.659320 41.309625 25.858028
0.446407 16.847506 0.001429 0.017846 2.138110 1.218765 -3.555523 14.539441 18.151985 41.160805 39.264407 26.445618
0.448179 16.905642 0.000926 0.004476 1.934642 1.203575 57.354608 18.962508 18.191257 47.742407 38.775063 26.909643
0.432211 16.732515 0.000029 0.005239 1.750536 1.203973 48.817316 15.723571 18.820434 20.657720 38.787880 26.018377
0.407238 16.446894 0.000788 0.008524 1.583951 1.150895 41.417889 15.458556 17.016083 21.115819 37.077893 25.057087
0.394806 16.341158 0.000466 0.002424 1.433218 1.099691 35.136962 15.667631 15.568982 -0.091303 35.428279 22.592988
0.393925 16.500632 0.000120 -0.003346 1.296829 1.004734 29.655921 14.097060 12.592174 17.798965 32.369070 21.624980
0.390568 16.682340 -0.000176 -0.014689 1.173420 0.958533 24.815456 17.491264 11.741890 60.519978 30.880656 23.808145
0.378207 16.651634 -0.001043 -0.017632 1.061754 1.021527 20.875629 18.541670 14.794604 61.641714 32.910096 26.103648
0.358335 16.413831 -0.000656 -0.005815 0.960715 1.093589 18.203879 17.194846 17.439813 17.394918 35.231665 24.517753
0.335818 16.233871 0.000133 0.004331 0.869291 1.015932 16.400599 13.923453 15.777581 13.631877 32.729836 22.389546
0.326391 16.349542 0.000449 -0.002054 0.786567 0.927813 14.788787 16.639768 14.184132 21.662828 29.890956 21.297754
0.330209 16.679923 -0.000423 -0.008963 0.711715 0.882482 13.399600 16.000886 13.722551 25.347901 28.430523 20.812090
0.330577 16.935198 -0.000396 -0.011538 0.643986 0.856431 12.172723 17.416216 13.777383 25.607373 27.591268 20.454234
0.320511 16.894814 -0.000678 -0.011196 0.582703 0.833564 11.229092 16.306223 13.917657 3.494049 26.854582 17.559514
0.300748 16.654003 -0.000435 -0.009827 0.527251 0.711892 10.327022 14.913167 12.172231 -1.728656 22.934699 13.901749
0.280997 16.420437 -0.000513 -0.015257 0.477077 0.561189 9.105764 15.494589 10.465388 1.818691 18.079585 10.867494
0.264902 16.167317 -0.000979 -0.020477 0.431677 0.440548 7.613561 15.300064 9.630144 8.856600 14.192942 9.436946
0.243106 15.765182 -0.001116 -0.022033 0.390597 0.379984 5.889399 15.676054 9.782426 17.947019 12.241763 10.389348
0.216941 15.339909 -0.001168 -0.019959 0.353427 0.420894 4.200925 15.564100 10.831282 14.215611 13.559743 10.160919
0.196257 15.096753 -0.000942 -0.015319 0.319794 0.408677 2.736275 14.779563 11.314516 9.070773 13.166171 7.969071
0.181922 14.976750 -0.000693 -0.013152 0.289362 0.319080 1.233178 14.780533 11.326772 7.652525 10.279648 6.053302
0.169312 14.824222 -0.000694 -0.012560 0.261825 0.251144 -1.213708 14.632110 11.449454 7.949906 8.090990 5.357107
0.158262 14.595219 -0.000643 -0.011297 0.236909 0.228840 0.529807 14.553512 11.751837 8.776435 7.372434 5.573119
0.147068 14.339835 -0.000569 -0.009294 0.214364 0.240484 -1.046274 14.290243 12.131985 8.449811 7.747563 5.666965
0.135850 14.137735 -0.000442 -0.007203 0.193965 0.246412 -0.862309 14.076425 12.393256 7.639418 7.938540 5.432785
0.126604 13.984697 -0.000348 -0.005715 0.175507 0.239216 -1.155853 13.885461 12.526546 7.161083 7.706713 5.191198
0.121597 13.854817 -0.000283 -0.004770 0.158805 0.230823 -1.483742 13.783142 12.612214 -2.254889 7.436325 0.234247
0.118705 13.709161 -0.000246 -0.003939 0.143693 0.068796 -1.733414 12.812360 11.884293 -14.360436 2.216375 -8.287832
0.114265 13.531671 -0.000197 -0.005916 0.130019 -0.209518 -1.898275 12.674379 10.616290 -21.877500 -6.749935 -15.980575
0.105487 13.307462 -0.000424 -0.009665 0.117646 -0.460397 -2.007730 12.506448 9.577926 -28.949511 -14.832412 -23.080575
0.088548 12.955047 -0.000600 -0.012128 0.161409 -0.692894 -2.028693 12.093779 8.695491 -32.838831 -22.322678 -28.227588
0.053604 12.337335 -0.000696 -0.013079 0.187267 -0.861187 -1.867202 11.623265 8.150760 -34.414774 -27.744478 -31.261530
-0.011299 11.405418 -0.000713 -0.011689 0.191821 -0.962405 -1.307427 10.654625 7.899709 -34.041179 -31.005375 -32.293531
-0.080707 10.482123 -0.000571 -0.009274 0.191821 -1.001273 -0.541036 10.081736 7.895565 -33.168496 -32.257572 -32.074029
-0.132832 9.815178 -0.000458 -0.006894 0.191821 -0.993988 0.014670 9.523200 8.008795 -30.870443 -32.022894 -30.297579
-0.185935 9.127890 -0.000323 -0.004019 0.191821 -0.959244 86.106436 8.911249 8.220311 -29.489282 -30.903548 -29.058809
-0.249405 8.291414 -0.000157 -0.000255 0.191821 -0.943805 77.533560 7.917782 8.349657 -26.013197 -30.406162 -27.355414
-0.313363 7.457999 0.000070 0.003202 0.191821 -0.911590 69.839060 7.469859 8.640177 -20.244160 -29.368290 -25.138876
-0.370547 6.692125 0.000220 0.006996 0.191821 -0.859140 62.931516 6.858541 9.233974 -11.441434 -27.678524 -22.196215
-0.415548 6.082062 0.000465 0.011320 0.191821 -0.778987 56.745424 6.864258 10.322162 5.556620 -25.096288 -17.480704
-0.439142 5.772185 0.000686 0.016340 0.191821 -0.635586 51.212844 7.547870 12.516508 68.542954 -20.476399 -4.446263
-0.431849 5.820963 0.000994 0.024046 0.267272 -0.188154 46.257687 12.133418 19.540934 67.256451 -6.061685 6.752502
-0.390903 6.210174 0.001490 0.047875 0.400523 0.265708 41.884669 7.808496 24.544775 58.981607 8.560212 16.377781
-0.317397 6.920828 0.003372 0.063293 0.906712 0.745668 38.072438 10.568636 27.140323 50.512400 24.022864 24.475055
-0.226869 7.810004 0.003354 0.069421 0.906712 1.249429 35.008629 7.892601 27.496793 48.416948 40.252298 30.163800
-0.122169 8.869278 0.003978 0.066897 1.069604 1.480872 31.881773 10.356294 26.339716 50.884216 47.708595 34.002093
0.003135 10.145589 0.003265 0.058158 1.069604 1.551372 28.478942 10.251495 24.994773 52.284484 49.979868 36.375243
0.098046 11.200282 0.003026 0.049540 1.069604 1.600301 25.469484 12.158501 23.814513 52.241986 51.556192 37.574500
0.151676 11.900657 0.002414 0.042786 1.069604 1.613335 22.284905 11.753655 22.682401 51.339152 51.976119 37.822216
0.195271 12.595424 0.002272 0.036226 1.069604 1.598976 18.410565 13.213786 21.618650 50.756202 51.513527 37.973429
0.240205 13.414469 0.001768 0.029464 1.069604 1.586439 13.628892 13.509559 20.732776 49.309879 51.109610 37.908867
0.286826 14.356140 0.001531 0.022901 1.069604 1.571478 7.507381 14.877853 19.939561 51.151238 50.627633 38.474217
0.331858 15.378850 0.001096 0.016379 1.069604 1.571949 -2.893868 15.824903 19.528745 48.262162 50.642807 38.726173
