0.000000 -0.006017 0.000000 0.000000 0.000000 0.000000 0.000000 0.000000 0.000000 6.833089 0.000000 6.833089
0.000000 -0.010630 0.000000 0.000000 0.000000 0.000000 0.000000 0.000000 0.000000 6.831153 0.000000 6.831153
0.000000 -0.007159 0.000000 0.000000 0.000000 0.000000 0.000000 0.000000 0.000000 6.830089 0.000000 6.830089
0.000000 0.068909 0.000000 0.000000 0.000000 0.000000 0.000000 0.000000 0.000000 6.829037 0.000000 6.829037
0.000000 0.272452 0.000000 0.000000 0.000000 0.000000 0.000000 0.000000 0.000000 6.828261 0.000000 6.828261
0.000000 0.463820 0.000000 0.000000 0.000000 0.000000 0.000000 0.000000 0.000000 6.828976 0.000000 6.828976
0.000000 0.613006 0.000000 0.000000 0.000000 0.000000 0.000000 0.000000 0.000000 6.828036 0.000000 6.828036
0.000000 0.780377 0.000000 0.000000 0.000000 0.000000 0.000000 0.000000 0.000000 6.826692 0.000000 6.826692
0.000000 0.940619 0.000000 0.000000 0.000000 0.000000 0.000000 0.000000 0.000000 6.826773 0.000000 6.826773
0.995853 1.061147 0.000000 0.000000 0.000000 0.000000 0.000000 0.000000 0.000000 6.821486 0.000000 6.821486
1.008707 1.130530 0.000000 0.000000 0.000000 0.000000 0.000000 0.000000 0.000000 6.813688 0.000000 6.813688
0.960063 1.168329 0.000000 0.000000 0.000000 0.000000 0.000000 0.000000 0.000000 6.823072 0.000000 6.823072
0.866088 1.189314 0.000000 0.000000 0.000000 0.000000 0.000000 0.000000 0.000000 6.833447 0.000000 6.833447
0.768873 1.219845 0.000000 0.000000 0.000000 0.000000 0.000000 0.000000 0.000000 6.833317 0.000000 6.833317
0.669011 1.262882 0.000000 0.000000 0.000000 0.000000 0.000000 0.000000 0.000000 6.836470 0.000000 6.836470
0.598277 1.311881 0.000000 0.000000 0.000000 0.000000 0.000000 0.000000 0.000000 6.827346 0.000000 6.827346
0.505010 1.366677 0.000000 0.000000 0.000000 0.000000 0.000000 0.000000 0.000000 6.819278 0.000000 6.819278
0.370746 1.422063 0.000000 0.000000 0.000000 0.000000 0.000000 0.000000 0.000000 6.825140 0.000000 6.825140
0.244914 1.485694 0.000000 0.000000 0.000000 0.000000 0.000000 0.000000 0.000000 6.834481 0.000000 6.834481
0.144358 1.557224 0.000000 0.000000 0.000000 0.000000 0.000000 0.000000 0.000000 6.845623 0.000000 6.845623
0.092651 1.640683 0.000000 0.000000 0.000000 0.000000 0.000000 0.000000 0.000000 6.845401 0.000000 6.845401
0.079753 1.736531 0.000000 0.000000 0.000000 0.000000 0.000000 0.000000 0.000000 6.830608 0.000000 6.830608
0.058544 1.830622 0.000000 0.000000 0.000000 0.000000 0.000000 0.000000 0.000000 6.823007 0.000000 6.823007
0.021935 1.927834 0.000000 0.000000 0.000000 0.000000 0.000000 0.000000 0.000000 6.833586 0.000000 6.833586
-0.003407 2.034273 0.000000 0.000000 0.000000 0.000000 0.000000 0.000000 0.000000 6.849336 0.000000 6.849336
-0.004159 2.145102 0.000000 0.000000 0.000000 0.000000 0.000000 0.000000 0.000000 6.856785 0.000000 6.856785
0.015446 2.256450 0.000000 0.000000 0.000000 0.000000 0.000000 0.000000 0.000000 6.850970 0.000000 6.850970
0.027592 2.370448 0.000000 0.000000 0.000000 0.000000 0.000000 0.000000 0.000000 6.845780 0.000000 6.845780
0.026032 2.478817 0.000000 0.000000 0.000000 0.000000 0.000000 0.000000 0.000000 6.846070 0.000000 6.846070
0.024593 2.587535 0.000000 0.000000 0.000000 0.000000 0.000000 0.000000 0.000000 6.845546 0.000000 6.845546
0.026300 2.696188 0.000000 0.000000 0.000000 0.000000 0.000000 0.000000 0.000000 6.840287 0.000000 6.840287
0.025889 2.800732 0.000000 0.000000 0.000000 0.000000 0.000000 0.000000 0.000000 6.836323 0.000000 6.836323
0.021947 2.907324 0.000000 0.000000 0.000000 0.000000 0.000000 0.000000 0.000000 6.840109 0.000000 6.840109
0.019800 3.011436 0.000000 0.000000 0.000000 0.000000 0.000000 0.000000 0.000000 6.839678 0.000000 6.839678
0.021780 3.113015 0.000000 0.000000 0.000000 0.000000 0.000000 0.000000 0.000000 6.833923 0.000000 6.833923
0.020299 3.207541 0.000000 0.000000 0.000000 0.000000 0.000000 0.000000 0.000000 6.832339 0.000000 6.832339
0.017201 3.302578 0.000000 0.000000 0.000000 0.000000 0.000000 0.000000 0.000000 6.831454 0.000000 6.831454
0.074634 3.608469 0.000000 0.000000 0.000000 0.000000 0.000000 0.000000 0.000000 6.827030 0.000000 6.827030
0.058843 3.660477 0.000000 0.000000 0.000000 0.000000 0.000000 0.000000 0.000000 6.826823 0.000000 6.826823
-0.007429 3.535528 0.000000 0.000000 0.000000 0.000000 0.000000 0.000000 0.000000 6.830472 0.000000 6.830472
0.034779 3.793986 0.000000 0.000000 0.000000 0.000000 0.000000 0.000000 0.000000 6.829963 0.000000 6.829963
0.032983 3.879165 0.000000 0.000000 0.000000 0.000000 0.000000 0.000000 0.000000 6.827729 0.000000 6.827729
-0.001065 3.831351 0.000000 0.000000 0.000000 0.000000 0.000000 3.831351 3.831351 6.826925 0.000000 6.826925
0.004267 3.951739 0.000000 -0.000638 0.000000 0.299940 0.000000 4.541681 4.337022 6.828183 7.828545 6.828183
0.006893 4.073100 -0.000061 0.001398 0.016323 0.174176 0.000061 3.625903 -1890.914310 6.829927 4.546062 6.829927
0.004082 4.161396 0.000181 -10.041571 0.048764 0.215927 1.004016 4.754929 -1701.241601 6.829963 5.635786 6.829963
0.000556 4.240278 -0.000106 -9.036957 0.048764 0.202031 0.766951 3.914904 -1530.607066 6.828015 5.273093 6.828015
0.000333 4.338321 0.000164 -8.133323 0.048764 0.207212 0.506387 4.789485 -1377.000096 6.827554 5.408314 6.827554
0.000536 4.447568 -0.000065 -7.319974 0.048764 0.205403 0.145223 4.276655 -1238.752709 6.828019 5.361098 6.828019
-0.000667 4.550263 0.000113 -6.587977 0.048764 0.205166 -0.917183 4.875217 -1114.316344 6.827607 5.354923 6.827607
-0.002297 4.645733 -0.000036 -5.929123 0.048764 0.204466 -0.658024 4.568630 -1002.313652 9.603684 5.336632 9.603684
-0.003072 4.744300 0.000084 -5.336169 0.048764 0.330814 -0.369969 5.193371 -901.299321 9.458438 8.634389 9.458438
-0.001891 4.849426 -0.000013 -4.801474 0.048764 0.301110 0.112828 4.633854 -810.624862 9.307841 7.859091 9.307841
0.007069 4.990759 0.000162 -4.321760 0.048764 0.299725 -0.963179 5.381037 -728.958546 9.146984 7.822949 9.146984
0.021221 5.150169 -0.000034 -3.889873 0.048764 0.293496 -0.749564 5.061211 -655.451938 8.983498 7.660361 8.983498
0.032500 5.293315 0.000086 -3.501137 0.048764 0.289397 -0.531190 5.574669 -589.281741 8.846597 7.553370 8.846597
0.036474 5.424537 -0.000039 -3.151212 0.044123 0.285335 -0.227289 5.397941 -529.717604 8.751314 7.447367 8.751314
0.036240 5.553001 0.000040 -2.836276 0.039925 0.279912 0.120626 5.771333 -476.096260 8.656518 7.305814 8.656518
0.036046 5.675465 -0.000042 -2.552798 0.036125 0.273208 0.291335 5.696435 -427.821423 8.491982 7.130848 8.491982
0.040093 5.821491 0.000010 -2.297774 0.032687 0.264261 0.559293 6.019955 -384.358712 8.259275 6.897316 8.259275
0.039537 5.950775 -0.000054 -2.068160 0.029577 0.253067 0.639419 5.993909 -345.229285 7.942042 6.605155 7.942042
0.029651 6.048178 -0.000014 -1.861339 0.026762 0.238359 0.623482 6.188260 -310.004873 7.606334 6.221275 7.606334
0.018932 6.167570 -0.000040 -1.675325 0.024215 0.220480 0.502195 6.251167 -278.287480 7.436077 5.754620 7.436077
0.010698 6.284825 -0.000025 -1.507883 0.021911 0.207501 0.357575 6.433331 -249.708669 7.222075 5.415854 7.222075
0.002015 6.393441 -0.000040 -1.357026 0.019826 0.195831 0.277168 6.492131 -223.967856 6.936009 5.111263 6.936009
-0.006049 6.504465 -0.000016 -1.221220 0.017939 0.182510 0.191952 6.646274 -200.788683 6.737888 4.763574 6.737888
-0.013986 6.609477 -0.000021 -1.098955 0.016232 0.173575 0.117954 6.722796 -179.906111 6.532213 4.530365 6.532213
-0.018339 6.713643 -0.000000 -0.988855 0.014687 0.165958 0.095869 6.851066 -161.099389 6.191528 4.331563 6.191528
-0.019863 6.828059 0.000004 -0.889809 0.013290 0.156807 0.078899 6.944140 -144.172156 5.942739 4.092716 5.942739
-0.020911 6.953529 0.000016 -0.800780 0.012025 0.149938 -0.121022 7.094808 -128.925819 5.892573 3.913444 5.892573
-0.016916 7.075022 0.000009 -0.720637 0.010881 0.150406 -0.078867 7.202297 -115.182631 5.727493 3.925644 5.727493
-0.012191 7.194024 0.000018 -0.648446 0.009845 0.150869 -0.184375 7.317691 -102.814680 5.597924 3.937743 5.597924
-0.008570 7.313445 0.000021 -0.583544 0.008908 0.151628 -0.194581 7.430089 -91.681825 5.615618 3.957545 5.615618
-0.004338 7.421780 0.000021 -0.525127 0.008061 0.156421 -0.223093 7.535021 -81.651575 5.479569 4.082646 5.479569
0.000581 7.525447 0.000023 -0.472529 0.007294 0.157816 -0.255590 7.618794 -72.632866 5.246531 4.119056 5.246531
0.005923 7.631413 0.000026 -0.425302 0.006945 0.155408 -0.249539 7.723032 -64.524915 5.144609 4.056208 5.102434
0.008111 7.719045 0.000017 -0.382804 0.006945 0.154939 -0.215636 7.794553 -57.221820 4.965615 4.043962 4.923837
0.010476 7.815160 0.000017 -0.344616 0.006945 0.151495 -0.163254 7.898286 -50.651481 4.766003 3.954073 4.716131
0.010400 7.904207 0.000005 -0.310273 0.006945 0.145380 -0.064850 7.967652 -44.737204 4.696063 3.794464 4.581572
0.009759 7.987974 0.000002 -0.279379 0.006945 0.140858 0.208352 8.069424 -39.399495 4.678106 3.676453 4.493760
0.005168 8.033602 -0.000009 -0.251337 0.006945 0.138555 0.109208 8.077371 -34.583759 4.714707 3.616353 4.459482
-0.000899 8.061963 0.000010 -0.225970 0.006945 0.138659 -0.014322 8.129055 -30.239768 4.781493 3.619057 4.464607
0.000829 8.162895 0.000017 -0.203487 0.006945 0.140190 0.316094 8.274018 -26.315450 4.792933 3.659021 4.445593
0.017946 8.406973 -0.000002 -0.183986 0.006945 0.139277 0.296242 8.595326 -22.761219 4.831475 3.635192 4.424731
0.005432 8.390414 -0.000068 -0.165065 0.018414 0.139148 0.313163 8.312984 -19.559556 4.407724 3.631814 4.114214
-0.017280 8.254308 0.000041 -0.147379 0.018414 0.128884 0.455102 8.263471 -16.722066 3.642342 3.363912 3.495189
-0.013418 8.329088 0.000067 -0.132740 0.018414 0.108327 0.548838 8.401713 -14.196819 2.996805 2.827368 2.881423
-0.008790 8.399788 0.000028 -0.119734 0.018414 0.088306 0.567810 8.410499 -11.924907 2.396388 2.304827 2.306260
-0.005951 8.448401 0.000026 -0.107953 0.018414 0.070526 0.545923 8.485344 -9.880955 1.712311 1.840746 1.701946
-0.005566 8.483841 0.000004 -0.097311 0.018414 0.050427 0.471418 8.473353 -8.053762 1.065562 1.316154 1.106489
-0.005396 8.519409 0.000005 -0.087817 0.018414 0.029699 0.353693 8.538134 -6.414565 0.286295 0.775165 0.425019
-0.007423 8.546049 -0.000019 -0.079273 0.018414 0.004101 0.162463 8.517034 -4.953852 -0.304720 0.107049 -0.177789
-0.008934 8.564508 -0.000021 -0.071631 0.018414 -0.018978 -0.284113 8.572713 -3.631790 -0.891165 -0.495344 -0.756565
-0.005190 8.625733 -0.000043 -0.064950 0.018414 -0.040634 0.000778 8.639528 107.551405 -1.417790 -1.060573 -1.285283
-0.010396 8.609616 -0.000066 0.524270 0.018414 -0.060583 -0.057478 8.559857 97.631397 -1.823727 -1.581231 -1.723195
-0.020453 8.541176 -0.000044 0.472069 0.016662 -0.077240 1.102594 8.508696 88.704840 -2.264610 -2.016003 -2.155115
-0.024600 8.521512 -0.000031 0.424873 0.015076 -0.092991 0.947504 8.513789 80.668532 -2.652198 -2.427091 -2.544451
-0.027407 8.500813 -0.000034 0.382400 0.013642 -0.106698 0.816321 8.474155 73.435483 -3.057046 -2.784855 -2.927098
-0.030101 8.475820 -0.000024 0.344206 0.012343 -0.119579 0.706700 8.457471 66.919836 -3.395123 -3.121062 -3.257749
-0.031464 8.456346 -0.000023 0.309785 0.011169 -0.130446 0.612422 8.435629 61.053670 -3.720086 -3.404685 -3.561870
0.053845 8.401783 -0.000020 0.278990 0.010106 -0.118519 0.533507 8.351900 55.765676 1.683305 -3.093400 0.184367
0.209787 8.331177 -0.000001 0.251345 0.009144 0.020251 0.460559 8.659986 51.367613 15.752432 0.528561 7.340159
0.363395 8.565184 0.000009 0.226800 0.008274 0.120689 0.384691 9.590129 48.188156 35.948895 3.150029 11.258362
0.468973 8.505402 0.000056 0.210270 0.015123 0.218083 0.317444 10.009195 46.591455 47.670809 5.692063 13.841356
0.550430 8.322932 0.000598 0.202776 0.160757 0.297985 0.211219 10.009260 45.799942 65.245212 7.777523 15.991315
0.643707 8.701586 0.000598 0.202776 0.160757 0.297985 0.211219 10.009260 45.799942 17.782697 7.777523 17.782697
0.723615 9.296242 0.000598 0.202776 0.160757 0.297985 0.211219 10.009260 45.799942 19.278272 7.777523 19.278272
0.788780 10.083376 0.000598 0.202776 0.160757 0.297985 0.211219 10.009260 45.799942 20.532612 7.777523 20.532612
0.840328 11.060077 0.000598 0.202776 0.160757 0.297985 0.211219 10.009260 45.799942 21.589322 7.777523 21.589322
0.876978 11.906824 0.000598 0.202776 0.160757 0.297985 0.211219 10.009260 45.799942 22.483216 7.777523 22.483216
0.901502 12.340278 0.000598 0.202776 0.160757 0.297985 0.211219 10.009260 45.799942 23.245330 7.777523 23.245330
0.918736 12.417631 0.000598 0.202776 0.160757 0.297985 0.211219 10.009260 45.799942 23.901815 7.777523 23.901815
0.932263 12.375163 0.000598 0.202776 0.160757 0.297985 0.211219 10.009260 45.799942 24.474847 7.777523 24.474847
0.943593 12.353836 0.000598 0.202776 0.160757 0.297985 0.211219 10.009260 45.799942 24.983401 7.777523 24.983401
0.953147 12.374061 0.000598 0.202776 0.160757 0.297985 0.211219 10.009260 45.799942 25.443901 7.777523 25.443901
0.961113 12.416704 0.000598 0.202776 0.160757 0.297985 0.211219 10.009260 45.799942 25.870754 7.777523 25.870754
0.967558 12.410794 0.000598 0.202776 0.160757 0.297985 0.211219 10.009260 45.799942 26.276787 7.777523 26.276787
0.971153 12.393790 0.000598 0.202776 0.160757 0.297985 0.211219 10.009260 45.799942 27.380574 7.777523 27.380574
0.972645 12.435424 0.000598 0.202776 0.160757 0.297985 0.211219 10.009260 45.799942 28.985552 7.777523 28.985552
0.974032 12.546837 0.000598 0.202776 0.160757 0.297985 0.211219 10.009260 45.799942 30.328132 7.777523 30.328132
0.975945 13.050162 0.000598 0.202776 0.160757 0.297985 0.211219 10.009260 45.799942 31.451957 7.777523 31.451957
0.977066 13.259050 0.000598 0.202776 0.160757 0.297985 0.211219 10.009260 45.799942 32.393379 7.777523 32.393379
0.977977 13.437762 0.000598 0.202776 0.160757 0.297985 0.211219 10.009260 45.799942 33.152398 7.777523 33.152398
0.979095 13.833727 0.000598 0.202776 0.160757 0.297985 0.211219 10.009260 45.799942 33.650635 7.777523 33.650635
0.980003 14.182489 0.000598 0.202776 0.160757 0.297985 0.211219 10.009260 45.799942 34.071646 7.777523 34.071646
0.981097 14.758849 0.000598 0.202776 0.160757 0.297985 0.211219 10.009260 45.799942 34.428244 7.777523 34.428244
0.982054 15.333510 0.000598 0.202776 0.160757 0.297985 0.211219 10.009260 45.799942 34.731165 7.777523 34.731165
0.982835 15.846060 0.000598 0.202776 0.160757 0.297985 0.211219 10.009260 45.799942 34.989391 7.777523 34.989391
0.983422 16.266654 0.000598 0.202776 0.160757 0.297985 0.211219 10.009260 45.799942 35.233071 7.777523 35.233071
0.983848 16.592496 0.000598 0.202776 0.160757 0.297985 0.211219 10.009260 45.799942 35.463109 7.777523 35.463109
0.984184 16.857479 0.000598 0.202776 0.160757 0.297985 0.211219 10.009260 45.799942 35.660501 7.777523 35.660501
0.984476 17.101639 0.000598 0.202776 0.160757 0.297985 0.211219 10.009260 45.799942 35.830825 7.777523 35.830825
0.984763 17.361612 0.000598 0.202776 0.160757 0.297985 0.211219 10.009260 45.799942 35.978770 7.777523 35.978770
0.985087 17.686043 0.000598 0.202776 0.160757 0.297985 0.211219 10.009260 45.799942 36.108119 7.777523 36.108119
0.985410 18.033261 0.000598 0.202776 0.160757 0.297985 0.211219 10.009260 45.799942 36.223314 7.777523 36.223314
0.985734 18.404914 0.000598 0.202776 0.160757 0.297985 0.211219 10.009260 45.799942 36.325757 7.777523 36.325757
0.986119 18.884039 0.000598 0.202776 0.160757 0.297985 0.211219 10.009260 45.799942 36.418953 7.777523 36.418953
0.986433 19.293742 0.000598 0.202776 0.160757 0.297985 0.211219 10.009260 45.799942 36.503405 7.777523 36.503405
0.986712 19.696279 0.000598 0.202776 0.160757 0.297985 0.211219 10.009260 45.799942 36.604676 7.777523 36.604676
0.986992 20.137606 0.000598 0.202776 0.160757 0.297985 0.211219 10.009260 45.799942 36.717962 7.777523 36.717962
0.987236 20.535916 0.000598 0.202776 0.160757 0.297985 0.211219 10.009260 45.799942 36.819605 7.777523 36.819605
0.987487 20.960386 0.000598 0.202776 0.160757 0.297985 0.211219 10.009260 45.799942 36.905144 7.777523 36.905144
0.987719 21.367439 0.000598 0.202776 0.160757 0.297985 0.211219 10.009260 45.799942 37.037539 7.777523 37.037539
0.987947 21.780284 0.000598 0.202776 0.160757 0.297985 0.211219 10.009260 45.799942 37.117966 7.777523 37.117966
0.988162 22.182015 0.000598 0.202776 0.160757 0.297985 0.211219 10.009260 45.799942 37.233619 7.777523 37.233619
0.988371 22.586914 0.000598 0.202776 0.160757 0.297985 0.211219 10.009260 45.799942 37.305585 7.777523 37.305585
0.988600 23.046042 0.000598 0.202776 0.160757 0.297985 0.211219 10.009260 45.799942 37.407437 7.777523 37.407437
0.988822 23.508210 0.000598 0.202776 0.160757 0.297985 0.211219 10.009260 45.799942 37.446990 7.777523 37.446990
0.988538 23.912297 0.000598 0.202776 0.160757 0.297985 0.211219 10.009260 45.799942 37.467346 7.777523 37.467346
0.987867 24.232646 0.000598 0.202776 0.160757 0.297985 0.211219 10.009260 45.799942 37.472911 7.777523 37.472911
0.987296 24.444482 0.000598 0.202776 0.160757 0.297985 0.211219 10.009260 45.799942 38.662427 7.777523 38.662427
0.986830 24.616873 0.000598 0.202776 0.160757 0.297985 0.211219 10.009260 45.799942 38.757225 7.777523 38.757225
0.986487 24.828515 0.000598 0.202776 0.160757 0.297985 0.211219 10.009260 45.799942 38.856242 7.777523 38.856242
0.986321 25.211032 0.000598 0.202776 0.160757 0.297985 0.211219 10.009260 45.799942 38.958803 7.777523 38.958803
0.986236 25.619349 0.000598 0.202776 0.160757 0.297985 0.211219 10.009260 45.799942 39.064348 7.777523 39.064348
0.986206 26.029003 0.000598 0.202776 0.160757 0.297985 0.211219 10.009260 45.799942 39.172415 7.777523 39.172415
0.986265 26.526462 0.000598 0.202776 0.160757 0.297985 0.211219 10.009260 45.799942 39.282619 7.777523 39.282619
0.986325 26.964452 0.000598 0.202776 0.160757 0.297985 0.211219 10.009260 45.799942 39.394644 7.777523 39.394644
0.986380 27.340695 0.000598 0.202776 0.160757 0.297985 0.211219 10.009260 45.799942 39.508227 7.777523 39.508227
