0.000000 -0.002735 0.000000 0.000000 0.000000 0.000000 0.000000 0.000000 0.000000 6.833387 0.000000 6.833387
0.000000 -0.004832 0.000000 0.000000 0.000000 0.000000 0.000000 0.000000 0.000000 6.832804 0.000000 6.832804
0.000000 -0.003453 0.000000 0.000000 0.000000 0.000000 0.000000 0.000000 0.000000 6.832739 0.000000 6.832739
0.000000 0.058369 0.000000 0.000000 0.000000 0.000000 0.000000 0.000000 0.000000 6.832672 0.000000 6.832672
0.000000 0.221831 0.000000 0.000000 0.000000 0.000000 0.000000 0.000000 0.000000 6.832811 0.000000 6.832811
0.000000 0.409531 0.000000 0.000000 0.000000 0.000000 0.000000 0.000000 0.000000 6.833494 0.000000 6.833494
0.000000 0.574208 0.000000 0.000000 0.000000 0.000000 0.000000 0.000000 0.000000 6.833258 0.000000 6.833258
0.000000 0.730744 0.000000 0.000000 0.000000 0.000000 0.000000 0.000000 0.000000 6.832914 0.000000 6.832914
0.000000 0.871111 0.000000 0.000000 0.000000 0.000000 0.000000 0.000000 0.000000 6.839224 0.000000 6.839224
0.000000 0.970897 0.000000 0.000000 0.000000 0.000000 0.000000 0.000000 0.000000 6.837271 0.000000 6.837271
0.892580 1.040281 0.000000 0.000000 0.000000 0.000000 0.000000 0.000000 0.000000 6.837240 0.000000 6.837240
0.783595 1.101958 0.000000 0.000000 0.000000 0.000000 0.000000 0.000000 0.000000 6.859819 0.000000 6.859819
0.712702 1.150694 0.000000 0.000000 0.000000 0.000000 0.000000 0.000000 0.000000 6.856180 0.000000 6.856180
0.649912 1.192398 0.000000 0.000000 0.000000 0.000000 0.000000 0.000000 0.000000 6.844038 0.000000 6.844038
0.584493 1.232057 0.000000 0.000000 0.000000 0.000000 0.000000 0.000000 0.000000 6.833296 0.000000 6.833296
0.463734 1.273091 0.000000 0.000000 0.000000 0.000000 0.000000 0.000000 0.000000 6.832290 0.000000 6.832290
0.287638 1.333906 0.000000 0.000000 0.000000 0.000000 0.000000 0.000000 0.000000 6.855926 0.000000 6.855926
0.175279 1.394021 0.000000 0.000000 0.000000 0.000000 0.000000 0.000000 0.000000 6.861041 0.000000 6.861041
0.112906 1.455223 0.000000 0.000000 0.000000 0.000000 0.000000 0.000000 0.000000 6.858047 0.000000 6.858047
0.099806 1.536443 0.000000 0.000000 0.000000 0.000000 0.000000 0.000000 0.000000 6.852247 0.000000 6.852247
0.105420 1.621506 0.000000 0.000000 0.000000 0.000000 0.000000 0.000000 0.000000 6.841646 0.000000 6.841646
0.092464 1.709604 0.000000 0.000000 0.000000 0.000000 0.000000 0.000000 0.000000 6.835906 0.000000 6.835906
0.061823 1.803129 0.000000 0.000000 0.000000 0.000000 0.000000 0.000000 0.000000 6.840504 0.000000 6.840504
0.033566 1.899672 0.000000 0.000000 0.000000 0.000000 0.000000 0.000000 0.000000 6.852565 0.000000 6.852565
0.039909 1.998100 0.000000 0.000000 0.000000 0.000000 0.000000 0.000000 0.000000 6.850514 0.000000 6.850514
0.069090 2.103112 0.000000 0.000000 0.000000 0.000000 0.000000 0.000000 0.000000 6.839162 0.000000 6.839162
0.097233 2.210985 0.000000 0.000000 0.000000 0.000000 0.000000 0.000000 0.000000 6.831331 0.000000 6.831331
0.107937 2.317384 0.000000 0.000000 0.000000 0.000000 0.000000 0.000000 0.000000 6.830406 0.000000 6.830406
0.107588 2.423391 0.000000 0.000000 0.000000 0.000000 0.000000 0.000000 0.000000 6.832438 0.000000 6.832438
0.113054 2.526539 0.000000 0.000000 0.000000 0.000000 0.000000 0.000000 0.000000 6.831811 0.000000 6.831811
0.109770 2.628927 0.000000 0.000000 0.000000 0.000000 0.000000 0.000000 0.000000 6.831254 0.000000 6.831254
0.092815 2.731166 0.000000 0.000000 0.000000 0.000000 0.000000 0.000000 0.000000 6.832123 0.000000 6.832123
0.079560 2.838238 0.000000 0.000000 0.000000 0.000000 0.000000 0.000000 0.000000 6.834131 0.000000 6.834131
0.073548 2.940226 0.000000 0.000000 0.000000 0.000000 0.000000 0.000000 0.000000 6.835809 0.000000 6.835809
0.070480 3.041060 0.000000 0.000000 0.000000 0.000000 0.000000 0.000000 0.000000 6.836486 0.000000 6.836486
0.068251 3.135563 0.000000 0.000000 0.000000 0.000000 0.000000 0.000000 0.000000 6.836369 0.000000 6.836369
0.059385 3.228281 0.000000 0.000000 0.000000 0.000000 0.000000 0.000000 0.000000 6.839730 0.000000 6.839730
0.053998 3.343826 0.000000 0.000000 0.000000 0.000000 0.000000 0.000000 0.000000 6.841790 0.000000 6.841790
0.050698 3.447472 0.000000 0.000000 0.000000 0.000000 0.000000 0.000000 0.000000 6.839516 0.000000 6.839516
0.047140 3.536739 0.000000 0.000000 0.000000 0.000000 0.000000 0.000000 0.000000 6.837389 0.000000 6.837389
0.051420 3.637628 0.000000 0.000000 0.000000 0.000000 0.000000 0.000000 0.000000 6.835616 0.000000 6.835616
0.053245 3.740581 0.000000 0.000000 0.000000 0.000000 0.000000 0.000000 0.000000 6.834745 0.000000 6.834745
0.054781 3.845609 0.000000 0.000000 0.000000 0.000000 0.000000 0.000000 0.000000 6.830657 0.000000 6.830657
0.057224 3.954723 0.000000 0.000000 0.000000 0.000000 0.000000 0.000000 0.000000 6.825850 0.000000 6.825850
0.066297 4.100238 0.000000 0.000000 0.000000 0.000000 0.000000 4.100238 4.100238 6.821780 0.000000 6.821780
0.058816 4.188355 0.000000 -0.000467 0.000000 0.294638 0.000000 4.752109 4.602310 6.824582 7.690171 6.824582
0.044304 4.242932 -0.000044 0.001904 0.011947 0.170841 0.000885 3.773003 -2153.606174 6.828906 4.459021 6.828906
0.046041 4.368046 0.000217 -11.434610 0.058227 0.209251 1.144157 5.015438 -1937.637394 6.832212 5.461538 6.832212
0.049699 4.483967 -0.000104 -10.290855 0.058227 0.194927 0.814160 4.157899 -1743.326149 6.831339 5.087679 6.831339
0.052827 4.580928 0.000174 -9.261758 0.058227 0.202410 0.546125 5.045429 -1568.409363 6.828597 5.282975 6.828597
0.047662 4.653627 -0.000056 -8.335299 0.058227 0.203638 0.159191 4.451944 -1410.991306 11.073810 5.315024 11.073810
0.042775 4.726696 0.000147 -7.501564 0.058227 0.407919 -1.127349 5.362895 -1269.003107 10.854256 10.646849 10.854256
0.048253 4.841417 -0.000006 -6.749809 0.058227 0.350553 -0.714199 4.439231 -1141.603658 10.642035 9.149573 10.642035
0.055238 4.990839 0.000258 -6.075541 0.069322 0.353734 -0.076513 5.540040 -1026.836294 10.503810 9.232588 10.503810
0.062196 5.158953 -0.000045 -5.468306 0.069322 0.341892 6.933473 4.946002 -923.544851 10.393254 8.923510 10.393254
0.068841 5.302274 0.000152 -4.921748 0.069322 0.336306 6.191166 5.693563 -830.553867 10.278531 8.777724 10.278531
0.074786 5.444354 -0.000043 -4.429762 0.069322 0.331485 5.555758 5.353505 -746.845526 10.149364 8.651890 10.149364
0.080305 5.585807 0.000087 -3.986961 0.069322 0.326065 4.994868 5.879925 -671.494116 9.999505 8.510425 9.999505
0.077979 5.701561 -0.000038 -3.588304 0.069322 0.320278 4.499937 5.666539 -603.666878 9.857795 8.359388 9.857795
0.075422 5.826718 0.000055 -3.229567 0.069322 0.312069 4.051300 6.063205 -542.609174 9.611621 8.145122 9.611621
0.072874 5.960992 -0.000031 -2.906747 0.069322 0.299768 3.651390 5.985259 -487.646119 9.319861 7.824066 9.319861
0.063516 6.082717 0.000024 -2.616156 0.069322 0.284003 3.260871 6.268838 -438.165080 9.119952 7.412585 9.119952
0.059618 6.218733 -0.000028 -2.354688 0.069322 0.270763 2.899609 6.302102 -393.603245 8.857937 7.067030 8.857937
0.058016 6.371027 0.000000 -2.119372 0.069322 0.257700 2.573297 6.555662 -353.476323 8.615349 6.726074 8.615349
0.052723 6.498617 -0.000035 -1.907425 0.062725 0.245686 2.245702 6.589588 -317.342222 8.337454 6.412514 8.337454
0.037496 6.571952 -0.000002 -1.716347 0.056756 0.234560 1.946684 6.697028 -284.811619 8.001212 6.122097 8.001212
0.031637 6.718360 0.000007 -1.544750 0.051355 0.219173 1.647680 6.871298 -255.522749 7.670140 5.720491 7.670140
0.023561 6.825838 -0.000005 -1.390125 0.046468 0.205194 1.381759 6.930442 -229.146918 7.327324 5.355653 7.327324
0.010648 6.876999 0.000019 -1.250637 0.042046 0.193328 1.135478 6.976809 -205.401961 7.058136 5.045945 7.058136
0.009709 6.988338 0.000044 -1.125407 0.038045 0.186005 0.918169 7.143056 -184.017437 6.820619 4.854802 6.820619
0.039516 7.316628 0.000034 -1.013835 0.034424 0.179889 0.718184 7.597628 -164.741889 6.618056 4.695179 6.618056
0.034424 7.363552 -0.000057 -0.911947 0.031148 0.178686 0.534421 7.315328 -147.392308 6.361983 4.663766 6.361983
0.002876 7.225478 0.000067 -0.819284 0.028184 0.178666 0.335290 7.276391 -131.807737 6.165499 4.663251 6.165499
0.003812 7.342117 0.000106 -0.737323 0.028369 0.176188 0.051242 7.503321 -117.784129 6.030105 4.598579 6.030105
0.006432 7.455293 0.000062 -0.663615 0.028369 0.174302 -1.237385 7.520380 -105.156678 5.854108 4.549347 5.854108
0.006295 7.553749 0.000081 -0.597227 0.028369 0.170777 -1.074766 7.674787 -93.791293 5.747670 4.457355 5.747670
0.005423 7.645464 0.000056 -0.537490 0.028369 0.167872 -0.937050 7.715303 -83.554319 5.635696 4.381538 5.635696
0.004005 7.716588 0.000066 -0.483624 0.028369 0.165341 -0.838893 7.808300 -74.336544 5.462699 4.315464 5.435462
0.003266 7.780495 0.000059 -0.435119 0.028369 0.161953 -0.758408 7.841204 -66.041888 5.277408 4.227035 5.226869
0.003694 7.861499 0.000067 -0.391597 0.028369 0.158184 -0.664289 7.953683 -58.575600 5.007016 4.128677 4.963376
-0.003497 7.924357 0.000050 -0.352368 0.028369 0.150065 -0.534055 7.964406 -51.862095 4.960467 3.916765 4.823764
-0.011061 7.980275 0.000060 -0.317091 0.028369 0.144076 -0.360243 8.068435 -45.802391 4.992968 3.760447 4.752273
-0.016083 8.042171 0.000047 -0.285310 0.028369 0.141695 -0.213615 8.110278 -40.328816 5.015921 3.698299 4.700441
-0.004847 8.221199 0.000055 -0.257255 0.028369 0.140226 -0.105061 8.405208 -35.378542 5.150645 3.659964 4.727568
-0.003868 8.262240 -0.000006 -0.231242 0.025670 0.145578 -0.286576 8.255651 -30.906677 4.902312 3.799647 4.564154
-0.014755 8.195582 0.000067 -0.207194 0.023227 0.146471 -0.372297 8.227256 -26.916721 4.604116 3.822944 4.338008
-0.010335 8.275359 0.000091 -0.186475 0.024425 0.143527 -0.347016 8.370324 -23.341030 4.529532 3.746122 4.238121
-0.000703 8.388689 0.000058 -0.168128 0.024425 0.143975 -0.254023 8.460026 -20.111412 4.058164 3.757797 3.918044
0.026837 8.646074 0.000043 -0.152379 0.024425 0.135119 -0.132813 8.816630 -17.213945 3.592438 3.526653 3.530093
0.020575 8.615508 -0.000055 -0.136864 0.024425 0.123444 0.094717 8.459368 -14.626243 3.227687 3.221926 3.187141
0.016292 8.615692 0.000052 -0.123154 0.024425 0.112213 -0.195842 8.741167 -12.301633 2.711493 2.928798 2.754842
0.013495 8.633435 -0.000032 -0.110930 0.024425 0.095694 -0.082005 8.531537 -10.223839 2.113310 2.497650 2.227040
0.020925 8.740157 0.000025 -0.100486 0.024425 0.074641 0.152724 8.879262 -8.355229 1.524467 1.948157 1.665828
0.015072 8.727753 -0.000082 -0.090519 0.024425 0.052288 -0.022108 8.575909 -6.677567 0.915682 1.364738 1.080065
-0.011854 8.515442 0.000002 -0.080504 0.024425 0.028783 1.512030 8.434599 -5.190736 0.437937 0.751256 0.566452
-0.007981 8.573389 0.000032 -0.072933 0.024425 0.009903 1.330585 8.661766 -3.836978 0.053726 0.258480 0.150777
-0.007401 8.616388 -0.000041 -0.065988 0.024425 -0.005971 1.158439 8.565281 -2.606447 -0.278581 -0.155838 -0.207105
-0.012158 8.613528 -0.000014 -0.059452 0.022101 -0.020134 1.001050 8.643251 -1.493324 -0.513465 -0.525515 -0.489577
0.000853 8.752047 -0.000037 -0.054288 0.019998 -0.030996 0.876069 8.839955 -0.467916 -0.781354 -0.808998 -0.765230
-0.002298 8.721758 -0.000088 -0.048694 0.023741 -0.040193 0.788274 8.629199 0.453050 -1.215805 -1.049061 -1.126906
-0.020977 8.555001 -0.000020 -0.042930 0.023741 -0.051897 0.709140 8.483586 1.251189 -1.464447 -1.354522 -1.392362
-0.014182 8.603462 0.000019 -0.038958 0.023741 -0.059509 0.622128 8.691415 1.978468 -1.704703 -1.553212 -1.615472
-0.014530 8.592261 -0.000043 -0.035045 0.023741 -0.065375 0.539358 8.501984 2.628893 -1.829950 -1.706317 -1.748008
-0.022255 8.533899 0.000011 -0.031289 0.023741 -0.069321 0.450236 8.550492 3.210454 -1.771571 -1.809305 -1.745533
-0.023973 8.521059 -0.000006 -0.028140 0.023741 -0.068733 0.416778 8.500241 3.744243 -2.007475 -1.793971 -1.894872
-0.027109 8.490705 0.000009 -0.025150 0.023741 -0.074305 0.457680 8.467639 4.203452 -2.358842 -1.939392 -2.168888
-0.030337 8.460250 0.000013 -0.022556 0.023741 -0.084961 0.514367 8.424009 4.598803 -2.647933 -2.217521 -2.443238
-0.034240 8.422718 0.000016 -0.020262 0.023741 -0.095708 0.559517 8.390563 4.950072 -2.867571 -2.498020 -2.672955
-0.035032 8.380057 0.000015 -0.018175 0.023741 -0.103770 0.593488 8.344932 5.266350 -3.468326 -2.708439 -3.133322
-0.031548 8.363152 0.000019 -0.016409 0.023741 -0.118854 0.609532 8.322784 5.521085 -4.129152 -3.102143 -3.683263
-0.030886 8.343802 0.000008 -0.014957 0.021482 -0.138475 0.555863 8.286356 5.729098 -4.636135 -3.614263 -4.164312
-0.033481 8.317031 -0.000004 -0.013713 0.019438 -0.157324 0.449980 8.267683 5.914003 -4.881043 -4.106225 -4.465635
-0.030311 8.327656 -0.000019 -0.012789 0.017588 -0.170212 0.326309 8.319609 6.099344 -5.162697 -4.442592 -4.748635
-0.028245 8.307133 -0.000047 -0.011699 0.015914 -0.181043 0.240102 8.245083 6.268054 -5.668823 -4.725285 -5.164852
-0.008904 8.444198 -0.000036 -0.011531 0.014400 -0.196154 0.150938 8.535266 6.417445 -5.975982 -5.119693 -5.482546
-0.014303 8.355593 -0.000133 -0.010270 0.035858 -0.208430 0.020522 8.149939 6.549344 -6.452624 -5.440096 -5.887173
-0.038479 8.091105 -0.000030 -0.008169 0.035858 -0.222846 -3.635065 7.970826 6.630308 -6.819885 -5.816366 -6.235958
-0.039259 8.027773 0.000002 -0.007405 0.035858 -0.234613 -3.238590 8.000770 6.697493 -6.814136 -6.123495 -6.306045
-0.041261 7.949033 -0.000026 -0.006632 0.035858 -0.235390 -2.869613 7.857706 6.772709 -6.685825 -6.143760 -6.213303
-0.042414 7.869171 0.000002 -0.005810 0.035858 -0.229472 -2.537810 7.839149 6.843161 -6.532300 -5.989306 -6.056196
-0.041825 7.778201 -0.000004 -0.004955 0.035858 -0.220389 -2.245163 7.690181 6.897403 -6.104579 -5.752253 -5.679071
-0.039945 7.669125 0.000027 -0.004089 0.035858 -0.200390 -1.993689 7.626805 6.949099 -5.623876 -5.230255 -5.190568
-0.035878 7.566606 0.000035 -0.003272 0.035858 -0.174983 -1.784649 7.489985 6.982389 -5.440473 -4.567125 -4.881188
-0.035500 7.442805 0.000062 -0.002440 0.035858 -0.157603 -1.596063 7.341913 6.965282 -5.296704 -4.113499 -4.643564
-0.031803 7.343887 0.000080 -0.002006 0.035858 -0.145159 -1.398719 7.259914 6.917589 -4.975152 -3.788711 -4.295970
-0.028327 7.232665 0.000072 -0.001670 0.035858 -0.128956 -1.180311 7.125078 6.863309 -4.519682 -3.365814 -3.824118
-0.027716 7.113043 0.000078 -0.001323 0.032445 -0.109048 -0.943117 7.019982 6.804850 -4.156760 -2.846186 -3.403907
-0.028727 7.019988 0.000077 -0.001140 0.029358 -0.094403 -0.702130 6.925230 6.731601 -3.640010 -2.463968 -2.889556
-0.032250 6.927190 0.000070 -0.001036 0.026564 -0.079735 -0.479105 6.843722 6.666124 -3.058640 -2.081128 -2.327992
-0.028252 6.853533 0.000062 -0.000993 0.024036 -0.062499 -0.369526 6.790700 6.614184 -2.637365 -1.631244 -1.889337
-0.020788 6.805574 0.000051 -0.001014 0.021749 -0.047333 -0.388621 6.744723 6.560574 -2.274358 -1.235398 -1.507568
-0.016826 6.764124 0.000039 -0.001079 0.019679 -0.035719 -0.396678 6.704522 6.505805 -2.025877 -0.932293 -1.235452
-0.017340 6.704246 0.000025 -0.001051 0.017806 -0.029899 -0.387402 6.624952 6.446576 -1.871724 -0.780383 -1.067284
-0.020543 6.629919 0.000023 -0.000971 0.016112 -0.028875 -0.353130 6.554981 6.385999 -1.620764 -0.753638 -0.842128
-0.020232 6.567885 0.000018 -0.000964 0.014579 -0.024205 -0.304777 6.515509 6.341489 -1.353355 -0.631752 -0.595027
0.007356 6.705297 0.000010 -0.001928 0.013191 -0.016848 -0.252764 6.804950 6.325693 -0.995540 -0.439732 -0.271474
0.000735 6.639485 -0.000087 -0.001663 0.023268 -0.008626 -0.204456 6.466925 6.316884 -0.471709 -0.225143 0.184501
-0.004154 6.561563 0.000005 -0.001297 0.023268 0.005684 -0.320161 6.619445 6.323523 -0.209981 0.148350 0.446967
-0.002590 6.501328 -0.000043 -0.000942 0.023268 0.015698 -0.505803 6.380924 6.315394 -0.157840 0.409735 0.521474
-0.019605 6.339169 0.000021 -0.000126 0.023268 0.019199 -0.549426 6.264725 6.276732 0.055673 0.501099 0.712681
-0.011316 6.339875 0.000040 -0.000335 0.023268 0.026956 -0.490936 6.367787 6.250839 0.224088 0.703573 0.876005
-0.001435 6.338405 -0.000002 -0.000464 0.023268 0.034701 -0.383768 6.280229 6.224926 0.245840 0.905701 0.917436
0.005272 6.332812 0.000013 -0.000572 0.023268 0.037102 -0.141489 6.327167 6.188002 0.459863 0.968369 1.108104
0.041127 6.533563 -0.000015 -0.001831 0.023268 0.044482 0.736751 6.661912 6.185790 0.851512 1.160989 1.464057
0.036195 6.470361 -0.000117 -0.001508 0.031570 0.056566 0.506311 6.294744 6.191870 1.227869 1.476397 1.817328
0.004030 6.231273 -0.000010 -0.000209 0.031570 0.067738 0.220102 6.162526 6.177840 1.506474 1.767987 2.081489
0.012462 6.255535 0.000023 -0.000412 0.031570 0.076749 -0.097929 6.311033 6.166700 1.702114 2.003169 2.267493
0.015215 6.270456 -0.000026 -0.000550 0.031570 0.081592 0.344592 6.216225 6.155308 1.927947 2.129585 2.467467
0.019808 6.281641 -0.000003 -0.000669 0.031570 0.086291 0.243903 6.319393 6.153361 2.078824 2.252237 2.598557
0.025882 6.283481 -0.000036 -0.000689 0.031570 0.091410 0.256628 6.242212 6.153834 2.172684 2.385831 2.680925
0.028332 6.278022 -0.000014 -0.000658 0.031570 0.094967 0.148537 6.291258 6.150841 3.657837 2.478669 3.980965
0.038555 6.326965 -0.000031 -0.000933 0.031570 0.147426 -0.204041 6.440792 6.253715 3.918419 3.847874 4.303477
0.042341 6.344045 -0.000046 -0.000479 0.031570 0.159494 0.175457 6.271749 6.267849 4.375102 4.162844 4.721560
0.048189 6.352837 0.000007 -0.000450 0.031570 0.175770 -0.198182 6.433056 6.291695 4.785585 4.587672 5.107089
0.060103 6.420694 -0.000034 -0.000684 0.031570 0.192274 0.006130 6.425114 6.318906 5.198906 5.018429 5.497652
0.072184 6.480786 -0.000025 -0.000858 0.028566 0.209268 -8.760657 6.538374 6.348143 5.593954 5.461977 5.875222
0.109851 6.721030 -0.000051 -0.001976 0.025847 0.226478 -7.880998 6.876698 6.394975 5.983299 5.911178 6.251212
0.103844 6.682817 -0.000138 -0.001525 0.037061 0.240362 -7.084129 6.532927 6.428974 6.504220 6.273534 6.739045
0.092873 6.627958 -0.000027 -0.001054 0.037061 0.256296 -6.367492 6.720663 6.465553 7.060093 6.689440 7.257345
0.082916 6.596195 -0.000072 -0.000692 0.037061 0.271274 -5.731020 6.523422 6.505417 7.687828 7.080348 7.830688
0.055343 6.432589 -0.000003 0.000386 0.037061 0.289182 -5.182570 6.403847 6.542059 8.242734 7.547752 8.339411
0.057301 6.491701 0.000043 0.000267 0.037061 0.305579 -4.711895 6.612236 6.587275 8.639911 7.975740 8.702762
0.065854 6.582410 -0.000005 0.000026 0.037061 0.316285 -4.302387 6.606573 6.634813 8.781001 8.255174 8.827191
0.080975 6.662860 0.000010 -0.000149 0.037061 0.322451 -3.939742 6.745911 6.675638 8.657657 8.416102 8.712479
0.085573 6.746121 -0.000019 -0.000373 0.037061 0.320985 -3.579879 6.763754 6.700153 8.622402 8.377832 8.662710
0.077626 6.847186 -0.000017 -0.000779 0.037061 0.312043 -3.195083 6.931617 6.732540 8.552815 8.144457 8.554532
0.076199 7.055804 -0.000058 -0.001713 0.037061 0.293691 -2.818335 7.184682 6.794393 8.433964 7.665450 8.351646
0.052257 7.110120 -0.000115 -0.001673 0.037061 0.269480 -2.474287 7.106040 6.881535 8.500564 7.033535 8.241704
0.023177 7.070200 -0.000066 -0.001000 0.033534 0.254741 -2.200322 7.147605 7.006477 8.407493 6.648848 8.025414
0.016293 7.182229 -0.000042 -0.000931 0.030343 0.242089 -1.996234 7.337090 7.151214 8.207398 6.318625 7.728190
0.008683 7.291747 -0.000055 -0.000745 0.027455 0.229549 -1.823480 7.392044 7.301838 8.139120 5.991321 7.525502
0.008821 7.415939 -0.000027 -0.000605 0.024843 0.224024 -1.682220 7.590355 7.468548 7.643833 5.847109 7.052675
0.004734 7.518183 -0.000037 -0.000263 0.022478 0.211260 -1.553824 7.590360 7.603427 7.120032 5.513961 6.525786
-0.004708 7.589061 0.000003 0.000076 0.020339 0.195270 -1.403013 7.704151 7.718119 6.790447 5.096636 6.122433
-0.011566 7.671213 0.000004 0.000249 0.018404 0.184112 -1.247097 7.767336 7.835902 6.471543 4.805391 5.762823
-0.016044 7.753619 0.000020 0.000436 0.016652 0.174240 -1.091298 7.863119 7.948148 6.369703 4.547733 5.568854
-0.011240 7.863964 0.000025 0.000446 0.015068 0.172806 -0.952224 7.996381 8.071470 6.027875 4.510302 5.273331
-0.007326 7.943393 0.000022 0.000679 0.013634 0.169525 -0.823509 8.010734 8.168393 5.589226 4.424669 4.911815
-0.005170 8.002516 0.000047 0.000879 0.012554 0.164123 -0.685314 8.080147 8.236010 5.213399 4.283670 4.589791
0.033717 8.376990 0.000046 -0.000747 0.012554 0.157739 -0.522493 8.681690 8.317334 4.961790 4.117055 4.352415
0.031570 8.412014 -0.000108 -0.000502 0.028962 0.153878 -0.310502 8.257353 8.387882 4.820985 4.016268 4.214137
0.028648 8.448876 0.000039 -0.000323 0.028962 0.151986 0.409726 8.660281 8.452167 4.854939 3.966892 4.209668
0.026171 8.495516 -0.000062 -0.000230 0.028962 0.153564 -0.109558 8.427915 8.520714 5.000580 4.008087 4.306853
-0.002246 8.309402 0.000027 0.001120 0.028962 0.158669 1.240404 8.286355 8.571346 5.132831 4.141332 4.425229
0.002309 8.382965 0.000084 0.000998 0.028962 0.164759 1.041378 8.531945 8.624200 5.226702 4.300286 4.529027
0.009067 8.471169 0.000028 0.000811 0.028962 0.171155 0.890502 8.489534 8.675883 5.160016 4.467210 4.536152
0.010633 8.547412 0.000056 0.000681 0.028962 0.172606 0.758838 8.643809 8.713130 5.204186 4.505097 4.574731
0.007312 8.618003 0.000021 0.000504 0.028962 0.172444 0.640963 8.647908 8.754166 5.373781 4.500864 4.675903
0.002657 8.681108 0.000032 0.000387 0.028962 0.172813 0.583169 8.770785 8.809978 5.471269 4.510478 4.731488
-0.001436 8.731625 0.000012 0.000415 0.028962 0.172013 0.612860 8.769768 8.871614 5.571941 4.489599 4.774678
-0.003443 8.785143 0.000031 0.000458 0.028962 0.172451 0.683332 8.875703 8.941228 5.708851 4.501052 4.849230
-0.002665 8.852564 0.000020 0.000470 0.026206 0.175779 0.752114 8.921384 9.019693 5.587031 4.587895 4.793035
-0.003605 8.905152 0.000030 0.000607 0.023712 0.174886 0.787245 8.964411 9.080483 5.392467 4.564593 4.656689
-0.004209 8.958058 0.000035 0.000649 0.021456 0.170889 0.783052 9.012836 9.128101 5.369695 4.460279 4.596901
-0.000369 9.024251 0.000035 0.000550 0.019414 0.170616 0.756443 9.099139 9.183473 4.933864 4.453158 4.328989
0.003445 9.069947 0.000026 0.000602 0.017566 0.163556 0.705450 9.081352 9.206879 4.327285 4.268871 3.900627
0.007329 9.114706 0.000038 0.000488 0.015895 0.150426 0.593257 9.145612 9.201885 4.040470 3.926179 3.608515
0.012733 9.172320 0.000018 0.000157 0.014382 0.142304 0.413492 9.201951 9.207193 3.814481 3.714186 3.403379
0.016234 9.225497 0.000003 -0.000097 0.013014 0.136613 0.142193 9.251585 9.216275 3.836340 3.565653 3.370103
0.018790 9.278982 -0.000009 -0.000332 0.011775 0.136135 -0.558141 9.320471 9.242118 4.049830 3.553176 3.499736
0.111196 9.326351 -0.000022 -0.000446 0.010655 0.165436 -0.364609 9.366966 9.286453 10.896685 4.317940 8.192993
0.271125 9.366610 -0.000023 -0.000425 0.009641 0.249763 -0.174988 9.842013 9.770155 34.784182 6.518924 13.971778
0.402694 9.409249 -0.000021 0.001912 0.008723 0.356775 0.041421 11.106802 11.777828 54.175963 9.311969 17.474815
0.514150 9.518319 0.000199 0.011973 0.053611 0.442207 -0.297283 11.491495 14.795840 91.614749 11.541787 20.430100
0.612763 9.813657 0.000981 0.026399 0.263883 0.519926 -0.409817 14.261189 20.087423 127.830351 13.570266 22.855579
0.697076 10.292648 0.000981 0.026399 0.263883 0.519926 -0.409817 14.261189 20.087423 24.841776 13.570266 24.841776
0.767590 10.985156 0.000981 0.026399 0.263883 0.519926 -0.409817 14.261189 20.087423 26.475491 13.570266 26.475491
0.826578 12.025576 0.000981 0.026399 0.263883 0.519926 -0.409817 14.261189 20.087423 27.767038 13.570266 27.767038
0.871696 13.237690 0.000981 0.026399 0.263883 0.519926 -0.409817 14.261189 20.087423 28.797462 13.570266 28.797462
0.903758 14.318463 0.000981 0.026399 0.263883 0.519926 -0.409817 14.261189 20.087423 29.546631 13.570266 29.546631
0.925874 15.012556 0.000981 0.026399 0.263883 0.519926 -0.409817 14.261189 20.087423 30.069179 13.570266 30.069179
0.941579 15.290172 0.000981 0.026399 0.263883 0.519926 -0.409817 14.261189 20.087423 30.320503 13.570266 30.320503
0.955156 15.339694 0.000981 0.026399 0.263883 0.519926 -0.409817 14.261189 20.087423 30.090607 13.570266 30.090607
0.967725 15.359621 0.000981 0.026399 0.263883 0.519926 -0.409817 14.261189 20.087423 29.131119 13.570266 29.131119
0.978185 15.431571 0.000981 0.026399 0.263883 0.519926 -0.409817 14.261189 20.087423 27.022801 13.570266 27.022801
0.986790 15.515791 0.000981 0.026399 0.263883 0.519926 -0.409817 14.261189 20.087423 21.873732 13.570266 21.873732
