0.000000 0.000000 0.000000 0.000000 0.000000 0.000000 0.000000 0.000000 0.000000 6.833430 0.000000 6.833430
0.000000 0.000000 0.000000 0.000000 0.000000 0.000000 0.000000 0.000000 0.000000 6.833809 0.000000 6.833809
0.000000 0.006564 0.000000 0.000000 0.000000 0.000000 0.000000 0.000000 0.000000 6.834305 0.000000 6.834305
0.000000 0.098018 0.000000 0.000000 0.000000 0.000000 0.000000 0.000000 0.000000 6.834135 0.000000 6.834135
0.000000 0.299576 0.000000 0.000000 0.000000 0.000000 0.000000 0.000000 0.000000 6.834705 0.000000 6.834705
0.000000 0.415188 0.000000 0.000000 0.000000 0.000000 0.000000 0.000000 0.000000 6.834490 0.000000 6.834490
0.000000 0.394959 0.000000 0.000000 0.000000 0.000000 0.000000 0.000000 0.000000 6.833929 0.000000 6.833929
0.000000 0.393290 0.000000 0.000000 0.000000 0.000000 0.000000 0.000000 0.000000 6.833623 0.000000 6.833623
0.000000 0.454761 0.000000 0.000000 0.000000 0.000000 0.000000 0.000000 0.000000 6.828323 0.000000 6.828323
0.000000 0.529072 0.000000 0.000000 0.000000 0.000000 0.000000 0.000000 0.000000 6.821656 0.000000 6.821656
0.000000 0.606102 0.000000 0.000000 0.000000 0.000000 0.000000 0.000000 0.000000 6.826975 0.000000 6.826975
0.000000 0.703191 0.000000 0.000000 0.000000 0.000000 0.000000 0.000000 0.000000 6.826495 0.000000 6.826495
0.000000 0.848777 0.000000 0.000000 0.000000 0.000000 0.000000 0.000000 0.000000 6.831102 0.000000 6.831102
0.000000 0.920824 0.000000 0.000000 0.000000 0.000000 0.000000 0.000000 0.000000 6.834639 0.000000 6.834639
0.000000 0.947471 0.000000 0.000000 0.000000 0.000000 0.000000 0.000000 0.000000 6.817004 0.000000 6.817004
0.380026 1.031147 0.000000 0.000000 0.000000 0.000000 0.000000 0.000000 0.000000 6.812290 0.000000 6.812290
0.249911 1.120698 0.000000 0.000000 0.000000 0.000000 0.000000 0.000000 0.000000 6.813832 0.000000 6.813832
0.159861 1.212111 0.000000 0.000000 0.000000 0.000000 0.000000 0.000000 0.000000 6.816410 0.000000 6.816410
0.095578 1.313157 0.000000 0.000000 0.000000 0.000000 0.000000 0.000000 0.000000 6.829620 0.000000 6.829620
0.059211 1.422369 0.000000 0.000000 0.000000 0.000000 0.000000 0.000000 0.000000 6.837923 0.000000 6.837923
0.037071 1.527689 0.000000 0.000000 0.000000 0.000000 0.000000 0.000000 0.000000 6.836507 0.000000 6.836507
0.037748 1.640046 0.000000 0.000000 0.000000 0.000000 0.000000 0.000000 0.000000 6.826299 0.000000 6.826299
0.053620 1.759370 0.000000 0.000000 0.000000 0.000000 0.000000 0.000000 0.000000 6.819399 0.000000 6.819399
0.069903 1.877749 0.000000 0.000000 0.000000 0.000000 0.000000 0.000000 0.000000 6.821857 0.000000 6.821857
0.079951 1.991552 0.000000 0.000000 0.000000 0.000000 0.000000 0.000000 0.000000 6.828545 0.000000 6.828545
0.079874 2.100673 0.000000 0.000000 0.000000 0.000000 0.000000 0.000000 0.000000 6.831769 0.000000 6.831769
0.081036 2.209066 0.000000 0.000000 0.000000 0.000000 0.000000 0.000000 0.000000 6.829453 0.000000 6.829453
0.084733 2.311320 0.000000 0.000000 0.000000 0.000000 0.000000 0.000000 0.000000 6.827843 0.000000 6.827843
0.086096 2.408346 0.000000 0.000000 0.000000 0.000000 0.000000 0.000000 0.000000 6.830723 0.000000 6.830723
0.087435 2.503959 0.000000 0.000000 0.000000 0.000000 0.000000 0.000000 0.000000 6.833464 0.000000 6.833464
0.089885 2.598569 0.000000 0.000000 0.000000 0.000000 0.000000 0.000000 0.000000 6.829504 0.000000 6.829504
0.084614 2.694916 0.000000 0.000000 0.000000 0.000000 0.000000 0.000000 0.000000 6.827271 0.000000 6.827271
0.074166 2.793249 0.000000 0.000000 0.000000 0.000000 0.000000 0.000000 0.000000 6.829042 0.000000 6.829042
0.068421 2.893739 0.000000 0.000000 0.000000 0.000000 0.000000 0.000000 0.000000 6.828122 0.000000 6.828122
0.065316 2.992734 0.000000 0.000000 0.000000 0.000000 0.000000 0.000000 0.000000 6.823512 0.000000 6.823512
0.057951 3.089595 0.000000 0.000000 0.000000 0.000000 0.000000 0.000000 0.000000 6.828429 0.000000 6.828429
0.051643 3.183465 0.000000 0.000000 0.000000 0.000000 0.000000 0.000000 0.000000 6.833194 0.000000 6.833194
0.054186 3.281074 0.000000 0.000000 0.000000 0.000000 0.000000 0.000000 0.000000 6.826514 0.000000 6.826514
0.060354 3.401449 0.000000 0.000000 0.000000 0.000000 0.000000 0.000000 0.000000 6.826248 0.000000 6.826248
0.072256 3.566258 0.000000 0.000000 0.000000 0.000000 0.000000 0.000000 0.000000 6.833840 0.000000 6.833840
0.060521 3.635093 0.000000 0.000000 0.000000 0.000000 0.000000 0.000000 0.000000 6.841016 0.000000 6.841016
0.042841 3.665733 0.000000 0.000000 0.000000 0.000000 0.000000 0.000000 0.000000 6.841147 0.000000 6.841147
0.046141 3.775779 0.000000 0.000000 0.000000 0.000000 0.000000 0.000000 0.000000 6.839064 0.000000 6.839064
0.050290 3.887786 0.000000 0.000000 0.000000 0.000000 0.000000 0.000000 0.000000 6.835997 0.000000 6.835997
0.052148 3.989984 0.000000 0.000000 0.000000 0.000000 0.000000 0.000000 0.000000 6.832450 0.000000 6.832450
0.054677 4.102246 0.000000 0.000000 0.000000 0.000000 0.000000 4.102246 4.102246 6.835900 0.000000 6.835900
0.053703 4.199724 0.000000 -0.000497 0.000000 0.309211 0.000000 4.790912 4.625199 6.836253 8.070530 6.836253
0.052841 4.285346 -0.000047 0.001734 0.012729 0.168301 0.000943 3.788230 -198.543108 6.827910 4.392712 6.827910
0.055126 4.388801 0.000203 -1.035637 0.054502 0.229027 0.104312 5.052081 -178.067094 6.824030 5.977703 6.824030
0.057942 4.497227 -0.000108 -0.931693 0.054502 0.205137 -0.145206 4.116882 -159.747124 6.826525 5.354153 6.826525
0.080977 4.712084 0.000171 -0.839296 0.054502 0.212938 -0.059557 5.298784 -143.190665 11.753132 5.557754 11.753132
0.070671 4.763180 -0.000134 -0.755063 0.054502 0.458692 1.108944 4.799816 -127.930162 11.655717 11.972055 11.655717
0.047574 4.731154 0.000139 -0.677020 0.054502 0.379102 0.812130 4.652476 -114.687779 11.581517 9.894722 11.581517
0.064831 4.888845 0.000159 -0.610244 0.054502 0.399979 0.444089 5.204576 -102.603481 11.525615 10.439618 11.525615
0.079749 5.042732 0.000029 -0.549359 0.054502 0.394489 -0.199265 4.994787 -91.757328 11.450012 10.296318 11.450012
0.081258 5.147901 0.000105 -0.494543 0.054502 0.393637 1.276106 5.357006 -81.980192 11.344200 10.274072 11.344200
0.088534 5.286509 0.000021 -0.445354 0.054502 0.387868 0.912892 5.310452 -73.173181 11.211774 10.123495 11.211774
0.106241 5.495339 0.000053 -0.401475 0.054502 0.381079 0.503309 5.724951 -65.224627 11.061939 9.946303 11.061939
0.111225 5.662255 -0.000042 -0.361762 0.054502 0.372017 0.012504 5.695856 -58.052182 10.871615 9.709783 10.871615
0.102920 5.767200 -0.000007 -0.325694 0.049316 0.362681 -13.757786 5.911499 -51.583019 10.687229 9.466119 10.687229
0.099686 5.910837 -0.000041 -0.293412 0.044623 0.348207 -12.372973 6.001982 -45.741959 10.516055 9.088340 10.516055
0.093059 6.054798 -0.000037 -0.264338 0.040376 0.334754 -11.126254 6.204237 -40.455097 10.235319 8.737200 10.235319
0.080862 6.169634 -0.000059 -0.237943 0.036534 0.316264 -10.004227 6.254423 -35.680153 9.861170 8.254606 9.861170
0.074138 6.303823 -0.000037 -0.214260 0.033057 0.295998 -8.998707 6.463956 -31.361142 9.494373 7.725674 9.494373
0.065301 6.430772 -0.000057 -0.192866 0.029912 0.278364 -8.098842 6.537011 -27.449166 9.172618 7.265401 9.172618
0.061360 6.589484 -0.000036 -0.173712 0.027065 0.262645 -7.293572 6.774648 -23.902116 8.866381 6.855137 8.866381
0.052007 6.709403 -0.000058 -0.156222 0.024490 0.249516 -6.568334 6.808203 -20.689970 8.604653 6.512454 8.604653
0.037742 6.794895 -0.000021 -0.140265 0.022159 0.238753 -5.915458 6.941321 -17.784411 8.345243 6.231540 8.345243
0.032669 6.931959 -0.000012 -0.126137 0.020050 0.228624 -5.324257 7.083156 -15.154088 8.083386 5.967182 8.083386
0.028876 7.056386 -0.000006 -0.113348 0.018142 0.219955 -4.790524 7.193844 -12.774167 7.842095 5.740925 7.842095
0.026295 7.165190 0.000007 -0.101758 0.016416 0.214439 -4.309107 7.300012 -10.622485 7.606613 5.596941 7.606613
0.062000 7.554329 0.000020 -0.092763 0.014854 0.208480 -3.876389 7.908659 -8.653928 7.347733 5.441409 7.347733
0.059031 7.628562 -0.000105 -0.083096 0.028256 0.205800 -3.486221 7.547601 -6.882561 7.064288 5.371470 7.064288
0.025503 7.456953 0.000041 -0.073180 0.028256 0.204991 -3.145131 7.511524 -5.321521 6.914039 5.350340 6.914039
0.029344 7.586534 0.000081 -0.065875 0.028256 0.205025 -2.844600 7.763938 -3.913321 6.956639 5.351230 6.956639
0.031650 7.700550 0.000037 -0.059270 0.028256 0.209608 -2.566967 7.770367 -2.631408 6.952964 5.470861 6.952964
0.029652 7.779445 0.000064 -0.053130 0.028256 0.213244 -2.298379 7.897977 -1.479053 6.825449 5.565753 6.825449
0.027082 7.850884 0.000054 -0.047614 0.028256 0.212136 -2.041414 7.907782 -0.451488 6.695523 5.536843 6.695523
0.026723 7.936856 0.000071 -0.042809 0.028256 0.209640 -1.802463 8.047104 0.474335 6.523375 5.471693 6.498247
0.023615 8.005261 0.000051 -0.038433 0.028256 0.205066 -1.584833 8.050742 1.306382 6.358062 5.352308 6.297334
0.021766 8.078937 0.000066 -0.034563 0.028256 0.199752 -1.397520 8.177001 2.059145 6.315893 5.213619 6.181493
0.021878 8.153119 0.000046 -0.031100 0.028256 0.198059 -1.230359 8.216766 2.751296 6.237822 5.169414 6.067606
0.021141 8.211852 0.000053 -0.027867 0.028256 0.197247 -1.077174 8.288132 3.377562 6.134317 5.148224 5.946753
0.025546 8.321938 0.000051 -0.025233 0.025567 0.195723 -0.938600 8.423014 3.946031 6.041515 5.108459 5.832629
0.023732 8.377846 0.000029 -0.022617 0.023134 0.193851 -0.820695 8.411761 4.459261 5.964170 5.059585 5.729932
0.019345 8.407200 0.000048 -0.020148 0.020933 0.192331 -0.722388 8.471464 4.921967 5.888566 5.019918 5.634128
0.021863 8.491844 0.000046 -0.018218 0.018941 0.190661 -0.638706 8.573363 5.344169 5.818598 4.976320 5.543644
0.019053 8.528327 0.000032 -0.016250 0.017138 0.189380 -0.564689 8.555532 5.725819 5.721491 4.942884 5.440910
0.015716 8.551999 0.000051 -0.014423 0.015507 0.187476 -0.499269 8.607626 6.066891 5.483437 4.893198 5.243187
0.015021 8.600569 0.000048 -0.012930 0.014032 0.181924 -0.450003 8.639236 6.364571 5.058401 4.748292 4.897905
0.014266 8.642717 0.000046 -0.011626 0.012696 0.169905 -0.421202 8.668783 6.615667 4.565448 4.434579 4.460184
0.014578 8.677753 0.000040 -0.010524 0.011488 0.154909 -0.375679 8.694754 6.831700 3.926897 4.043181 3.906997
0.014087 8.703841 0.000032 -0.009554 0.010395 0.135544 -0.341955 8.702381 7.010184 3.498805 3.537747 3.458120
0.014630 8.736209 0.000025 -0.008809 0.009406 0.120231 -0.318018 8.760349 7.179863 2.895382 3.138084 2.930749
0.014965 8.764691 0.000006 -0.008088 0.008511 0.101463 -0.302693 8.749944 7.320125 2.336362 2.648223 2.406258
0.014610 8.788636 0.000003 -0.007494 0.007701 0.082407 -0.301610 8.796176 7.443563 1.868496 2.150845 1.939334
0.011234 8.786211 -0.000016 -0.006852 0.006968 0.065111 -0.300962 8.757042 7.556631 1.332991 1.699418 1.444212
0.004315 8.759651 -0.000010 -0.006139 0.006305 0.046214 -0.296733 8.734230 7.649423 1.065652 1.206210 1.107028
-0.001115 8.736471 -0.000010 -0.005548 0.005705 0.033107 -0.280795 8.727712 7.747576 0.652001 0.864117 0.724104
0.021683 8.946630 -0.000010 -0.006119 0.005162 0.019021 -0.241776 9.105839 7.851556 -0.022199 0.496447 0.168538
0.012487 8.878908 -0.000115 -0.005243 0.031029 -0.001427 -0.203775 8.658425 7.915354 -0.325759 -0.037253 -0.203728
-0.018340 8.617876 0.000006 -0.003585 0.031029 -0.015472 -0.014019 8.563777 7.963947 -0.677018 -0.403821 -0.552315
-0.018783 8.610592 0.000025 -0.003300 0.031029 -0.028496 3.356183 8.627534 8.008101 -1.183978 -0.743747 -0.995003
-0.017435 8.620658 -0.000000 -0.003126 0.031029 -0.044118 3.008575 8.582107 8.036306 -1.473525 -1.151491 -1.313259
-0.007595 8.687955 0.000003 -0.003326 0.031029 -0.054587 2.696057 8.748457 8.077294 -1.848949 -1.424755 -1.644647
-0.007179 8.656961 -0.000049 -0.002958 0.031029 -0.064732 2.414771 8.551917 8.103415 -2.394005 -1.689539 -2.080123
-0.018354 8.531161 0.000001 -0.002183 0.031029 -0.079628 2.169864 8.461668 8.093302 -2.857864 -2.078325 -2.500112
-0.019210 8.504753 0.000011 -0.002100 0.031029 -0.094552 1.966328 8.480696 8.075923 -2.810249 -2.467845 -2.578405
-0.013541 8.543663 -0.000011 -0.002387 0.031029 -0.097011 1.791689 8.568330 8.096991 -2.558613 -2.532033 -2.429142
-0.012826 8.525931 -0.000041 -0.002189 0.031029 -0.090930 1.609831 8.490017 8.137889 -2.822754 -2.373318 -2.554443
-0.013408 8.485468 -0.000016 -0.001774 0.031029 -0.095092 1.409426 8.448088 8.138906 -3.316854 -2.481929 -2.910244
-0.011109 8.472963 -0.000013 -0.001705 0.028077 -0.108369 1.216175 8.430182 8.109629 -3.464388 -2.828485 -3.104443
-0.009317 8.458850 -0.000023 -0.001782 0.025405 -0.115441 1.045715 8.434043 8.096811 -3.494198 -3.013061 -3.173276
-0.004140 8.479604 -0.000035 -0.001954 0.022987 -0.118000 0.881130 8.479932 8.098969 -3.663118 -3.079856 -3.299629
-0.007684 8.424090 -0.000054 -0.001659 0.020800 -0.123500 0.713088 8.335628 8.087693 -4.132875 -3.223409 -3.649509
-0.019263 8.304720 -0.000022 -0.001108 0.018820 -0.138417 0.546306 8.211714 8.041117 -4.485676 -3.612727 -3.993628
-0.023694 8.238795 -0.000005 -0.001009 0.017029 -0.152974 0.407594 8.194923 7.995348 -4.459209 -3.992681 -4.074737
-0.028380 8.160169 -0.000017 -0.000841 0.015409 -0.155740 0.271220 8.097341 7.976806 -4.484657 -4.064885 -4.110271
-0.032264 8.067515 0.000001 -0.000463 0.013942 -0.155723 0.092289 8.012140 7.954362 -4.683791 -4.064420 -4.249678
-0.030235 7.987915 0.000016 -0.000171 0.012616 -0.157306 -0.336727 7.922035 7.911218 -4.769493 -4.105751 -4.314010
-0.019988 7.955721 0.000026 -0.000227 0.011415 -0.153906 -0.238982 7.932838 7.865838 -4.788535 -4.016996 -4.292148
-0.015913 7.868722 0.000007 -0.000015 0.010329 -0.146801 -0.200473 7.759505 7.808203 -4.814218 -3.831555 -4.245075
-0.018191 7.744086 0.000037 0.000327 0.010082 -0.140340 -0.252727 7.657977 7.728018 -4.790725 -3.662926 -4.162803
-0.015640 7.651703 0.000041 0.000389 0.011136 -0.134402 -0.331246 7.562015 7.635717 -4.374730 -3.507949 -3.791498
-0.009911 7.560902 0.000041 0.000382 0.011136 -0.116737 -0.394473 7.494939 7.563162 -3.793812 -3.046878 -3.227983
-0.003595 7.478606 0.000037 0.000432 0.011136 -0.091493 -0.409227 7.409464 7.498630 -3.464988 -2.388007 -2.806551
0.000093 7.391211 0.000042 0.000548 0.011184 -0.073950 -0.407379 7.295755 7.407034 -2.941968 -1.930133 -2.279775
0.006801 7.316945 0.000046 0.000460 0.012502 -0.053129 -0.396031 7.257934 7.322061 -2.366763 -1.386681 -1.695399
0.015160 7.244395 0.000032 0.000396 0.012502 -0.029533 -0.357330 7.159984 7.240715 -2.136431 -0.770818 -1.365041
0.015829 7.165448 0.000035 0.000384 0.012502 -0.018446 -0.331115 7.067295 7.130665 -1.568926 -0.481440 -0.828259
0.016259 7.087369 0.000029 0.000221 0.012502 -0.002750 -0.339318 7.021784 7.044692 -1.001720 -0.071778 -0.276548
0.021028 7.016025 0.000017 0.000146 0.012502 0.015827 -0.274610 6.941602 6.972010 -0.637809 0.413089 0.120235
0.022641 6.950983 0.000018 0.000107 0.012502 0.027832 -0.211262 6.879592 6.891011 0.015258 0.726434 0.725337
0.025983 6.905680 0.000012 -0.000075 0.012502 0.047409 -0.129550 6.873158 6.839086 0.538248 1.237392 1.246286
0.026897 6.855857 -0.000002 -0.000086 0.012502 0.063383 0.139091 6.789527 6.788275 0.866928 1.654310 1.589301
0.021907 6.790988 0.000007 -0.000014 0.012502 0.070838 -0.187984 6.733044 6.729433 1.192089 1.848898 1.896196
0.023983 6.755340 0.000005 -0.000132 0.012502 0.077243 0.091826 6.723866 6.682714 1.508048 2.016072 2.186484
0.032900 6.755906 -0.000006 -0.000374 0.012502 0.086698 -0.515738 6.743398 6.651893 1.737022 2.262851 2.410009
0.035544 6.731507 -0.000021 -0.000406 0.011313 0.093572 -0.370875 6.682518 6.620378 2.047696 2.442255 2.694736
0.035446 6.681308 -0.000013 -0.000311 0.010236 0.103149 -0.237969 6.650719 6.596850 2.347413 2.692232 2.975569
0.037435 6.639453 -0.000011 -0.000217 0.009262 0.113935 -0.079569 6.604553 6.575223 2.529931 2.973750 3.157535
0.037084 6.597995 -0.000005 -0.000116 0.008381 0.120641 0.195285 6.559429 6.544180 2.619986 3.148769 3.249507
0.036962 6.574749 -0.000001 -0.000156 0.007583 0.122350 0.135513 6.547307 6.507539 2.700196 3.193393 3.320558
0.036835 6.552517 -0.000009 -0.000230 0.006862 0.122468 0.145248 6.519659 6.475010 2.773462 3.196453 3.379363
0.047042 6.600684 -0.000010 -0.000641 0.006209 0.122647 0.185800 6.633749 6.455821 2.804516 3.201142 3.398628
0.042380 6.552478 -0.000049 -0.000493 0.013084 0.121324 0.235405 6.457685 6.435710 2.909647 3.166597 3.478345
0.029155 6.447104 -0.000005 -0.000058 0.013084 0.122641 0.334740 6.419350 6.417559 3.098940 3.200981 3.635379
0.037137 6.482460 0.000001 -0.000331 0.013084 0.128134 0.371474 6.525287 6.416388 3.286903 3.344356 3.797755
0.035791 6.458456 -0.000030 -0.000215 0.013084 0.134162 0.364551 6.400677 6.416282 3.447156 3.501684 3.936102
0.034264 6.435888 0.000006 -0.000100 0.013084 0.139361 0.322893 6.459962 6.414149 3.602162 3.637381 4.068372
0.034379 6.426420 -0.000012 -0.000063 0.013084 0.144374 0.254759 6.396943 6.412732 5.062133 3.768231 5.368615
0.030610 6.391545 0.000005 0.000108 0.013084 0.196496 0.156325 6.484367 6.507753 5.235064 5.128619 5.588060
0.031028 6.389428 0.000007 0.000604 0.013084 0.205052 0.012593 6.321469 6.503912 5.577799 5.351934 5.896656
0.035337 6.405099 0.000053 0.000504 0.014217 0.217332 -0.482392 6.488961 6.510987 5.995713 5.672441 6.278806
0.042351 6.437355 0.000007 0.000376 0.014217 0.233505 -0.417834 6.420340 6.527894 6.415205 6.094569 6.669685
0.046460 6.461008 0.000032 0.000341 0.014217 0.249426 -0.373984 6.517614 6.545277 6.900081 6.510106 7.120362
0.052618 6.500792 0.000009 0.000227 0.014217 0.267238 -0.324799 6.516612 6.570106 7.360833 6.975025 7.552462
0.058222 6.550027 0.000016 0.000102 0.014217 0.283597 -0.255120 6.605723 6.597063 7.672338 7.401987 7.847946
0.064797 6.615531 -0.000002 -0.000094 0.014217 0.293237 -0.176588 6.643673 6.619206 7.885046 7.653596 8.043387
0.067112 6.651163 -0.000006 -0.000163 0.014217 0.298786 -0.159876 6.674531 6.639778 8.085364 7.798441 8.219339
0.063943 6.673484 -0.000009 -0.000172 0.014217 0.303073 -0.267954 6.694188 6.664689 8.403632 7.910327 8.494728
0.073927 6.790535 -0.000008 -0.000642 0.014217 0.309901 -0.359159 6.904647 6.714309 8.555526 8.088548 8.621862
0.073713 6.816627 -0.000054 -0.000522 0.014496 0.313004 -0.371882 6.781269 6.759599 8.441019 8.169531 8.505446
0.062571 6.790579 -0.000006 -0.000158 0.014496 0.307066 -0.438526 6.818409 6.783079 8.548479 8.014542 8.563509
0.060992 6.847417 -0.000010 -0.000328 0.014496 0.306436 -0.526367 6.910708 6.829598 8.721633 7.998092 8.684742
0.058823 6.903431 -0.000023 -0.000377 0.014496 0.308546 -0.562775 6.951930 6.891301 8.887106 8.053180 8.801517
0.057579 6.969805 -0.000017 -0.000401 0.014496 0.310485 -0.551393 7.046711 6.961759 9.128774 8.103794 8.978087
0.061230 7.086101 -0.000024 -0.000635 0.014496 0.315242 -0.487772 7.194564 7.051143 9.443352 8.227952 9.219641
0.057885 7.158783 -0.000041 -0.000549 0.014496 0.322153 -0.358044 7.221405 7.153154 9.721501 8.408321 9.433331
0.049626 7.208800 -0.000020 -0.000284 0.014496 0.328496 -0.086167 7.297304 7.257305 9.803355 8.573878 9.482202
0.043582 7.297322 -0.000012 -0.000204 0.014496 0.326765 1.247485 7.389639 7.353610 9.564619 8.528708 9.239699
0.038435 7.387142 -0.000011 -0.000171 0.014496 0.314212 1.025850 7.462915 7.434734 9.181065 8.201059 8.834469
0.035244 7.493725 -0.000009 -0.000301 0.014496 0.296427 0.832221 7.591947 7.514207 8.953491 7.736861 8.521941
0.031934 7.592540 -0.000023 -0.000400 0.013116 0.283388 0.680471 7.684353 7.613379 8.800701 7.396540 8.285981
0.031218 7.689855 -0.000021 -0.000390 0.011868 0.275420 0.574575 7.799673 7.726444 8.737393 7.188567 8.143535
0.032302 7.790062 -0.000022 -0.000325 0.010739 0.273141 0.504099 7.898650 7.849084 8.744552 7.129083 8.087689
0.048484 8.033688 -0.000015 -0.000942 0.009717 0.273876 0.455252 8.263000 7.988826 8.614650 7.148278 7.952878
0.041844 8.095504 -0.000079 -0.000544 0.021232 0.271047 0.414639 8.071596 8.109582 8.368851 7.074429 7.717560
0.023001 8.032479 0.000010 0.000393 0.021232 0.265012 0.364450 8.098365 8.199051 8.181096 6.916907 7.508010
0.025655 8.134272 0.000028 0.000331 0.021232 0.260094 0.334440 8.257906 8.287482 8.053344 6.788561 7.351932
0.028249 8.227981 0.000008 0.000304 0.021232 0.257878 0.332744 8.298994 8.376485 7.966236 6.730713 7.246927
0.033610 8.332701 0.000022 0.000223 0.021232 0.257997 0.334109 8.452424 8.464864 7.843123 6.733821 7.138372
0.035917 8.410809 0.000003 0.000276 0.021232 0.258151 0.344195 8.460798 8.542739 7.780301 6.737844 7.077333
0.034576 8.468618 0.000023 0.000378 0.021232 0.259093 0.356461 8.553136 8.613590 7.646459 6.762436 6.978102
0.035366 8.543546 0.000017 0.000357 0.021232 0.257114 0.357619 8.602242 8.672954 7.547189 6.710773 6.884077
0.037091 8.622708 0.000020 0.000256 0.021232 0.254915 0.344880 8.701874 8.730723 7.502000 6.653370 6.826593
0.045238 8.772317 0.000008 -0.000212 0.021232 0.253328 0.316277 8.892382 8.798593 7.269186 6.611949 6.649971
0.044785 8.845745 -0.000027 -0.000241 0.021232 0.246250 0.273592 8.857778 8.852651 6.934518 6.427226 6.364849
0.033618 8.806599 -0.000002 0.000235 0.019211 0.235401 0.261860 8.803742 8.886130 6.761677 6.144050 6.156668
0.034059 8.873009 0.000023 0.000067 0.017383 0.227914 0.299988 8.974791 8.931187 6.659977 5.948658 6.021406
0.032961 8.929753 -0.000012 0.000007 0.015729 0.223201 0.350536 8.947124 8.984446 6.718868 5.825640 6.011955
0.026347 8.933498 0.000011 0.000260 0.014232 0.223514 0.371629 8.989657 9.046410 6.765776 5.833817 6.035997
0.023587 8.968542 0.000016 0.000397 0.012878 0.225146 0.354392 9.021617 9.108590 6.791696 5.876398 6.058380
0.025100 9.035192 0.000025 0.000375 0.011652 0.226919 0.308985 9.114768 9.169966 6.789378 5.922672 6.065341
0.026863 9.096366 0.000016 0.000376 0.010543 0.228553 0.245752 9.146713 9.227674 6.850812 5.965324 6.112987
0.027681 9.142145 0.000023 0.000436 0.009540 0.232191 0.177467 9.204969 9.285599 7.086186 6.060283 6.288672
0.032553 9.221402 0.000023 0.000328 0.008632 0.241083 0.082034 9.311569 9.356200 7.239875 6.292372 6.461063
0.033713 9.261096 0.000013 0.000485 0.007811 0.249901 -0.133841 9.291852 9.417823 7.387877 6.522514 6.632179
0.032268 9.277615 0.000036 0.000716 0.009801 0.258354 0.021668 9.331192 9.468769 7.317417 6.743148 6.667467
0.032584 9.328488 0.000040 0.000716 0.010727 0.260619 -1.164352 9.369438 9.497855 7.183915 6.802248 6.611605
0.127702 9.381900 0.000037 0.000592 0.010727 0.282470 -1.029573 9.420524 9.514913 11.432733 7.372584 9.688143
0.293710 9.413534 0.000028 0.000517 0.010727 0.339398 -0.908363 9.712759 9.809591 18.457065 8.858434 11.883400
0.430732 9.447052 0.000029 0.001850 0.010727 0.391485 -0.798702 9.955105 10.493955 15.373604 10.217903 12.853277
0.546146 9.531609 0.000155 0.004911 0.041642 0.423300 -0.699288 9.579877 10.784785 20.631572 11.048307 13.678456
0.642383 9.661590 0.000346 0.005732 0.092980 0.450709 -0.520191 10.446424 11.391930 29.358814 11.763671 14.390859
0.721488 9.817527 0.000346 0.005732 0.092980 0.450709 -0.520191 10.446424 11.391930 15.006505 11.763671 15.006505
0.785332 9.957590 0.000346 0.005732 0.092980 0.450709 -0.520191 10.446424 11.391930 15.527894 11.763671 15.527894
0.838257 10.161883 0.000346 0.005732 0.092980 0.450709 -0.520191 10.446424 11.391930 15.996876 11.763671 15.996876
0.880730 10.352171 0.000346 0.005732 0.092980 0.450709 -0.520191 10.446424 11.391930 16.394486 11.763671 16.394486
0.914552 10.488490 0.000346 0.005732 0.092980 0.450709 -0.520191 10.446424 11.391930 16.762695 11.763671 16.762695
0.942604 10.714902 0.000346 0.005732 0.092980 0.450709 -0.520191 10.446424 11.391930 17.184557 11.763671 17.184557
0.965092 10.921126 0.000346 0.005732 0.092980 0.450709 -0.520191 10.446424 11.391930 17.673178 11.763671 17.673178
0.983019 11.055227 0.000346 0.005732 0.092980 0.450709 -0.520191 10.446424 11.391930 18.094482 11.763671 18.094482
0.997540 11.197046 0.000346 0.005732 0.092980 0.450709 -0.520191 10.446424 11.391930 18.328007 11.763671 18.328007
1.009252 11.355024 0.000346 0.005732 0.092980 0.450709 -0.520191 10.446424 11.391930 18.869849 11.763671 18.869849
1.018656 11.514848 0.000346 0.005732 0.092980 0.450709 -0.520191 10.446424 11.391930 19.159304 11.763671 19.159304
1.025877 11.813174 0.000346 0.005732 0.092980 0.450709 -0.520191 10.446424 11.391930 19.416924 11.763671 19.416924
1.031822 11.969799 0.000346 0.005732 0.092980 0.450709 -0.520191 10.446424 11.391930 19.673544 11.763671 19.673544
1.035767 12.390537 0.000346 0.005732 0.092980 0.450709 -0.520191 10.446424 11.391930 19.911392 11.763671 19.911392
1.039387 12.560482 0.000346 0.005732 0.092980 0.450709 -0.520191 10.446424 11.391930 20.115481 11.763671 20.115481
1.045164 12.902705 0.000346 0.005732 0.092980 0.450709 -0.520191 10.446424 11.391930 20.870695 11.763671 20.870695
1.053326 13.092754 0.000346 0.005732 0.092980 0.450709 -0.520191 10.446424 11.391930 22.082141 11.763671 22.082141
1.061486 12.909475 0.000346 0.005732 0.092980 0.450709 -0.520191 10.446424 11.391930 23.131066 11.763671 23.131066
1.065984 13.228468 0.000346 0.005732 0.092980 0.450709 -0.520191 10.446424 11.391930 24.048015 11.763671 24.048015
1.069258 13.548707 0.000346 0.005732 0.092980 0.450709 -0.520191 10.446424 11.391930 24.836819 11.763671 24.836819
1.071666 13.849806 0.000346 0.005732 0.092980 0.450709 -0.520191 10.446424 11.391930 25.527585 11.763671 25.527585
1.073281 14.157014 0.000346 0.005732 0.092980 0.450709 -0.520191 10.446424 11.391930 26.129034 11.763671 26.129034
1.074618 14.401206 0.000346 0.005732 0.092980 0.450709 -0.520191 10.446424 11.391930 26.649817 11.763671 26.649817
1.075659 14.609522 0.000346 0.005732 0.092980 0.450709 -0.520191 10.446424 11.391930 27.115920 11.763671 27.115920
1.076122 14.854936 0.000346 0.005732 0.092980 0.450709 -0.520191 10.446424 11.391930 27.531351 11.763671 27.531351
1.076836 15.116641 0.000346 0.005732 0.092980 0.450709 -0.520191 10.446424 11.391930 27.850589 11.763671 27.850589
1.077763 15.379938 0.000346 0.005732 0.092980 0.450709 -0.520191 10.446424 11.391930 28.054557 11.763671 28.054557
1.078162 15.666379 0.000346 0.005732 0.092980 0.450709 -0.520191 10.446424 11.391930 28.236126 11.763671 28.236126
1.077935 16.015134 0.000346 0.005732 0.092980 0.450709 -0.520191 10.446424 11.391930 28.415844 11.763671 28.415844
1.077700 16.315331 0.000346 0.005732 0.092980 0.450709 -0.520191 10.446424 11.391930 28.593730 11.763671 28.593730
1.077322 16.604491 0.000346 0.005732 0.092980 0.450709 -0.520191 10.446424 11.391930 28.755411 11.763671 28.755411
1.076602 16.935419 0.000346 0.005732 0.092980 0.450709 -0.520191 10.446424 11.391930 29.219142 11.763671 29.219142
1.075814 17.257966 0.000346 0.005732 0.092980 0.450709 -0.520191 10.446424 11.391930 29.435237 11.763671 29.435237
1.075008 17.565765 0.000346 0.005732 0.092980 0.450709 -0.520191 10.446424 11.391930 29.645174 11.763671 29.645174
1.074212 17.856474 0.000346 0.005732 0.092980 0.450709 -0.520191 10.446424 11.391930 29.844498 11.763671 29.844498
1.073351 18.151959 0.000346 0.005732 0.092980 0.450709 -0.520191 10.446424 11.391930 30.035615 11.763671 30.035615
1.071157 18.495268 0.000346 0.005732 0.092980 0.450709 -0.520191 10.446424 11.391930 29.859734 11.763671 29.859734
1.068403 18.770330 0.000346 0.005732 0.092980 0.450709 -0.520191 10.446424 11.391930 29.179180 11.763671 29.179180
1.066207 18.991594 0.000346 0.005732 0.092980 0.450709 -0.520191 10.446424 11.391930 28.906574 11.763671 28.906574
1.063875 19.340478 0.000346 0.005732 0.092980 0.450709 -0.520191 10.446424 11.391930 28.689084 11.763671 28.689084
1.061849 19.679660 0.000346 0.005732 0.092980 0.450709 -0.520191 10.446424 11.391930 28.525905 11.763671 28.525905
1.060297 19.936124 0.000346 0.005732 0.092980 0.450709 -0.520191 10.446424 11.391930 28.417791 11.763671 28.417791
1.059402 20.026176 0.000346 0.005732 0.092980 0.450709 -0.520191 10.446424 11.391930 28.350778 11.763671 28.350778
1.058330 20.217219 0.000346 0.005732 0.092980 0.450709 -0.520191 10.446424 11.391930 28.320299 11.763671 28.320299
1.057242 20.451935 0.000346 0.005732 0.092980 0.450709 -0.520191 10.446424 11.391930 28.323594 11.763671 28.323594
1.056382 20.638443 0.000346 0.005732 0.092980 0.450709 -0.520191 10.446424 11.391930 27.175526 11.763671 27.175526
1.054092 20.934606 0.000346 0.005732 0.092980 0.450709 -0.520191 10.446424 11.391930 27.165581 11.763671 27.165581
1.051135 21.173219 0.000346 0.005732 0.092980 0.450709 -0.520191 10.446424 11.391930 27.198573 11.763671 27.198573
1.048589 21.435639 0.000346 0.005732 0.092980 0.450709 -0.520191 10.446424 11.391930 27.251648 11.763671 27.251648
1.046318 21.751441 0.000346 0.005732 0.092980 0.450709 -0.520191 10.446424 11.391930 27.318180 11.763671 27.318180
1.044436 22.038162 0.000346 0.005732 0.092980 0.450709 -0.520191 10.446424 11.391930 27.393528 11.763671 27.393528
1.042815 22.327338 0.000346 0.005732 0.092980 0.450709 -0.520191 10.446424 11.391930 27.474412 11.763671 27.474412
1.041276 22.691671 0.000346 0.005732 0.092980 0.450709 -0.520191 10.446424 11.391930 27.558534 11.763671 27.558534
1.039925 23.059052 0.000346 0.005732 0.092980 0.450709 -0.520191 10.446424 11.391930 27.644308 11.763671 27.644308
1.039032 23.247133 0.000346 0.005732 0.092980 0.450709 -0.520191 10.446424 11.391930 27.730668 11.763671 27.730668
1.038294 23.409469 0.000346 0.005732 0.092980 0.450709 -0.520191 10.446424 11.391930 27.816921 11.763671 27.816921
1.036502 23.650431 0.000346 0.005732 0.092980 0.450709 -0.520191 10.446424 11.391930 27.868239 11.763671 27.868239
1.034045 23.886826 0.000346 0.005732 0.092980 0.450709 -0.520191 10.446424 11.391930 27.911540 11.763671 27.911540
1.032001 24.117705 0.000346 0.005732 0.092980 0.450709 -0.520191 10.446424 11.391930 27.982075 11.763671 27.982075
1.030295 24.343566 0.000346 0.005732 0.092980 0.450709 -0.520191 10.446424 11.391930 28.070603 11.763671 28.070603
1.028815 24.608521 0.000346 0.005732 0.092980 0.450709 -0.520191 10.446424 11.391930 28.170220 11.763671 28.170220
1.027596 24.843445 0.000346 0.005732 0.092980 0.450709 -0.520191 10.446424 11.391930 28.275888 11.763671 28.275888
1.026540 25.099403 0.000346 0.005732 0.092980 0.450709 -0.520191 10.446424 11.391930 28.384051 11.763671 28.384051
1.025622 25.369227 0.000346 0.005732 0.092980 0.450709 -0.520191 10.446424 11.391930 28.492296 11.763671 28.492296
1.024850 25.621571 0.000346 0.005732 0.092980 0.450709 -0.520191 10.446424 11.391930 28.599078 11.763671 28.599078
1.024170 25.885135 0.000346 0.005732 0.092980 0.450709 -0.520191 10.446424 11.391930 28.703481 11.763671 28.703481
1.023594 26.129882 0.000346 0.005732 0.092980 0.450709 -0.520191 10.446424 11.391930 28.805043 11.763671 28.805043
