0.000000 0.001641 0.000000 0.000000 0.000000 0.000000 0.000000 0.000000 0.000000 10.411422 0.000000 10.411422
0.000000 0.002899 0.000000 0.000000 0.000000 0.000000 0.000000 0.000000 0.000000 10.411707 0.000000 10.411707
0.000000 0.006776 0.000000 0.000000 0.000000 0.000000 0.000000 0.000000 0.000000 10.411960 0.000000 10.411960
0.000000 0.140990 0.000000 0.000000 0.000000 0.000000 0.000000 0.000000 0.000000 10.411943 0.000000 10.411943
0.000000 0.500331 0.000000 0.000000 0.000000 0.000000 0.000000 0.000000 0.000000 10.411744 0.000000 10.411744
0.000000 0.941974 0.000000 0.000000 0.000000 0.000000 0.000000 0.000000 0.000000 10.411602 0.000000 10.411602
1.004239 1.337341 0.000000 0.000000 0.000000 0.000000 0.000000 0.000000 0.000000 10.410594 0.000000 10.410594
1.003236 1.528477 0.000000 0.000000 0.000000 0.000000 0.000000 0.000000 0.000000 10.408270 0.000000 10.408270
0.992640 1.453170 0.000000 0.000000 0.000000 0.000000 0.000000 0.000000 0.000000 10.418502 0.000000 10.418502
0.976086 1.329015 0.000000 0.000000 0.000000 0.000000 0.000000 0.000000 0.000000 10.432778 0.000000 10.432778
0.968179 1.306962 0.000000 0.000000 0.000000 0.000000 0.000000 0.000000 0.000000 10.411337 0.000000 10.411337
0.912764 1.328747 0.000000 0.000000 0.000000 0.000000 0.000000 0.000000 0.000000 10.389219 0.000000 10.389219
0.816403 1.356613 0.000000 0.000000 0.000000 0.000000 0.000000 0.000000 0.000000 10.381405 0.000000 10.381405
0.746259 1.410850 0.000000 0.000000 0.000000 0.000000 0.000000 0.000000 0.000000 10.361714 0.000000 10.361714
0.640555 1.457615 0.000000 0.000000 0.000000 0.000000 0.000000 0.000000 0.000000 10.383795 0.000000 10.383795
0.497996 1.480618 0.000000 0.000000 0.000000 0.000000 0.000000 0.000000 0.000000 10.415680 0.000000 10.415680
0.382874 1.507072 0.000000 0.000000 0.000000 0.000000 0.000000 0.000000 0.000000 10.417795 0.000000 10.417795
0.292199 1.558866 0.000000 0.000000 0.000000 0.000000 0.000000 0.000000 0.000000 10.402576 0.000000 10.402576
0.196858 1.618656 0.000000 0.000000 0.000000 0.000000 0.000000 0.000000 0.000000 10.399577 0.000000 10.399577
0.127916 1.676935 0.000000 0.000000 0.000000 0.000000 0.000000 0.000000 0.000000 10.387585 0.000000 10.387585
0.086494 1.756335 0.000000 0.000000 0.000000 0.000000 0.000000 0.000000 0.000000 10.383965 0.000000 10.383965
0.062035 1.864452 0.000000 0.000000 0.000000 0.000000 0.000000 0.000000 0.000000 10.398545 0.000000 10.398545
0.049034 1.973434 0.000000 0.000000 0.000000 0.000000 0.000000 0.000000 0.000000 10.413939 0.000000 10.413939
0.049659 2.078451 0.000000 0.000000 0.000000 0.000000 0.000000 0.000000 0.000000 10.407330 0.000000 10.407330
0.062228 2.200002 0.000000 0.000000 0.000000 0.000000 0.000000 0.000000 0.000000 10.400378 0.000000 10.400378
0.067576 2.322907 0.000000 0.000000 0.000000 0.000000 0.000000 0.000000 0.000000 10.419232 0.000000 10.419232
0.080296 2.440310 0.000000 0.000000 0.000000 0.000000 0.000000 0.000000 0.000000 10.409850 0.000000 10.409850
0.087044 2.559701 0.000000 0.000000 0.000000 0.000000 0.000000 0.000000 0.000000 10.409348 0.000000 10.409348
0.090732 2.673761 0.000000 0.000000 0.000000 0.000000 0.000000 0.000000 0.000000 10.400970 0.000000 10.400970
0.098515 2.788083 0.000000 0.000000 0.000000 0.000000 0.000000 0.000000 0.000000 10.381805 0.000000 10.381805
0.091836 2.888929 0.000000 0.000000 0.000000 0.000000 0.000000 0.000000 0.000000 10.391175 0.000000 10.391175
0.081733 2.977799 0.000000 0.000000 0.000000 0.000000 0.000000 0.000000 0.000000 10.395731 0.000000 10.395731
0.072165 3.070289 0.000000 0.000000 0.000000 0.000000 0.000000 0.000000 0.000000 10.397739 0.000000 10.397739
0.067915 3.167203 0.000000 0.000000 0.000000 0.000000 0.000000 0.000000 0.000000 10.386331 0.000000 10.386331
0.065869 3.271755 0.000000 0.000000 0.000000 0.000000 0.000000 0.000000 0.000000 10.385441 0.000000 10.385441
0.058129 3.370729 0.000000 0.000000 0.000000 0.000000 0.000000 0.000000 0.000000 10.403189 0.000000 10.403189
0.054540 3.460764 0.000000 0.000000 0.000000 0.000000 0.000000 0.000000 0.000000 10.403122 0.000000 10.403122
0.052179 3.552945 0.000000 0.000000 0.000000 0.000000 0.000000 0.000000 0.000000 10.407793 0.000000 10.407793
0.069059 3.718254 0.000000 0.000000 0.000000 0.000000 0.000000 0.000000 0.000000 10.411985 0.000000 10.411985
0.064207 3.801643 0.000000 0.000000 0.000000 0.000000 0.000000 0.000000 0.000000 10.413562 0.000000 10.413562
0.045458 3.827549 0.000000 0.000000 0.000000 0.000000 0.000000 0.000000 0.000000 10.409433 0.000000 10.409433
0.046463 3.932416 0.000000 0.000000 0.000000 0.000000 0.000000 0.000000 0.000000 10.408064 0.000000 10.408064
0.046598 4.029430 0.000000 0.000000 0.000000 0.000000 0.000000 4.029430 4.029430 10.408179 0.000000 10.408179
0.044610 4.119650 0.000000 -0.000324 0.000000 0.489941 0.000000 5.091410 4.938035 10.408247 15.784205 10.408247
0.043326 4.225391 -0.000031 0.002559 0.008291 0.152592 0.000614 3.067930 -632.044800 10.411214 4.915986 10.411214
0.042818 4.328611 0.000268 -2.285421 0.072082 0.368278 0.228884 5.812111 -567.932504 10.408245 11.864657 10.408245
0.042345 4.423042 -0.000188 -2.055512 0.072082 0.237450 -1.691261 3.185909 -510.822828 10.404319 7.649839 10.404319
0.043842 4.523417 0.000304 -1.850773 0.081838 0.312890 -1.258545 5.831495 -459.050132 10.402016 10.080228 10.402016
0.043318 4.620641 -0.000182 -1.665190 0.081838 0.272607 -0.613471 3.679771 -412.655243 10.406499 8.782469 10.406499
0.047504 4.741332 0.000249 -1.499005 0.081838 0.293012 0.421979 5.730947 -370.775220 10.405977 9.439841 10.405977
0.046811 4.838490 -0.000137 -1.348949 0.081838 0.283766 -0.815950 4.208029 -333.130345 16.939493 9.141965 16.939493
0.039186 4.902010 0.000181 -1.213982 0.081838 0.577124 -0.084230 6.131139 -298.653166 16.745845 18.592954 16.745845
0.038730 4.996188 -0.000073 -1.090502 0.081838 0.444276 7.550894 3.928580 -268.447877 16.576869 14.313047 16.576869
0.067699 5.256941 0.000321 -0.982962 0.086419 0.487725 6.718387 6.515293 -240.881732 16.384646 15.712820 16.384646
0.078961 5.429167 -0.000163 -0.884581 0.086419 0.462990 5.979649 4.618333 -216.192576 16.130744 14.915940 16.130744
0.070903 5.483423 0.000224 -0.796109 0.086419 0.461442 5.291344 6.280491 -193.919980 15.916855 14.866086 15.916855
0.080931 5.641355 -0.000093 -0.716689 0.086419 0.453202 4.661666 5.220863 -173.873028 15.728400 14.600621 15.728400
0.092548 5.828500 0.000134 -0.645366 0.086419 0.447929 4.072971 6.412084 -155.805401 15.448391 14.430727 15.448391
0.103651 6.048727 -0.000086 -0.581270 0.086419 0.435913 3.523523 5.845999 -139.532031 15.175957 14.043604 15.175957
0.095089 6.158883 0.000046 -0.523223 0.086419 0.424626 2.996258 6.507059 -124.865070 14.944917 13.679980 14.944917
0.078865 6.225848 -0.000065 -0.470789 0.086419 0.413806 2.525881 6.110207 -111.646649 14.753377 13.331412 14.753377
0.098964 6.543663 0.000037 -0.424459 0.086419 0.402144 2.140914 7.013329 -99.704717 14.297646 12.955706 14.297646
0.086662 6.628723 -0.000115 -0.381877 0.086419 0.384615 1.840176 6.437023 -88.955388 13.663499 12.390986 13.663499
0.052049 6.560222 0.000028 -0.343027 0.086419 0.364516 1.468594 6.768766 -79.293843 13.202126 11.743438 13.202126
0.047049 6.692173 -0.000017 -0.308803 0.078195 0.349093 0.997205 6.756973 -70.569167 12.806649 11.246583 12.806649
0.041871 6.815455 0.000011 -0.277913 0.070754 0.336892 0.474303 6.997078 -62.695867 12.490877 10.853501 12.490877
0.052927 7.054644 -0.000010 -0.250496 0.064021 0.326638 -0.287488 7.242216 -55.579297 12.256441 10.523160 12.256441
0.047996 7.160154 -0.000029 -0.225317 0.057929 0.320496 0.477742 7.244313 -49.155544 11.925811 10.325282 11.925811
0.036579 7.212793 0.000002 -0.202437 0.052416 0.313042 0.188495 7.325911 -43.380376 11.562721 10.085147 11.562721
0.033600 7.324057 0.000012 -0.182096 0.047428 0.304211 -0.292236 7.450280 -38.182225 11.185336 9.800619 11.185336
0.024565 7.378737 0.000012 -0.163624 0.042915 0.295378 -0.012405 7.441185 -33.506447 10.920809 9.516058 10.920809
0.025310 7.488096 0.000035 -0.147225 0.038831 0.288312 5.873277 7.647038 -29.285580 10.737056 9.288410 10.737056
0.027554 7.599613 0.000016 -0.132467 0.035135 0.286054 5.278840 7.686881 -25.471853 10.555453 9.215690 10.555453
0.026831 7.695276 0.000031 -0.119114 0.031792 0.283916 4.744659 7.817788 -22.039344 10.408223 9.146806 10.408223
0.029463 7.818503 0.000025 -0.107229 0.028766 0.281806 4.267620 7.928099 -18.944535 10.194120 9.078828 10.194120
0.027130 7.896742 0.000022 -0.096396 0.026029 0.277505 3.840034 7.968051 -16.164012 10.042915 8.940273 9.991925
0.022295 7.942273 0.000031 -0.086573 0.023552 0.274733 3.454190 8.016953 -13.658081 9.917713 8.850946 9.822970
0.022945 8.025215 0.000037 -0.077872 0.021311 0.272952 3.105682 8.124025 -11.397551 9.763348 8.793571 9.640195
0.023102 8.099869 0.000030 -0.070021 0.019283 0.270550 2.790622 8.164364 -9.363990 9.531786 8.716197 9.397876
0.024630 8.178792 0.000036 -0.063002 0.017448 0.266045 2.504605 8.260826 -7.539221 9.298402 8.571070 9.149527
0.026828 8.259878 0.000027 -0.056740 0.015787 0.261151 2.243609 8.321983 -5.896447 9.180993 8.413380 8.996343
0.027246 8.325527 0.000025 -0.051076 0.014285 0.258988 2.006911 8.394707 -4.407905 9.067486 8.343700 8.864291
0.026816 8.388009 0.000021 -0.045954 0.012926 0.256934 1.795771 8.445208 -3.065756 8.263933 8.277518 8.195581
0.026340 8.445315 0.000022 -0.041340 0.011696 0.236939 1.608449 8.444226 -1.915823 7.472665 7.633355 7.440900
0.030818 8.535483 0.000020 -0.037534 0.010583 0.214228 1.443279 8.594599 -0.884581 6.565843 6.901704 6.582980
0.030247 8.579011 -0.000013 -0.033987 0.009576 0.188414 1.293296 8.537512 0.032750 5.878229 6.070044 5.877236
0.025764 8.580068 -0.000007 -0.030696 0.008664 0.167612 1.154827 8.597534 0.870903 5.227334 5.399884 5.230998
0.025439 8.613399 -0.000021 -0.027806 0.007840 0.148848 1.032298 8.611177 1.630239 4.566662 4.795364 4.591736
0.024073 8.635421 -0.000024 -0.025158 0.007094 0.130116 0.923818 8.635049 2.310990 3.785517 4.191883 3.863118
0.021700 8.643145 -0.000030 -0.022741 0.008108 0.108422 0.828590 8.614500 2.909083 2.898427 3.492971 3.037523
0.017789 8.637739 -0.000030 -0.020573 0.008108 0.083406 0.737373 8.604944 3.430562 2.346913 2.687060 2.445080
0.014632 8.629389 -0.000035 -0.018671 0.009447 0.065788 0.651627 8.619546 3.921046 1.714692 2.119467 1.840399
0.011320 8.610757 -0.000040 -0.016842 0.010794 0.048118 0.577633 8.568741 4.355032 1.079033 1.550195 1.234541
0.007801 8.589158 -0.000033 -0.015206 0.010794 0.030362 0.505661 8.564768 4.737722 0.625900 0.978160 0.766772
0.010099 8.611800 -0.000037 -0.013913 0.010794 0.016976 0.443100 8.618979 5.094684 0.073028 0.546914 0.254341
0.006974 8.580954 -0.000050 -0.012520 0.013354 0.002168 0.387466 8.509575 5.402353 -0.319039 0.069843 -0.144995
0.002358 8.529696 -0.000032 -0.011231 0.013354 -0.008927 0.323774 8.512180 5.681476 -0.564562 -0.287605 -0.408089
0.001828 8.500636 -0.000036 -0.010125 0.013354 -0.015373 0.272443 8.467463 5.939454 -1.150337 -0.495256 -0.895023
0.012847 8.583087 -0.000028 -0.009494 0.013354 -0.029219 0.220002 8.618968 6.147199 -1.564544 -0.941321 -1.298003
0.003016 8.505093 -0.000065 -0.008468 0.017541 -0.041872 0.112916 8.360128 6.329123 -1.693411 -1.348979 -1.478390
-0.016194 8.328267 -0.000020 -0.007180 0.017541 -0.047992 -0.041768 8.273009 6.499268 -1.995881 -1.546133 -1.751592
0.009034 8.513707 -0.000007 -0.007234 0.017541 -0.055569 -0.022745 8.667394 6.661840 -2.267699 -1.790257 -2.006928
-0.002283 8.396102 -0.000089 -0.006228 0.023896 -0.062915 -0.011019 8.137804 6.794000 -2.509612 -2.026895 -2.237275
-0.036443 8.083565 0.000012 -0.004631 0.023896 -0.070487 0.890640 7.998452 6.881236 -2.616132 -2.270834 -2.358355
-0.040521 8.014374 0.000030 -0.004069 0.023896 -0.073289 0.788008 7.997267 6.964705 -2.817982 -2.361113 -2.537266
-0.044952 7.940096 0.000021 -0.003503 0.023896 -0.077806 0.696836 7.854871 7.022757 -3.077992 -2.506642 -2.770964
-0.050040 7.866595 0.000039 -0.003030 0.023896 -0.084481 0.591581 7.826593 7.057759 -3.123671 -2.721695 -2.828467
-0.056144 7.786808 0.000031 -0.002618 0.023896 -0.085960 0.495050 7.720237 7.095921 -3.258502 -2.769349 -2.946901
-0.063437 7.698755 0.000042 -0.002165 0.023896 -0.089814 0.446760 7.639292 7.113926 -3.591685 -2.893508 -3.248017
-0.072263 7.598951 0.000045 -0.001742 0.023896 -0.100117 0.423612 7.506334 7.102085 -3.865060 -3.225435 -3.509943
-0.069076 7.593049 0.000055 -0.001763 0.023896 -0.108634 0.398988 7.607138 7.095898 -4.109184 -3.499816 -3.743397
-0.053994 7.686247 0.000020 -0.002120 0.023896 -0.115789 0.375748 7.696866 7.102265 -4.638206 -3.730325 -4.224882
-0.082380 7.433073 -0.000009 -0.001188 0.023896 -0.133116 0.318282 7.143570 7.056878 -5.335237 -4.288531 -4.889715
-0.094289 7.326168 0.000082 -0.000967 0.022029 -0.156258 0.131383 7.381779 6.993339 -5.790300 -5.034091 -5.326637
-0.082745 7.410041 0.000012 -0.001497 0.022029 -0.171251 -0.431752 7.367292 6.969650 -6.418066 -5.517104 -5.931932
-0.088879 7.338778 0.000001 -0.001326 0.022029 -0.192120 -0.213086 7.238096 6.928692 -7.120695 -6.189458 -6.613490
-0.084678 7.345659 0.000011 -0.001497 0.022029 -0.214035 0.302694 7.351222 6.889902 -6.996404 -6.895484 -6.509488
-0.075508 7.368177 -0.000027 -0.001718 0.022029 -0.209116 -0.069862 7.373019 6.929007 -6.775775 -6.736997 -6.311034
-0.071323 7.344895 -0.000030 -0.001494 0.022029 -0.199776 0.640464 7.319043 6.967244 -6.988873 -6.436107 -6.512378
-0.062990 7.377706 -0.000018 -0.001474 0.022029 -0.204168 0.523581 7.376860 6.960514 -6.864453 -6.577595 -6.404217
-0.059061 7.338872 -0.000036 -0.001359 0.022029 -0.199095 0.436502 7.283689 6.973557 -6.622189 -6.414167 -6.176027
-0.061307 7.217190 -0.000020 -0.000875 0.022029 -0.187360 0.430789 7.146012 6.979941 -6.049199 -6.036102 -5.625277
-0.050966 7.180348 0.000005 -0.000720 0.022029 -0.164335 0.415439 7.206684 6.998850 -5.092926 -5.294298 -4.701741
-0.036688 7.145821 -0.000007 -0.000528 0.022029 -0.128439 0.441981 7.114534 7.030951 -4.386597 -4.137856 -3.991732
-0.022816 7.115485 0.000014 -0.000304 0.019932 -0.099884 0.448502 7.094747 7.017906 -3.799118 -3.217929 -3.384566
-0.013698 7.075305 0.000012 -0.000206 0.018036 -0.077524 0.374600 7.009519 6.973414 -3.253842 -2.497548 -2.816738
0.014344 7.178893 0.000018 -0.000738 0.016319 -0.058683 0.232068 7.249026 6.928595 -2.662234 -1.890574 -2.208453
0.019112 7.105295 -0.000042 -0.000635 0.014766 -0.040203 -0.005543 6.923616 6.879570 -1.938726 -1.295215 -1.480356
0.002318 6.884684 0.000011 -0.000018 0.013361 -0.021089 8.887633 6.797919 6.824462 -1.014195 -0.679425 -0.568264
0.008532 6.824496 0.000024 -0.000000 0.012090 0.007140 7.993998 6.816824 6.795531 -0.305994 0.230011 0.145661
0.014120 6.775020 0.000012 0.000074 0.010939 0.028812 7.191540 6.695249 6.747153 0.176828 0.928236 0.641642
0.036251 6.884647 0.000025 -0.000494 0.009898 0.041408 6.467312 6.971220 6.695958 1.035583 1.334033 1.497713
0.032155 6.794302 -0.000042 -0.000353 0.011221 0.063570 5.818264 6.626972 6.679997 1.884386 2.048018 2.335032
0.005841 6.555559 0.000023 0.000447 0.011221 0.086285 5.237244 6.484285 6.653410 2.278333 2.779800 2.721606
0.004005 6.519423 0.000045 0.000481 0.012087 0.094171 4.719345 6.504192 6.596670 2.486951 3.033875 2.933677
0.003890 6.508526 0.000029 0.000317 0.012087 0.095578 4.255564 6.464723 6.540585 2.856490 3.079208 3.303618
0.008952 6.503835 0.000024 0.000132 0.012087 0.103197 3.840680 6.515875 6.517660 3.007451 3.324646 3.444623
0.018573 6.511798 0.000009 0.000021 0.012087 0.106821 3.470427 6.481121 6.489658 3.334958 3.441392 3.766582
0.024505 6.512339 0.000009 -0.000081 0.012087 0.117146 3.130784 6.528115 6.482727 3.924210 3.774043 4.342089
0.031526 6.523034 -0.000002 -0.000145 0.012087 0.135674 2.826055 6.531947 6.499737 4.202336 4.370949 4.589206
0.040967 6.559874 -0.000000 -0.000216 0.012087 0.143224 2.552063 6.567643 6.491177 4.382478 4.614175 4.757904
0.051785 6.597808 -0.000010 -0.000383 0.012087 0.147945 2.300336 6.601914 6.481815 4.610723 4.766284 4.981006
0.064602 6.642603 -0.000019 -0.000577 0.012087 0.155748 2.067104 6.661710 6.484448 4.999613 5.017662 5.363707
0.075250 6.686275 -0.000031 -0.000725 0.012087 0.168546 1.848570 6.704367 6.503071 5.353598 5.429968 5.699207
0.083627 6.717010 -0.000037 -0.000768 0.012087 0.179182 1.649145 6.720524 6.517864 5.621815 5.772642 5.951693
0.093696 6.749330 -0.000038 -0.000831 0.010936 0.187317 1.465234 6.759338 6.527975 5.825760 6.034718 6.144462
0.104016 6.801591 -0.000044 -0.000983 0.011773 0.193755 1.296018 6.817333 6.537276 6.046341 6.242112 6.360470
0.114103 6.881773 -0.000054 -0.001237 0.014535 0.198725 1.127068 6.916404 6.554805 6.372523 6.402227 6.689169
0.125898 6.971246 -0.000071 -0.001496 0.019073 0.206467 0.968971 7.012552 6.593882 6.620512 6.651645 6.923422
0.138876 7.066689 -0.000083 -0.001698 0.022297 0.211945 0.832640 7.107308 6.638472 6.705601 6.828138 6.990906
0.145004 7.114780 -0.000094 -0.001711 0.025149 0.212482 0.705481 7.110166 6.675512 8.555351 6.845432 8.927114
0.147479 7.131552 -0.000087 -0.001638 0.025149 0.274212 0.552234 7.296450 6.868905 9.289898 8.834176 9.497335
0.131693 6.991183 -0.000086 -0.000439 0.025149 0.292142 0.411774 6.786358 6.920521 9.762630 9.411809 9.932866
0.112447 6.836752 0.000026 0.000301 0.025149 0.306093 0.289792 6.907390 6.942466 10.015717 9.861261 10.150531
0.111219 6.843650 0.000007 0.000355 0.025149 0.312180 0.037623 6.806009 6.945934 10.265353 10.057376 10.389148
0.104500 6.815341 0.000028 0.000469 0.025149 0.318591 -3.114271 6.840782 6.950850 10.784177 10.263895 10.907153
0.098202 6.772137 0.000022 0.000642 0.025149 0.333828 -2.759758 6.762190 6.977947 11.245386 10.754785 11.336327
0.093759 6.772859 0.000043 0.000737 0.025149 0.346775 -2.441209 6.823797 6.999841 11.575557 11.171914 11.635151
0.088331 6.797536 0.000036 0.000727 0.025149 0.352730 -2.140627 6.811415 7.014497 11.856751 11.363733 11.897152
0.084010 6.816996 0.000041 0.000709 0.025149 0.357515 -1.878305 6.864073 7.037359 11.992228 11.517914 12.006774
0.077064 6.822586 0.000035 0.000771 0.025149 0.358437 -1.644843 6.830392 7.056877 12.200343 11.547611 12.194416
0.072862 6.851561 0.000046 0.000737 0.022756 0.362281 -1.433852 6.924911 7.092761 12.539260 11.671445 12.504006
0.070022 6.888532 0.000034 0.000733 0.020590 0.371012 -1.263702 6.934434 7.147344 12.931890 11.952742 12.856811
0.081082 7.031632 0.000044 0.000416 0.018631 0.381422 -1.139579 7.194020 7.220401 13.365785 12.288113 13.246654
0.077890 7.063024 0.000006 0.000565 0.016858 0.394051 -1.060880 7.051371 7.297807 13.677938 12.694985 13.514864
0.078489 7.140474 0.000050 0.000565 0.015254 0.402773 -1.011590 7.296714 7.367031 14.096349 12.975954 13.890386
0.075503 7.197760 0.000015 0.000608 0.013802 0.414000 -0.976800 7.215433 7.446940 14.313783 13.337665 14.069880
0.060866 7.164573 0.000048 0.001014 0.012789 0.419461 -0.969954 7.208252 7.503070 14.082524 13.513598 13.823885
0.060561 7.273257 0.000060 0.000825 0.016245 0.410060 -0.945970 7.374434 7.529261 13.867543 13.210710 13.588506
0.060013 7.383443 0.000032 0.000524 0.016245 0.399734 -0.908895 7.447421 7.571449 13.447996 12.878047 13.157785
0.060541 7.489269 0.000026 0.000295 0.016245 0.384263 -0.850558 7.572009 7.612492 13.142970 12.379638 12.821848
0.076954 7.754403 0.000009 -0.000510 0.016245 0.371593 -0.750121 7.966294 7.692659 13.001008 11.971456 12.630493
0.068422 7.823243 -0.000054 -0.000469 0.016245 0.363608 -0.636761 7.797787 7.794702 12.800521 11.714214 12.391676
0.046205 7.746783 0.000000 0.000172 0.016245 0.356084 -0.541380 7.799870 7.883800 12.276080 11.471806 11.872878
0.045227 7.844845 0.000018 0.000140 0.016245 0.340665 -0.448104 7.950338 7.949418 11.857561 10.975050 11.423831
0.045365 7.947845 0.000001 0.000006 0.016245 0.327684 -0.291430 8.022126 8.025536 11.554170 10.556857 11.081042
0.047055 8.043280 0.000001 -0.000064 0.016245 0.319331 -0.086205 8.146402 8.113509 11.178377 10.287734 10.697948
0.051724 8.164498 -0.000006 -0.000183 0.016245 0.309985 0.611297 8.255954 8.195587 11.185901 9.986664 10.632274
0.053178 8.242481 -0.000012 -0.000168 0.016245 0.311352 0.462699 8.335354 8.303927 11.025428 10.030688 10.477960
0.050506 8.281918 -0.000006 0.000079 0.014699 0.310387 0.338869 8.325146 8.387702 10.930769 9.999613 10.373871
0.050884 8.359501 0.000013 0.000101 0.013301 0.309854 0.211759 8.467465 8.465362 10.865702 9.982427 10.300265
0.061686 8.536178 -0.000000 -0.000254 0.012035 0.308984 0.105637 8.667491 8.548785 10.589965 9.954409 10.059303
0.055939 8.562521 -0.000024 -0.000049 0.010890 0.302277 -0.059538 8.533477 8.605090 10.532541 9.738335 9.963761
0.041076 8.501692 0.000015 0.000371 0.009853 0.300325 0.184226 8.544908 8.663394 10.397030 9.675433 9.833161
0.040481 8.568257 0.000024 0.000342 0.008916 0.296865 0.107904 8.649304 8.716248 10.277198 9.563975 9.707678
0.039989 8.630683 0.000014 0.000307 0.008067 0.293619 0.023927 8.677430 8.769336 10.139911 9.459389 9.571005
0.037454 8.687695 0.000019 0.000293 0.007300 0.289925 -0.230065 8.754725 8.819990 10.083726 9.340381 9.494732
0.039054 8.789934 0.000014 0.000108 0.006605 0.287068 -0.185285 8.882348 8.881232 9.895260 9.248331 9.322325
0.039465 8.875225 0.000000 0.000022 0.005976 0.281154 -0.160957 8.925440 8.936545 9.617122 9.057828 9.062551
0.031601 8.873284 0.000003 0.000227 0.005408 0.273005 -0.131699 8.879899 8.978559 9.584755 8.795273 8.971104
0.027039 8.894678 0.000020 0.000301 0.005435 0.271026 -0.096298 8.974737 9.038406 9.659417 8.731513 9.001271
0.026828 8.955910 0.000013 0.000296 0.005435 0.273051 -0.066452 9.021048 9.110356 9.630438 8.796751 8.984524
0.028440 9.026970 0.000018 0.000299 0.005435 0.273687 -0.069814 9.103763 9.174073 9.437466 8.817254 8.840405
0.029961 9.100286 0.000015 0.000265 0.005435 0.270226 -0.075974 9.151110 9.220300 9.428026 8.705754 8.801748
0.031778 9.176693 0.000014 0.000157 0.005435 0.269767 -0.059962 9.259586 9.278365 9.499319 8.690967 8.844354
0.032341 9.230950 0.000004 0.000170 0.005435 0.272074 -0.073791 9.277908 9.343490 9.507761 8.765279 8.864197
0.047229 9.423160 0.000014 -0.000286 0.005435 0.273586 -0.107580 9.603535 9.415630 9.436832 8.814004 8.822973
0.045304 9.457274 -0.000037 -0.000150 0.010017 0.273119 -0.124747 9.394097 9.473626 9.376018 8.798944 8.775074
0.028099 9.342362 0.000016 0.000471 0.010017 0.272254 -0.138039 9.350850 9.510376 9.048820 8.771095 8.537500
0.026026 9.388716 0.000032 0.000437 0.010017 0.264563 -0.130557 9.443013 9.522214 8.802745 8.523307 8.302034
0.023692 9.441682 0.000016 0.000289 0.010017 0.256002 -0.063453 9.464769 9.538313 8.794218 8.247520 8.222220
0.021113 9.483640 0.000015 0.000196 0.010017 0.252516 0.024117 9.545987 9.580097 8.698715 8.135201 8.122692
0.020427 9.531879 0.000007 0.000173 0.010017 0.248980 0.044153 9.569298 9.623980 8.251676 8.021289 7.781187
0.018370 9.570051 0.000011 0.000194 0.010017 0.238244 0.111250 9.590566 9.638499 7.932451 7.675403 7.464886
0.016367 9.604572 0.000010 0.000122 0.010017 0.228284 0.058666 9.637993 9.657323 8.044944 7.354515 7.447421
0.017914 9.644313 0.000004 0.000047 0.010017 0.228919 -0.009528 9.709043 9.715696 8.210704 7.374976 7.561574
0.037650 9.861126 0.000002 -0.000522 0.010017 0.234609 -0.002170 10.055025 -449.732495 8.445984 7.558288 7.771024
0.034051 9.849303 -0.000050 -1.650505 0.013535 0.242581 0.162915 9.761450 -403.697592 8.295480 7.815136 7.743895
0.014902 9.678611 0.000025 -1.484566 0.013535 0.243545 0.140558 9.653856 -362.318455 8.335765 7.846188 7.784533
0.018021 9.723619 0.000051 -1.336122 0.013637 0.246216 0.049277 9.821745 -325.071933 8.897967 7.932232 8.192461
0.022658 9.770916 0.000022 -1.202528 0.013637 0.260947 -0.137778 9.813722 -291.504180 8.988957 8.406829 8.397743
0.025899 9.808660 0.000037 -1.082111 0.013637 0.269021 -0.100377 9.854925 -261.322582 9.130011 8.666945 8.578592
0.030326 9.866573 0.000035 -0.973927 0.013637 0.275440 -0.003428 9.915915 -232.670769 9.122894 8.873731 8.646589
0.032713 9.913559 0.000028 -0.871198 0.013637 0.277544 -0.003956 9.933209 -204.940001 9.167696 8.941515 8.709861
0.033369 9.948999 0.000026 -0.771735 0.013637 0.278620 -0.005194 9.981180 -183.431552 9.653964 8.976169 9.055895
0.034786 9.982091 0.000018 -0.694610 0.013637 0.287976 3.807784 10.041402 -164.031605 9.875161 9.277586 9.300263
0.033418 10.012541 0.000016 -0.625048 0.013637 0.294963 3.422843 10.041100 -146.575542 10.440580 9.502688 9.749190
0.032374 10.053154 0.000025 -0.562504 0.013637 0.307427 3.077593 10.143860 -130.831610 10.185926 9.904256 9.707561
0.041251 10.202185 0.000018 -0.506498 0.013637 0.304220 2.772385 10.273189 -116.703886 10.005366 9.800936 9.563102
0.037775 10.230447 -0.000004 -0.455862 0.013637 0.297369 2.494783 10.213923 -103.992783 10.344569 9.580197 9.717495
0.026971 10.155772 0.000011 -0.409944 0.012339 0.301280 2.247564 10.175316 -92.511863 9.704679 9.706207 9.341252
0.056151 10.502337 0.000030 -0.369957 0.011165 0.288802 2.024007 10.763822 -82.210575 9.207512 9.304215 8.895229
0.052704 10.497788 -0.000084 -0.332945 0.022700 0.274954 1.815269 10.276602 -72.948097 9.095770 8.858081 8.683637
0.023878 10.226088 0.000015 -0.298705 0.022700 0.269090 1.585869 10.206220 -64.610135 9.228567 8.669152 8.709159
0.025278 10.281649 0.000030 -0.268960 0.022700 0.270173 1.362841 10.390344 -57.072606 9.413616 8.704032 8.837971
0.027762 10.346767 0.000002 -0.242125 0.022700 0.274563 1.160744 10.373235 -50.269339 9.381709 8.845479 8.862821
0.029697 10.404960 0.000016 -0.217901 0.022700 0.275493 0.977597 10.476686 -44.155563 9.577561 8.875450 8.997053
0.031073 10.462217 0.000004 -0.196150 0.022700 0.279967 0.819169 10.511326 -38.633101 9.654669 9.019590 9.093110
0.035488 10.561256 0.000009 -0.176673 0.022700 0.282708 0.691438 10.656090 -33.658775 9.690786 9.107892 9.145145
0.036577 10.624495 -0.000009 -0.159035 0.022700 0.283846 0.594232 10.649598 -29.180068 10.220942 9.144529 9.488381
0.032367 10.625485 0.000002 -0.142954 0.022700 0.294570 0.540940 10.699229 -25.106478 10.282801 9.490034 9.641065
0.028544 10.642713 0.000010 -0.128387 0.022700 0.299128 0.544850 10.666020 -21.463040 10.390886 9.636891 9.756745
0.028065 10.695902 0.000029 -0.115493 0.022700 0.302040 0.554654 10.784976 -18.181978 10.469668 9.730683 9.835595
0.049977 10.997214 0.000016 -0.104792 0.020539 0.303943 0.579848 11.230874 -15.200188 10.198831 9.792006 9.688580
0.043679 10.982322 -0.000058 -0.094030 0.018585 0.298931 0.568753 10.818642 -12.546775 10.301591 9.630540 9.692945
0.020183 10.778078 0.000032 -0.083767 0.016816 0.299215 0.527715 10.803625 -10.156290 10.466168 9.639669 9.793248
0.021927 10.859837 0.000043 -0.075476 0.015216 0.302084 0.482647 10.976242 -7.983243 10.619676 9.732111 9.915148
0.024733 10.946462 0.000020 -0.067983 0.013768 0.305844 0.455617 10.999350 -6.013560 10.402184 9.853256 9.824698
0.025987 11.008450 0.000028 -0.061131 0.012458 0.303134 0.435582 11.063174 -4.263915 10.394130 9.765938 9.786021
0.029305 11.070017 0.000022 -0.055069 0.011272 0.302787 0.405192 11.129787 -2.676227 10.566047 9.754760 9.882866
0.054847 11.379304 0.000018 -0.050478 0.010200 0.307676 0.371474 11.649037 -1.200554 10.755185 9.912253 10.053077
0.057806 11.429494 -0.000069 -0.045359 0.018600 0.315267 0.331406 11.326714 0.135306 10.723975 10.156815 10.127145
0.054321 11.408546 0.000012 -0.040486 0.018600 0.319237 0.261333 11.523031 1.311650 10.772126 10.284717 10.209182
0.051359 11.391797 -0.000017 -0.036201 0.018600 0.322734 0.167264 11.328936 2.361792 10.766146 10.397395 10.255230
0.039217 11.271054 0.000030 -0.031996 0.018600 0.324794 0.044554 11.256619 3.284589 10.711106 10.463758 10.256660
0.040499 11.324492 0.000047 -0.028874 0.018600 0.324574 -0.497860 11.400169 4.109958 10.597279 10.456650 10.196597
0.040583 11.371571 0.000019 -0.026079 0.018600 0.321540 -0.394503 11.360848 4.848274 10.296964 10.358924 9.992490
0.039257 11.418540 0.000027 -0.023596 0.018600 0.313294 -0.261342 11.459339 5.499945 10.507594 10.093244 10.021956
0.035947 11.449951 0.000005 -0.021368 0.018600 0.312109 -0.067389 11.478252 6.130758 10.482020 10.055096 9.994487
0.034670 11.493768 0.000007 -0.019260 0.018600 0.309336 0.469768 11.543080 6.703959 10.194234 9.965729 9.793629
0.127853 11.532455 0.000001 -0.017341 0.018600 0.321393 0.347275 11.543704 7.206558 16.614868 10.354175 14.026121
0.308770 11.838632 0.000005 -0.016635 0.018600 0.393338 0.195384 12.615688 8.210880 27.096688 12.671996 17.661346
0.439464 11.830233 -0.000096 -0.012998 0.025897 0.462815 0.015275 12.448602 9.819547 50.115783 14.910297 21.183718
0.541127 11.651538 0.000181 -0.006579 0.048748 0.541717 -1.327349 14.056711 13.045571 71.009444 17.452272 24.163636
0.639629 11.885263 0.000436 0.004167 0.117354 0.606982 -1.208960 14.777073 17.558510 102.611119 19.554863 26.659115
0.722896 12.279728 0.001137 0.018958 0.305728 0.662934 -1.227934 17.460439 24.209219 101.483738 21.357441 28.765785
0.792638 12.895393 0.001137 0.018958 0.305728 0.662934 -1.227934 17.460439 24.209219 30.609977 21.357441 30.609977
0.850213 13.824711 0.001137 0.018958 0.305728 0.662934 -1.227934 17.460439 24.209219 32.263465 21.357441 32.263465
0.895674 15.074661 0.001137 0.018958 0.305728 0.662934 -1.227934 17.460439 24.209219 33.874548 21.357441 33.874548
0.929558 16.489963 0.001137 0.018958 0.305728 0.662934 -1.227934 17.460439 24.209219 35.547345 21.357441 35.547345
0.953915 17.820783 0.001137 0.018958 0.305728 0.662934 -1.227934 17.460439 24.209219 37.390850 21.357441 37.390850
0.971406 18.869940 0.001137 0.018958 0.305728 0.662934 -1.227934 17.460439 24.209219 39.786818 21.357441 39.786818
0.984390 19.626727 0.001137 0.018958 0.305728 0.662934 -1.227934 17.460439 24.209219 43.869734 21.357441 43.869734
0.994391 20.204571 0.001137 0.018958 0.305728 0.662934 -1.227934 17.460439 24.209219 55.909689 21.357441 55.909689
