0.000000 -0.002188 0.000000 0.000000 0.000000 0.000000 0.000000 0.000000 0.000000 5.471185 0.000000 5.471185
0.000000 -0.003865 0.000000 0.000000 0.000000 0.000000 0.000000 0.000000 0.000000 5.471316 0.000000 5.471316
0.000000 0.001723 0.000000 0.000000 0.000000 0.000000 0.000000 0.000000 0.000000 5.471642 0.000000 5.471642
0.000000 0.091376 0.000000 0.000000 0.000000 0.000000 0.000000 0.000000 0.000000 5.471682 0.000000 5.471682
0.000000 0.249293 0.000000 0.000000 0.000000 0.000000 0.000000 0.000000 0.000000 5.471558 0.000000 5.471558
0.000000 0.338493 0.000000 0.000000 0.000000 0.000000 0.000000 0.000000 0.000000 5.471623 0.000000 5.471623
0.000000 0.355718 0.000000 0.000000 0.000000 0.000000 0.000000 0.000000 0.000000 5.471379 0.000000 5.471379
0.000000 0.394130 0.000000 0.000000 0.000000 0.000000 0.000000 0.000000 0.000000 5.469445 0.000000 5.469445
0.000000 0.468163 0.000000 0.000000 0.000000 0.000000 0.000000 0.000000 0.000000 5.466572 0.000000 5.466572
0.000000 0.546863 0.000000 0.000000 0.000000 0.000000 0.000000 0.000000 0.000000 5.465528 0.000000 5.465528
0.000000 0.629047 0.000000 0.000000 0.000000 0.000000 0.000000 0.000000 0.000000 5.466940 0.000000 5.466940
0.000000 0.723279 0.000000 0.000000 0.000000 0.000000 0.000000 0.000000 0.000000 5.470793 0.000000 5.470793
0.000000 0.819941 0.000000 0.000000 0.000000 0.000000 0.000000 0.000000 0.000000 5.472347 0.000000 5.472347
0.000000 0.922763 0.000000 0.000000 0.000000 0.000000 0.000000 0.000000 0.000000 5.470732 0.000000 5.470732
0.256042 1.040010 0.000000 0.000000 0.000000 0.000000 0.000000 0.000000 0.000000 5.473395 0.000000 5.473395
0.202120 1.166895 0.000000 0.000000 0.000000 0.000000 0.000000 0.000000 0.000000 5.478466 0.000000 5.478466
0.190932 1.303135 0.000000 0.000000 0.000000 0.000000 0.000000 0.000000 0.000000 5.481954 0.000000 5.481954
0.196358 1.431421 0.000000 0.000000 0.000000 0.000000 0.000000 0.000000 0.000000 5.480645 0.000000 5.480645
0.214953 1.560490 0.000000 0.000000 0.000000 0.000000 0.000000 0.000000 0.000000 5.475626 0.000000 5.475626
0.223632 1.698849 0.000000 0.000000 0.000000 0.000000 0.000000 0.000000 0.000000 5.476753 0.000000 5.476753
0.234936 1.873942 0.000000 0.000000 0.000000 0.000000 0.000000 0.000000 0.000000 5.476293 0.000000 5.476293
0.219640 1.968261 0.000000 0.000000 0.000000 0.000000 0.000000 0.000000 0.000000 5.469949 0.000000 5.469949
0.196635 2.017273 0.000000 0.000000 0.000000 0.000000 0.000000 0.000000 0.000000 5.464669 0.000000 5.464669
0.205258 2.127334 0.000000 0.000000 0.000000 0.000000 0.000000 0.000000 0.000000 5.460247 0.000000 5.460247
0.193279 2.234731 0.000000 0.000000 0.000000 0.000000 0.000000 0.000000 0.000000 5.458685 0.000000 5.458685
0.166262 2.342411 0.000000 0.000000 0.000000 0.000000 0.000000 0.000000 0.000000 5.460360 0.000000 5.460360
0.156971 2.464113 0.000000 0.000000 0.000000 0.000000 0.000000 0.000000 0.000000 5.460372 0.000000 5.460372
0.154964 2.584407 0.000000 0.000000 0.000000 0.000000 0.000000 0.000000 0.000000 5.459630 0.000000 5.459630
0.143032 2.702004 0.000000 0.000000 0.000000 0.000000 0.000000 0.000000 0.000000 5.460134 0.000000 5.460134
0.126074 2.811409 0.000000 0.000000 0.000000 0.000000 0.000000 0.000000 0.000000 5.460371 0.000000 5.460371
0.111432 2.909899 0.000000 0.000000 0.000000 0.000000 0.000000 0.000000 0.000000 5.461782 0.000000 5.461782
0.102045 3.016950 0.000000 0.000000 0.000000 0.000000 0.000000 0.000000 0.000000 5.462670 0.000000 5.462670
0.095066 3.127124 0.000000 0.000000 0.000000 0.000000 0.000000 0.000000 0.000000 5.461612 0.000000 5.461612
0.090178 3.261037 0.000000 0.000000 0.000000 0.000000 0.000000 0.000000 0.000000 5.462800 0.000000 5.462800
0.077335 3.364283 0.000000 0.000000 0.000000 0.000000 0.000000 0.000000 0.000000 5.462151 0.000000 5.462151
0.062768 3.442922 0.000000 0.000000 0.000000 0.000000 0.000000 0.000000 0.000000 5.461272 0.000000 5.461272
0.059420 3.550969 0.000000 0.000000 0.000000 0.000000 0.000000 0.000000 0.000000 5.462500 0.000000 5.462500
0.060036 3.663642 0.000000 0.000000 0.000000 0.000000 0.000000 0.000000 0.000000 5.461509 0.000000 5.461509
0.057557 3.773781 0.000000 0.000000 0.000000 0.000000 0.000000 0.000000 0.000000 5.462229 0.000000 5.462229
0.055191 3.890228 0.000000 0.000000 0.000000 0.000000 0.000000 0.000000 0.000000 5.465163 0.000000 5.465163
0.054526 3.998069 0.000000 0.000000 0.000000 0.000000 0.000000 0.000000 0.000000 5.467731 0.000000 5.467731
0.056160 4.097552 0.000000 0.000000 0.000000 0.000000 0.000000 4.097552 4.097552 5.466559 0.000000 5.466559
0.059087 4.206284 0.000000 -0.000693 0.000000 0.279931 0.000000 4.703673 4.518827 5.464181 5.849617 5.464181
0.062211 4.321847 -0.000066 0.001256 0.017735 0.154164 0.000066 3.987449 -2462.686561 5.463799 3.221507 5.463799
0.058451 4.424265 0.000172 -15.725905 0.046231 0.201830 1.572448 4.942059 -2215.807138 5.464985 4.217574 5.464985
0.052602 4.519327 -0.000109 -14.152848 0.046231 0.182012 1.323242 4.274791 -1993.680842 5.464390 3.803438 5.464390
0.054331 4.623786 0.000157 -12.737632 0.046231 0.188802 1.070693 5.027678 -1793.725683 5.461060 3.945341 5.461060
0.057210 4.735911 -0.000069 -11.463789 0.046231 0.188503 0.878170 4.616290 -1613.765731 5.460395 3.939089 5.460395
0.058806 4.846323 0.000114 -10.317388 0.046231 0.190185 0.745913 5.144562 -1451.790313 5.457783 3.974237 5.457783
0.052515 4.933213 -0.000036 -9.285475 0.046231 0.190688 0.655815 4.875512 -1306.006583 5.458528 3.984745 5.458528
0.047318 5.035625 0.000096 -8.356871 0.046231 0.188019 0.624485 5.274360 -1174.791718 8.208423 3.928963 8.208423
0.044802 5.130198 -0.000011 -7.521081 0.046231 0.343251 0.480128 5.336150 -1056.478246 8.005595 7.172807 8.005595
0.042043 5.226397 0.000078 -6.767538 0.046231 0.303201 0.238427 5.201117 -950.245260 7.894226 6.335901 7.894226
0.046135 5.365335 0.000137 -6.091271 0.046231 0.302567 -0.055512 5.613701 -854.567209 7.820580 6.322638 7.820580
0.072872 5.621838 0.000024 -5.483034 0.046231 0.296388 2.166677 5.740806 -768.435846 7.725494 6.193534 7.725494
0.082623 5.762733 0.000017 -4.934911 0.041832 0.294768 1.867712 5.895286 -690.900976 7.602584 6.159664 7.602584
0.075226 5.801558 0.000002 -4.440935 0.037851 0.294605 1.592114 5.834902 -621.122396 7.493028 6.156260 7.493028
0.083619 5.947575 0.000059 -3.997081 0.034249 0.292054 1.356688 6.138072 -558.315040 7.397048 6.102967 7.397048
0.089346 6.116821 -0.000015 -3.597812 0.030990 0.287910 1.146363 6.196974 -501.774701 7.231803 6.016369 7.231803
0.082458 6.254741 -0.000001 -3.238291 0.028041 0.273512 0.958186 6.392203 -450.880508 7.111517 5.715482 7.111517
0.072314 6.360734 -0.000036 -2.914556 0.025372 0.258259 0.771494 6.440366 -405.051577 7.061220 5.396748 7.061220
0.067144 6.491711 -0.000013 -2.623267 0.022958 0.247726 0.525182 6.657748 -363.772287 6.876381 5.176646 6.876381
0.090497 6.845729 -0.000043 -2.362400 0.020773 0.229466 0.183500 7.123721 -326.582878 6.644985 4.795071 6.644985
0.076100 6.919673 -0.000153 -2.125818 0.041164 0.213347 -0.516969 6.895317 -293.093741 6.456304 4.458243 6.456304
0.041329 6.819822 -0.000015 -1.911715 0.041164 0.204079 0.046969 6.909430 -262.952380 6.205428 4.264569 6.205428
0.045514 6.976372 0.000032 -1.720585 0.041164 0.194353 -4.676870 7.175636 -235.813795 5.856673 4.061341 5.856673
0.048922 7.126943 -0.000011 -1.548558 0.041164 0.182345 -4.181827 7.222773 -211.384936 5.629678 3.810413 5.629678
0.050153 7.262090 0.000019 -1.393704 0.041164 0.175222 -3.761973 7.430126 -189.383652 5.538672 3.661555 5.538672
0.059111 7.442103 -0.000006 -1.254611 0.041164 0.174202 -3.386440 7.592609 -169.560152 5.270384 3.640234 5.270384
0.061811 7.559284 -0.000013 -1.128998 0.041164 0.168584 -3.050342 7.655007 -151.725825 4.902947 3.522843 4.902947
0.054356 7.623092 0.000008 -1.015725 0.041164 0.158473 -2.772272 7.701171 -135.687322 4.652985 3.311562 4.652985
0.051579 7.748123 0.000027 -0.914289 0.041164 0.147247 -2.548110 7.886391 -121.243070 4.469588 3.076968 4.469588
0.050011 7.875996 -0.000004 -0.823033 0.041164 0.136691 -2.344790 7.972230 -108.226612 4.272124 2.856396 4.272124
0.040930 7.938405 0.000003 -0.740461 0.041164 0.125910 -2.150635 8.017631 -96.503825 4.163897 2.631100 4.163897
0.030769 7.970512 0.000023 -0.665942 0.037246 0.119530 -1.955028 8.047892 -85.941316 4.172200 2.497779 4.059433
0.028521 8.047003 0.000049 -0.599102 0.033702 0.120222 -1.746921 8.172000 -76.416777 4.010775 2.512235 3.874534
0.027887 8.132207 0.000045 -0.538934 0.030495 0.118054 -1.544285 8.212876 -67.849375 3.936456 2.466945 3.743973
0.027804 8.217707 0.000065 -0.484868 0.027593 0.118455 -1.356860 8.331896 -60.132343 3.863214 2.475314 3.634780
0.029975 8.312543 0.000056 -0.436283 0.024967 0.119661 -1.176276 8.401258 -53.183658 3.615750 2.500526 3.416909
0.029216 8.379675 0.000062 -0.392418 0.022591 0.115277 -1.010394 8.446135 -46.943599 2.927830 2.408910 2.874421
0.025973 8.422674 0.000069 -0.352917 0.020441 0.093936 -0.872877 8.442864 -41.368014 2.464511 1.962950 2.394538
0.023209 8.459643 0.000077 -0.317612 0.020726 0.075238 -0.756021 8.510721 -36.347593 2.003212 1.572223 1.935813
0.021462 8.494788 0.000060 -0.285835 0.020726 0.057550 -0.651477 8.514398 -31.830999 1.573416 1.202603 1.508661
0.020562 8.549702 0.000064 -0.257395 0.020726 0.040796 -0.558258 8.605783 -27.765090 1.074117 0.852499 1.045001
0.020412 8.625169 0.000036 -0.231959 0.020726 0.019918 -0.475521 8.657315 -24.109426 0.582264 0.416225 0.563015
0.012509 8.622910 0.000021 -0.208643 0.020726 -0.002598 -0.409052 8.607852 -20.823727 0.099171 -0.054291 0.077303
0.002155 8.595050 0.000040 -0.187522 0.020726 -0.024949 -0.362167 8.596329 -17.870328 -0.244182 -0.521344 -0.315888
-0.002040 8.612427 0.000044 -0.168807 0.020726 -0.042693 -0.335547 8.646114 -15.201245 -0.575007 -0.892148 -0.670634
-0.006851 8.610537 0.000030 -0.151782 0.020726 -0.057590 -0.283881 8.605885 -12.796257 -1.028648 -1.203445 -1.084953
-0.010158 8.608746 0.000049 -0.136440 0.020726 -0.074592 -0.220618 8.624158 -10.642634 -1.502243 -1.558726 -1.523013
-0.011518 8.611385 0.000042 -0.122729 0.020726 -0.091894 -0.169272 8.605407 -8.712992 -1.992847 -1.920274 -1.970490
-0.011770 8.618993 0.000046 -0.110478 0.020726 -0.109414 -0.199323 8.624413 -6.985242 -2.437475 -2.286388 -2.385424
-0.011165 8.635976 0.000033 -0.099573 0.018754 -0.125876 -0.297325 8.633884 -5.434463 -2.832568 -2.630399 -2.757951
-0.013098 8.643024 0.000023 -0.089733 0.016969 -0.141727 -0.370911 8.635159 -4.041892 -3.123156 -2.961620 -3.056634
-0.015858 8.639347 0.000015 -0.080833 0.015354 -0.155485 -0.394488 8.630570 -2.785895 -3.627563 -3.249120 -3.481340
0.008790 8.852076 0.000011 -0.074183 0.013893 -0.174489 -0.377513 9.000869 -1.650510 -4.058702 -3.646238 -3.888940
0.003706 8.791592 -0.000124 -0.066560 0.033359 -0.191716 -0.363926 8.593204 -0.637265 -4.362171 -4.006238 -4.201527
-0.015593 8.595169 0.000015 -0.058850 0.033359 -0.204082 -0.313509 8.570020 0.259256 -4.628744 -4.264636 -4.455994
-0.016453 8.551217 0.000012 -0.052855 0.033359 -0.212429 -0.190092 8.508840 1.061117 -4.808924 -4.439068 -4.625110
-0.023433 8.449751 0.000022 -0.047097 0.033359 -0.217046 0.171920 8.374713 1.772213 -5.206543 -4.535541 -4.915473
-0.022728 8.407417 0.000056 -0.042294 0.033359 -0.227595 -0.372692 8.383205 2.385358 -5.569177 -4.755986 -5.213968
-0.025113 8.342711 0.000031 -0.037973 0.033359 -0.239709 -0.125723 8.249265 2.920043 -5.815670 -5.009130 -5.440761
-0.032527 8.264888 0.000053 -0.034069 0.033359 -0.250634 0.362279 8.216835 3.393976 -5.738442 -5.237425 -5.436228
-0.029120 8.282051 0.000038 -0.031158 0.033359 -0.252486 0.128745 8.296610 3.845170 -5.894383 -5.276124 -5.546465
-0.038752 8.170899 -0.000005 -0.027573 0.033359 -0.259585 -0.947779 8.023914 4.231327 -6.445564 -5.424461 -5.966872
-0.059727 7.974719 0.000072 -0.023861 0.033359 -0.283364 -0.715683 7.858704 4.529007 -6.632527 -5.921364 -6.208312
-0.067599 7.898472 0.000095 -0.021478 0.033359 -0.297698 -0.504204 7.876895 4.812563 -6.689557 -6.220896 -6.311245
-0.068273 7.828924 0.000061 -0.019227 0.030184 -0.302968 -0.241308 7.755362 5.079014 -6.475357 -6.331024 -6.170057
-0.070122 7.707624 0.000085 -0.016755 0.027312 -0.289286 0.265191 7.658597 5.331039 -6.079452 -6.045121 -5.806551
-0.077963 7.549589 0.000106 -0.014142 0.028403 -0.262519 -0.242736 7.459805 5.550317 -5.931180 -5.485766 -5.586642
-0.083627 7.415586 0.000162 -0.011890 0.043479 -0.245181 0.404449 7.346772 5.703404 -5.952596 -5.123464 -5.533241
-0.089658 7.288350 0.000173 -0.010103 0.046552 -0.238709 -0.209679 7.179365 5.799652 -5.889734 -4.988222 -5.439092
-0.096323 7.159858 0.000192 -0.008670 0.051649 -0.233189 0.744671 7.076571 5.867991 -5.858633 -4.872866 -5.374610
-0.102870 7.033275 0.000186 -0.007428 0.051649 -0.230247 0.421547 6.924632 5.910513 -5.964189 -4.811403 -5.436310
-0.110824 6.908406 0.000194 -0.006361 0.052224 -0.235379 0.110539 6.808880 5.923757 -6.142768 -4.918629 -5.578310
-0.111581 6.822016 0.000186 -0.005726 0.052224 -0.244762 -0.228873 6.740622 5.921680 -6.162784 -5.114705 -5.581589
-0.098503 6.799255 0.000160 -0.005594 0.052224 -0.242383 -0.367214 6.767476 5.930753 -5.776526 -5.064993 -5.204612
-0.083591 6.783286 0.000109 -0.005434 0.052224 -0.217760 -0.528444 6.742517 5.962588 -5.277136 -4.550457 -4.696964
-0.073917 6.737938 0.000089 -0.004942 0.052224 -0.187892 -0.544877 6.679719 5.985568 -4.725388 -3.926317 -4.130300
-0.066650 6.684243 0.000083 -0.004454 0.052224 -0.157498 -0.420969 6.627872 5.995445 -4.130007 -3.291178 -3.520852
-0.062167 6.619244 0.000073 -0.003976 0.052224 -0.128031 -0.019054 6.549366 5.994850 -3.654424 -2.675422 -3.019606
-0.059339 6.550610 0.000071 -0.003543 0.052224 -0.109267 13.300347 6.478106 5.976927 -3.255904 -2.283315 -2.605327
-0.049788 6.520529 0.000064 -0.003465 0.052224 -0.091870 11.947516 6.481451 5.958270 -2.878019 -1.919769 -2.213590
-0.038997 6.477651 0.000032 -0.003311 0.052224 -0.073520 10.727671 6.402670 5.938268 -2.672698 -1.536333 -1.975122
-0.013985 6.532788 0.000031 -0.003790 0.052224 -0.060961 9.633870 6.551570 5.912407 -2.640764 -1.273876 -1.890590
-0.010285 6.466016 -0.000051 -0.003529 0.047254 -0.058502 8.670168 6.294954 5.865149 -2.560263 -1.222490 -1.784561
-0.023547 6.311291 0.000006 -0.002844 0.042757 -0.058711 7.823589 6.223928 5.809329 -2.349710 -1.226861 -1.568417
-0.017312 6.287962 -0.000005 -0.003051 0.038688 -0.054211 7.076062 6.254892 5.772895 -2.018910 -1.132822 -1.245244
-0.011024 6.266450 -0.000043 -0.003146 0.035007 -0.043993 6.402048 6.209173 5.755727 -1.683381 -0.919316 -0.916998
0.016307 6.383376 -0.000046 -0.004001 0.031675 -0.032317 5.784906 6.465376 5.761130 -1.323909 -0.675318 -0.570945
0.011611 6.296713 -0.000147 -0.003414 0.039580 -0.020030 5.219184 6.113090 5.765995 -1.005182 -0.418571 -0.263842
0.011376 6.245753 -0.000031 -0.003058 0.039580 -0.008774 4.687867 6.307844 5.769931 -0.751950 -0.183349 -0.019784
0.009309 6.190313 -0.000108 -0.002680 0.039580 -0.000516 4.197736 6.053601 5.769281 -0.549480 -0.010783 0.172083
-0.009378 6.045213 -0.000027 -0.001759 0.039580 0.004657 3.740618 5.998059 5.756432 -0.365166 0.097311 0.342179
-0.007058 6.039686 -0.000019 -0.001806 0.039580 0.008633 3.323242 6.038268 5.750037 -0.150220 0.180395 0.535756
0.013239 6.146950 -0.000043 -0.002530 0.039580 0.014272 2.937267 6.209074 5.764907 0.019792 0.298240 0.684460
0.008042 6.105262 -0.000104 -0.002169 0.039580 0.017671 2.578702 6.001308 5.778038 0.155906 0.369263 0.796802
-0.015653 5.958612 -0.000032 -0.001151 0.039580 0.019263 2.246845 5.908437 5.780078 0.287195 0.402525 0.902555
-0.010963 5.983521 -0.000003 -0.001297 0.039580 0.021506 1.942214 6.034930 5.791764 0.475403 0.449394 1.058297
-0.005246 6.004208 -0.000048 -0.001354 0.039580 0.027869 1.659766 5.981583 5.814961 0.653638 0.582376 1.204377
0.001989 6.023454 -0.000025 -0.001329 0.039580 0.036265 1.386969 6.062300 5.841160 0.733754 0.757828 1.262103
0.005634 6.027832 -0.000048 -0.001190 0.035813 0.041338 1.149785 5.998450 5.858020 0.875153 0.863817 1.376900
0.009891 6.028942 -0.000022 -0.001089 0.032405 0.049117 0.979669 6.054187 5.875963 1.004382 1.026389 1.484008
0.014060 6.046797 -0.000039 -0.001089 0.029322 0.056618 0.853035 6.039233 5.891394 1.393431 1.183126 1.835436
0.015551 6.067640 -0.000031 -0.001123 0.026531 0.072760 0.742472 6.106155 5.924808 1.514040 1.520433 1.940137
0.019696 6.095387 -0.000045 -0.001087 0.024006 0.076152 0.538863 6.086292 5.941385 1.136044 1.591332 1.573691
0.026634 6.140594 -0.000034 -0.001270 0.021722 0.056493 0.430981 6.149854 5.927125 0.836762 1.180521 1.267384
0.046298 6.268692 -0.000064 -0.002177 0.019655 0.040497 0.567679 6.337955 5.935474 0.596039 0.846255 1.015908
0.051151 6.302002 -0.000130 -0.002336 0.034892 0.027821 0.789347 6.254454 5.953342 0.403043 0.581362 0.809733
0.045940 6.268608 -0.000096 -0.002010 0.034892 0.017850 1.163415 6.266544 5.971481 0.250652 0.373011 0.642491
0.053879 6.322066 -0.000095 -0.002235 0.034892 0.010161 1.399620 6.357298 5.997354 1.145650 0.212324 1.449491
0.057838 6.373509 -0.000120 -0.002398 0.034892 0.050295 1.559950 6.456548 6.105039 1.266254 1.051003 1.564913
0.057399 6.426486 -0.000118 -0.002049 0.034892 0.052047 1.641981 6.418597 6.153344 1.476428 1.087609 1.736229
0.055899 6.479005 -0.000089 -0.002076 0.034892 0.054467 1.626363 6.556522 6.215100 1.925066 1.138179 2.117454
0.054575 6.526375 -0.000117 -0.001984 0.034892 0.068102 1.498920 6.561334 6.305303 2.343643 1.423102 2.476085
0.052823 6.587167 -0.000087 -0.001797 0.034892 0.081939 1.231458 6.676943 6.402599 2.529157 1.712249 2.622813
0.048345 6.642472 -0.000095 -0.001529 0.034892 0.084559 0.858135 6.676225 6.487916 2.639605 1.767001 2.683153
0.044499 6.702049 -0.000065 -0.001365 0.034892 0.083964 0.331785 6.788219 6.574840 2.795374 1.754571 2.773016
0.042223 6.773964 -0.000074 -0.001269 0.034892 0.085977 -0.868525 6.840699 6.672891 2.892012 1.796634 2.813314
0.038902 6.844435 -0.000059 -0.001093 0.031572 0.086433 -0.332548 6.929660 6.772281 2.919022 1.806163 2.789193
0.036385 6.919060 -0.000055 -0.000936 0.028567 0.084055 0.630711 6.994128 6.870507 2.940179 1.756468 2.751725
0.035943 6.989218 -0.000044 -0.000757 0.025849 0.083518 0.177531 7.074158 6.971245 2.740928 1.745253 2.538079
0.034075 7.055880 -0.000036 -0.000539 0.023389 0.076199 -0.724917 7.116008 7.054459 2.730206 1.592297 2.463310
0.031928 7.126010 -0.000022 -0.000456 0.021163 0.074765 -0.552023 7.219441 7.147043 2.792155 1.562337 2.465890
0.032738 7.208658 -0.000026 -0.000393 0.019149 0.077457 -0.402152 7.292360 7.245533 2.741085 1.618589 2.393606
0.033659 7.285404 -0.000017 -0.000254 0.017327 0.076988 -0.261140 7.364110 7.333792 2.655867 1.608784 2.287385
0.035049 7.358086 -0.000011 -0.000155 0.015678 0.075558 -0.119055 7.431876 7.414831 2.507241 1.578912 2.132280
0.052508 7.562812 -0.000006 -0.000943 0.014186 0.071001 -0.015080 7.737254 7.499323 2.574984 1.483691 2.137053
0.049157 7.605647 -0.000085 -0.000678 0.022904 0.074306 -0.006573 7.582291 7.591885 2.798043 1.552750 2.293305
0.032967 7.534866 0.000003 0.000363 0.022904 0.084225 6.051144 7.590417 7.679673 2.999475 1.760033 2.460862
0.034799 7.590471 0.000031 0.000569 0.022904 0.096461 5.431069 7.683565 7.763804 2.913146 2.015715 2.423824
0.033274 7.648321 0.000028 0.000736 0.022904 0.098250 4.867740 7.687500 7.819631 2.681149 2.053102 2.239368
0.029560 7.721429 0.000047 0.000626 0.022904 0.088292 4.365378 7.795722 7.856961 2.652931 1.845019 2.155770
0.028054 7.803259 0.000022 0.000342 0.022904 0.081671 3.919402 7.869942 7.912245 2.639256 1.706648 2.093941
0.028866 7.903048 0.000015 0.000059 0.022904 0.076589 3.519447 7.999548 7.981341 2.642881 1.600458 2.048800
0.023749 7.952147 -0.000006 0.000186 0.022904 0.073174 3.161382 7.992486 8.056681 2.756650 1.529097 2.088572
0.021587 8.013499 0.000023 0.000275 0.022904 0.075364 2.834346 8.122468 8.144522 2.609382 1.574866 1.970918
0.020963 8.085721 0.000008 0.000375 0.022904 0.070903 2.537605 8.133990 8.216308 2.539912 1.481632 1.875502
0.020016 8.140553 0.000030 0.000483 0.022904 0.068369 2.274710 8.225253 8.288183 2.511500 1.428681 1.820884
0.023637 8.221447 0.000023 0.000425 0.020725 0.069386 2.038338 8.299695 8.362802 2.249159 1.449933 1.627186
0.023187 8.295455 0.000023 0.000429 0.018752 0.062839 1.834308 8.352065 8.416069 2.111120 1.313119 1.481091
0.023710 8.392452 0.000023 0.000151 0.016968 0.055778 1.659660 8.484671 8.473618 1.886949 1.165576 1.273592
0.021344 8.463799 -0.000003 0.000063 0.015353 0.044845 1.501022 8.501259 8.526793 1.533538 0.937114 0.956183
0.013005 8.491218 0.000010 0.000227 0.013892 0.028103 1.360465 8.527962 8.568012 1.526674 0.587267 0.832788
0.015931 8.592479 0.000015 -0.000156 0.012570 0.021168 1.231933 8.714618 8.640985 1.417635 0.442339 0.699748
0.014149 8.633956 -0.000026 0.000045 0.011374 0.016690 1.106412 8.642646 8.713502 1.404918 0.348764 0.646691
0.014261 8.683951 0.000026 0.000188 0.010292 0.017304 0.988967 8.796285 8.789838 1.527191 0.361593 0.716363
0.020722 8.761104 -0.000002 0.000183 0.009312 0.025512 0.874090 8.820466 8.874472 1.431546 0.533109 0.697989
0.022691 8.795319 0.000020 0.000505 0.008426 0.030775 0.764526 8.842651 8.934007 1.432667 0.643103 0.729765
0.030404 8.895326 0.000033 0.000247 0.008882 0.036890 0.670647 8.996742 8.989415 1.367214 0.770869 0.728946
0.031419 8.941817 -0.000002 0.000303 0.008882 0.039544 0.586390 8.942648 9.029426 1.239296 0.826341 0.668779
0.028861 8.968926 0.000031 0.000386 0.008882 0.037162 0.517633 9.020951 9.054379 1.216156 0.776560 0.643493
0.025072 9.006413 0.000013 0.000306 0.008882 0.034282 0.464097 9.027784 9.082585 1.098347 0.716372 0.553184
0.018478 9.027860 0.000020 0.000349 0.008882 0.026281 0.417731 9.056598 9.105789 0.909972 0.549175 0.380480
0.021183 9.124817 0.000018 -0.000121 0.008882 0.014166 0.379677 9.206480 9.134779 0.836083 0.296021 0.246865
0.019397 9.171837 -0.000025 -0.000236 0.008882 0.005555 0.352781 9.184669 9.179030 0.826114 0.116077 0.174255
0.020605 9.239787 -0.000002 -0.000387 0.008882 0.001300 0.332553 9.337189 9.238412 0.857476 0.027161 0.156409
0.022990 9.309332 -0.000035 -0.000452 0.009366 0.001099 0.312150 9.349382 9.307840 0.875025 0.022961 0.159339
0.017638 9.311348 -0.000015 -0.000022 0.009366 0.002755 0.284986 9.344889 9.372159 0.961353 0.057562 0.218863
0.018602 9.363009 0.000010 0.000058 0.009366 0.006876 0.243011 9.445358 9.439096 0.850727 0.143686 0.178351
0.021297 9.430281 -0.000002 0.000056 0.009366 0.006767 0.173754 9.471300 9.491296 0.516578 0.141416 -0.025340
0.020890 9.492164 0.000007 -0.000006 0.009366 -0.002874 0.120781 9.537021 9.519548 0.336953 -0.060063 -0.205815
0.048228 9.834893 -0.000006 -0.002010 0.009366 -0.013444 0.107713 10.102996 9.580889 0.088947 -0.280935 -0.435851
0.039114 9.799467 -0.000186 -0.001393 0.050065 -0.025511 0.131411 9.584412 9.630515 -0.179453 -0.533089 -0.690213
0.003356 9.505456 0.000016 0.000797 0.050065 -0.037477 0.089593 9.468840 9.644559 0.046180 -0.783146 -0.653830
0.004282 9.565354 0.000062 0.000505 0.050065 -0.035703 0.175281 9.704827 9.698900 0.221143 -0.746074 -0.542484
0.007858 9.643766 -0.000002 0.000351 0.050065 -0.029154 -0.148180 9.667531 9.766001 0.160414 -0.609212 -0.530047
0.007779 9.676884 0.000035 0.000568 0.050065 -0.027348 0.534794 9.742147 9.814869 0.019961 -0.571478 -0.599182
0.008809 9.705755 0.000026 0.000696 0.050065 -0.028246 0.266031 9.721044 9.848360 -0.035998 -0.590243 -0.638107
0.051114 10.174012 0.000045 -0.002076 0.050065 -0.028454 -0.052328 10.577997 9.922535 0.118604 -0.594586 -0.548703
0.042079 10.123954 -0.000234 -0.001284 0.062815 -0.023431 1.226910 9.814263 9.996220 0.137257 -0.489630 -0.495372
0.000455 9.760463 0.000064 0.001503 0.062815 -0.020578 0.990931 9.764487 10.019708 0.274445 -0.430021 -0.391312
0.000946 9.832243 0.000091 0.001195 0.062815 -0.017459 0.713064 9.939336 10.053849 0.206020 -0.364834 -0.403535
-0.001726 9.866492 0.000041 0.001194 0.062815 -0.019957 0.311352 9.851073 10.077970 0.143941 -0.417035 -0.459465
0.001361 9.953474 0.000081 0.000794 0.062815 -0.024055 -0.503781 10.077510 10.107636 0.282868 -0.502665 -0.417567
0.000203 9.999275 0.000011 0.000691 0.062815 -0.022775 0.059317 9.995660 10.155774 0.654175 -0.475916 -0.203396
-0.003951 10.016727 0.000058 0.000886 0.062815 -0.011209 -4.956380 10.118421 10.226711 1.084130 -0.234230 0.130146
-0.004594 10.056933 0.000039 0.001082 0.062815 0.005324 -4.378159 10.106718 10.308709 0.899321 0.111246 0.163984
-0.003506 10.097213 0.000073 0.001348 0.062815 0.008060 -3.830388 10.148774 10.346724 0.271239 0.168418 -0.159713
-0.000673 10.157071 0.000072 0.001209 0.062815 -0.006141 -3.344564 10.171428 10.335478 0.341867 -0.128335 -0.239761
0.014020 10.346358 0.000060 -0.000069 0.062815 -0.009012 -2.938694 10.521603 10.371866 0.793856 -0.188326 -0.015626
0.014474 10.369503 -0.000052 0.000015 0.056837 0.003640 -2.573661 10.321561 10.445368 0.448489 0.076067 -0.090939
0.005651 10.280468 0.000045 0.001051 0.051428 0.002422 -2.251148 10.275554 10.456837 -0.140773 0.050616 -0.414852
0.010825 10.336724 0.000066 0.000766 0.046534 -0.011277 -2.005922 10.371293 10.430457 -0.380347 -0.235642 -0.653580
0.016464 10.398074 0.000023 0.000206 0.042106 -0.021080 -1.843358 10.408636 10.416355 -0.573084 -0.440511 -0.831956
0.022600 10.484559 0.000004 -0.000435 0.038099 -0.028945 -1.746027 10.535345 10.413223 -0.344336 -0.604848 -0.764549
0.021592 10.512779 -0.000042 -0.000635 0.034473 -0.026698 -1.672342 10.514285 10.442736 -0.154104 -0.557899 -0.632605
0.015689 10.500550 -0.000025 -0.000369 0.031193 -0.022551 -1.576201 10.519877 10.478833 -0.256525 -0.471244 -0.644022
0.012806 10.531735 -0.000014 -0.000337 0.028224 -0.026680 -1.458585 10.557341 10.500243 -0.058684 -0.557516 -0.570251
0.011587 10.563379 -0.000020 -0.000402 0.025539 -0.026101 -1.322978 10.605659 10.544007 0.088887 -0.545419 -0.485463
0.011141 10.596472 -0.000022 -0.000334 0.023108 -0.023190 -1.172466 10.636742 10.596874 -0.136262 -0.484604 -0.579118
0.009165 10.634071 -0.000014 -0.000237 0.020909 -0.029041 -1.026285 10.658085 10.626745 -0.336325 -0.606865 -0.737901
0.006545 10.672372 -0.000011 -0.000291 0.018919 -0.038819 -0.900092 10.704113 10.651619 -0.540417 -0.811195 -0.935866
0.005953 10.714517 -0.000019 -0.000401 0.017119 -0.050008 -0.789775 10.743170 10.678237 -0.730314 -1.045007 -1.140835
0.007845 10.753614 -0.000023 -0.000480 0.015490 -0.059555 -0.704077 10.785595 10.709400 -0.944495 -1.244509 -1.343417
0.009644 10.794082 -0.000027 -0.000540 0.014016 -0.067223 -0.645604 10.823396 10.740392 -0.894247 -1.404731 -1.389549
0.008765 10.839762 -0.000030 -0.000633 0.012682 -0.068283 -0.620669 10.891179 10.788654 -0.318187 -1.426881 -1.103118
0.006723 10.882678 -0.000037 -0.000599 0.011475 -0.054844 -0.585625 10.959112 10.881291 0.178205 -1.146050 -0.726917
0.004264 10.919331 -0.000028 -0.000242 0.010383 -0.037449 -0.509688 10.986925 10.984514 0.143313 -0.782558 -0.586942
0.003101 10.968169 -0.000001 0.000104 0.009395 -0.031919 -0.401152 11.022675 11.052389 0.019785 -0.667008 -0.602181
0.002161 11.011392 0.000010 0.000261 0.008501 -0.033418 -0.290256 11.053926 11.099850 0.354347 -0.698333 -0.451592
0.001959 11.052348 0.000016 0.000303 0.007692 -0.025715 -0.179602 11.130116 11.174130 0.433072 -0.537348 -0.343787
0.006579 11.144803 0.000015 0.000187 0.006960 -0.019410 -0.036969 11.229408 11.244052 0.356661 -0.405614 -0.325715
0.007130 11.193060 0.000005 0.000325 0.006298 -0.017617 0.440798 11.221210 11.296181 0.461576 -0.368133 -0.258329
0.004404 11.208157 0.000027 0.000561 0.007152 -0.013276 0.365173 11.260005 11.349669 0.059775 -0.277420 -0.418049
0.004524 11.265323 0.000032 0.000538 0.008600 -0.021132 0.295983 11.294893 11.366549 -0.341016 -0.441594 -0.692746
0.006144 11.340040 0.000026 0.000169 0.008600 -0.035309 0.257607 11.383709 11.371449 -0.291124 -0.737838 -0.806408
0.008130 11.397408 -0.000004 -0.000165 0.008600 -0.040968 0.252177 11.441904 11.407582 -0.410019 -0.856094 -0.921712
0.010722 11.445204 -0.000012 -0.000240 0.008600 -0.045121 0.260124 11.481334 11.444834 -0.498495 -0.942883 -1.006205
0.018798 11.549072 -0.000013 -0.000664 0.008600 -0.047093 0.280447 11.636624 11.488620 -0.407751 -0.984083 -0.979703
0.020678 11.587531 -0.000053 -0.000630 0.014185 -0.043220 0.296575 11.591525 11.541779 -2.218574 -0.903164 -1.825125
0.018184 11.585940 -0.000018 -0.000281 0.014185 -0.084392 0.308036 11.482718 11.447441 -1.770174 -1.763511 -2.002391
0.017439 11.624250 -0.000013 -0.001127 0.014185 -0.093260 0.280448 11.736975 11.464621 -2.294619 -1.948820 -2.341284
0.012439 11.648192 -0.000097 -0.001170 0.026212 -0.112505 0.269814 11.551204 11.457017 -2.272499 -2.350983 -2.519849
0.006703 11.667531 -0.000034 -0.001342 0.026212 -0.125278 0.252538 11.766484 11.483961 -1.989851 -2.617900 -2.515281
0.005374 11.729451 -0.000102 -0.001565 0.027330 -0.128313 0.133457 11.746976 11.555661 -2.181316 -2.681311 -2.644558
-0.000092 11.749497 -0.000069 -0.001236 0.027330 -0.137002 -0.316111 11.789050 11.612582 -2.573273 -2.862879 -2.927364
-0.006866 11.750905 -0.000064 -0.000882 0.027330 -0.153107 -0.064022 11.742131 11.648156 -3.014750 -3.199423 -3.310790
-0.006432 11.822061 -0.000035 -0.001109 0.027330 -0.173007 0.964053 11.899869 11.679411 -3.463585 -3.615280 -3.736942
-0.009260 11.832756 -0.000080 -0.000977 0.027330 -0.193147 0.824951 11.790454 11.706134 -3.696227 -4.036132 -4.062809
-0.009336 11.831426 -0.000032 -0.000799 0.027330 -0.205854 0.722720 11.889723 11.744182 -3.551583 -4.301654 -4.132648
-0.005928 11.845752 -0.000054 -0.000647 0.027330 -0.203118 0.652260 11.866887 11.810650 -3.404072 -4.244493 -4.040909
-0.004415 11.841597 -0.000022 -0.000197 0.027330 -0.192122 0.586803 11.884460 11.876840 -3.694727 -4.014708 -4.066069
0.010745 12.010612 -0.000005 -0.000853 0.027330 -0.188523 0.519008 12.135557 11.914240 -3.889897 -3.939501 -4.114838
0.007743 11.969675 -0.000081 -0.000353 0.027330 -0.188073 0.472911 11.840694 11.923507 -3.889900 -3.930094 -4.101483
-0.006420 11.775928 0.000028 0.000941 0.027330 -0.185551 0.422794 11.727133 11.911767 -4.139937 -3.877403 -4.184372
-0.002787 11.790761 0.000064 0.000771 0.024729 -0.187648 0.373399 11.821954 11.879956 -4.042465 -3.921222 -4.146815
-0.001772 11.780666 0.000020 0.000633 0.022376 -0.184761 0.354593 11.738533 11.860925 -4.035322 -3.860886 -4.100865
-0.004059 11.748331 0.000043 0.000718 0.020247 -0.182341 0.312058 11.743074 11.836570 -4.002280 -3.810319 -4.047192
-0.005178 11.753775 0.000033 0.000528 0.018320 -0.181668 0.258988 11.747924 11.813879 -3.636702 -3.796259 -3.854838
-0.006204 11.736035 0.000023 0.000496 0.016577 -0.174379 0.116291 11.738503 11.818073 -4.253311 -3.643952 -4.066000
-0.002609 11.756417 0.000028 0.000393 0.014999 -0.185524 -0.260163 11.725001 11.766160 -4.918348 -3.876832 -4.483535
-0.003545 11.731264 0.000015 0.000222 0.013572 -0.206748 -0.178707 11.658082 11.684478 -4.810055 -4.320353 -4.635914
-0.008317 11.667289 0.000009 0.000110 0.012280 -0.214766 -0.224435 11.637890 11.645995 -4.232886 -4.487894 -4.430849
-0.007364 11.655017 0.000003 -0.000058 0.011112 -0.204665 -0.278471 11.687864 11.666042 -4.078394 -4.276809 -4.249657
-0.003839 11.641978 -0.000008 0.000153 0.010054 -0.194196 -0.265215 11.620165 11.678532 4.667742 -4.058057 0.052753
-0.000978 11.621138 0.000021 0.000366 0.009097 0.024256 -0.258252 12.277006 12.327882 0.586459 0.506864 0.284506
0.005421 11.656103 0.000018 0.004282 0.008232 0.037128 -0.254191 11.165356 12.266680 1.209052 0.775856 0.733539
0.010997 11.680561 0.000393 0.003736 0.105718 0.059940 -0.265370 12.125248 12.240590 1.528992 1.252544 1.136860
0.023575 11.790107 0.000043 0.002871 0.105718 0.079739 0.951719 11.542749 12.216296 1.524953 1.666273 1.354490
0.041916 11.982645 0.000242 0.001489 0.105718 0.089946 0.418874 12.323952 12.182322 1.352779 1.879571 1.396099
0.036387 11.895013 -0.000048 0.001831 0.105718 0.090161 -0.521990 11.512313 12.114042 1.379464 1.884056 1.434366
0.027074 11.763636 0.000217 0.002234 0.105718 0.088984 0.087749 11.926811 12.041119 0.589227 1.859467 1.059539
0.027712 11.779350 0.000044 0.001669 0.105718 0.067505 -1.450676 11.566018 11.919579 -0.268958 1.410629 0.450228
0.024673 11.779018 0.000129 0.000896 0.105718 0.032037 -1.434374 11.823323 11.779428 -0.418870 0.669476 0.040721
0.023314 11.756271 -0.000012 0.000148 0.105718 0.007366 -1.423246 11.620922 11.695404 -0.785125 0.153934 -0.372649
0.025465 11.722481 0.000030 -0.000173 0.105718 -0.013333 -1.336445 11.733228 11.627612 -1.769887 -0.278620 -1.048670
0.025604 11.655741 -0.000035 -0.000179 0.105718 -0.044139 -1.294254 11.481794 11.518468 -2.712201 -0.922365 -1.801794
0.021658 11.573807 0.000016 -0.000353 0.105718 -0.079075 -1.460119 11.513045 11.389630 -2.734827 -1.652415 -2.142878
0.020650 11.525139 -0.000042 -0.000864 0.095657 -0.095204 -1.719561 11.453552 11.321919 -2.149276 -1.989442 -2.002455
0.020010 11.456289 -0.000045 -0.000857 0.086554 -0.086509 -1.823383 11.446479 11.323356 -1.774651 -1.807744 -1.724670
0.012474 11.368299 -0.000042 -0.000286 0.078318 -0.072376 -1.757399 11.308240 11.330335 -1.326778 -1.512416 -1.357810
0.001339 11.294581 0.000009 0.000228 0.070865 -0.058800 -1.554087 11.297590 11.340696 -0.977062 -1.228732 -1.048965
-0.005154 11.229548 0.000016 0.000708 0.064121 -0.048661 -1.202736 11.194009 11.348475 -1.481109 -1.016844 -1.201664
-0.007082 11.184912 0.000056 0.001043 0.058019 -0.058283 -0.774974 11.142781 11.297264 -1.659167 -1.217929 -1.382429
-0.007146 11.184142 0.000056 0.000721 0.052498 -0.067981 -0.409303 11.184106 11.252826 -0.768080 -1.420584 -1.030040
0.003365 11.287301 0.000026 -0.000220 0.047502 -0.050944 -0.045143 11.418844 11.305261 -0.484749 -1.064564 -0.728515
0.001441 11.229640 -0.000039 0.000482 0.042982 -0.035054 3.199213 11.121806 11.341228 -0.777578 -0.732506 -0.722051
-0.007918 11.097665 0.000079 0.001553 0.038891 -0.032793 2.840958 11.074968 11.313488 -0.783754 -0.685256 -0.702258
-0.004099 11.123452 0.000086 0.001211 0.035190 -0.030559 2.534280 11.154844 11.287090 -0.681430 -0.638576 -0.626863
0.000205 11.163534 0.000049 0.000788 0.031842 -0.026688 2.271561 11.167269 11.271517 0.027962 -0.557695 -0.233696
0.003705 11.196981 0.000039 0.000475 0.028811 -0.007528 2.031724 11.264719 11.308031 0.885830 -0.157304 0.379095
0.002207 11.175174 0.000017 0.000847 0.026070 0.022321 1.784490 11.181852 11.373059 0.861787 0.466435 0.654545
0.000824 11.153283 0.000070 0.001401 0.023589 0.035249 1.528975 11.160109 11.380763 0.860001 0.736585 0.780172
0.004947 11.191944 0.000080 0.001204 0.021643 0.040912 1.296048 11.226677 11.371146 1.181517 0.854917 0.997788
0.009001 11.219865 0.000054 0.000964 0.021643 0.051628 1.089012 11.238934 11.380538 1.237531 1.078855 1.131019
0.010890 11.234133 0.000053 0.000933 0.021643 0.058568 0.902252 11.242205 11.377810 1.428486 1.223872 1.296519
0.011736 11.249373 0.000050 0.000819 0.021643 0.065971 0.743686 11.270469 11.380327 1.431632 1.378574 1.372027
0.012444 11.262155 0.000041 0.000753 0.021643 0.068641 0.608584 11.259488 11.372494 1.275106 1.434377 1.322081
0.016659 11.335471 0.000042 0.000236 0.021643 0.064453 0.532982 11.384301 11.356834 1.849190 1.346848 1.569652
0.015319 11.345998 -0.000008 0.000069 0.021643 0.074389 0.514721 11.353070 11.393464 2.551184 1.554474 2.012501
0.009753 11.294491 0.000016 0.000631 0.021643 0.095094 0.462511 11.322456 11.458395 2.908701 1.987139 2.386027
0.008811 11.292627 0.000050 0.001057 0.021643 0.113261 0.355551 11.337950 11.511004 3.282862 2.366779 2.743953
0.012567 11.324796 0.000064 0.001187 0.021643 0.131762 0.182261 11.383047 11.561158 3.087875 2.753396 2.823663
0.015312 11.335335 0.000065 0.001439 0.021643 0.137780 -0.110160 11.322276 11.563687 2.862755 2.879136 2.771423
0.016533 11.333669 0.000088 0.001466 0.023714 0.137079 -0.025031 11.341554 11.539456 2.975496 2.864494 2.825401
0.023802 11.403101 0.000073 0.000869 0.023714 0.141656 -1.302321 11.460672 11.534154 2.982846 2.960142 2.878843
0.025825 11.419239 0.000029 0.000732 0.023714 0.145105 -1.219203 11.387796 11.524367 3.387323 3.032206 3.120787
0.027483 11.427625 0.000051 0.000617 0.023714 0.157320 -1.157664 11.486148 11.541353 3.993572 3.287473 3.547288
0.030549 11.436311 0.000022 0.000670 0.023714 0.179252 -1.082340 11.449452 11.583859 4.316510 3.745777 3.925390
0.033791 11.443032 0.000050 0.000898 0.023714 0.199331 -0.985379 11.480743 11.612624 4.536534 4.165351 4.236141
0.039377 11.482697 0.000049 0.000828 0.023714 0.215783 -0.877426 11.512127 11.627498 4.741245 4.509151 4.506518
0.044684 11.527807 0.000043 0.000635 0.023714 0.229488 -0.769391 11.557775 11.634953 5.067986 4.795543 4.813390
0.052486 11.612920 0.000030 0.000140 0.023714 0.244045 -0.666212 11.677490 11.653204 5.365425 5.099732 5.113322
0.055520 11.652806 -0.000007 0.000003 0.023714 0.257290 -0.556304 11.653006 11.673111 5.709721 5.376498 5.423529
0.051928 11.619196 0.000009 0.000344 0.023714 0.270126 -0.431741 11.617164 11.692736 6.181286 5.644734 5.792069
0.045268 11.563238 0.000029 0.000825 0.021457 0.285467 -0.247301 11.560379 11.720068 6.624036 5.965314 6.167112
0.040371 11.534820 0.000059 0.001181 0.019415 0.300530 0.092742 11.563827 11.750997 6.978091 6.280071 6.491983
0.041188 11.548115 0.000069 0.001293 0.018446 0.314698 -0.887692 11.587950 11.783113 6.889975 6.576151 6.585204
0.043302 11.568099 0.000072 0.001371 0.019252 0.319104 -0.708059 11.575778 11.785172 6.783868 6.668206 6.577353
0.051433 11.651091 0.000077 0.000855 0.020657 0.319377 -0.572673 11.720025 11.780447 6.345951 6.673917 6.364387
0.054737 11.688138 0.000024 0.000588 0.020657 0.310135 -0.522722 11.638006 11.746594 6.307392 6.480790 6.263723
0.051512 11.669536 0.000041 0.000491 0.020657 0.304713 -0.606190 11.681742 11.725870 6.911674 6.367479 6.520929
0.053378 11.706231 0.000018 0.000125 0.020657 0.316535 -0.687661 11.766677 11.764762 7.702839 6.614523 7.033456
0.054173 11.755016 0.000001 0.000062 0.020657 0.340593 -0.739946 11.827393 11.845493 6.849000 7.117268 6.838393
0.053507 11.810282 0.000008 0.000224 0.020657 0.327276 -0.804535 11.776454 11.821831 6.920501 6.838982 6.747229
0.054928 11.905305 0.000018 -0.000532 0.020657 0.318502 -0.846219 12.014506 11.836299 7.175489 6.655636 6.784687
0.051648 11.951345 -0.000062 -0.000733 0.020657 0.315760 -0.844970 11.939844 11.886832 7.138824 6.598326 6.731351
0.046192 11.965933 -0.000018 -0.000504 0.020657 0.309428 -0.787733 12.027383 11.935320 6.670235 6.466026 6.429023
0.044851 12.025661 -0.000032 -0.000576 0.020657 0.291891 -0.701374 12.039614 11.959685 6.297531 6.099560 6.061301
0.043782 12.081267 -0.000028 -0.000775 0.020657 0.272702 -0.613424 12.129451 11.986706 5.942213 5.698561 5.684093
0.041439 12.124015 -0.000050 -0.000875 0.018692 0.254089 -0.548415 12.137958 12.018729 5.846557 5.309606 5.436034
0.039452 12.167260 -0.000042 -0.000947 0.016913 0.242356 -0.507053 12.231013 12.073894 5.841966 5.064425 5.299198
0.036788 12.198562 -0.000056 -0.000795 0.015303 0.236793 -0.459491 12.230975 12.144734 5.587425 4.948177 5.106382
0.033930 12.224828 -0.000031 -0.000511 0.013847 0.228576 -0.398714 12.267902 12.200735 5.285008 4.776474 4.865656
0.035171 12.244609 -0.000024 -0.000280 0.012529 0.219319 -0.328829 12.264153 12.243301 4.844010 4.583029 4.551552
0.037641 12.264106 -0.000008 -0.000133 0.011337 0.209570 -0.275386 12.283662 12.264975 4.931136 4.379307 4.486234
0.034111 12.263863 -0.000007 0.000007 0.010258 0.210454 -0.285655 12.289452 12.306292 5.129120 4.397799 4.583817
0.028495 12.277151 0.000006 0.000186 0.009282 0.215510 -0.290081 12.322213 12.358282 4.792655 4.503448 4.474677
0.020142 12.261380 0.000012 0.000618 0.008399 0.207596 -0.272202 12.234425 12.370304 6.663944 4.338067 5.252438
0.013058 12.211474 0.000048 0.001012 0.012958 0.244970 -0.244538 12.367729 12.529036 9.680885 5.119055 7.020581
0.014158 12.210063 0.000058 0.002033 0.015468 0.336018 -0.212872 12.426411 12.839619 11.137349 7.021663 8.626730
0.016096 12.234282 0.000148 0.003859 0.039711 0.420573 -0.161732 12.389564 13.088070 11.853730 8.788580 9.832366
0.021338 12.312121 0.000250 0.004946 0.067268 0.483259 0.254289 12.480283 13.240592 12.378537 10.098502 10.730594
0.025586 12.363875 0.000273 0.005588 0.073495 0.530491 -0.882462 12.441921 13.324094 12.411406 11.085500 11.247510
0.029014 12.407966 0.000318 0.005840 0.085485 0.557588 -0.421589 12.480344 13.332024 12.628488 11.651734 11.645028
0.037514 12.484918 0.000308 0.005400 0.085485 0.578662 0.403940 12.561906 13.320643 12.295495 12.092111 11.728176
0.045939 12.535031 0.000276 0.005008 0.085485 0.586137 -0.077564 12.528800 13.257351 11.657782 12.248317 11.532903
0.054277 12.596440 0.000266 0.004213 0.085485 0.580007 -2.571625 12.606217 13.146925 11.564923 12.120218 11.455306
0.064525 12.649121 0.000200 0.003173 0.085485 0.578895 -2.537330 12.641754 13.055456 11.592097 12.096985 11.487401
0.073330 12.662787 0.000155 0.002503 0.085485 0.584969 -2.614766 12.641709 12.978285 11.436086 12.223913 11.509400
0.076311 12.662188 0.000127 0.002015 0.085485 0.588158 -2.765620 12.619425 12.887529 11.237678 12.290539 11.484159
0.075506 12.652494 0.000103 0.001498 0.085485 0.583807 -2.927531 12.599905 12.784982 11.059256 12.199622 11.390081
0.075911 12.638372 0.000073 0.000935 0.085485 0.574228 -3.044616 12.583533 12.684708 11.305423 11.999463 11.440783
0.078054 12.618958 0.000043 0.000419 0.085485 0.573512 -3.103586 12.595193 12.626027 11.440883 11.984498 11.524254
0.081079 12.606156 0.000017 0.000127 0.085485 0.576312 -3.102039 12.574114 12.583228 11.266631 12.043003 11.493049
0.085529 12.625488 0.000009 -0.000269 0.077350 0.573584 -3.072191 12.608300 12.529168 11.291265 11.985989 11.501510
0.088547 12.629383 -0.000023 -0.000639 0.069990 0.572350 -3.000213 12.594093 12.487033 11.081687 11.960222 11.410102
0.087718 12.580840 -0.000034 -0.000598 0.063329 0.565951 -2.882670 12.504282 12.430458 10.742925 11.826494 11.203324
0.091482 12.598977 -0.000023 -0.001074 0.057303 0.553686 -2.742577 12.593383 12.365961 10.487285 11.570188 10.977016
0.092981 12.557668 -0.000078 -0.001222 0.051850 0.541124 -2.593541 12.447798 12.303832 10.277707 11.307691 10.768577
0.092481 12.449472 -0.000049 -0.000928 0.046915 0.532111 -2.452526 12.373485 12.241070 10.574669 11.119358 10.844547
0.097899 12.400627 -0.000045 -0.001017 0.042451 0.539875 -2.322909 12.381448 12.216133 10.660275 11.281584 10.981807
0.104384 12.368765 -0.000057 -0.000973 0.038411 0.551561 -2.196969 12.311974 12.184752 10.369985 11.525782 10.972229
0.106954 12.303234 -0.000044 -0.000755 0.034756 0.554009 -2.098997 12.209471 12.109828 10.284220 11.576957 10.980523
0.109923 12.267507 -0.000035 -0.001005 0.031448 0.554757 -2.029130 12.216883 12.028544 10.314009 11.592577 11.031754
0.110865 12.194958 -0.000067 -0.001061 0.028456 0.555518 -1.970280 12.081429 11.949197 10.712344 11.608486 11.270310
0.112316 12.099294 -0.000047 -0.000957 0.025748 0.566789 -1.905421 12.046308 11.896928 11.231249 11.844011 11.668520
0.115311 12.057735 -0.000053 -0.001025 0.023297 0.586220 -1.820846 12.020873 11.867006 11.790582 12.250058 12.162755
0.115054 12.010513 -0.000055 -0.000915 0.021080 0.607105 -1.710197 11.967729 11.846862 12.098946 12.686476 12.536397
0.115433 11.974170 -0.000044 -0.000811 0.019074 0.620525 -1.560839 11.935214 11.815483 12.063108 12.966905 12.658088
0.116130 11.960282 -0.000043 -0.000923 0.017259 0.620851 -1.393621 11.912483 11.762111 12.191198 12.973726 12.743345
0.117858 11.957328 -0.000054 -0.001244 0.015617 0.619227 -1.226450 11.934456 11.722884 12.251094 12.939785 12.769798
0.125051 12.025596 -0.000076 -0.001930 0.020560 0.616561 -1.061670 12.046805 11.701452 12.529364 12.884077 12.891672
0.124429 12.001654 -0.000124 -0.001914 0.033468 0.619273 -0.886412 11.938903 11.704842 12.938864 12.940752 13.129322
0.121167 11.914838 -0.000085 -0.001339 0.033468 0.629131 -0.617115 11.895444 11.725700 12.849851 13.146754 13.169821
0.127229 11.944177 -0.000063 -0.001393 0.033468 0.631435 -0.264901 11.960874 11.725258 12.671719 13.194898 13.105456
0.130253 11.961426 -0.000086 -0.001505 0.033468 0.628578 0.197624 11.922590 11.709597 12.888758 13.135188 13.179375
0.134137 11.991281 -0.000078 -0.001796 0.033468 0.631502 -0.035908 12.027733 11.719264 13.071757 13.196298 13.291735
0.137630 12.010523 -0.000112 -0.001857 0.033468 0.636505 0.171148 11.987405 11.739040 12.946310 13.300831 13.296639
0.157094 12.261818 -0.000091 -0.003332 0.033468 0.636448 0.335486 12.454732 11.764702 12.689449 13.299651 13.217977
0.180230 12.594962 -0.000249 -0.005292 0.066978 0.633268 0.548622 12.661335 11.801917 12.844626 13.233194 13.203848
0.157047 12.250683 -0.000310 -0.002861 0.083474 0.630894 0.877680 11.892989 11.817622 13.104624 13.183591 13.249853
0.131520 11.885687 -0.000032 -0.000434 0.083474 0.632547 0.983738 11.873917 11.818500 12.549355 13.218127 13.009481
0.138565 11.983119 -0.000024 -0.001049 0.083474 0.620692 0.973635 12.020274 11.784754 11.831610 12.970398 12.579745
0.139543 12.007054 -0.000088 -0.001417 0.083474 0.598094 1.129179 11.910984 11.721489 11.619983 12.498170 12.230728
0.152691 12.202303 -0.000072 -0.003065 0.083474 0.582857 1.378500 12.369427 11.703641 11.355936 12.179780 11.942727
0.162019 12.348255 -0.000242 -0.004109 0.083474 0.569532 1.642100 12.269466 11.706252 12.004789 11.901326 11.937038
0.142022 12.070659 -0.000206 -0.002323 0.083474 0.568569 1.816580 11.919381 11.750460 12.604341 11.881202 12.153398
0.128185 11.887172 -0.000066 -0.000871 0.083474 0.582022 1.796839 11.915694 11.818421 12.719698 12.162333 12.340862
0.135505 11.994648 -0.000040 -0.001123 0.083474 0.589999 1.598509 12.099657 11.877888 12.903834 12.329026 12.506522
0.134830 11.990963 -0.000084 -0.000721 0.083474 0.598538 1.274303 11.947161 11.932349 13.034023 12.507453 12.655614
0.130268 11.932756 -0.000010 -0.000003 0.083474 0.607010 0.797370 11.960764 11.971922 13.140567 12.684490 12.792572
0.133641 11.959595 -0.000000 0.000079 0.075531 0.614318 0.015811 11.992901 12.004930 13.413511 12.837215 12.993336
0.138832 11.984956 0.000000 0.000127 0.068343 0.634305 -34.104363 12.021866 12.046198 12.849783 13.254857 13.004501
0.139463 11.995049 0.000005 0.000326 0.061839 0.635647 -30.680099 11.943185 12.010672 12.498699 13.282907 12.891942
0.144048 12.099105 0.000021 -0.000564 0.055954 0.628634 -27.602713 12.164967 11.960641 12.616996 13.136352 12.862497
0.140996 12.082193 -0.000076 -0.000775 0.050630 0.623449 -24.833459 11.976984 11.933805 12.646991 13.028006 12.821155
0.130762 11.960451 -0.000018 -0.000170 0.045812 0.616740 -22.345622 11.918621 11.907865 12.741958 12.887813 12.799832
0.134129 12.011472 -0.000006 -0.000660 0.041452 0.614305 -20.106736 12.074803 11.907276 12.830780 12.836943 12.814204
0.134025 11.997827 -0.000062 -0.000577 0.037507 0.614913 -18.091494 11.935784 11.915868 12.818054 12.849630 12.816836
0.126778 11.919266 -0.000010 -0.000022 0.033938 0.614607 -16.280503 11.903682 11.913838 12.710685 12.843234 12.761801
0.121454 11.897016 0.000001 0.000107 0.030708 0.608891 -14.650131 11.881732 11.902204 12.674279 12.723790 12.690372
0.142443 12.186967 0.000005 -0.001815 0.027786 0.605634 -13.181190 12.427438 11.926963 12.250725 12.655729 12.489430
0.139709 12.106324 -0.000180 -0.001143 0.048499 0.596556 -11.855598 11.819027 11.914494 11.728816 12.466044 12.175739
0.121760 11.777024 0.000032 0.000876 0.048499 0.579397 -10.674850 11.688074 11.845399 11.805337 12.107464 12.064688
0.128588 11.800545 0.000054 0.000286 0.048499 0.581305 -9.622176 11.867840 11.818232 12.269513 12.147351 12.313290
0.128599 11.801165 -0.000019 0.000109 0.048499 0.596142 -8.683359 11.756997 11.825696 12.228826 12.457394 12.444623
0.129579 11.780062 0.000023 0.000291 0.048499 0.602210 -7.831997 11.781354 11.803973 11.327152 12.584198 12.078377
0.129292 11.755561 0.000007 0.000309 0.048499 0.583938 -7.063117 11.640554 11.704759 11.854162 12.202358 12.159858
0.124091 11.720285 0.000022 -0.000099 0.048499 0.584564 -6.382254 11.757929 11.680171 12.985729 12.215453 12.767053
0.120478 11.697747 -0.000029 -0.000112 0.048499 0.610494 -5.736914 11.707431 11.739757 12.907415 12.757297 12.947757
0.115060 11.687342 0.000011 0.000334 0.048499 0.614183 -5.108539 11.682541 11.745786 12.941910 12.834375 12.992891
0.111971 11.691822 0.000022 0.000344 0.048499 0.610175 -4.505782 11.707320 11.748462 12.566663 12.750635 12.745624
0.114051 11.711171 0.000014 0.000238 0.048499 0.596243 -3.928542 11.700441 11.730922 12.186585 12.459488 12.407098
0.117000 11.735707 0.000010 -0.000031 0.043883 0.580985 -3.426127 11.743432 11.710912 13.101110 12.140654 12.751979
0.122177 11.761187 -0.000012 -0.000320 0.039707 0.602219 -2.995604 11.847498 11.788046 13.420587 12.584373 13.099732
0.128955 11.791545 -0.000022 -0.000022 0.035929 0.623407 -2.594354 11.809561 11.851174 12.581628 13.027127 12.896939
0.129271 11.809577 0.000014 0.000265 0.032510 0.616925 -2.255579 11.776144 11.813569 12.213063 12.891680 12.655507
0.126687 11.819422 0.000013 -0.000037 0.029416 0.602277 -2.007542 11.803097 11.763207 12.366470 12.585588 12.591393
0.145423 12.094472 -0.000014 -0.002112 0.026617 0.598346 -1.811725 12.311121 11.779883 13.198402 12.503440 12.842085
0.139778 12.031826 -0.000190 -0.001606 0.051050 0.610618 -1.639628 11.860563 11.857252 14.069725 12.759884 13.327820
0.121305 11.758683 -0.000002 0.000628 0.051050 0.643059 -1.386821 11.775515 11.945731 13.135301 13.437792 13.111751
0.120679 11.808729 0.000060 0.000873 0.051050 0.631978 -1.049017 11.812590 11.909322 12.959443 13.206244 12.925524
0.115588 11.844913 0.000034 0.000411 0.051050 0.615958 -0.806150 11.852243 11.884352 13.334078 12.871468 12.980334
0.115559 11.873813 0.000011 0.000067 0.051050 0.614199 -0.435214 11.925800 11.918029 12.890558 12.834725 12.723215
0.115272 11.923537 -0.000003 -0.000035 0.051050 0.599748 0.166081 11.925918 11.922771 13.081920 12.532741 12.686356
0.117139 11.973362 -0.000001 -0.000322 0.051050 0.596997 -1.197015 12.052548 11.969060 12.481562 12.475244 12.336240
0.119988 12.007017 -0.000030 -0.000242 0.051050 0.582410 -0.886030 11.971067 11.973330 12.003250 12.170431 11.946824
0.119139 12.036918 0.000000 -0.000405 0.051050 0.565065 -0.745964 12.077048 11.967138 12.393330 11.807974 11.989321
0.118193 12.064451 -0.000040 -0.000620 0.051050 0.567584 -0.682582 12.098320 12.020815 11.969604 11.860616 11.784562
0.117677 12.089732 -0.000028 -0.000439 0.051050 0.557742 -0.589246 12.091043 12.035889 11.326417 11.654946 11.354648
0.117707 12.111865 -0.000020 -0.000484 0.046192 0.536857 -0.588793 12.103859 12.018822 10.999747 11.218526 10.989586
0.118348 12.117941 -0.000031 -0.000632 0.041796 0.520590 -0.711477 12.112783 12.012309 10.740982 10.878606 10.702768
0.120868 12.127234 -0.000037 -0.000733 0.037819 0.509780 -0.870163 12.128463 12.013469 10.672415 10.652718 10.567231
0.144714 12.448219 -0.000042 -0.002771 0.034220 0.507954 -0.993648 12.705502 12.058423 10.539434 10.614561 10.499212
0.136048 12.325688 -0.000232 -0.001704 0.062339 0.505749 -1.054341 12.016196 12.079509 10.271457 10.568478 10.366968
0.103734 11.917439 0.000021 0.001033 0.062339 0.497232 -1.122060 11.816134 12.041003 9.777052 10.390492 10.034000
0.096562 11.909724 0.000079 0.000837 0.062339 0.476782 -1.092983 11.938542 11.981822 9.771779 9.963167 9.841569
0.094591 11.897427 0.000014 0.000538 0.062339 0.462837 -1.015033 11.850166 11.959014 10.206268 9.671748 9.930319
0.096303 11.863342 0.000038 0.000610 0.062339 0.469930 -0.816998 11.914012 11.989576 10.384225 9.819969 10.081636
0.098141 11.849114 0.000026 0.000895 0.062339 0.482397 -0.532575 11.839557 12.017891 10.575050 10.080503 10.293470
0.097791 11.842172 0.000063 0.001120 0.062339 0.496502 -0.057845 11.881391 12.037447 10.757221 10.375240 10.519533
0.095680 11.830162 0.000056 0.001321 0.062339 0.506673 5.025110 11.817855 12.045396 10.783904 10.587785 10.628690
0.094974 11.828524 0.000081 0.001382 0.062339 0.511526 4.444091 11.851783 12.038432 10.925502 10.689186 10.749004
0.092416 11.805236 0.000067 0.001486 0.062339 0.516546 3.899857 11.785740 12.032854 11.222918 10.794091 10.950881
0.089694 11.762701 0.000089 0.001722 0.062339 0.526135 3.378918 11.776463 12.038033 11.575411 10.994473 11.222718
0.092542 11.757206 0.000094 0.001790 0.056407 0.541329 2.872133 11.785414 12.053564 11.907816 11.311977 11.537112
0.095716 11.741343 0.000097 0.001990 0.051039 0.560861 2.394732 11.750819 12.067075 12.024961 11.720121 11.782272
0.102253 11.777867 0.000115 0.001843 0.046182 0.576905 1.961088 11.822392 12.061040 12.113878 12.055396 11.985146
0.099936 11.757731 0.000087 0.001933 0.041787 0.588060 1.583061 11.710392 12.035100 12.163759 12.288510 12.125414
0.094204 11.697937 0.000118 0.002149 0.037811 0.591662 1.250993 11.678607 11.992018 12.013893 12.363774 12.090407
0.097616 11.724205 0.000115 0.001707 0.034212 0.587914 0.945053 11.734415 11.938969 11.960634 12.285453 12.038264
0.099437 11.748964 0.000076 0.001211 0.030957 0.583628 0.698846 11.736217 11.895583 12.033685 12.195890 12.045855
0.100055 11.782107 0.000060 0.000723 0.028011 0.581469 0.499141 11.806641 11.872057 11.693653 12.150762 11.853357
0.119242 12.058673 0.000026 -0.001190 0.025345 0.568429 0.336986 12.225980 11.856401 11.431720 11.878269 11.600549
0.115029 12.001351 -0.000129 -0.000924 0.034691 0.554097 0.249996 11.788123 11.837372 11.379458 11.578789 11.443610
0.094042 11.723457 0.000020 0.000726 0.034691 0.545860 0.232773 11.656759 11.811015 11.253676 11.406670 11.302165
0.096225 11.748019 0.000057 0.000402 0.034691 0.538978 0.334503 11.809540 11.793230 11.740294 11.262858 11.493197
0.097843 11.763667 -0.000004 0.000188 0.034691 0.549316 0.356400 11.762812 11.826117 12.426416 11.478873 11.944337
0.097983 11.751969 0.000024 0.000473 0.034691 0.573044 0.091671 11.814431 11.889839 12.323512 11.974712 12.104218
0.098021 11.740644 0.000029 0.000951 0.034691 0.582948 -1.874024 11.707800 11.901106 12.173202 12.181682 12.117588
0.098113 11.741214 0.000071 0.001019 0.034691 0.584005 -1.587236 11.767309 11.884480 12.280556 12.203761 12.187457
0.098136 11.744815 0.000044 0.000890 0.034691 0.587152 -1.315742 11.732585 11.876279 12.266498 12.269522 12.212130
0.096705 11.765765 0.000053 0.000704 0.034691 0.586648 -1.057060 11.792083 11.865000 12.359064 12.258985 12.258221
0.093981 11.794700 0.000028 0.000448 0.034691 0.584530 -0.792497 11.804308 11.865484 12.145225 12.214733 12.125841
0.092111 11.805713 0.000024 0.000381 0.034691 0.573833 -0.469018 11.801618 11.854288 11.792763 11.991196 11.839711
0.092811 11.816023 0.000021 0.000244 0.031390 0.558482 -0.056196 11.812649 11.835565 11.740964 11.670428 11.665557
0.094980 11.823844 0.000010 0.000075 0.028403 0.551346 1.809345 11.838095 11.839688 11.678749 11.521295 11.561781
0.096300 11.835441 0.000002 0.000027 0.025700 0.549545 1.604867 11.845138 11.851084 11.755783 11.483655 11.581777
0.094042 11.828678 0.000004 0.000143 0.023254 0.552051 1.443677 11.835940 11.869273 11.707833 11.536027 11.577467
0.089610 11.816891 0.000013 0.000334 0.021041 0.551188 1.301996 11.814550 11.876934 11.674351 11.518003 11.549488
0.087133 11.811055 0.000023 0.000420 0.019039 0.547943 1.176244 11.819997 11.882084 11.731987 11.450191 11.544815
0.086954 11.809660 0.000023 0.000462 0.017227 0.547986 1.054530 11.822546 11.895997 12.067960 11.451093 11.713848
0.087350 11.822952 0.000027 0.000466 0.015588 0.557380 0.939975 11.869588 11.935004 12.613243 11.647396 12.077318
0.087449 11.838811 0.000025 0.000613 0.014104 0.576423 0.802660 11.886701 11.997896 12.411754 12.045326 12.146533
0.085687 11.861551 0.000041 0.000869 0.012762 0.579385 0.639806 11.868942 12.011771 11.652841 12.107218 11.783139
0.083764 11.885478 0.000052 0.000805 0.014052 0.558896 0.486297 11.864595 11.965029 10.948429 11.679061 11.229481
0.084306 11.923368 0.000037 0.000266 0.014052 0.529701 0.370725 11.915534 11.906011 10.830109 11.068997 10.891043
0.084786 11.951411 -0.000002 -0.000289 0.014052 0.512395 0.353396 11.962178 11.892616 10.949497 10.707343 10.782188
0.087065 11.966594 -0.000024 -0.000472 0.014052 0.508517 0.377651 11.988308 11.918194 10.799254 10.626322 10.662402
0.090615 11.970805 -0.000024 -0.000335 0.014052 0.506875 0.399651 11.969786 11.936438 10.816023 10.592005 10.652438
0.092065 11.955768 -0.000011 -0.000123 0.014052 0.511401 0.423430 11.961372 11.955189 10.928133 10.686589 10.753114
0.090822 11.931320 -0.000002 0.000152 0.014052 0.519697 0.423735 11.925412 11.970936 11.093857 10.859949 10.919395
0.089625 11.924910 0.000017 0.000293 0.014052 0.528511 0.383934 11.942069 11.983894 11.207942 11.044131 11.064875
0.087413 11.907710 0.000016 0.000486 0.014052 0.534754 0.280594 11.892521 11.988574 11.212611 11.174578 11.130031
0.096378 12.042195 0.000035 -0.000342 0.014052 0.536342 0.103094 12.164790 11.996791 11.267892 11.207775 11.176624
0.091604 11.996947 -0.000059 -0.000001 0.015916 0.536857 -0.399922 11.867186 12.001320 11.298593 11.218527 11.199029
0.072227 11.793481 0.000048 0.001325 0.015916 0.535533 -0.205266 11.740528 11.986547 11.218646 11.190854 11.145743
0.067267 11.794205 0.000088 0.001226 0.023762 0.528681 0.129618 11.839234 11.969399 10.737796 11.047684 10.834189
0.067703 11.818276 0.000047 0.000963 0.023762 0.510571 -0.663286 11.778245 11.931022 10.529135 10.669240 10.551519
0.071292 11.835041 0.000056 0.000612 0.023762 0.497706 -0.494332 11.869959 11.910906 10.897870 10.400406 10.610550
0.076328 11.846297 0.000016 0.000412 0.023762 0.505404 -0.365126 11.864714 11.941792 11.094399 10.561273 10.779516
0.081260 11.853447 0.000029 0.000563 0.023762 0.519950 -0.241029 11.884458 11.972982 11.082486 10.865237 10.911946
0.085140 11.856778 0.000033 0.000741 0.023762 0.531667 -0.106704 11.850944 11.977672 11.082412 11.110077 11.029127
0.086099 11.851317 0.000046 0.000805 0.023762 0.540201 0.084694 11.849539 11.962959 10.759002 11.288404 10.953950
0.085247 11.840781 0.000042 0.000779 0.023762 0.535805 0.000952 11.794029 2387.150676 10.533613 11.196550 10.809531
0.084148 11.816563 0.000043 15.140900 0.023762 0.534740 -1.513079 11.784821 2149.567495 10.769413 11.174298 10.938178
0.079766 11.795476 0.000025 13.626628 0.023762 0.537273 -1.381881 11.773603 1935.759896 11.208485 11.227214 11.199979
0.072263 11.780801 0.000016 12.263865 0.023762 0.542988 -1.239113 11.785153 1743.360581 11.471321 11.346640 11.393599
0.066923 11.781534 0.000011 11.037465 0.021501 0.544914 -1.048021 11.787999 1570.212036 11.186832 11.386881 11.267496
0.066288 11.798576 0.000012 9.933669 0.019455 0.533598 -0.820230 11.792018 1414.355672 10.603511 11.150431 10.861805
0.069153 11.817605 0.000004 8.940085 0.017603 0.512941 -0.610789 11.797015 1274.060805 10.607196 10.718770 10.663752
0.071713 11.834699 -0.000012 8.045706 0.015928 0.505674 -0.469716 11.856469 1147.829818 10.899476 10.566912 10.739112
0.075663 11.880226 -0.000033 7.240792 0.014412 0.512077 -0.383823 11.924199 1034.259826 10.862434 10.700713 10.778282
0.077829 11.908700 -0.000045 6.516690 0.013041 0.515929 -0.307766 11.908443 932.036855 10.441526 10.781209 10.601431
0.077884 11.915664 -0.000031 5.865054 0.011800 0.507842 -0.252699 11.895939 839.999234 10.052614 10.612213 10.329802
0.080722 11.947409 -0.000032 5.278184 0.010677 0.494628 -0.261830 11.946572 757.152039 10.043694 10.336080 10.202283
0.080340 11.933458 -0.000061 4.750187 0.016290 0.489082 -0.319691 11.901015 682.608230 10.355859 10.220185 10.309449
0.076588 11.903314 -0.000047 4.275220 0.016290 0.494465 -0.393296 11.915339 615.547924 10.368748 10.332669 10.367343
0.071149 11.899899 -0.000044 3.847785 0.016290 0.494641 -0.387631 11.890255 555.185830 10.148792 10.336362 10.256975
0.065105 11.906403 -0.000030 3.462982 0.016290 0.483772 -0.331069 11.905240 500.843806 10.158152 10.109225 10.151653
0.063194 11.909546 -0.000037 3.116574 0.016290 0.474509 -0.203788 11.916664 451.954053 9.876105 9.915655 9.912006
0.063371 11.907926 -0.000036 2.804951 0.016290 0.463035 0.023393 11.897966 407.946471 9.939958 9.675886 9.823648
0.063640 11.906731 -0.000027 2.524444 0.016290 0.461189 -1.046373 11.933569 368.362322 10.039374 9.637322 9.846803
0.063716 11.905563 -0.000030 2.272134 0.016290 0.465396 -0.917665 11.913342 332.746830 9.909972 9.725231 9.816431
0.066096 11.945284 -0.000010 2.044859 0.016290 0.465831 -0.802554 11.984707 300.680545 9.841284 9.734318 9.782443
0.064805 11.931144 -0.000029 1.840552 0.016290 0.465482 -0.689734 11.896325 271.813636 9.708497 9.727018 9.710371
0.061534 11.889340 0.000007 1.656814 0.016290 0.463062 -0.588557 11.882362 245.819816 10.031666 9.676458 9.846688
0.063029 11.874937 0.000010 1.491216 0.014740 0.471630 -0.485667 11.895664 222.451995 10.091823 9.855510 9.958268
0.065022 11.856725 0.000014 1.342380 0.013337 0.480829 -0.364214 11.843314 201.410209 10.014525 10.047734 10.010530
0.066149 11.866455 0.000036 1.208193 0.012068 0.485439 -0.261032 11.882474 182.453341 10.062737 10.144064 10.084508
0.064082 11.859621 0.000019 1.087402 0.010919 0.488292 -0.162565 11.835233 165.387863 9.847289 10.203689 10.009290
0.059735 11.827057 0.000031 0.978830 0.009880 0.481969 -0.054370 11.793759 150.005026 9.883203 10.071560 9.970369
0.060008 11.823820 0.000033 0.880797 0.008940 0.478011 0.154549 11.833728 136.172764 10.059723 9.988844 10.022052
0.063294 11.810754 0.000011 0.792711 0.008089 0.481768 0.063851 11.797696 123.741884 9.851842 10.067356 9.955166
0.065240 11.792262 0.000024 0.713591 0.007319 0.481739 -0.022145 11.771734 112.530742 10.174231 10.066752 10.122692
0.068558 11.798358 0.000025 0.642090 0.006768 0.492194 -0.245401 11.827725 102.465573 10.198092 10.285226 10.240120
0.070743 11.789897 0.000007 0.577987 0.006768 0.499910 -0.219040 11.753092 93.391464 9.984550 10.446459 10.213458
0.072930 11.779185 0.000029 0.520215 0.007782 0.499098 -0.211558 11.765380 85.195558 10.143274 10.429499 10.296971
0.075272 11.752413 0.000010 0.468143 0.007782 0.504572 -0.202045 11.720551 77.829755 10.270778 10.543877 10.424370
0.074599 11.725704 0.000017 0.421362 0.007782 0.511293 -0.203578 11.709324 71.198847 10.632077 10.684327 10.683582
0.070491 11.705775 0.000012 0.379222 0.007782 0.520959 -0.185558 11.699013 65.245617 10.747180 10.886318 10.841245
0.065171 11.695101 0.000013 0.341343 0.007782 0.522671 -0.107975 11.681526 59.880120 10.639758 10.922077 10.806393
0.063241 11.702567 0.000015 0.307094 0.007782 0.514706 0.080267 11.698204 55.041169 10.602682 10.755651 10.711027
0.086086 11.984006 0.000000 0.274456 0.007782 0.507325 -0.191467 12.201163 50.723969 10.732201 10.601400 10.702843
0.083932 11.934232 -0.000173 0.247254 0.046522 0.507574 -0.080886 11.730507 46.854815 10.814312 10.606601 10.742296
0.064659 11.670738 0.000005 0.224271 0.046522 0.511075 1.448534 11.638517 43.352001 10.780829 10.679775 10.754727
0.067993 11.719485 0.000041 0.201633 0.046522 0.513029 1.233354 11.791847 40.196336 10.551475 10.720594 10.654560
0.067840 11.743629 -0.000012 0.181364 0.046522 0.507243 1.048935 11.692359 37.338369 10.292075 10.599694 10.466515
0.066390 11.746914 0.000018 0.163126 0.046522 0.496354 0.901711 11.767464 34.756129 10.188212 10.372139 10.307962
0.067661 11.741696 -0.000016 0.146699 0.046522 0.488144 0.796903 11.707273 32.440877 10.378220 10.200589 10.322952
0.071580 11.736515 0.000001 0.131974 0.046522 0.492207 0.724322 11.773245 30.383777 10.810306 10.285483 10.579036
0.069401 11.717839 -0.000017 0.118981 0.046522 0.507889 0.646959 11.712916 28.556584 10.754755 10.613201 10.697512
0.065077 11.724745 0.000018 0.107290 0.046522 0.511562 0.486960 11.744836 26.884027 10.474179 10.689949 10.589148
0.061566 11.700231 0.000009 0.096785 0.046522 0.502751 0.203167 11.648347 25.349449 10.506736 10.505827 10.519461
0.060758 11.657174 0.000035 0.087278 0.046522 0.499517 -0.534935 11.664305 23.980290 10.502818 10.438242 10.483531
0.062766 11.653041 0.000027 0.078577 0.042095 0.500342 -0.238556 11.648879 22.752413 10.776854 10.455488 10.629243
0.062796 11.666363 0.000031 0.070665 0.038089 0.509036 0.125146 11.704477 21.667934 11.145027 10.637152 10.897400
0.059971 11.664022 0.000017 0.063767 0.034464 0.521413 -0.755988 11.669787 20.705672 11.301644 10.895800 11.091958
0.058610 11.658137 0.000040 0.057671 0.031185 0.529318 -0.468931 11.679286 19.831387 11.065840 11.060982 11.044817
0.061615 11.673442 0.000044 0.052001 0.028217 0.527067 -0.051981 11.669132 19.015957 10.922583 11.013953 10.949754
0.065412 11.682103 0.000043 0.046748 0.025532 0.524157 2.151634 11.685620 18.275712 11.220681 10.953145 11.074631
0.069181 11.699018 0.000031 0.041921 0.023102 0.533511 1.908752 11.729821 17.638128 11.586382 11.148597 11.351154
0.071230 11.710331 0.000020 0.037785 0.020904 0.549202 1.697066 11.727606 17.078215 11.406697 11.476499 11.410135
0.072828 11.722518 0.000030 0.034138 0.018914 0.552486 1.502156 11.713208 16.537405 10.956025 11.545117 11.216480
0.074733 11.740044 0.000030 0.030579 0.017115 0.542211 1.342953 11.717287 16.013443 10.833438 11.330410 11.064535
0.073725 11.753725 0.000011 0.027152 0.015486 0.532910 1.223478 11.745565 15.550161 10.868100 11.136043 10.999699
0.072552 11.769772 -0.000012 0.024097 0.014012 0.525991 1.130512 11.769022 15.152006 11.163990 10.991464 11.085786
0.072517 11.781315 -0.000026 0.021486 0.012679 0.527945 1.036122 11.804102 14.827889 11.129818 11.032293 11.083992
0.070627 11.786695 -0.000031 0.019385 0.011472 0.526095 0.935811 11.780091 14.531092 10.985329 10.993629 10.989195
0.069833 11.808171 -0.000017 0.017356 0.010380 0.519415 0.841842 11.830012 14.258176 10.731125 10.854053 10.791851
0.071092 11.834693 -0.000033 0.015448 0.009393 0.508758 0.758880 11.829209 14.006599 10.346331 10.631343 10.490193
0.072663 11.858242 -0.000032 0.013694 0.008702 0.494427 0.701452 11.860072 13.770366 10.459180 10.331873 10.405751
0.075979 11.899048 -0.000047 0.011928 0.012609 0.491603 0.667227 11.939786 13.592792 10.649732 10.272879 10.469330
0.077202 11.910180 -0.000066 0.010725 0.017766 0.496788 0.650578 11.914788 13.452823 10.507659 10.381210 10.441732
0.077237 11.916029 -0.000042 0.009796 0.017766 0.496864 0.638147 11.926515 13.308637 10.349852 10.382812 10.359911
0.076295 11.927853 -0.000039 0.008801 0.017766 0.493023 0.624729 11.926449 13.168084 10.383253 10.302550 10.338052
0.073198 11.927936 -0.000036 0.007905 0.017766 0.490525 0.603934 11.935185 13.050128 10.443472 10.250340 10.340652
0.068911 11.921968 -0.000033 0.007191 0.017766 0.488377 0.555473 11.925894 12.951812 10.517546 10.205463 10.351007
0.063524 11.915194 -0.000022 0.006608 0.017766 0.486085 0.466634 11.930064 12.871580 10.310049 10.157557 10.216712
0.057229 11.916510 -0.000013 0.006088 0.017766 0.476121 0.326103 11.917115 12.787521 10.048354 9.949351 9.979239
0.053150 11.928259 -0.000004 0.005477 0.017766 0.461202 0.126238 11.944606 12.709027 9.826568 9.637586 9.710311
0.052293 11.945287 -0.000010 0.004868 0.017766 0.447661 -0.359537 11.960020 12.646841 9.712924 9.354624 9.506977
0.054351 11.975100 -0.000010 0.004282 0.017766 0.439823 -0.195199 12.014062 12.606566 9.579916 9.190835 9.351034
0.056898 11.994067 -0.000018 0.003904 0.017766 0.436479 -0.018345 12.007281 12.574527 9.560716 9.120964 9.298421
0.059701 11.989492 -0.000004 0.003729 0.016075 0.439346 0.391447 12.008275 12.549038 9.421318 9.180877 9.251666
0.064641 11.999112 0.000007 0.003505 0.014545 0.443757 0.369669 12.009833 12.512096 9.128749 9.273053 9.150024
0.067953 11.998303 0.000012 0.003275 0.013161 0.444175 0.417719 11.978246 12.449883 9.171174 9.281788 9.181354
0.070569 11.997061 0.000018 0.002886 0.011909 0.449445 0.475369 12.003808 12.396297 9.269989 9.391899 9.290620
0.071325 11.982484 0.000005 0.002638 0.010775 0.456437 0.508741 11.956273 12.345763 9.432774 9.538019 9.449883
0.068776 11.953010 0.000017 0.002503 0.009750 0.463759 0.507520 11.942498 12.298586 9.405967 9.691021 9.517338
0.063875 11.930778 0.000018 0.002344 0.008822 0.463413 0.479990 11.900001 12.240405 9.298200 9.683801 9.468374
0.059330 11.914416 0.000023 0.002078 0.007983 0.455645 0.434914 11.896998 12.178857 9.311263 9.521476 9.403247
0.056382 11.907481 0.000012 0.001730 0.007223 0.448038 0.375428 11.900086 12.135938 9.409955 9.362498 9.377301
0.054568 11.897432 0.000005 0.001520 0.006536 0.444119 0.303750 11.898871 12.115650 9.431917 9.280607 9.345998
0.054570 11.896424 0.000006 0.001397 0.005914 0.442290 0.218796 11.905825 12.105087 9.427766 9.242399 9.321499
0.056157 11.898784 0.000007 0.001315 0.005351 0.442304 0.125809 11.907067 12.098373 9.454260 9.242693 9.330987
0.060649 11.904420 0.000010 0.001236 0.004842 0.446178 0.008373 11.918185 12.094861 9.412773 9.323627 9.346896
0.068210 11.937474 0.000011 0.001003 0.004381 0.452236 -0.961672 11.959597 12.085815 9.700467 9.450237 9.552853
0.072252 11.923192 -0.000002 0.001037 0.003964 0.467492 -0.862225 11.912854 12.088339 10.046500 9.769037 9.880444
0.073600 11.870703 0.000020 0.001387 0.005493 0.488232 -0.772873 11.857814 12.087406 10.020431 10.202434 10.076418
0.072001 11.835617 0.000044 0.001605 0.011845 0.499690 -0.690925 11.804196 12.048563 10.200670 10.441853 10.291905
0.068121 11.808581 0.000053 0.001530 0.014338 0.506984 -0.612846 11.793982 12.006458 10.109702 10.594279 10.328591
0.065789 11.787921 0.000046 0.001393 0.014338 0.504198 -0.520314 11.746692 11.948225 9.753389 10.536066 10.132644
0.066896 11.812175 0.000045 0.000867 0.014338 0.490182 -0.455980 11.805801 11.875860 10.108612 10.243170 10.185638
0.066395 11.792768 0.000001 0.000530 0.014338 0.489995 -0.427060 11.772240 11.857449 10.394274 10.239271 10.330592
0.063731 11.745130 0.000009 0.000716 0.014338 0.496683 -0.389924 11.735079 11.857854 10.343663 10.379030 10.369826
0.063444 11.748256 0.000024 0.000699 0.014338 0.497650 -0.347400 11.756143 11.844239 10.405075 10.399236 10.411276
0.064561 11.767867 0.000014 0.000487 0.014338 0.498496 -0.286711 11.777684 11.837040 10.453939 10.416909 10.444117
0.065779 11.775889 0.000006 0.000390 0.014338 0.499369 -0.195055 11.777232 11.833705 10.135690 10.435163 10.291144
0.066410 11.766562 0.000006 0.000428 0.014338 0.492148 -0.084321 11.735542 11.804508 9.684466 10.284261 9.995218
0.067116 11.761108 0.000012 0.000277 0.014338 0.478230 -0.168783 11.736531 11.755138 9.880536 9.993428 9.964692
0.066731 11.744314 -0.000005 0.000069 0.014338 0.477527 -0.347873 11.742064 11.745580 10.255085 9.978734 10.148661
0.078870 11.871450 -0.000009 -0.000802 0.012973 0.487697 -0.404065 11.995705 11.778914 10.395210 10.191256 10.316310
0.078471 11.835281 -0.000087 -0.000359 0.023268 0.497768 -0.397134 11.722254 11.799863 10.487408 10.401698 10.460566
0.066735 11.676423 0.000019 0.000787 0.023268 0.505611 -0.327108 11.646192 11.793954 10.484778 10.565583 10.536756
0.065089 11.658136 0.000045 0.000866 0.023268 0.508582 -0.161410 11.661624 11.774305 10.290462 10.627681 10.469529
0.063398 11.641064 0.000033 0.000849 0.023268 0.503499 0.212597 11.599300 11.735664 10.395671 10.521465 10.478573
0.069887 11.711078 0.000043 0.000157 0.023268 0.502815 -0.065265 11.791058 11.723762 10.485888 10.507172 10.519626
0.069644 11.695579 -0.000029 0.000180 0.023268 0.504575 0.802996 11.617598 11.719346 10.564328 10.543946 10.577080
0.063871 11.622028 0.000032 0.000620 0.023268 0.507140 0.669552 11.627102 11.711144 10.859940 10.597541 10.752680
0.065387 11.637588 0.000026 0.000469 0.023268 0.515512 0.535478 11.665676 11.723488 10.748413 10.772480 10.773911
0.067959 11.651676 0.000017 0.000458 0.023268 0.516636 0.389402 11.638668 11.714500 10.390790 10.795983 10.602373
0.070521 11.678439 0.000024 0.000230 0.023268 0.508586 0.299285 11.679836 11.680474 10.650812 10.627754 10.662544
0.072191 11.694437 -0.000002 -0.000089 0.023268 0.511144 0.328719 11.707848 11.683601 10.868186 10.681210 10.798273
0.072003 11.691165 -0.000011 -0.000048 0.021054 0.517929 0.317205 11.691855 11.698395 11.043481 10.822998 10.951644
0.071043 11.698961 0.000000 -0.000004 0.019050 0.524204 0.276831 11.721199 11.715004 11.396845 10.954116 11.190246
0.069825 11.701900 -0.000004 0.000084 0.017237 0.534373 0.117134 11.719699 11.746932 11.326728 11.166622 11.247259
0.068717 11.705861 0.000008 0.000262 0.015597 0.535680 -0.381391 11.706810 11.754845 11.268594 11.193932 11.227186
0.067742 11.715749 0.000016 0.000249 0.014113 0.533300 -0.203302 11.728506 11.756540 11.242011 11.144196 11.187643
0.066145 11.724002 0.000009 0.000207 0.012770 0.529932 0.020904 11.727742 11.760630 11.017153 11.073822 11.036811
0.064262 11.725297 0.000011 0.000225 0.011555 0.521624 -1.223315 11.719086 11.752842 10.789143 10.900210 10.837417
0.063627 11.736615 0.000011 0.000103 0.010455 0.511211 -1.095206 11.742299 11.742881 10.696395 10.682604 10.685919
0.063092 11.746623 -0.000001 -0.000024 0.009460 0.503841 -0.992476 11.751118 11.744291 10.582052 10.528613 10.551784
0.064217 11.774406 -0.000003 -0.000192 0.008560 0.497743 -0.909763 11.797049 11.751314 10.477021 10.401178 10.434542
0.068488 11.810684 -0.000017 -0.000378 0.007745 0.493492 -0.840802 11.827287 11.762945 10.254856 10.312338 10.276789
0.075275 11.851115 -0.000024 -0.000562 0.007008 0.489580 -0.784741 11.865863 11.767447 10.319598 10.230601 10.271001
0.080115 11.863224 -0.000036 -0.000611 0.009652 0.494155 -0.743958 11.867795 11.783706 10.466492 10.326208 10.390793
0.081413 11.846035 -0.000031 -0.000397 0.009652 0.504250 -0.724090 11.839159 11.800471 10.637272 10.537142 10.578151
0.081946 11.857573 -0.000015 -0.000364 0.009652 0.514688 -0.699630 11.879821 11.813698 10.545880 10.755259 10.636359
0.075946 11.849020 -0.000025 -0.000225 0.009652 0.514269 -0.657395 11.808660 11.801511 10.326664 10.746513 10.526483
0.067253 11.839780 -0.000003 -0.000244 0.009652 0.501063 -0.607545 11.833156 11.773818 10.467991 10.470550 10.470920
0.062776 11.843823 -0.000022 -0.000446 0.009652 0.491136 -0.533745 11.852165 11.780626 10.584249 10.263103 10.425465
0.060981 11.843976 -0.000026 -0.000404 0.009652 0.485931 -0.434332 11.861534 11.811071 10.548513 10.154339 10.345449
0.059426 11.850812 -0.000019 -0.000253 0.009652 0.481945 -0.318678 11.871826 11.844638 10.387191 10.071056 10.214170
0.058643 11.873940 -0.000011 -0.000187 0.009652 0.476039 -0.198393 11.899365 11.871302 10.266015 9.947635 10.085050
0.059302 11.909554 -0.000011 -0.000244 0.009652 0.470634 -0.065217 11.941608 11.899030 10.177104 9.834692 9.977481
0.062959 11.936268 -0.000016 -0.000237 0.009652 0.467631 0.199527 11.957702 11.928460 9.944725 9.771931 9.823669
0.068385 11.953658 -0.000011 -0.000161 0.008733 0.465668 0.142226 11.963396 11.943952 9.956024 9.730917 9.806290
0.071924 11.967608 -0.000008 -0.000151 0.007902 0.470492 0.200936 11.987877 11.963218 10.388080 9.831719 10.069193
0.075782 11.984011 -0.000010 -0.000133 0.007150 0.487752 0.243470 12.022687 12.007066 10.339430 10.192405 10.213250
0.075730 11.986416 -0.000006 0.000132 0.006470 0.497152 0.237449 11.968438 12.016039 10.185965 10.388824 10.233223
0.073954 11.998060 0.000016 0.000115 0.005854 0.496042 0.228316 12.006528 11.999011 10.275434 10.365622 10.273767
0.073906 11.987667 -0.000003 0.000072 0.005297 0.495804 0.197189 11.965807 11.991106 10.201233 10.360664 10.238533
0.074602 11.959754 0.000009 0.000200 0.004793 0.494464 0.155363 11.942943 11.976002 10.495684 10.332659 10.378207
0.075336 11.947447 0.000011 0.000182 0.004337 0.502764 0.124999 11.963289 11.985385 10.801770 10.506096 10.616182
0.072824 11.935572 0.000008 0.000318 0.003924 0.514256 0.071491 11.935596 12.002602 10.609491 10.746244 10.634000
0.069302 11.927562 0.000024 0.000478 0.006362 0.511974 -0.049527 11.910868 11.984831 10.242583 10.698548 10.431897
0.070027 11.928276 0.000026 0.000360 0.007067 0.499310 0.266079 11.907970 11.944944 9.768939 10.433929 10.075292
0.072886 11.923277 0.000013 0.000138 0.007067 0.482439 0.209544 11.885597 11.892853 9.488326 10.081365 9.775967
0.073451 11.896039 0.000003 -0.000020 0.007067 0.469969 0.255584 11.859870 11.848649 9.855235 9.820796 9.846208
0.074751 11.887667 -0.000004 -0.000249 0.007067 0.475610 0.345942 11.912490 11.855136 10.275100 9.938671 10.115406
0.075387 11.872838 -0.000020 -0.000113 0.007067 0.490408 0.389830 11.866374 11.882164 10.421795 10.247906 10.333969
0.076408 11.860657 0.000006 0.000137 0.007067 0.502076 0.397255 11.869139 11.893068 10.592089 10.491722 10.536399
0.078575 11.851127 0.000009 0.000267 0.007067 0.512933 0.384205 11.844252 11.896409 10.832755 10.718597 10.768163
0.080082 11.838722 0.000019 0.000368 0.007067 0.525395 0.358364 11.842869 11.899211 11.389708 10.979020 11.177492
0.080874 11.838805 0.000020 0.000385 0.007067 0.545409 0.311920 11.866387 11.924003 11.538423 11.397236 11.448661
0.081428 11.843137 0.000021 0.000515 0.007067 0.557155 0.217453 11.835137 11.926516 11.334660 11.642685 11.462258
0.093883 12.003582 0.000033 -0.000491 0.008843 0.555665 0.077701 12.115214 11.911097 11.435532 11.611548 11.507141
0.092575 11.984695 -0.000072 -0.000469 0.019473 0.555861 -0.324109 11.867065 11.905243 11.324014 11.615650 11.457151
0.080887 11.837394 0.000014 0.000432 0.019473 0.551328 -0.117746 11.791762 11.876563 11.235959 11.520914 11.373374
0.082043 11.855689 0.000030 0.000133 0.019473 0.545268 0.105561 11.885437 11.853083 11.328694 11.394287 11.365752
0.084848 11.893819 -0.000011 -0.000260 0.019473 0.543812 0.071481 11.895600 11.852232 11.458290 11.363861 11.418361
0.087177 11.919560 -0.000015 -0.000429 0.019473 0.545790 0.191843 11.945816 11.866054 11.391421 11.405194 11.401851
0.087728 11.918003 -0.000028 -0.000331 0.019473 0.545253 0.226097 11.894717 11.870215 11.401786 11.393969 11.401817
0.088029 11.915340 -0.000009 -0.000288 0.019473 0.545602 0.298355 11.932424 11.875314 11.556264 11.401258 11.483984
0.086875 11.915703 -0.000020 -0.000257 0.019473 0.549622 0.334355 11.913964 11.890990 11.692063 11.485278 11.590502
0.085033 11.921474 -0.000008 -0.000194 0.019473 0.553081 0.329435 11.943007 11.909563 11.639088 11.557563 11.593979
0.084283 11.930840 -0.000012 -0.000136 0.019473 0.551504 0.256773 11.927227 11.917811 11.405070 11.524610 11.457049
0.083555 11.944096 -0.000004 -0.000168 0.019473 0.543393 0.180936 11.948617 11.911465 11.159363 11.355107 11.252087
0.079783 11.940481 -0.000014 -0.000185 0.017620 0.531557 0.174859 11.919277 11.899671 11.234650 11.107768 11.172777
0.077913 11.937630 -0.000007 -0.000242 0.015943 0.525812 0.241412 11.961838 11.912993 11.205714 10.987724 11.095620
0.079416 11.945041 -0.000018 -0.000204 0.014426 0.523180 0.238850 11.947969 11.932563 10.956134 10.932727 10.937178
0.080911 11.951676 -0.000006 -0.000122 0.013053 0.517779 0.284972 11.956399 11.936232 10.848732 10.819870 10.826868
0.081450 11.961591 -0.000008 -0.000162 0.011811 0.514727 0.354102 11.967911 11.940934 10.950404 10.756094 10.846415
0.081109 11.957965 -0.000010 -0.000109 0.010687 0.516807 0.408476 11.964597 11.957225 11.040475 10.799553 10.909140
0.083140 11.952216 -0.000003 0.000032 0.009670 0.522000 0.409885 11.960399 11.974812 10.889878 10.908067 10.881076
0.085544 11.943295 0.000005 0.000201 0.008750 0.523781 0.393916 11.928245 11.970294 10.836255 10.945273 10.873365
0.087655 11.943040 0.000015 0.000174 0.007917 0.526141 0.382220 11.946692 11.959384 10.972826 10.994604 10.970601
0.085144 11.907950 0.000004 0.000328 0.007164 0.531893 0.373549 11.875321 11.952606 11.216112 11.114797 11.154709
0.077164 11.869906 0.000027 0.000527 0.007376 0.538332 0.349725 11.873180 11.951942 11.230387 11.249348 11.226359
0.071010 11.866740 0.000028 0.000543 0.007557 0.535201 0.299747 11.860165 11.941999 10.819080 11.183919 10.987720
0.068865 11.876587 0.000029 0.000417 0.007888 0.518420 0.222949 11.862334 11.908067 10.349208 10.833250 10.586510
0.070735 11.903261 0.000017 0.000031 0.007888 0.496548 0.180277 11.899663 11.871247 10.274407 10.376207 10.333199
0.072260 11.917651 -0.000010 -0.000296 0.007888 0.485469 0.235964 11.924398 11.868245 10.496120 10.144691 10.331465
0.070417 11.923500 -0.000020 -0.000352 0.007888 0.486612 0.320254 11.949164 11.900154 10.860095 10.168581 10.516921
0.086132 12.121321 -0.000017 -0.001410 0.007888 0.496616 0.342083 12.310962 11.974186 10.593963 10.377627 10.471065
0.087812 12.092896 -0.000120 -0.000757 0.032305 0.498355 0.315768 11.934684 12.002298 10.305147 10.413957 10.339192
0.077299 11.896247 0.000024 0.000676 0.032305 0.496959 0.319026 11.857329 11.983524 10.784238 10.384786 10.570825
0.082876 11.903761 0.000045 0.000508 0.032305 0.514200 0.382192 11.970895 12.005537 11.379962 10.745062 11.042056
0.083825 11.896006 0.000012 0.000698 0.032305 0.541242 0.328074 11.883759 12.042249 11.550814 11.310154 11.392046
0.080756 11.894550 0.000056 0.000941 0.032305 0.556996 0.063388 11.921250 12.045547 11.362936 11.639360 11.454622
0.078504 11.908385 0.000045 0.000874 0.032305 0.555293 -1.984291 11.877341 12.011078 11.214429 11.603770 11.370664
0.079297 11.930598 0.000048 0.000513 0.032305 0.546470 -1.711310 11.943973 11.973800 11.247166 11.419398 11.307197
0.080937 11.934857 0.000011 0.000248 0.032305 0.541495 -1.460059 11.914633 11.956976 11.318765 11.315448 11.297502
0.078639 11.934168 0.000016 0.000145 0.032305 0.540425 -1.241390 11.950045 11.954944 11.245608 11.293081 11.250328
0.074248 11.955682 0.000002 -0.000005 0.032305 0.534039 -1.052608 11.956628 11.951454 10.680506 11.159646 10.902255
0.072376 11.972945 -0.000001 -0.000137 0.032305 0.512456 -0.878047 11.950027 11.917631 10.205887 10.708618 10.451683
0.073960 11.986174 -0.000011 -0.000437 0.029231 0.489248 -0.766741 11.977350 11.886743 10.073514 10.223656 10.155432
0.076729 11.979109 -0.000032 -0.000589 0.026449 0.477662 -0.750397 11.969244 11.884708 10.562288 9.981555 10.283708
0.083509 12.013710 -0.000030 -0.000822 0.023932 0.489897 -0.785812 12.092881 11.941206 11.263955 10.237223 10.750025
0.085536 11.985279 -0.000054 -0.000281 0.021655 0.519146 -0.755416 11.976279 12.022696 11.340119 10.848436 11.065609
0.085309 11.926916 0.000016 0.000611 0.019594 0.539927 -0.655635 11.924339 12.050031 11.331084 11.282682 11.263776
0.088420 11.946050 0.000045 0.000663 0.017729 0.552459 -0.527229 11.967054 12.043266 11.238219 11.544555 11.345575
0.089156 11.944220 0.000027 0.000631 0.016042 0.555802 -0.393402 11.902955 12.010364 11.247784 11.614425 11.394125
0.089303 11.925890 0.000039 0.000538 0.014516 0.556921 -0.268000 11.916712 11.974391 11.379599 11.637794 11.483457
0.088560 11.924257 0.000021 0.000320 0.013134 0.559137 -0.144790 11.910909 11.949993 11.403310 11.684103 11.525564
0.087518 11.941348 0.000014 0.000055 0.011884 0.557147 0.011111 11.944619 11.928048 10.944778 11.642524 11.278947
0.087940 11.983472 -0.000005 -0.000353 0.010753 0.540464 -1.132580 11.962170 11.881207 10.421628 11.293899 10.858924
0.100173 12.146158 -0.000028 -0.001689 0.009730 0.515901 -1.028543 12.227862 11.842216 10.454885 10.780619 10.644168
0.096960 12.068013 -0.000137 -0.001439 0.036941 0.505732 -0.950994 11.915679 11.840342 10.570425 10.568109 10.605390
0.103394 12.141756 -0.000027 -0.001921 0.036941 0.505774 -0.976575 12.322791 11.870657 10.332528 10.568999 10.482646
0.099858 12.098663 -0.000162 -0.001453 0.043526 0.500416 -1.004581 11.901607 11.875704 10.077307 10.457022 10.301709
0.076238 11.815244 -0.000011 0.000385 0.043526 0.490761 -1.068063 11.717646 11.841151 10.347509 10.255279 10.347585
0.070782 11.789061 0.000043 0.000332 0.043526 0.490577 -1.109958 11.853116 11.842866 10.729154 10.251428 10.534841
0.069348 11.788772 -0.000005 0.000345 0.043526 0.497719 -1.063637 11.773161 11.873322 10.864256 10.400671 10.663427
0.070755 11.801432 0.000035 0.000458 0.043526 0.504157 -0.931557 11.858851 11.900937 11.207479 10.535202 10.891168
0.073486 11.817802 0.000014 0.000530 0.043526 0.517228 -0.735145 11.835434 11.943094 11.367678 10.808352 11.090058
0.077674 11.865638 0.000038 0.000494 0.043526 0.529483 -0.441490 11.931793 11.977340 11.142787 11.064431 11.088565
0.077053 11.898319 0.000016 0.000504 0.043526 0.529271 -0.014867 11.877423 11.975321 11.013471 11.060006 11.019808
0.075643 11.921171 0.000035 0.000345 0.043526 0.520704 10.642105 11.952676 11.966412 10.471506 10.880987 10.659720
0.075907 11.946811 0.000005 0.000125 0.043526 0.501413 9.565631 11.911377 11.933710 9.875471 10.477868 10.170058
0.077595 11.964127 0.000008 -0.000194 0.043526 0.477015 8.606567 11.961102 11.891527 9.950568 9.968023 9.969338
0.086380 12.015455 -0.000025 -0.000790 0.039384 0.470575 7.755371 12.057627 11.902609 10.171330 9.833454 10.014534
0.091520 11.997896 -0.000055 -0.000607 0.035636 0.480079 6.995227 11.975478 11.937504 10.309552 10.032065 10.173743
0.092121 11.929896 -0.000014 0.000048 0.032245 0.495168 6.310048 11.914262 11.957576 10.421201 10.347370 10.377839
0.093557 11.898951 0.000015 0.000374 0.029176 0.510307 5.691395 11.892245 11.957256 10.427882 10.663726 10.533235
0.089977 11.893359 0.000023 0.000407 0.026400 0.517377 5.131943 11.876545 11.933160 10.497031 10.811455 10.646843
0.081376 11.876803 0.000020 0.000359 0.023888 0.515082 4.622221 11.853404 11.903919 10.838017 10.763496 10.804774
0.087217 12.003650 0.000018 -0.000636 0.021614 0.514334 4.146470 12.129442 11.919487 10.919896 10.747862 10.836618
0.081142 11.939419 -0.000075 -0.000127 0.020115 0.511463 3.703679 11.800317 11.934396 10.532058 10.687885 10.606385
0.064700 11.756673 0.000048 0.001133 0.020115 0.498316 3.296091 11.710059 11.904925 10.329038 10.413143 10.371760
0.063759 11.776388 0.000070 0.000819 0.020115 0.485484 2.935133 11.823137 11.885757 10.263755 10.145008 10.207809
0.065812 11.794929 0.000023 0.000579 0.020115 0.477937 2.616884 11.781278 11.885589 9.947030 9.987286 9.966928
0.070136 11.804095 0.000038 0.000519 0.020115 0.469823 2.340124 11.819325 11.874417 9.941729 9.817739 9.881483
0.078852 11.858161 0.000020 0.000104 0.020115 0.471417 2.112307 11.898538 11.882100 10.306568 9.851054 10.080377
0.081379 11.838319 -0.000005 0.000279 0.020115 0.487249 1.920371 11.824341 11.911920 10.584671 10.181886 10.373352
0.077490 11.757863 0.000032 0.000982 0.020115 0.505702 1.743294 11.734920 11.926753 10.738268 10.567483 10.631004
0.076873 11.742128 0.000069 0.001177 0.020115 0.519407 1.568985 11.760717 11.921113 10.648095 10.853871 10.721369
0.074275 11.715989 0.000058 0.001308 0.020115 0.522263 1.395669 11.664758 11.885151 10.752636 10.913566 10.810345
0.070674 11.681978 0.000080 0.001295 0.021432 0.523775 1.227515 11.683672 11.852752 11.084942 10.945159 11.000738
0.069009 11.675782 0.000062 0.001128 0.021432 0.530256 1.050577 11.679964 11.845550 11.433886 11.080583 11.242643
0.065517 11.654437 0.000061 0.001218 0.021432 0.539412 0.853928 11.660539 11.852963 11.268748 11.271917 11.244419
0.062070 11.634774 0.000070 0.001391 0.021432 0.536851 0.630451 11.613924 11.830906 10.823110 11.218394 10.992582
0.060466 11.650260 0.000079 0.001151 0.021432 0.521937 0.429099 11.649653 11.783165 10.975672 10.906756 10.927302
0.059556 11.683431 0.000050 0.000636 0.021432 0.516034 0.273637 11.715627 11.778366 11.261038 10.783392 11.009621
0.061207 11.702944 0.000024 0.000481 0.021432 0.519065 0.077678 11.728658 11.806683 8.218469 10.846726 9.491638
0.065305 11.714896 0.000030 0.000585 0.021432 0.445557 -0.684646 11.506571 11.600188 2.535009 9.310654 5.915861
0.070025 11.739718 0.000035 -0.000889 0.021432 0.269880 -0.531855 11.417553 11.105459 -0.346674 5.639597 2.808142
0.071791 11.730695 -0.000109 -0.003985 0.029435 0.117836 -0.420592 11.531789 10.718562 -2.831635 2.462373 0.118956
0.066964 11.644111 -0.000289 -0.005900 0.077708 -0.013768 -0.407277 11.336520 10.413669 -4.675014 -0.287710 -2.055887
0.059008 11.520843 -0.000330 -0.007057 0.088630 -0.120501 -0.455392 11.338924 10.195009 -6.127295 -2.518079 -3.803321
0.050527 11.391687 -0.000410 -0.007628 0.110257 -0.206174 -0.453708 11.162936 10.043715 -7.500398 -4.308346 -5.318115
0.039566 11.240262 -0.000403 -0.007627 0.110257 -0.280690 -0.296985 11.062480 9.923726 -8.347453 -5.865487 -6.461750
0.038236 11.253570 -0.000412 -0.008477 0.110662 -0.337787 -0.049877 11.220108 9.870377 -3.050354 -7.058631 -4.295079
0.008422 10.981356 -0.000488 -0.007082 0.131295 -0.235256 7.110630 11.091275 10.282396 3.666304 -4.916062 0.049614
-0.041343 10.553818 -0.000297 -0.001730 0.131295 -0.005901 6.153604 10.768175 10.953860 6.015998 -0.123317 3.264409
-0.060922 10.421522 0.000057 0.003393 0.131295 0.152052 5.071168 10.605110 11.361536 8.343473 3.177378 5.851318
-0.054668 10.463357 0.000262 0.005725 0.131295 0.278682 3.844473 10.737799 11.659563 9.656083 5.823537 7.621148
-0.033777 10.626093 0.000323 0.006588 0.131295 0.369672 2.506539 10.824456 11.843945 11.902520 7.724918 9.623638
-0.008352 10.831724 0.000360 0.006452 0.131295 0.474090 0.955330 11.151172 12.056356 13.325977 9.906908 11.322887
0.039607 11.338522 0.000321 0.004576 0.131295 0.565666 -2.232763 11.745089 12.241260 12.478165 11.820539 11.760262
0.051164 11.575742 0.000177 0.004242 0.131295 0.586654 -0.972037 11.489636 12.224079 11.991681 12.259119 11.733806
0.039357 11.557008 0.000263 0.004252 0.131295 0.575563 0.252141 11.590828 12.137294 12.497131 12.027347 11.895957
0.043084 11.624804 0.000197 0.003267 0.131295 0.577260 -1.242114 11.687253 12.121314 12.542456 12.062824 11.942609
0.045471 11.630068 0.000158 0.003131 0.131295 0.578913 -1.298044 11.620329 12.108198 13.169959 12.097356 12.279615
0.054280 11.719965 0.000177 0.002475 0.118800 0.598523 -1.706615 11.880199 12.149901 13.630740 12.507138 12.706280
0.062239 11.833614 0.000100 0.002016 0.107495 0.621972 -1.955855 11.880701 12.202626 13.150816 12.997151 12.701230
0.066327 11.932416 0.000119 0.001722 0.097266 0.621031 -2.110937 11.985324 12.187142 12.911137 12.977490 12.585946
0.069214 12.037076 0.000076 0.000957 0.088010 0.612049 -2.238014 12.073496 12.167154 10.104294 12.789781 11.118166
0.072784 12.127335 0.000038 0.000254 0.079634 0.535041 -2.278782 11.968793 11.961559 3.874219 11.180585 7.305570
0.070045 12.188831 0.000001 -0.001449 0.072056 0.342315 -2.265417 11.816336 11.435760 -0.293047 7.153242 3.394173
0.058809 12.223742 -0.000132 -0.005023 0.065199 0.141649 -2.331242 11.990637 10.955528 -2.279463 2.959983 0.445573
0.048043 12.189201 -0.000367 -0.007864 0.098640 -0.011783 -2.385993 11.954700 10.685543 -5.175577 -0.246233 -2.492439
0.036270 12.074289 -0.000452 -0.008852 0.121636 -0.158317 -2.520253 11.799888 10.454347 -6.871017 -3.308291 -4.795069
0.023511 11.938557 -0.000482 -0.009461 0.129562 -0.269227 -2.667470 11.782020 10.335296 -7.038546 -5.625944 -6.017281
0.016292 11.802712 -0.000520 -0.009354 0.139845 -0.322957 -2.670629 11.713215 10.375986 -6.155407 -6.748724 -6.161599
0.008161 11.637512 -0.000483 -0.008041 0.139845 -0.318796 -2.399379 11.621493 10.546682 -4.520835 -6.661785 -5.357725
0.001552 11.536573 -0.000391 -0.006310 0.139845 -0.269227 -1.678892 11.629370 10.806403 -4.736958 -5.625940 -4.987813
-0.014543 11.344574 -0.000302 -0.003430 0.139845 -0.245251 -0.043432 11.183477 10.926961 -5.632750 -5.124939 -5.211318
-0.039465 11.114485 -0.000101 -0.001195 0.139845 -0.273871 71.477226 11.021167 10.907589 -4.724137 -5.723000 -5.021215
-0.055512 11.012722 -0.000049 -0.000670 0.139845 -0.265882 64.281556 11.080956 10.993092 -4.384368 -5.556047 -4.795376
-0.064664 10.919911 -0.000040 0.000466 0.139845 -0.255691 57.796218 10.879040 11.073738 -5.426421 -5.343102 -5.301281
-0.075026 10.822072 0.000062 0.001604 0.139845 -0.279217 51.954368 10.770242 11.042316 -5.457278 -5.834710 -5.539167
-0.081473 10.724044 0.000091 0.002029 0.139845 -0.288776 46.705147 10.715422 11.038825 -6.010351 -6.034463 -5.952265
-0.082762 10.642951 0.000110 0.002523 0.139845 -0.301397 41.988101 10.586785 11.001048 -5.887732 -6.298197 -6.000042
-0.080421 10.629951 0.000143 0.002365 0.139845 -0.296282 37.759750 10.695301 10.994754 -3.888876 -6.191319 -4.832078
-0.067834 10.650879 0.000104 0.002192 0.126537 -0.230178 33.956197 10.788198 11.133222 -4.126320 -4.809951 -4.421263
-0.057291 10.651915 0.000121 0.003068 0.114495 -0.198405 30.527654 10.594211 11.136415 -3.845871 -4.146010 -3.987998
-0.052994 10.655327 0.000192 0.003067 0.103600 -0.171323 27.450264 10.726752 11.110839 -2.145550 -3.580082 -2.805038
-0.047155 10.683358 0.000137 0.002725 0.093741 -0.111884 24.676727 10.756341 11.175789 -1.246169 -2.338007 -1.786897
-0.041984 10.721357 0.000150 0.002897 0.084820 -0.063596 22.165131 10.775339 11.212315 -0.712493 -1.328953 -1.061211
-0.038308 10.750177 0.000157 0.002946 0.076748 -0.031741 19.893376 10.776328 11.212382 -0.720038 -0.663273 -0.770054
-0.033379 10.788870 0.000157 0.002700 0.069445 -0.021488 17.845311 10.794641 11.165770 -0.752651 -0.449024 -0.682227
-0.025085 10.855484 0.000135 0.001978 0.062836 -0.020476 16.009333 10.881364 11.111946 -1.066010 -0.427874 -0.825570
-0.015090 10.929664 0.000085 0.001162 0.056857 -0.029154 14.370731 10.920396 11.045810 -1.665218 -0.609225 -1.203634
-0.006736 10.998695 0.000047 0.000300 0.051446 -0.048670 12.916295 10.982055 10.961820 -1.642226 -1.017048 -1.364067
-0.005377 11.058686 -0.000005 -0.000617 0.046550 -0.059555 11.627455 11.073056 10.924571 -1.759964 -1.244511 -1.519585
-0.005665 11.117879 -0.000051 -0.001232 0.042120 -0.073882 10.479276 11.115040 10.905204 -1.890178 -1.543890 -1.720853
-0.002699 11.167171 -0.000073 -0.001670 0.038112 -0.088509 9.453595 11.182879 10.905403 -1.687968 -1.849547 -1.764740
0.000670 11.205975 -0.000098 -0.001916 0.034485 -0.092104 8.535293 11.236583 10.947591 -1.516940 -1.924661 -1.721782
0.005056 11.258315 -0.000102 -0.001981 0.031204 -0.089552 7.710378 11.306310 11.009273 -1.335487 -1.871349 -1.614577
0.008162 11.303675 -0.000106 -0.001877 0.028448 -0.083355 6.965940 11.341797 11.078943 -1.325346 -1.741852 -1.556451
0.008844 11.334648 -0.000094 -0.001630 0.028448 -0.080088 6.291276 11.360198 11.135783 -1.473494 -1.673573 -1.604026
0.010536 11.373314 -0.000081 -0.001514 0.028448 -0.082702 5.680753 11.398829 11.174557 -1.864947 -1.728188 -1.828241
0.011056 11.419937 -0.000081 -0.001564 0.028448 -0.094250 5.129600 11.426556 11.188828 -1.928176 -1.969504 -1.977189
0.008374 11.461579 -0.000086 -0.001739 0.028448 -0.104088 4.634024 11.492700 11.219205 -2.031823 -2.175100 -2.132586
0.003998 11.480221 -0.000099 -0.001664 0.028448 -0.114874 4.182494 11.480995 11.256064 -2.363584 -2.400476 -2.411675
-0.000176 11.491665 -0.000082 -0.001502 0.028448 -0.130984 3.771592 11.502971 11.282393 -2.439210 -2.737133 -2.621583
-0.002658 11.501599 -0.000081 -0.001397 0.028448 -0.142010 3.399617 11.522867 11.326680 -2.547616 -2.967547 -2.798410
-0.003854 11.515859 -0.000072 -0.001206 0.028448 -0.149391 3.064275 11.541778 11.377125 -2.183749 -3.121766 -2.709777
-0.003329 11.538248 -0.000061 -0.001027 0.028448 -0.142548 2.761944 11.605846 11.463659 -1.917680 -2.978777 -2.526947
-0.001276 11.554247 -0.000053 -0.000577 0.028448 -0.129724 2.478928 11.592631 11.552380 -2.329622 -2.710795 -2.607823
0.000650 11.574569 -0.000017 -0.000141 0.025740 -0.129633 2.221573 11.588736 11.583215 -2.000710 -2.708891 -2.453762
0.002197 11.586068 -0.000004 -0.000018 0.023291 -0.118713 2.000431 11.637100 11.636667 -1.523962 -2.480715 -2.118282
0.005449 11.592459 -0.000002 0.000282 0.021075 -0.098287 1.793953 11.628574 11.704075 -1.779491 -2.053868 -2.037506
0.007208 11.608221 0.000025 0.000611 0.019069 -0.091247 1.605386 11.612538 11.715088 -1.733951 -1.906755 -1.940137
0.005660 11.622163 0.000035 0.000592 0.017254 -0.086595 1.442069 11.642837 11.718769 -1.552103 -1.809558 -1.800656
0.002352 11.622899 0.000026 0.000611 0.015612 -0.081932 1.288915 11.626276 11.728510 -1.990020 -1.712107 -1.960130
-0.001983 11.616931 0.000035 0.000711 0.014127 -0.093017 1.144991 11.588590 11.696488 -2.153377 -1.943752 -2.147241
-0.003030 11.628846 0.000038 0.000431 0.012782 -0.104926 1.021531 11.645314 11.673986 -2.086822 -2.192602 -2.235262
-0.002838 11.644886 0.000010 0.000185 0.011566 -0.109859 0.915077 11.652485 11.679018 -1.883163 -2.295691 -2.189559
-0.005832 11.631863 0.000009 0.000301 0.010465 -0.107589 0.824134 11.646336 11.705273 -1.457600 -2.248250 -1.965516
-0.005821 11.622217 0.000021 0.000529 0.009469 -0.095504 0.732110 11.662281 11.756325 -1.829341 -1.995722 -2.026607
-0.004886 11.621849 0.000033 0.000857 0.008974 -0.096036 0.640766 11.601995 11.755369 -1.795243 -2.006825 -2.014526
-0.006614 11.613941 0.000055 0.000901 0.014714 -0.094097 0.569545 11.639382 11.757111 -1.222812 -1.966324 -1.717514
-0.005874 11.617140 0.000042 0.000892 0.014714 -0.078482 0.483762 11.655165 11.798933 -1.402321 -1.640017 -1.646376
-0.006963 11.605613 0.000052 0.001232 0.014714 -0.073921 0.378362 11.583816 11.797446 -1.344520 -1.544695 -1.568838
-0.008775 11.591389 0.000077 0.001313 0.020669 -0.070140 0.287859 11.612476 11.791868 -1.514781 -1.465689 -1.609209
-0.009914 11.571536 0.000065 0.001404 0.020669 -0.071989 0.179356 11.535099 11.766150 -2.182126 -1.504333 -1.945884
