0.000000 0.000201 -0.000862 
0.010000 0.000188 -0.000876 
0.020000 0.000179 -0.000877 
0.030000 0.000168 -0.000878 
0.040000 0.000217 -0.000785 
0.050000 0.000203 -0.000794 
0.060000 0.000176 -0.000878 
0.070000 0.000176 -0.000887 
0.080000 0.000176 -0.000887 
0.090000 0.000347 -0.000892 
0.100000 0.000842 -0.000869 
0.110000 0.001875 -0.000797 
0.120000 0.003328 -0.000779 
0.130000 0.004849 -0.000790 
0.140000 0.006551 -0.000780 
0.150000 0.010211 -0.000824 
0.160000 0.010211 -0.000824 
0.170000 0.011937 -0.000885 
0.180000 0.013969 -0.000948 
0.190000 0.016736 -0.000873 
0.200000 0.021291 -0.000905 
0.210000 0.021291 -0.000905 
0.220000 0.023485 -0.000926 
0.230000 0.025652 -0.000947 
0.240000 0.029670 -0.000902 
0.250000 0.032566 -0.000901 
0.260000 0.035424 -0.000816 
0.270000 0.041404 -0.000757 
0.280000 0.045417 -0.000436 
0.290000 0.045417 -0.000436 
0.300000 0.052359 -0.000423 
0.310000 0.056088 -0.000359 
0.320000 0.060015 -0.000372 
0.330000 0.063947 -0.000355 
0.340000 0.068022 -0.000438 
0.350000 0.072063 -0.000399 
0.360000 0.076278 -0.000449 
0.370000 0.080519 -0.000453 
0.380000 0.085014 -0.000435 
0.390000 0.089562 -0.000478 
0.400000 0.093943 -0.000512 
0.410000 0.098597 -0.000492 
0.420000 0.103385 -0.000588 
0.430000 0.108447 -0.000368 
0.440000 0.113621 -0.000420 
0.450000 0.118704 -0.000484 
0.460000 0.124448 -0.000528 
0.470000 0.130008 -0.000398 
0.480000 0.135664 -0.000209 
0.490000 0.141141 -0.000190 
0.500000 0.147092 -0.000160 
0.510000 0.152714 -0.000076 
0.520000 0.158886 -0.000103 
0.530000 0.164735 -0.000073 
0.540000 0.164735 -0.000073 
0.550000 0.172429 -0.000202 
0.560000 0.178869 -0.000046 
0.570000 0.185283 0.000042 
0.580000 0.192046 0.000164 
0.590000 0.199139 0.000364 
0.600000 0.205998 0.000475 
0.610000 0.213277 0.000332 
0.620000 0.220803 0.000436 
0.630000 0.230116 0.000659 
0.640000 0.237817 0.000742 
0.650000 0.245653 0.000909 
0.660000 0.253905 0.000892 
0.670000 0.261877 0.001100 
0.680000 0.269682 0.001029 
0.690000 0.277603 0.001154 
0.700000 0.286519 0.001557 
0.710000 0.294739 0.001591 
0.720000 0.304069 0.001912 
0.730000 0.312633 0.002270 
0.740000 0.321249 0.002528 
0.750000 0.330323 0.002847 
0.760000 0.338880 0.002985 
0.770000 0.347757 0.003252 
0.780000 0.360037 0.003934 
0.790000 0.369501 0.004413 
0.800000 0.378540 0.004669 
0.810000 0.387443 0.005062 
0.820000 0.396400 0.005458 
0.830000 0.405697 0.004951 
0.840000 0.415160 0.004926 
0.850000 0.426956 0.004953 
0.860000 0.436524 0.004772 
0.870000 0.445814 0.004949 
0.880000 0.445814 0.004949 
0.890000 0.457320 0.004922 
0.900000 0.466374 0.004908 
0.910000 0.475450 0.004981 
0.920000 0.484724 0.005338 
0.930000 0.494129 0.005406 
0.940000 0.503800 0.005872 
0.950000 0.522069 0.006711 
0.960000 0.522069 0.006711 
0.970000 0.540039 0.007879 
0.980000 0.540039 0.007879 
0.990000 0.548610 0.008215 
1.000000 0.556885 0.008423 
1.010000 0.565595 0.008729 
1.020000 0.574281 0.008830 
1.030000 0.591656 0.009208 
1.040000 0.591656 0.009208 
1.050000 0.609073 0.009680 
1.060000 0.609073 0.009680 
1.070000 0.624338 0.009801 
1.080000 0.632279 0.009863 
1.090000 0.640082 0.009919 
1.100000 0.647879 0.010040 
1.110000 0.655629 0.010196 
1.120000 0.663255 0.010484 
1.130000 0.670511 0.011208 
1.140000 0.678355 0.011652 
1.150000 0.684341 0.011189 
1.160000 0.690579 0.011560 
1.170000 0.690579 0.011560 
1.180000 0.705030 0.011711 
1.190000 0.705030 0.011711 
1.200000 0.713424 0.011919 
1.210000 0.720096 0.012009 
1.220000 0.726104 0.012046 
1.230000 0.735826 0.012042 
1.240000 0.742234 0.012141 
1.250000 0.748777 0.012218 
1.260000 0.755609 0.011693 
1.270000 0.761211 0.011522 
1.280000 0.767583 0.011428 
1.290000 0.773523 0.011583 
1.300000 0.779575 0.011885 
1.310000 0.785655 0.012183 
1.320000 0.792175 0.012314 
1.330000 0.800045 0.012600 
1.340000 0.800045 0.012600 
1.350000 0.806209 0.012690 
1.360000 0.813846 0.012706 
1.370000 0.820154 0.012854 
1.380000 0.826404 0.012837 
1.390000 0.832338 0.012941 
1.400000 0.838568 0.012962 
1.410000 0.844789 0.013053 
1.420000 0.850849 0.013061 
1.430000 0.857027 0.013309 
1.440000 0.863407 0.013285 
1.450000 0.869780 0.013424 
1.460000 0.878468 0.013613 
1.470000 0.882550 0.013702 
1.480000 0.889400 0.013851 
1.490000 0.895799 0.013991 
1.500000 0.902170 0.014130 
1.510000 0.909795 0.015266 
1.520000 0.917259 0.015488 
1.530000 0.922963 0.014781 
1.540000 0.930004 0.015483 
1.550000 0.937237 0.015676 
1.560000 0.944385 0.015736 
1.570000 0.951470 0.015934 
1.580000 0.958898 0.015963 
1.590000 0.966003 0.016106 
1.600000 0.973460 0.016111 
1.610000 0.980708 0.016439 
1.620000 0.988381 0.016769 
1.630000 0.996204 0.017110 
1.640000 1.003916 0.017317 
1.650000 1.011611 0.017710 
1.660000 1.019507 0.017922 
1.670000 1.035377 0.019052 
1.680000 1.035377 0.019052 
1.690000 1.043165 0.019494 
1.700000 1.051556 0.019314 
1.710000 1.060570 0.019310 
1.720000 1.068860 0.019263 
1.730000 1.077111 0.019197 
1.740000 1.085589 0.019020 
1.750000 1.094122 0.019091 
1.760000 1.102854 0.018971 
1.770000 1.111532 0.019032 
1.780000 1.120228 0.019173 
1.790000 1.129301 0.019588 
1.800000 1.138266 0.019650 
1.810000 1.147347 0.020068 
1.820000 1.156633 0.020262 
1.830000 1.165753 0.020667 
1.840000 1.174870 0.020990 
1.850000 1.184874 0.021325 
1.860000 1.193981 0.021626 
1.870000 1.203054 0.022115 
1.880000 1.212185 0.022416 
1.890000 1.221376 0.022672 
1.900000 1.230227 0.023012 
1.910000 1.239714 0.022955 
1.920000 1.249868 0.023334 
1.930000 1.259391 0.023305 
1.940000 1.269238 0.023407 
1.950000 1.278849 0.023465 
1.960000 1.298181 0.023701 
1.970000 1.298181 0.023701 
1.980000 1.311885 0.024271 
1.990000 1.321511 0.024527 
2.000000 1.331953 0.024954 
2.010000 1.342107 0.025357 
2.020000 1.352406 0.025550 
2.030000 1.362950 0.025872 
2.040000 1.372979 0.026031 
2.050000 1.383124 0.026276 
2.060000 1.392965 0.026470 
2.070000 1.402990 0.026681 
2.080000 1.413313 0.026504 
2.090000 1.433870 0.026914 
2.100000 1.433870 0.026914 
2.110000 1.444492 0.026846 
2.120000 1.455144 0.026933 
2.130000 1.467122 0.027281 
2.140000 1.477655 0.027462 
2.150000 1.488753 0.027439 
2.160000 1.500936 0.027508 
2.170000 1.511844 0.027664 
2.180000 1.523090 0.027877 
2.190000 1.533811 0.028241 
2.200000 1.544497 0.028541 
2.210000 1.555523 0.028564 
2.220000 1.566332 0.028879 
2.230000 1.577772 0.029213 
2.240000 1.588728 0.029532 
2.250000 1.600382 0.029863 
2.260000 1.610971 0.030035 
2.270000 1.622634 0.030335 
2.280000 1.633896 0.030900 
2.290000 1.644229 0.031275 
2.300000 1.655495 0.031664 
2.310000 1.666754 0.032170 
2.320000 1.678328 0.032802 
2.330000 1.689850 0.033494 
2.340000 1.700929 0.033842 
2.350000 1.712232 0.034106 
2.360000 1.723587 0.034210 
2.370000 1.735063 0.034327 
2.380000 1.746848 0.034079 
2.390000 1.758811 0.033970 
2.400000 1.770332 0.034228 
2.410000 1.782175 0.034336 
2.420000 1.793780 0.034684 
2.430000 1.805450 0.034935 
2.440000 1.817777 0.035117 
2.450000 1.829954 0.035486 
2.460000 1.841999 0.035812 
2.470000 1.853884 0.036422 
2.480000 1.865906 0.037000 
2.490000 1.877728 0.037486 
2.500000 1.889682 0.038041 
2.510000 1.905620 0.038729 
2.520000 1.917682 0.038872 
2.530000 1.930129 0.039071 
2.540000 1.942473 0.039292 
2.550000 1.955072 0.039381 
2.560000 1.967713 0.039805 
2.570000 1.980453 0.040042 
2.580000 1.993179 0.040320 
2.590000 2.005545 0.040706 
2.600000 2.017582 0.040966 
2.610000 2.029865 0.041181 
2.620000 2.042550 0.040972 
2.630000 2.054936 0.041128 
2.640000 2.067144 0.041292 
2.650000 2.079222 0.041682 
2.660000 2.091552 0.041912 
2.670000 2.103354 0.042235 
2.680000 2.115562 0.042301 
2.690000 2.127673 0.042738 
2.700000 2.139924 0.043016 
2.710000 2.152224 0.043077 
2.720000 2.163985 0.042801 
2.730000 2.176133 0.042983 
2.740000 2.188198 0.043100 
2.750000 2.200121 0.043289 
2.760000 2.212156 0.043567 
2.770000 2.212156 0.043567 
2.780000 2.227934 0.043867 
2.790000 2.251347 0.044490 
2.800000 2.251347 0.044490 
2.810000 2.264664 0.045002 
2.820000 2.276677 0.045302 
2.830000 2.288342 0.045540 
2.840000 2.300448 0.045704 
2.850000 2.312159 0.045637 
2.860000 2.323688 0.045994 
2.870000 2.335459 0.046180 
2.880000 2.347544 0.047269 
2.890000 2.359049 0.047881 
2.900000 2.373646 0.048257 
2.910000 2.385894 0.048307 
2.920000 2.397959 0.048012 
2.930000 2.409837 0.048027 
2.940000 2.421392 0.047930 
2.950000 2.433230 0.047890 
2.960000 2.445072 0.048624 
2.970000 2.456848 0.049053 
2.980000 2.468439 0.049440 
2.990000 2.480149 0.050077 
3.000000 2.491464 0.050601 
3.010000 2.502923 0.051109 
3.020000 2.514860 0.051584 
3.030000 2.526568 0.051514 
3.040000 2.538375 0.052097 
3.050000 2.549567 0.052574 
3.060000 2.560991 0.053216 
3.070000 2.572921 0.053374 
3.080000 2.584491 0.053479 
3.090000 2.595893 0.053421 
3.100000 2.607723 0.053643 
3.110000 2.619390 0.053800 
3.120000 2.630924 0.053884 
3.130000 2.642901 0.054348 
3.140000 2.654504 0.054685 
3.150000 2.666099 0.055128 
3.160000 2.677699 0.055499 
3.170000 2.689206 0.055711 
3.180000 2.700832 0.055922 
3.190000 2.712072 0.056016 
3.200000 2.723434 0.056285 
3.210000 2.735248 0.056753 
3.220000 2.746490 0.056801 
3.230000 2.758035 0.057318 
3.240000 2.769503 0.057521 
3.250000 2.781034 0.057898 
3.260000 2.792369 0.058067 
3.270000 2.803688 0.057689 
3.280000 2.815117 0.057962 
3.290000 2.826547 0.058005 
3.300000 2.838040 0.057995 
3.310000 2.849527 0.058288 
3.320000 2.861104 0.058455 
3.330000 2.872923 0.058742 
3.340000 2.885530 0.059211 
3.350000 2.897663 0.059336 
3.360000 2.913337 0.060079 
3.370000 2.925721 0.060570 
3.380000 2.937903 0.061377 
3.390000 2.950405 0.061979 
3.400000 2.963092 0.062649 
3.410000 2.975596 0.063359 
3.420000 2.987981 0.063971 
3.430000 3.001114 0.064748 
3.440000 3.013740 0.065528 
3.450000 3.025804 0.065806 
3.460000 3.038579 0.066062 
3.470000 3.051172 0.066170 
3.480000 3.064281 0.066209 
3.490000 3.077266 0.066257 
3.500000 3.090038 0.066624 
3.510000 3.102149 0.066965 
3.520000 3.114508 0.067631 
3.530000 3.127038 0.068308 
3.540000 3.139667 0.069018 
3.550000 3.152119 0.069369 
3.560000 3.164569 0.069963 
3.570000 3.177116 0.070772 
3.580000 3.189670 0.071383 
3.590000 3.201611 0.072022 
3.600000 3.213971 0.072449 
3.610000 3.226520 0.072959 
3.620000 3.239095 0.073174 
3.630000 3.251633 0.073687 
3.640000 3.263465 0.074128 
3.650000 3.275749 0.074596 
3.660000 3.287677 0.076037 
3.670000 3.299936 0.077247 
3.680000 3.312107 0.078492 
3.690000 3.324284 0.079986 
3.700000 3.335994 0.081252 
3.710000 3.347132 0.082351 
3.720000 3.358818 0.083397 
3.730000 3.370368 0.084490 
3.740000 3.381978 0.085587 
3.750000 3.393645 0.086433 
3.760000 3.404595 0.087672 
3.770000 3.415373 0.088840 
3.780000 3.426508 0.090265 
3.790000 3.437667 0.091882 
3.800000 3.449068 0.093627 
3.810000 3.459922 0.095634 
3.820000 3.470986 0.097414 
3.830000 3.492776 0.101088 
3.840000 3.492776 0.101088 
3.850000 3.502889 0.102383 
3.860000 3.513981 0.104051 
3.870000 3.524990 0.105719 
3.880000 3.536016 0.107375 
3.890000 3.547430 0.109459 
3.900000 3.571511 0.114139 
3.910000 3.583407 0.116562 
3.920000 3.583407 0.116562 
3.930000 3.594166 0.118978 
3.940000 3.606201 0.121640 
3.950000 3.617298 0.124136 
3.960000 3.628568 0.126671 
3.970000 3.639533 0.128921 
3.980000 3.650501 0.131494 
3.990000 3.661546 0.133984 
4.000000 3.672612 0.136479 
4.010000 3.683613 0.138958 
4.020000 3.694629 0.141441 
4.030000 3.706077 0.145212 
4.040000 3.716885 0.148113 
4.050000 3.728519 0.150859 
4.060000 3.739663 0.153524 
4.070000 3.750592 0.156275 
4.080000 3.761714 0.158985 
4.090000 3.772334 0.161838 
4.100000 3.782329 0.164791 
4.110000 3.793273 0.168150 
4.120000 3.804373 0.171424 
4.130000 3.828094 0.177913 
4.140000 3.828094 0.177913 
4.150000 3.838463 0.181279 
4.160000 3.849172 0.184678 
4.170000 3.859962 0.188177 
4.180000 3.870299 0.191244 
4.190000 3.880886 0.194757 
4.200000 3.893488 0.198883 
4.210000 3.902014 0.202332 
4.220000 3.912614 0.206335 
4.230000 3.923566 0.210444 
4.240000 3.933963 0.214109 
4.250000 3.944350 0.217830 
4.260000 3.954807 0.222124 
4.270000 3.965236 0.225982 
4.280000 3.976230 0.229775 
4.290000 3.986951 0.233501 
4.300000 4.008511 0.241664 
4.310000 4.008511 0.241664 
4.320000 4.019437 0.245437 
4.330000 4.030413 0.249737 
4.340000 4.040864 0.253839 
4.350000 4.051476 0.258212 
4.360000 4.062372 0.262879 
4.370000 4.072967 0.267078 
4.380000 4.083770 0.271653 
4.390000 4.094605 0.275995 
4.400000 4.105607 0.280591 
4.410000 4.116542 0.285186 
4.420000 4.127409 0.289954 
4.430000 4.138014 0.294612 
4.440000 4.148394 0.299365 
4.450000 4.169335 0.309131 
4.460000 4.169335 0.309131 
4.470000 4.180616 0.314153 
4.480000 4.191638 0.319050 
4.490000 4.201721 0.323424 
4.500000 4.212313 0.328029 
4.510000 4.222694 0.332704 
4.520000 4.233177 0.337932 
4.530000 4.243538 0.342873 
4.540000 4.254038 0.347659 
4.550000 4.264726 0.352542 
4.560000 4.274885 0.356980 
4.570000 4.285091 0.361528 
4.580000 4.295372 0.366256 
4.590000 4.305461 0.370783 
4.600000 4.316701 0.376395 
4.610000 4.326822 0.381122 
4.620000 4.336948 0.386190 
4.630000 4.346964 0.391344 
4.640000 4.357381 0.396682 
4.650000 4.380458 0.408775 
4.660000 4.380458 0.408775 
4.670000 4.390607 0.414135 
4.680000 4.400198 0.418814 
4.690000 4.410230 0.423891 
4.700000 4.420445 0.429221 
4.710000 4.430502 0.434403 
4.720000 4.440324 0.439888 
4.730000 4.450236 0.445312 
4.740000 4.460311 0.450968 
4.750000 4.470494 0.456773 
4.760000 4.480554 0.462759 
4.770000 4.490575 0.468439 
4.780000 4.500950 0.474166 
4.790000 4.510737 0.479337 
4.800000 4.521223 0.484641 
4.810000 4.531692 0.490038 
4.820000 4.541985 0.495480 
4.830000 4.551975 0.500939 
4.840000 4.562023 0.506408 
4.850000 4.571914 0.512535 
4.860000 4.582443 0.518701 
4.870000 4.592722 0.524575 
4.880000 4.602849 0.530813 
4.890000 4.612983 0.536925 
4.900000 4.622565 0.543126 
4.910000 4.632202 0.549121 
4.920000 4.642394 0.555350 
4.930000 4.652208 0.561177 
4.940000 4.672306 0.572831 
4.950000 4.682315 0.578842 
4.960000 4.692060 0.585013 
4.970000 4.692060 0.585013 
4.980000 4.711981 0.597897 
4.990000 4.722126 0.604559 
5.000000 4.732118 0.610769 
5.010000 4.741777 0.616971 
5.020000 4.751381 0.622983 
5.030000 4.761014 0.629081 
5.040000 4.770629 0.635168 
5.050000 4.780951 0.641741 
5.060000 4.790694 0.647894 
5.070000 4.800428 0.653836 
5.080000 4.810494 0.660394 
5.090000 4.820576 0.666944 
5.100000 4.830316 0.673636 
5.110000 4.840118 0.680304 
5.120000 4.849850 0.686671 
5.130000 4.859284 0.693254 
5.140000 4.869306 0.699974 
5.150000 4.878740 0.706449 
5.160000 4.888747 0.713208 
5.170000 4.898446 0.719725 
5.180000 4.907974 0.726336 
5.190000 4.917812 0.732880 
5.200000 4.927844 0.739741 
5.210000 4.937684 0.746549 
5.220000 4.947360 0.753256 
5.230000 4.956948 0.760131 
5.240000 4.966534 0.766902 
5.250000 4.976215 0.773683 
5.260000 4.985951 0.780418 
5.270000 4.995683 0.787403 
5.280000 5.005185 0.794179 
5.290000 5.014710 0.800818 
5.300000 5.024208 0.807497 
5.310000 5.033781 0.814083 
5.320000 5.043532 0.821082 
5.330000 5.053143 0.827788 
5.340000 5.062471 0.834450 
5.350000 5.071867 0.841427 
5.360000 5.081157 0.848465 
5.370000 5.090211 0.855468 
5.380000 5.099390 0.862504 
5.390000 5.108305 0.869262 
5.400000 5.117423 0.875950 
5.410000 5.127492 0.883107 
5.420000 5.139038 0.891004 
5.430000 5.148314 0.897873 
5.440000 5.157795 0.904792 
5.450000 5.166608 0.911647 
5.460000 5.175640 0.918472 
5.470000 5.184732 0.925507 
5.480000 5.194178 0.932681 
5.490000 5.203582 0.939942 
5.500000 5.212907 0.947141 
5.510000 5.221461 0.953863 
5.520000 5.229877 0.960743 
5.530000 5.239341 0.968263 
5.540000 5.248300 0.975418 
5.550000 5.257280 0.982898 
5.560000 5.265941 0.989825 
5.570000 5.274500 0.996949 
5.580000 5.283429 1.004114 
5.590000 5.292566 1.011400 
5.600000 5.301514 1.018884 
5.610000 5.310625 1.025989 
5.620000 5.319383 1.032934 
5.630000 5.328039 1.040031 
5.640000 5.336817 1.047714 
5.650000 5.336817 1.047714 
5.660000 5.348789 1.057669 
5.670000 5.357865 1.065777 
5.680000 5.368170 1.074493 
5.690000 5.376972 1.082067 
5.700000 5.386166 1.089587 
5.710000 5.395499 1.097266 
5.720000 5.404048 1.104894 
5.730000 5.413090 1.112476 
5.740000 5.421559 1.119697 
5.750000 5.430657 1.127197 
5.760000 5.439437 1.134803 
5.770000 5.448580 1.142407 
5.780000 5.457377 1.149891 
5.790000 5.466381 1.157689 
5.800000 5.475313 1.166121 
5.810000 5.484499 1.174233 
5.820000 5.493794 1.182810 
5.830000 5.502671 1.190691 
5.840000 5.511581 1.198381 
5.850000 5.520690 1.206159 
5.860000 5.529255 1.213812 
5.870000 5.538143 1.221571 
5.880000 5.546481 1.229214 
5.890000 5.555094 1.237150 
5.900000 5.563867 1.244895 
5.910000 5.573099 1.252837 
5.920000 5.581867 1.260702 
5.930000 5.590342 1.268513 
5.940000 5.599362 1.277133 
5.950000 5.608150 1.285129 
5.960000 5.616542 1.293024 
5.970000 5.624841 1.300931 
5.980000 5.633223 1.308954 
5.990000 5.641675 1.316515 
6.000000 5.650176 1.324203 
6.010000 5.657991 1.331532 
6.020000 5.666459 1.339486 
6.030000 5.675251 1.347172 
6.040000 5.684030 1.354914 
6.050000 5.692606 1.362925 
6.060000 5.700145 1.370338 
6.070000 5.708668 1.378446 
6.080000 5.717118 1.386569 
6.090000 5.725536 1.394661 
6.100000 5.733524 1.402825 
6.110000 5.741898 1.410964 
6.120000 5.750187 1.418410 
6.130000 5.758593 1.426374 
6.140000 5.774415 1.442971 
6.150000 5.782289 1.451814 
6.160000 5.790527 1.460140 
6.170000 5.798768 1.468841 
6.180000 5.804743 1.475599 
6.190000 5.812845 1.483656 
6.200000 5.820571 1.491391 
6.210000 5.828752 1.499456 
6.220000 5.836803 1.507916 
6.230000 5.844426 1.515933 
6.240000 5.852390 1.524249 
6.250000 5.860184 1.532307 
6.260000 5.868071 1.540484 
6.270000 5.875780 1.548493 
6.280000 5.883908 1.556815 
6.290000 5.892033 1.565120 
6.300000 5.900161 1.573820 
6.310000 5.908465 1.582974 
6.320000 5.916353 1.591352 
6.330000 5.924484 1.599868 
6.340000 5.932355 1.608384 
6.350000 5.940461 1.616991 
6.360000 5.948456 1.625479 
6.370000 5.955499 1.633651 
6.380000 5.963393 1.642235 
6.390000 5.970621 1.650545 
6.400000 5.978715 1.659160 
6.410000 5.986762 1.667977 
6.420000 5.995231 1.677151 
6.430000 6.002797 1.685842 
6.440000 6.010344 1.694390 
6.450000 6.018462 1.703510 
6.460000 6.026501 1.712436 
6.470000 6.034547 1.721370 
6.480000 6.042229 1.730063 
6.490000 6.049936 1.738768 
6.500000 6.057688 1.747667 
6.510000 6.065519 1.756018 
6.520000 6.072753 1.764709 
6.530000 6.080535 1.773928 
6.540000 6.088190 1.782322 
6.550000 6.095465 1.790761 
6.560000 6.102919 1.799456 
6.570000 6.110556 1.808708 
6.580000 6.117997 1.818042 
6.590000 6.125527 1.827186 
6.600000 6.133004 1.836219 
6.610000 6.140226 1.844379 
6.620000 6.147900 1.853065 
6.630000 6.155480 1.861662 
6.640000 6.163100 1.870224 
6.650000 6.170375 1.879062 
6.660000 6.177700 1.887770 
6.670000 6.187395 1.899304 
6.680000 6.194695 1.908237 
6.690000 6.194695 1.908237 
6.700000 6.203214 1.918542 
6.710000 6.210453 1.927798 
6.720000 6.218005 1.937840 
6.730000 6.226810 1.948518 
6.740000 6.234083 1.957582 
6.750000 6.240769 1.966666 
6.760000 6.247558 1.975257 
6.770000 6.254878 1.984395 
6.780000 6.262044 1.994201 
6.790000 6.269459 2.003258 
6.800000 6.276054 2.012678 
6.810000 6.283606 2.022146 
6.820000 6.290853 2.031113 
6.830000 6.298328 2.040848 
6.840000 6.305489 2.050164 
6.850000 6.312597 2.059783 
6.860000 6.319059 2.068880 
6.870000 6.325852 2.078147 
6.880000 6.332676 2.087402 
6.890000 6.339815 2.096628 
6.900000 6.347234 2.105899 
6.910000 6.354805 2.115523 
6.920000 6.362196 2.124941 
6.930000 6.369568 2.134511 
6.940000 6.376224 2.143555 
6.950000 6.382928 2.153257 
6.960000 6.389913 2.162960 
6.970000 6.396441 2.172219 
6.980000 6.403285 2.181626 
6.990000 6.410099 2.190708 
7.000000 6.416484 2.199523 
7.010000 6.423156 2.208988 
7.020000 6.430054 2.218506 
7.030000 6.436773 2.228150 
7.040000 6.443486 2.237668 
7.050000 6.449708 2.246793 
7.060000 6.456780 2.257395 
7.070000 6.463674 2.267523 
7.080000 6.470474 2.277294 
7.090000 6.477130 2.287087 
7.100000 6.483743 2.296430 
7.110000 6.489934 2.305950 
7.120000 6.496254 2.315358 
7.130000 6.502619 2.324859 
7.140000 6.509400 2.334784 
7.150000 6.515615 2.344529 
7.160000 6.521951 2.354168 
7.170000 6.527649 2.363731 
7.180000 6.533835 2.373472 
7.190000 6.540231 2.383603 
7.200000 6.551966 2.403261 
7.210000 6.551966 2.403261 
7.220000 6.564755 2.423204 
7.230000 6.564755 2.423204 
7.240000 6.571265 2.432948 
7.250000 6.577849 2.442860 
7.260000 6.584236 2.452363 
7.270000 6.590733 2.462161 
7.280000 6.596844 2.471938 
7.290000 6.603151 2.481726 
7.300000 6.609220 2.492233 
7.310000 6.615531 2.502691 
7.320000 6.621816 2.513033 
7.330000 6.628132 2.522766 
7.340000 6.639706 2.542429 
7.350000 6.639706 2.542429 
7.360000 6.645607 2.552049 
7.370000 6.651522 2.562111 
7.380000 6.663684 2.582480 
7.390000 6.663684 2.582480 
7.400000 6.674976 2.602587 
7.410000 6.680733 2.612610 
7.420000 6.686637 2.622989 
7.430000 6.692492 2.633385 
7.440000 6.698415 2.643472 
7.450000 6.704042 2.653610 
7.460000 6.709685 2.663431 
7.470000 6.715431 2.673456 
7.480000 6.721031 2.683409 
7.490000 6.726783 2.693534 
7.500000 6.732457 2.703607 
7.510000 6.738139 2.713646 
7.520000 6.743940 2.723367 
7.530000 6.749670 2.733415 
7.540000 6.755520 2.743706 
7.550000 6.761190 2.754091 
7.560000 6.766966 2.764504 
7.570000 6.772131 2.774426 
7.580000 6.777500 2.784855 
7.590000 6.782889 2.795121 
7.600000 6.788198 2.805467 
7.610000 6.793379 2.815711 
7.620000 6.798570 2.826090 
7.630000 6.803703 2.836367 
7.640000 6.808909 2.846793 
7.650000 6.813120 2.856672 
7.660000 6.817968 2.867211 
7.670000 6.823725 2.878532 
7.680000 6.828534 2.889170 
7.690000 6.833615 2.898731 
7.700000 6.838188 2.908432 
7.710000 6.843128 2.918265 
7.720000 6.848594 2.928674 
7.730000 6.854622 2.939511 
7.740000 6.860419 2.950182 
7.750000 6.866043 2.960585 
7.760000 6.871230 2.970861 
7.770000 6.876826 2.981398 
7.780000 6.882519 2.992189 
7.790000 6.888132 3.002938 
7.800000 6.894122 3.013892 
7.810000 6.900029 3.025126 
7.820000 6.906236 3.036666 
7.830000 6.913028 3.047994 
7.840000 6.918972 3.059505 
7.850000 6.924761 3.070628 
7.860000 6.930030 3.081853 
7.870000 6.935138 3.092364 
7.880000 6.939881 3.103067 
7.890000 6.945436 3.114452 
7.900000 6.950344 3.125299 
7.910000 6.956711 3.140134 
7.920000 6.961999 3.151317 
7.930000 6.967358 3.162274 
7.940000 6.972669 3.173177 
7.950000 6.977046 3.183062 
7.960000 6.982572 3.193686 
7.970000 6.987820 3.203926 
7.980000 6.992886 3.213816 
7.990000 6.998025 3.223762 
8.000000 7.002914 3.233710 
8.010000 7.007888 3.243831 
8.020000 7.012419 3.253989 
8.030000 7.017232 3.264209 
8.040000 7.022085 3.274511 
8.050000 7.027212 3.284816 
8.060000 7.031921 3.295363 
8.070000 7.036556 3.305582 
8.080000 7.043802 3.317088 
8.090000 7.048408 3.326358 
8.100000 7.053602 3.336667 
8.110000 7.059073 3.346851 
8.120000 7.064712 3.357683 
8.130000 7.070145 3.368497 
8.140000 7.075321 3.379329 
8.150000 7.080667 3.390102 
8.160000 7.085933 3.400938 
8.170000 7.091142 3.411964 
8.180000 7.096452 3.422993 
8.190000 7.101673 3.434030 
8.200000 7.107071 3.444902 
8.210000 7.112359 3.455605 
8.220000 7.117719 3.466366 
8.230000 7.123198 3.477163 
8.240000 7.128748 3.487955 
8.250000 7.134403 3.498799 
8.260000 7.139758 3.509249 
8.270000 7.144963 3.520314 
8.280000 7.150364 3.531364 
8.290000 7.155822 3.542716 
8.300000 7.162396 3.555957 
8.310000 7.167814 3.567003 
8.320000 7.173515 3.578749 
8.330000 7.178870 3.589713 
8.340000 7.184347 3.600407 
8.350000 7.189602 3.611371 
8.360000 7.194998 3.622230 
8.370000 7.200750 3.632810 
8.380000 7.206491 3.643454 
8.390000 7.212358 3.654676 
0.000000 0.000000 0.000000 
0.000000 0.000000 0.000000 
0.000000 0.000000 0.000000 
0.000000 0.000000 0.000000 
0.000000 0.000000 0.000000 
0.000000 0.000000 0.000000 
0.000000 0.000000 0.000000 
0.000000 0.000000 0.000000 
0.000000 0.000000 0.000000 
0.000000 0.000000 0.000000 
0.000000 0.000000 0.000000 
0.000000 0.000000 0.000000 
0.000000 0.000000 0.000000 
0.000000 0.000000 0.000000 
0.000000 0.000000 0.000000 
0.000000 0.000000 0.000000 
0.000000 0.000000 0.000000 
0.000000 0.000000 0.000000 
0.000000 0.000000 0.000000 
0.000000 0.000000 0.000000 
0.000000 0.000000 0.000000 
0.000000 0.000000 0.000000 
0.000000 0.000000 0.000000 
0.000000 0.000000 0.000000 
0.000000 0.000000 0.000000 
0.000000 0.000000 0.000000 
0.000000 0.000000 0.000000 
0.000000 0.000000 0.000000 
0.000000 0.000000 0.000000 
0.000000 0.000000 0.000000 
0.000000 0.000000 0.000000 
0.000000 0.000000 0.000000 
0.000000 0.000000 0.000000 
0.000000 0.000000 0.000000 
0.000000 0.000000 0.000000 
0.000000 0.000000 0.000000 
0.000000 0.000000 0.000000 
0.000000 0.000000 0.000000 
0.000000 0.000000 0.000000 
0.000000 0.000000 0.000000 
0.000000 0.000000 0.000000 
0.000000 0.000000 0.000000 
0.000000 0.000000 0.000000 
0.000000 0.000000 0.000000 
0.000000 0.000000 0.000000 
0.000000 0.000000 0.000000 
0.000000 0.000000 0.000000 
0.000000 0.000000 0.000000 
0.000000 0.000000 0.000000 
0.000000 0.000000 0.000000 
0.000000 0.000000 0.000000 
0.000000 0.000000 0.000000 
0.000000 0.000000 0.000000 
0.000000 0.000000 0.000000 
0.000000 0.000000 0.000000 
0.000000 0.000000 0.000000 
0.000000 0.000000 0.000000 
0.000000 0.000000 0.000000 
0.000000 0.000000 0.000000 
0.000000 0.000000 0.000000 
0.000000 0.000000 0.000000 
0.000000 0.000000 0.000000 
0.000000 0.000000 0.000000 
0.000000 0.000000 0.000000 
0.000000 0.000000 0.000000 
0.000000 0.000000 0.000000 
0.000000 0.000000 0.000000 
0.000000 0.000000 0.000000 
0.000000 0.000000 0.000000 
0.000000 0.000000 0.000000 
0.000000 0.000000 0.000000 
0.000000 0.000000 0.000000 
0.000000 0.000000 0.000000 
0.000000 0.000000 0.000000 
0.000000 0.000000 0.000000 
0.000000 0.000000 0.000000 
0.000000 0.000000 0.000000 
0.000000 0.000000 0.000000 
0.000000 0.000000 0.000000 
0.000000 0.000000 0.000000 
0.000000 0.000000 0.000000 
0.000000 0.000000 0.000000 
0.000000 0.000000 0.000000 
0.000000 0.000000 0.000000 
0.000000 0.000000 0.000000 
0.000000 0.000000 0.000000 
0.000000 0.000000 0.000000 
0.000000 0.000000 0.000000 
0.000000 0.000000 0.000000 
0.000000 0.000000 0.000000 
0.000000 0.000000 0.000000 
0.000000 0.000000 0.000000 
0.000000 0.000000 0.000000 
0.000000 0.000000 0.000000 
0.000000 0.000000 0.000000 
0.000000 0.000000 0.000000 
0.000000 0.000000 0.000000 
0.000000 0.000000 0.000000 
0.000000 0.000000 0.000000 
0.000000 0.000000 0.000000 
0.000000 0.000000 0.000000 
0.000000 0.000000 0.000000 
0.000000 0.000000 0.000000 
0.000000 0.000000 0.000000 
0.000000 0.000000 0.000000 
0.000000 0.000000 0.000000 
0.000000 0.000000 0.000000 
0.000000 0.000000 0.000000 
0.000000 0.000000 0.000000 
0.000000 0.000000 0.000000 
0.000000 0.000000 0.000000 
0.000000 0.000000 0.000000 
0.000000 0.000000 0.000000 
0.000000 0.000000 0.000000 
0.000000 0.000000 0.000000 
0.000000 0.000000 0.000000 
0.000000 0.000000 0.000000 
0.000000 0.000000 0.000000 
0.000000 0.000000 0.000000 
0.000000 0.000000 0.000000 
0.000000 0.000000 0.000000 
0.000000 0.000000 0.000000 
0.000000 0.000000 0.000000 
0.000000 0.000000 0.000000 
0.000000 0.000000 0.000000 
0.000000 0.000000 0.000000 
0.000000 0.000000 0.000000 
0.000000 0.000000 0.000000 
0.000000 0.000000 0.000000 
0.000000 0.000000 0.000000 
0.000000 0.000000 0.000000 
0.000000 0.000000 0.000000 
0.000000 0.000000 0.000000 
0.000000 0.000000 0.000000 
0.000000 0.000000 0.000000 
0.000000 0.000000 0.000000 
0.000000 0.000000 0.000000 
0.000000 0.000000 0.000000 
0.000000 0.000000 0.000000 
0.000000 0.000000 0.000000 
0.000000 0.000000 0.000000 
0.000000 0.000000 0.000000 
0.000000 0.000000 0.000000 
0.000000 0.000000 0.000000 
0.000000 0.000000 0.000000 
0.000000 0.000000 0.000000 
0.000000 0.000000 0.000000 
0.000000 0.000000 0.000000 
0.000000 0.000000 0.000000 
0.000000 0.000000 0.000000 
0.000000 0.000000 0.000000 
0.000000 0.000000 0.000000 
0.000000 0.000000 0.000000 
0.000000 0.000000 0.000000 
0.000000 0.000000 0.000000 
0.000000 0.000000 0.000000 
0.000000 0.000000 0.000000 
0.000000 0.000000 0.000000 
0.000000 0.000000 0.000000 
0.000000 0.000000 0.000000 
0.000000 0.000000 0.000000 
0.000000 0.000000 0.000000 
0.000000 0.000000 0.000000 
0.000000 0.000000 0.000000 
0.000000 0.000000 0.000000 
0.000000 0.000000 0.000000 
0.000000 0.000000 0.000000 
0.000000 0.000000 0.000000 
0.000000 0.000000 0.000000 
0.000000 0.000000 0.000000 
0.000000 0.000000 0.000000 
0.000000 0.000000 0.000000 
0.000000 0.000000 0.000000 
0.000000 0.000000 0.000000 
0.000000 0.000000 0.000000 
0.000000 0.000000 0.000000 
0.000000 0.000000 0.000000 
0.000000 0.000000 0.000000 
0.000000 0.000000 0.000000 
0.000000 0.000000 0.000000 
0.000000 0.000000 0.000000 
0.000000 0.000000 0.000000 
0.000000 0.000000 0.000000 
0.000000 0.000000 0.000000 
0.000000 0.000000 0.000000 
0.000000 0.000000 0.000000 
0.000000 0.000000 0.000000 
0.000000 0.000000 0.000000 
0.000000 0.000000 0.000000 
0.000000 0.000000 0.000000 
0.000000 0.000000 0.000000 
0.000000 0.000000 0.000000 
0.000000 0.000000 0.000000 
0.000000 0.000000 0.000000 
0.000000 0.000000 0.000000 
0.000000 0.000000 0.000000 
0.000000 0.000000 0.000000 
0.000000 0.000000 0.000000 
0.000000 0.000000 0.000000 
0.000000 0.000000 0.000000 
0.000000 0.000000 0.000000 
0.000000 0.000000 0.000000 
0.000000 0.000000 0.000000 
0.000000 0.000000 0.000000 
0.000000 0.000000 0.000000 
0.000000 0.000000 0.000000 
0.000000 0.000000 0.000000 
0.000000 0.000000 0.000000 
0.000000 0.000000 0.000000 
0.000000 0.000000 0.000000 
0.000000 0.000000 0.000000 
0.000000 0.000000 0.000000 
0.000000 0.000000 0.000000 
0.000000 0.000000 0.000000 
0.000000 0.000000 0.000000 
0.000000 0.000000 0.000000 
0.000000 0.000000 0.000000 
0.000000 0.000000 0.000000 
0.000000 0.000000 0.000000 
0.000000 0.000000 0.000000 
0.000000 0.000000 0.000000 
0.000000 0.000000 0.000000 
0.000000 0.000000 0.000000 
0.000000 0.000000 0.000000 
0.000000 0.000000 0.000000 
0.000000 0.000000 0.000000 
0.000000 0.000000 0.000000 
0.000000 0.000000 0.000000 
0.000000 0.000000 0.000000 
0.000000 0.000000 0.000000 
0.000000 0.000000 0.000000 
0.000000 0.000000 0.000000 
0.000000 0.000000 0.000000 
0.000000 0.000000 0.000000 
0.000000 0.000000 0.000000 
0.000000 0.000000 0.000000 
0.000000 0.000000 0.000000 
0.000000 0.000000 0.000000 
0.000000 0.000000 0.000000 
0.000000 0.000000 0.000000 
0.000000 0.000000 0.000000 
0.000000 0.000000 0.000000 
0.000000 0.000000 0.000000 
0.000000 0.000000 0.000000 
0.000000 0.000000 0.000000 
0.000000 0.000000 0.000000 
0.000000 0.000000 0.000000 
0.000000 0.000000 0.000000 
0.000000 0.000000 0.000000 
0.000000 0.000000 0.000000 
0.000000 0.000000 0.000000 
0.000000 0.000000 0.000000 
0.000000 0.000000 0.000000 
0.000000 0.000000 0.000000 
0.000000 0.000000 0.000000 
0.000000 0.000000 0.000000 
0.000000 0.000000 0.000000 
0.000000 0.000000 0.000000 
0.000000 0.000000 0.000000 
0.000000 0.000000 0.000000 
0.000000 0.000000 0.000000 
0.000000 0.000000 0.000000 
0.000000 0.000000 0.000000 
0.000000 0.000000 0.000000 
0.000000 0.000000 0.000000 
0.000000 0.000000 0.000000 
0.000000 0.000000 0.000000 
0.000000 0.000000 0.000000 
0.000000 0.000000 0.000000 
0.000000 0.000000 0.000000 
0.000000 0.000000 0.000000 
0.000000 0.000000 0.000000 
0.000000 0.000000 0.000000 
0.000000 0.000000 0.000000 
0.000000 0.000000 0.000000 
0.000000 0.000000 0.000000 
0.000000 0.000000 0.000000 
0.000000 0.000000 0.000000 
0.000000 0.000000 0.000000 
0.000000 0.000000 0.000000 
0.000000 0.000000 0.000000 
0.000000 0.000000 0.000000 
0.000000 0.000000 0.000000 
0.000000 0.000000 0.000000 
0.000000 0.000000 0.000000 
0.000000 0.000000 0.000000 
0.000000 0.000000 0.000000 
0.000000 0.000000 0.000000 
0.000000 0.000000 0.000000 
0.000000 0.000000 0.000000 
0.000000 0.000000 0.000000 
0.000000 0.000000 0.000000 
0.000000 0.000000 0.000000 
0.000000 0.000000 0.000000 
0.000000 0.000000 0.000000 
0.000000 0.000000 0.000000 
0.000000 0.000000 0.000000 
0.000000 0.000000 0.000000 
0.000000 0.000000 0.000000 
0.000000 0.000000 0.000000 
0.000000 0.000000 0.000000 
0.000000 0.000000 0.000000 
0.000000 0.000000 0.000000 
0.000000 0.000000 0.000000 
0.000000 0.000000 0.000000 
0.000000 0.000000 0.000000 
0.000000 0.000000 0.000000 
0.000000 0.000000 0.000000 
0.000000 0.000000 0.000000 
0.000000 0.000000 0.000000 
0.000000 0.000000 0.000000 
0.000000 0.000000 0.000000 
0.000000 0.000000 0.000000 
0.000000 0.000000 0.000000 
0.000000 0.000000 0.000000 
0.000000 0.000000 0.000000 
0.000000 0.000000 0.000000 
0.000000 0.000000 0.000000 
0.000000 0.000000 0.000000 
0.000000 0.000000 0.000000 
0.000000 0.000000 0.000000 
0.000000 0.000000 0.000000 
0.000000 0.000000 0.000000 
0.000000 0.000000 0.000000 
0.000000 0.000000 0.000000 
0.000000 0.000000 0.000000 
0.000000 0.000000 0.000000 
0.000000 0.000000 0.000000 
0.000000 0.000000 0.000000 
0.000000 0.000000 0.000000 
0.000000 0.000000 0.000000 
0.000000 0.000000 0.000000 
0.000000 0.000000 0.000000 
0.000000 0.000000 0.000000 
0.000000 0.000000 0.000000 
0.000000 0.000000 0.000000 
0.000000 0.000000 0.000000 
0.000000 0.000000 0.000000 
0.000000 0.000000 0.000000 
0.000000 0.000000 0.000000 
0.000000 0.000000 0.000000 
0.000000 0.000000 0.000000 
0.000000 0.000000 0.000000 
0.000000 0.000000 0.000000 
0.000000 0.000000 0.000000 
0.000000 0.000000 0.000000 
0.000000 0.000000 0.000000 
0.000000 0.000000 0.000000 
0.000000 0.000000 0.000000 
0.000000 0.000000 0.000000 
0.000000 0.000000 0.000000 
0.000000 0.000000 0.000000 
0.000000 0.000000 0.000000 
0.000000 0.000000 0.000000 
0.000000 0.000000 0.000000 
0.000000 0.000000 0.000000 
0.000000 0.000000 0.000000 
0.000000 0.000000 0.000000 
0.000000 0.000000 0.000000 
0.000000 0.000000 0.000000 
0.000000 0.000000 0.000000 
0.000000 0.000000 0.000000 
0.000000 0.000000 0.000000 
0.000000 0.000000 0.000000 
0.000000 0.000000 0.000000 
0.000000 0.000000 0.000000 
0.000000 0.000000 0.000000 
0.000000 0.000000 0.000000 
0.000000 0.000000 0.000000 
0.000000 0.000000 0.000000 
0.000000 0.000000 0.000000 
0.000000 0.000000 0.000000 
0.000000 0.000000 0.000000 
0.000000 0.000000 0.000000 
0.000000 0.000000 0.000000 
0.000000 0.000000 0.000000 
0.000000 0.000000 0.000000 
0.000000 0.000000 0.000000 
0.000000 0.000000 0.000000 
0.000000 0.000000 0.000000 
0.000000 0.000000 0.000000 
0.000000 0.000000 0.000000 
0.000000 0.000000 0.000000 
0.000000 0.000000 0.000000 
0.000000 0.000000 0.000000 
0.000000 0.000000 0.000000 
0.000000 0.000000 0.000000 
0.000000 0.000000 0.000000 
0.000000 0.000000 0.000000 
0.000000 0.000000 0.000000 
0.000000 0.000000 0.000000 
0.000000 0.000000 0.000000 
0.000000 0.000000 0.000000 
0.000000 0.000000 0.000000 
0.000000 0.000000 0.000000 
0.000000 0.000000 0.000000 
0.000000 0.000000 0.000000 
0.000000 0.000000 0.000000 
0.000000 0.000000 0.000000 
0.000000 0.000000 0.000000 
0.000000 0.000000 0.000000 
0.000000 0.000000 0.000000 
0.000000 0.000000 0.000000 
0.000000 0.000000 0.000000 
0.000000 0.000000 0.000000 
0.000000 0.000000 0.000000 
0.000000 0.000000 0.000000 
0.000000 0.000000 0.000000 
0.000000 0.000000 0.000000 
0.000000 0.000000 0.000000 
0.000000 0.000000 0.000000 
0.000000 0.000000 0.000000 
0.000000 0.000000 0.000000 
0.000000 0.000000 0.000000 
0.000000 0.000000 0.000000 
0.000000 0.000000 0.000000 
0.000000 0.000000 0.000000 
0.000000 0.000000 0.000000 
0.000000 0.000000 0.000000 
0.000000 0.000000 0.000000 
0.000000 0.000000 0.000000 
0.000000 0.000000 0.000000 
0.000000 0.000000 0.000000 
0.000000 0.000000 0.000000 
0.000000 0.000000 0.000000 
0.000000 0.000000 0.000000 
0.000000 0.000000 0.000000 
0.000000 0.000000 0.000000 
0.000000 0.000000 0.000000 
0.000000 0.000000 0.000000 
0.000000 0.000000 0.000000 
0.000000 0.000000 0.000000 
0.000000 0.000000 0.000000 
0.000000 0.000000 0.000000 
0.000000 0.000000 0.000000 
0.000000 0.000000 0.000000 
0.000000 0.000000 0.000000 
0.000000 0.000000 0.000000 
0.000000 0.000000 0.000000 
0.000000 0.000000 0.000000 
0.000000 0.000000 0.000000 
0.000000 0.000000 0.000000 
0.000000 0.000000 0.000000 
0.000000 0.000000 0.000000 
0.000000 0.000000 0.000000 
0.000000 0.000000 0.000000 
0.000000 0.000000 0.000000 
0.000000 0.000000 0.000000 
0.000000 0.000000 0.000000 
0.000000 0.000000 0.000000 
0.000000 0.000000 0.000000 
0.000000 0.000000 0.000000 
0.000000 0.000000 0.000000 
0.000000 0.000000 0.000000 
0.000000 0.000000 0.000000 
0.000000 0.000000 0.000000 
0.000000 0.000000 0.000000 
0.000000 0.000000 0.000000 
0.000000 0.000000 0.000000 
0.000000 0.000000 0.000000 
0.000000 0.000000 0.000000 
0.000000 0.000000 0.000000 
0.000000 0.000000 0.000000 
0.000000 0.000000 0.000000 
0.000000 0.000000 0.000000 
0.000000 0.000000 0.000000 
0.000000 0.000000 0.000000 
0.000000 0.000000 0.000000 
0.000000 0.000000 0.000000 
0.000000 0.000000 0.000000 
0.000000 0.000000 0.000000 
0.000000 0.000000 0.000000 
0.000000 0.000000 0.000000 
0.000000 0.000000 0.000000 
0.000000 0.000000 0.000000 
0.000000 0.000000 0.000000 
0.000000 0.000000 0.000000 
0.000000 0.000000 0.000000 
0.000000 0.000000 0.000000 
0.000000 0.000000 0.000000 
0.000000 0.000000 0.000000 
0.000000 0.000000 0.000000 
0.000000 0.000000 0.000000 
0.000000 0.000000 0.000000 
0.000000 0.000000 0.000000 
0.000000 0.000000 0.000000 
0.000000 0.000000 0.000000 
0.000000 0.000000 0.000000 
0.000000 0.000000 0.000000 
0.000000 0.000000 0.000000 
0.000000 0.000000 0.000000 
0.000000 0.000000 0.000000 
0.000000 0.000000 0.000000 
0.000000 0.000000 0.000000 
0.000000 0.000000 0.000000 
0.000000 0.000000 0.000000 
0.000000 0.000000 0.000000 
0.000000 0.000000 0.000000 
0.000000 0.000000 0.000000 
0.000000 0.000000 0.000000 
0.000000 0.000000 0.000000 
0.000000 0.000000 0.000000 
0.000000 0.000000 0.000000 
0.000000 0.000000 0.000000 
0.000000 0.000000 0.000000 
0.000000 0.000000 0.000000 
0.000000 0.000000 0.000000 
0.000000 0.000000 0.000000 
0.000000 0.000000 0.000000 
0.000000 0.000000 0.000000 
0.000000 0.000000 0.000000 
0.000000 0.000000 0.000000 
0.000000 0.000000 0.000000 
0.000000 0.000000 0.000000 
0.000000 0.000000 0.000000 
0.000000 0.000000 0.000000 
0.000000 0.000000 0.000000 
0.000000 0.000000 0.000000 
0.000000 0.000000 0.000000 
0.000000 0.000000 0.000000 
0.000000 0.000000 0.000000 
0.000000 0.000000 0.000000 
0.000000 0.000000 0.000000 
0.000000 0.000000 0.000000 
0.000000 0.000000 0.000000 
0.000000 0.000000 0.000000 
0.000000 0.000000 0.000000 
0.000000 0.000000 0.000000 
0.000000 0.000000 0.000000 
0.000000 0.000000 0.000000 
0.000000 0.000000 0.000000 
0.000000 0.000000 0.000000 
0.000000 0.000000 0.000000 
0.000000 0.000000 0.000000 
0.000000 0.000000 0.000000 
0.000000 0.000000 0.000000 
0.000000 0.000000 0.000000 
0.000000 0.000000 0.000000 
0.000000 0.000000 0.000000 
0.000000 0.000000 0.000000 
0.000000 0.000000 0.000000 
0.000000 0.000000 0.000000 
0.000000 0.000000 0.000000 
0.000000 0.000000 0.000000 
0.000000 0.000000 0.000000 
0.000000 0.000000 0.000000 
0.000000 0.000000 0.000000 
0.000000 0.000000 0.000000 
0.000000 0.000000 0.000000 
0.000000 0.000000 0.000000 
0.000000 0.000000 0.000000 
0.000000 0.000000 0.000000 
0.000000 0.000000 0.000000 
0.000000 0.000000 0.000000 
0.000000 0.000000 0.000000 
0.000000 0.000000 0.000000 
0.000000 0.000000 0.000000 
0.000000 0.000000 0.000000 
0.000000 0.000000 0.000000 
0.000000 0.000000 0.000000 
0.000000 0.000000 0.000000 
0.000000 0.000000 0.000000 
0.000000 0.000000 0.000000 
0.000000 0.000000 0.000000 
0.000000 0.000000 0.000000 
0.000000 0.000000 0.000000 
0.000000 0.000000 0.000000 
0.000000 0.000000 0.000000 
0.000000 0.000000 0.000000 
0.000000 0.000000 0.000000 
0.000000 0.000000 0.000000 
0.000000 0.000000 0.000000 
0.000000 0.000000 0.000000 
0.000000 0.000000 0.000000 
0.000000 0.000000 0.000000 
0.000000 0.000000 0.000000 
0.000000 0.000000 0.000000 
0.000000 0.000000 0.000000 
0.000000 0.000000 0.000000 
0.000000 0.000000 0.000000 
0.000000 0.000000 0.000000 
0.000000 0.000000 0.000000 
0.000000 0.000000 0.000000 
0.000000 0.000000 0.000000 
0.000000 0.000000 0.000000 
0.000000 0.000000 0.000000 
0.000000 0.000000 0.000000 
0.000000 0.000000 0.000000 
0.000000 0.000000 0.000000 
0.000000 0.000000 0.000000 
0.000000 0.000000 0.000000 
0.000000 0.000000 0.000000 
0.000000 0.000000 0.000000 
0.000000 0.000000 0.000000 
0.000000 0.000000 0.000000 
0.000000 0.000000 0.000000 
0.000000 0.000000 0.000000 
0.000000 0.000000 0.000000 
0.000000 0.000000 0.000000 
0.000000 0.000000 0.000000 
0.000000 0.000000 0.000000 
0.000000 0.000000 0.000000 
0.000000 0.000000 0.000000 
0.000000 0.000000 0.000000 
0.000000 0.000000 0.000000 
0.000000 0.000000 0.000000 
0.000000 0.000000 0.000000 
0.000000 0.000000 0.000000 
0.000000 0.000000 0.000000 
0.000000 0.000000 0.000000 
0.000000 0.000000 0.000000 
0.000000 0.000000 0.000000 
0.000000 0.000000 0.000000 
0.000000 0.000000 0.000000 
0.000000 0.000000 0.000000 
0.000000 0.000000 0.000000 
0.000000 0.000000 0.000000 
0.000000 0.000000 0.000000 
0.000000 0.000000 0.000000 
0.000000 0.000000 0.000000 
0.000000 0.000000 0.000000 
0.000000 0.000000 0.000000 
0.000000 0.000000 0.000000 
0.000000 0.000000 0.000000 
0.000000 0.000000 0.000000 
0.000000 0.000000 0.000000 
0.000000 0.000000 0.000000 
0.000000 0.000000 0.000000 
0.000000 0.000000 0.000000 
0.000000 0.000000 0.000000 
0.000000 0.000000 0.000000 
0.000000 0.000000 0.000000 
0.000000 0.000000 0.000000 
0.000000 0.000000 0.000000 
0.000000 0.000000 0.000000 
0.000000 0.000000 0.000000 
0.000000 0.000000 0.000000 
0.000000 0.000000 0.000000 
0.000000 0.000000 0.000000 
0.000000 0.000000 0.000000 
0.000000 0.000000 0.000000 
0.000000 0.000000 0.000000 
0.000000 0.000000 0.000000 
0.000000 0.000000 0.000000 
0.000000 0.000000 0.000000 
0.000000 0.000000 0.000000 
0.000000 0.000000 0.000000 
0.000000 0.000000 0.000000 
0.000000 0.000000 0.000000 
0.000000 0.000000 0.000000 
0.000000 0.000000 0.000000 
0.000000 0.000000 0.000000 
0.000000 0.000000 0.000000 
0.000000 0.000000 0.000000 
0.000000 0.000000 0.000000 
0.000000 0.000000 0.000000 
0.000000 0.000000 0.000000 
0.000000 0.000000 0.000000 
0.000000 0.000000 0.000000 
0.000000 0.000000 0.000000 
0.000000 0.000000 0.000000 
0.000000 0.000000 0.000000 
0.000000 0.000000 0.000000 
0.000000 0.000000 0.000000 
0.000000 0.000000 0.000000 
0.000000 0.000000 0.000000 
0.000000 0.000000 0.000000 
0.000000 0.000000 0.000000 
0.000000 0.000000 0.000000 
0.000000 0.000000 0.000000 
0.000000 0.000000 0.000000 
0.000000 0.000000 0.000000 
0.000000 0.000000 0.000000 
0.000000 0.000000 0.000000 
0.000000 0.000000 0.000000 
0.000000 0.000000 0.000000 
0.000000 0.000000 0.000000 
0.000000 0.000000 0.000000 
0.000000 0.000000 0.000000 
0.000000 0.000000 0.000000 
0.000000 0.000000 0.000000 
0.000000 0.000000 0.000000 
0.000000 0.000000 0.000000 
0.000000 0.000000 0.000000 
0.000000 0.000000 0.000000 
0.000000 0.000000 0.000000 
0.000000 0.000000 0.000000 
0.000000 0.000000 0.000000 
0.000000 0.000000 0.000000 
0.000000 0.000000 0.000000 
0.000000 0.000000 0.000000 
0.000000 0.000000 0.000000 
0.000000 0.000000 0.000000 
0.000000 0.000000 0.000000 
0.000000 0.000000 0.000000 
0.000000 0.000000 0.000000 
0.000000 0.000000 0.000000 
0.000000 0.000000 0.000000 
0.000000 0.000000 0.000000 
0.000000 0.000000 0.000000 
0.000000 0.000000 0.000000 
0.000000 0.000000 0.000000 
0.000000 0.000000 0.000000 
0.000000 0.000000 0.000000 
0.000000 0.000000 0.000000 
0.000000 0.000000 0.000000 
0.000000 0.000000 0.000000 
0.000000 0.000000 0.000000 
0.000000 0.000000 0.000000 
0.000000 0.000000 0.000000 
0.000000 0.000000 0.000000 
0.000000 0.000000 0.000000 
0.000000 0.000000 0.000000 
0.000000 0.000000 0.000000 
0.000000 0.000000 0.000000 
0.000000 0.000000 0.000000 
0.000000 0.000000 0.000000 
0.000000 0.000000 0.000000 
0.000000 0.000000 0.000000 
0.000000 0.000000 0.000000 
0.000000 0.000000 0.000000 
0.000000 0.000000 0.000000 
0.000000 0.000000 0.000000 
0.000000 0.000000 0.000000 
0.000000 0.000000 0.000000 
0.000000 0.000000 0.000000 
0.000000 0.000000 0.000000 
0.000000 0.000000 0.000000 
0.000000 0.000000 0.000000 
0.000000 0.000000 0.000000 
0.000000 0.000000 0.000000 
0.000000 0.000000 0.000000 
0.000000 0.000000 0.000000 
0.000000 0.000000 0.000000 
0.000000 0.000000 0.000000 
0.000000 0.000000 0.000000 
0.000000 0.000000 0.000000 
0.000000 0.000000 0.000000 
0.000000 0.000000 0.000000 
0.000000 0.000000 0.000000 
0.000000 0.000000 0.000000 
0.000000 0.000000 0.000000 
0.000000 0.000000 0.000000 
0.000000 0.000000 0.000000 
0.000000 0.000000 0.000000 
0.000000 0.000000 0.000000 
0.000000 0.000000 0.000000 
0.000000 0.000000 0.000000 
0.000000 0.000000 0.000000 
0.000000 0.000000 0.000000 
0.000000 0.000000 0.000000 
0.000000 0.000000 0.000000 
0.000000 0.000000 0.000000 
0.000000 0.000000 0.000000 
0.000000 0.000000 0.000000 
0.000000 0.000000 0.000000 
0.000000 0.000000 0.000000 
0.000000 0.000000 0.000000 
0.000000 0.000000 0.000000 
0.000000 0.000000 0.000000 
0.000000 0.000000 0.000000 
0.000000 0.000000 0.000000 
0.000000 0.000000 0.000000 
0.000000 0.000000 0.000000 
0.000000 0.000000 0.000000 
0.000000 0.000000 0.000000 
0.000000 0.000000 0.000000 
0.000000 0.000000 0.000000 
0.000000 0.000000 0.000000 
0.000000 0.000000 0.000000 
0.000000 0.000000 0.000000 
0.000000 0.000000 0.000000 
0.000000 0.000000 0.000000 
0.000000 0.000000 0.000000 
0.000000 0.000000 0.000000 
0.000000 0.000000 0.000000 
0.000000 0.000000 0.000000 
0.000000 0.000000 0.000000 
0.000000 0.000000 0.000000 
0.000000 0.000000 0.000000 
0.000000 0.000000 0.000000 
0.000000 0.000000 0.000000 
0.000000 0.000000 0.000000 
0.000000 0.000000 0.000000 
0.000000 0.000000 0.000000 
0.000000 0.000000 0.000000 
0.000000 0.000000 0.000000 
0.000000 0.000000 0.000000 
0.000000 0.000000 0.000000 
0.000000 0.000000 0.000000 
0.000000 0.000000 0.000000 
0.000000 0.000000 0.000000 
0.000000 0.000000 0.000000 
0.000000 0.000000 0.000000 
0.000000 0.000000 0.000000 
0.000000 0.000000 0.000000 
0.000000 0.000000 0.000000 
0.000000 0.000000 0.000000 
0.000000 0.000000 0.000000 
0.000000 0.000000 0.000000 
0.000000 0.000000 0.000000 
0.000000 0.000000 0.000000 
0.000000 0.000000 0.000000 
0.000000 0.000000 0.000000 
0.000000 0.000000 0.000000 
0.000000 0.000000 0.000000 
0.000000 0.000000 0.000000 
0.000000 0.000000 0.000000 
0.000000 0.000000 0.000000 
0.000000 0.000000 0.000000 
0.000000 0.000000 0.000000 
0.000000 0.000000 0.000000 
0.000000 0.000000 0.000000 
0.000000 0.000000 0.000000 
0.000000 0.000000 0.000000 
0.000000 0.000000 0.000000 
0.000000 0.000000 0.000000 
0.000000 0.000000 0.000000 
0.000000 0.000000 0.000000 
0.000000 0.000000 0.000000 
0.000000 0.000000 0.000000 
0.000000 0.000000 0.000000 
0.000000 0.000000 0.000000 
0.000000 0.000000 0.000000 
0.000000 0.000000 0.000000 
0.000000 0.000000 0.000000 
0.000000 0.000000 0.000000 
0.000000 0.000000 0.000000 
0.000000 0.000000 0.000000 
0.000000 0.000000 0.000000 
0.000000 0.000000 0.000000 
0.000000 0.000000 0.000000 
0.000000 0.000000 0.000000 
0.000000 0.000000 0.000000 
0.000000 0.000000 0.000000 
0.000000 0.000000 0.000000 
0.000000 0.000000 0.000000 
0.000000 0.000000 0.000000 
0.000000 0.000000 0.000000 
0.000000 0.000000 0.000000 
0.000000 0.000000 0.000000 
0.000000 0.000000 0.000000 
0.000000 0.000000 0.000000 
0.000000 0.000000 0.000000 
0.000000 0.000000 0.000000 
0.000000 0.000000 0.000000 
0.000000 0.000000 0.000000 
0.000000 0.000000 0.000000 
0.000000 0.000000 0.000000 
0.000000 0.000000 0.000000 
0.000000 0.000000 0.000000 
0.000000 0.000000 0.000000 
0.000000 0.000000 0.000000 
0.000000 0.000000 0.000000 
0.000000 0.000000 0.000000 
0.000000 0.000000 0.000000 
0.000000 0.000000 0.000000 
0.000000 0.000000 0.000000 
0.000000 0.000000 0.000000 
0.000000 0.000000 0.000000 
0.000000 0.000000 0.000000 
0.000000 0.000000 0.000000 
0.000000 0.000000 0.000000 
0.000000 0.000000 0.000000 
0.000000 0.000000 0.000000 
0.000000 0.000000 0.000000 
0.000000 0.000000 0.000000 
0.000000 0.000000 0.000000 
0.000000 0.000000 0.000000 
0.000000 0.000000 0.000000 
0.000000 0.000000 0.000000 
0.000000 0.000000 0.000000 
0.000000 0.000000 0.000000 
0.000000 0.000000 0.000000 
0.000000 0.000000 0.000000 
0.000000 0.000000 0.000000 
0.000000 0.000000 0.000000 
0.000000 0.000000 0.000000 
0.000000 0.000000 0.000000 
0.000000 0.000000 0.000000 
0.000000 0.000000 0.000000 
0.000000 0.000000 0.000000 
0.000000 0.000000 0.000000 
0.000000 0.000000 0.000000 
0.000000 0.000000 0.000000 
0.000000 0.000000 0.000000 
0.000000 0.000000 0.000000 
0.000000 0.000000 0.000000 
0.000000 0.000000 0.000000 
0.000000 0.000000 0.000000 
0.000000 0.000000 0.000000 
0.000000 0.000000 0.000000 
0.000000 0.000000 0.000000 
0.000000 0.000000 0.000000 
0.000000 0.000000 0.000000 
0.000000 0.000000 0.000000 
0.000000 0.000000 0.000000 
0.000000 0.000000 0.000000 
0.000000 0.000000 0.000000 
0.000000 0.000000 0.000000 
0.000000 0.000000 0.000000 
0.000000 0.000000 0.000000 
0.000000 0.000000 0.000000 
0.000000 0.000000 0.000000 
0.000000 0.000000 0.000000 
0.000000 0.000000 0.000000 
0.000000 0.000000 0.000000 
0.000000 0.000000 0.000000 
0.000000 0.000000 0.000000 
0.000000 0.000000 0.000000 
0.000000 0.000000 0.000000 
0.000000 0.000000 0.000000 
0.000000 0.000000 0.000000 
0.000000 0.000000 0.000000 
0.000000 0.000000 0.000000 
0.000000 0.000000 0.000000 
0.000000 0.000000 0.000000 
0.000000 0.000000 0.000000 
0.000000 0.000000 0.000000 
0.000000 0.000000 0.000000 
0.000000 0.000000 0.000000 
0.000000 0.000000 0.000000 
0.000000 0.000000 0.000000 
0.000000 0.000000 0.000000 
0.000000 0.000000 0.000000 
0.000000 0.000000 0.000000 
0.000000 0.000000 0.000000 
0.000000 0.000000 0.000000 
0.000000 0.000000 0.000000 
0.000000 0.000000 0.000000 
0.000000 0.000000 0.000000 
0.000000 0.000000 0.000000 
0.000000 0.000000 0.000000 
0.000000 0.000000 0.000000 
0.000000 0.000000 0.000000 
0.000000 0.000000 0.000000 
0.000000 0.000000 0.000000 
0.000000 0.000000 0.000000 
0.000000 0.000000 0.000000 
0.000000 0.000000 0.000000 
0.000000 0.000000 0.000000 
0.000000 0.000000 0.000000 
0.000000 0.000000 0.000000 
0.000000 0.000000 0.000000 
0.000000 0.000000 0.000000 
0.000000 0.000000 0.000000 
0.000000 0.000000 0.000000 
0.000000 0.000000 0.000000 
0.000000 0.000000 0.000000 
0.000000 0.000000 0.000000 
0.000000 0.000000 0.000000 
0.000000 0.000000 0.000000 
0.000000 0.000000 0.000000 
0.000000 0.000000 0.000000 
0.000000 0.000000 0.000000 
0.000000 0.000000 0.000000 
0.000000 0.000000 0.000000 
0.000000 0.000000 0.000000 
0.000000 0.000000 0.000000 
0.000000 0.000000 0.000000 
0.000000 0.000000 0.000000 
0.000000 0.000000 0.000000 
0.000000 0.000000 0.000000 
0.000000 0.000000 0.000000 
0.000000 0.000000 0.000000 
0.000000 0.000000 0.000000 
0.000000 0.000000 0.000000 
0.000000 0.000000 0.000000 
0.000000 0.000000 0.000000 
0.000000 0.000000 0.000000 
0.000000 0.000000 0.000000 
0.000000 0.000000 0.000000 
0.000000 0.000000 0.000000 
0.000000 0.000000 0.000000 
0.000000 0.000000 0.000000 
0.000000 0.000000 0.000000 
0.000000 0.000000 0.000000 
0.000000 0.000000 0.000000 
0.000000 0.000000 0.000000 
0.000000 0.000000 0.000000 
0.000000 0.000000 0.000000 
0.000000 0.000000 0.000000 
0.000000 0.000000 0.000000 
0.000000 0.000000 0.000000 
0.000000 0.000000 0.000000 
0.000000 0.000000 0.000000 
0.000000 0.000000 0.000000 
0.000000 0.000000 0.000000 
0.000000 0.000000 0.000000 
0.000000 0.000000 0.000000 
0.000000 0.000000 0.000000 
0.000000 0.000000 0.000000 
0.000000 0.000000 0.000000 
0.000000 0.000000 0.000000 
0.000000 0.000000 0.000000 
0.000000 0.000000 0.000000 
0.000000 0.000000 0.000000 
0.000000 0.000000 0.000000 
0.000000 0.000000 0.000000 
0.000000 0.000000 0.000000 
0.000000 0.000000 0.000000 
0.000000 0.000000 0.000000 
0.000000 0.000000 0.000000 
0.000000 0.000000 0.000000 
0.000000 0.000000 0.000000 
0.000000 0.000000 0.000000 
0.000000 0.000000 0.000000 
0.000000 0.000000 0.000000 
0.000000 0.000000 0.000000 
0.000000 0.000000 0.000000 
0.000000 0.000000 0.000000 
