0.000000 -0.240511 0.091138 
0.010000 -0.240645 0.091091 
0.020000 -0.240645 0.091091 
0.030000 -0.240645 0.091091 
0.040000 -0.240645 0.091091 
0.050000 -0.240645 0.091091 
0.060000 -0.240645 0.091091 
0.070000 -0.240645 0.091091 
0.080000 -0.240775 0.091815 
0.090000 -0.240775 0.091815 
0.100000 -0.240775 0.091815 
0.110000 -0.240775 0.091815 
0.120000 -0.240775 0.091815 
0.130000 -0.240775 0.091815 
0.140000 -0.240775 0.091815 
0.150000 -0.240775 0.091815 
0.160000 -0.240775 0.091815 
0.170000 -0.240775 0.091815 
0.180000 -0.240775 0.091815 
0.190000 -0.240896 0.092482 
0.200000 -0.240896 0.092482 
0.210000 -0.240896 0.092482 
0.220000 -0.240896 0.092482 
0.230000 -0.240896 0.092482 
0.240000 -0.240896 0.092482 
0.250000 -0.240896 0.092482 
0.260000 -0.240896 0.092482 
0.270000 -0.240896 0.092482 
0.280000 -0.240896 0.092482 
0.290000 -0.240995 0.093026 
0.300000 -0.240995 0.093026 
0.310000 -0.240995 0.093026 
0.320000 -0.240995 0.093026 
0.330000 -0.240995 0.093026 
0.340000 -0.240995 0.093026 
0.350000 -0.240995 0.093026 
0.360000 -0.240995 0.093026 
0.370000 -0.240995 0.093026 
0.380000 -0.240995 0.093026 
0.390000 -0.240995 0.093026 
0.400000 -0.241092 0.093560 
0.410000 -0.241092 0.093560 
0.420000 -0.241092 0.093560 
0.430000 -0.241092 0.093560 
0.440000 -0.241092 0.093560 
0.450000 -0.241092 0.093560 
0.460000 -0.241092 0.093560 
0.470000 -0.241092 0.093560 
0.480000 -0.241092 0.093560 
0.490000 -0.241092 0.093560 
0.500000 -0.155452 0.089187 
0.510000 -0.155452 0.089187 
0.520000 -0.155452 0.089187 
0.530000 -0.155452 0.089187 
0.540000 -0.155452 0.089187 
0.550000 -0.155452 0.089187 
0.560000 -0.155452 0.089187 
0.570000 -0.155452 0.089187 
0.580000 -0.155452 0.089187 
0.590000 -0.155452 0.089187 
0.600000 -0.148668 0.089209 
0.610000 -0.148668 0.089209 
0.620000 -0.148668 0.089209 
0.630000 -0.148668 0.089209 
0.640000 -0.148668 0.089209 
0.650000 -0.148668 0.089209 
0.660000 -0.148668 0.089209 
0.670000 -0.148668 0.089209 
0.680000 -0.148668 0.089209 
0.690000 -0.148668 0.089209 
0.700000 -0.148668 0.089209 
0.710000 -0.141985 0.089233 
0.720000 -0.141985 0.089233 
0.730000 -0.141985 0.089233 
0.740000 -0.141985 0.089233 
0.750000 -0.141985 0.089233 
0.760000 -0.141985 0.089233 
0.770000 -0.141985 0.089233 
0.780000 -0.141985 0.089233 
0.790000 -0.141985 0.089233 
0.800000 -0.141985 0.089233 
0.810000 -0.141985 0.089233 
0.820000 0.105736 0.088661 
0.830000 0.105736 0.088661 
0.840000 0.105736 0.088661 
0.850000 0.105736 0.088661 
0.860000 0.105736 0.088661 
0.870000 0.105736 0.088661 
0.880000 0.105736 0.088661 
0.890000 0.105736 0.088661 
0.900000 0.105736 0.088661 
0.910000 0.105736 0.088661 
0.920000 0.130666 0.088784 
0.930000 0.130666 0.088784 
0.940000 0.130666 0.088784 
0.950000 0.130666 0.088784 
0.960000 0.130666 0.088784 
0.970000 0.130666 0.088784 
0.980000 0.130666 0.088784 
0.990000 0.130666 0.088784 
1.000000 0.130666 0.088784 
1.010000 0.130666 0.088784 
1.020000 0.130666 0.088784 
1.030000 0.155211 0.088932 
1.040000 0.155211 0.088932 
1.050000 0.155211 0.088932 
1.060000 0.155211 0.088932 
1.070000 0.155211 0.088932 
1.080000 0.155211 0.088932 
1.090000 0.155211 0.088932 
1.100000 0.155211 0.088932 
1.110000 0.155211 0.088932 
1.120000 0.155211 0.088932 
1.130000 0.175192 0.089073 
1.140000 0.175192 0.089073 
1.150000 0.175192 0.089073 
1.160000 0.175192 0.089073 
1.170000 0.175192 0.089073 
1.180000 0.175192 0.089073 
1.190000 0.175192 0.089073 
1.200000 0.175192 0.089073 
1.210000 0.175192 0.089073 
1.220000 0.175192 0.089073 
1.230000 0.175192 0.089073 
1.240000 0.103956 -0.114723 
1.250000 0.103956 -0.114723 
1.260000 0.103956 -0.114723 
1.270000 0.103956 -0.114723 
1.280000 0.103956 -0.114723 
1.290000 0.103956 -0.114723 
1.300000 0.103956 -0.114723 
1.310000 0.103956 -0.114723 
1.320000 0.103956 -0.114723 
1.330000 0.103956 -0.114723 
1.340000 0.103956 -0.114723 
1.350000 0.111988 -0.132244 
1.360000 0.111988 -0.132244 
1.370000 0.111988 -0.132244 
1.380000 0.111988 -0.132244 
1.390000 0.111988 -0.132244 
1.400000 0.111988 -0.132244 
1.410000 0.111988 -0.132244 
1.420000 0.111988 -0.132244 
1.430000 0.111988 -0.132244 
1.440000 0.111988 -0.132244 
1.450000 0.118566 -0.146987 
1.460000 0.118566 -0.146987 
1.470000 0.118566 -0.146987 
1.480000 0.118566 -0.146987 
1.490000 0.118566 -0.146987 
1.500000 0.118566 -0.146987 
1.510000 0.118566 -0.146987 
1.520000 0.118566 -0.146987 
1.530000 0.118566 -0.146987 
1.540000 0.118566 -0.146987 
1.550000 0.375798 -0.100162 
1.560000 0.375798 -0.100162 
1.570000 0.375798 -0.100162 
1.580000 0.375798 -0.100162 
1.590000 0.375798 -0.100162 
1.600000 0.375798 -0.100162 
1.610000 0.375798 -0.100162 
1.620000 0.375798 -0.100162 
1.630000 0.375798 -0.100162 
1.640000 0.375798 -0.100162 
1.650000 0.375798 -0.100162 
1.660000 0.405089 -0.107111 
1.670000 0.405089 -0.107111 
1.680000 0.405089 -0.107111 
1.690000 0.405089 -0.107111 
1.700000 0.405089 -0.107111 
1.710000 0.405089 -0.107111 
1.720000 0.405089 -0.107111 
1.730000 0.405089 -0.107111 
1.740000 0.405089 -0.107111 
1.750000 0.405089 -0.107111 
1.760000 0.428935 -0.112781 
1.770000 0.428935 -0.112781 
1.780000 0.428935 -0.112781 
1.790000 0.428935 -0.112781 
1.800000 0.428935 -0.112781 
1.810000 0.428935 -0.112781 
1.820000 0.428935 -0.112781 
1.830000 0.428935 -0.112781 
1.840000 0.428935 -0.112781 
1.850000 0.428935 -0.112781 
1.860000 0.428935 -0.112781 
1.870000 0.681065 -0.103933 
1.880000 0.681065 -0.103933 
1.890000 0.681065 -0.103933 
1.900000 0.681065 -0.103933 
1.910000 0.681065 -0.103933 
1.920000 0.681065 -0.103933 
1.930000 0.681065 -0.103933 
1.940000 0.681065 -0.103933 
1.950000 0.681065 -0.103933 
1.960000 0.681065 -0.103933 
1.970000 0.681065 -0.103933 
1.980000 0.722653 -0.107016 
1.990000 0.722653 -0.107016 
2.000000 0.722653 -0.107016 
2.010000 0.722653 -0.107016 
2.020000 0.722653 -0.107016 
2.030000 0.722653 -0.107016 
2.040000 0.722653 -0.107016 
2.050000 0.722653 -0.107016 
2.060000 0.722653 -0.107016 
2.070000 0.722653 -0.107016 
2.080000 0.722653 -0.107016 
2.090000 0.830040 -0.105756 
2.100000 0.830040 -0.105756 
2.110000 0.830040 -0.105756 
2.120000 0.830040 -0.105756 
2.130000 0.830040 -0.105756 
2.140000 0.830040 -0.105756 
2.150000 0.830040 -0.105756 
2.160000 0.830040 -0.105756 
2.170000 0.830040 -0.105756 
2.180000 0.830040 -0.105756 
2.190000 0.804329 -0.077298 
2.200000 0.804329 -0.077298 
2.210000 0.804329 -0.077298 
2.220000 0.804329 -0.077298 
2.230000 0.804329 -0.077298 
2.240000 0.804329 -0.077298 
2.250000 0.804329 -0.077298 
2.260000 0.804329 -0.077298 
2.270000 0.804329 -0.077298 
2.280000 0.804329 -0.077298 
2.290000 0.804329 -0.077298 
2.300000 0.909761 -0.083924 
2.310000 0.909761 -0.083924 
2.320000 0.909761 -0.083924 
2.330000 0.909761 -0.083924 
2.340000 0.909761 -0.083924 
2.350000 0.909761 -0.083924 
2.360000 0.909761 -0.083924 
2.370000 0.909761 -0.083924 
2.380000 0.909761 -0.083924 
2.390000 0.909761 -0.083924 
2.400000 0.983510 -0.089744 
2.410000 0.983510 -0.089744 
2.420000 0.983510 -0.089744 
2.430000 0.983510 -0.089744 
2.440000 0.983510 -0.089744 
2.450000 0.983510 -0.089744 
2.460000 0.983510 -0.089744 
2.470000 0.983510 -0.089744 
2.480000 0.983510 -0.089744 
2.490000 0.983510 -0.089744 
2.500000 0.983510 -0.089744 
2.510000 1.075626 -0.093941 
2.520000 1.075626 -0.093941 
2.530000 1.075626 -0.093941 
2.540000 1.075626 -0.093941 
2.550000 1.075626 -0.093941 
2.560000 1.075626 -0.093941 
2.570000 1.075626 -0.093941 
2.580000 1.075626 -0.093941 
2.590000 1.075626 -0.093941 
2.600000 1.047886 -0.080099 
2.610000 1.047886 -0.080099 
2.620000 1.047886 -0.080099 
2.630000 1.047886 -0.080099 
2.640000 1.078627 -0.078890 
2.650000 1.078627 -0.078890 
2.660000 1.078627 -0.078890 
2.670000 1.078627 -0.078890 
2.680000 1.078627 -0.078890 
2.690000 1.078627 -0.078890 
2.700000 1.078627 -0.078890 
2.710000 1.078627 -0.078890 
2.720000 1.078627 -0.078890 
2.730000 1.161150 -0.079802 
2.740000 1.161150 -0.079802 
2.750000 1.161150 -0.079802 
2.760000 1.161150 -0.079802 
2.770000 1.161150 -0.079802 
2.780000 1.161150 -0.079802 
2.790000 1.161150 -0.079802 
2.800000 1.161150 -0.079802 
2.810000 1.161150 -0.079802 
2.820000 1.161150 -0.079802 
2.830000 1.161150 -0.079802 
2.840000 1.308449 -0.067066 
2.850000 1.308449 -0.067066 
2.860000 1.308449 -0.067066 
2.870000 1.308449 -0.067066 
2.880000 1.308449 -0.067066 
2.890000 1.308449 -0.067066 
2.900000 1.308449 -0.067066 
2.910000 1.308449 -0.067066 
2.920000 1.308449 -0.067066 
2.930000 1.308449 -0.067066 
2.940000 1.308449 -0.067066 
2.950000 1.421028 -0.058949 
2.960000 1.421028 -0.058949 
2.970000 1.421028 -0.058949 
2.980000 1.421028 -0.058949 
2.990000 1.421028 -0.058949 
3.000000 1.421028 -0.058949 
3.010000 1.421028 -0.058949 
3.020000 1.421028 -0.058949 
3.030000 1.421028 -0.058949 
3.040000 1.421028 -0.058949 
3.050000 1.474450 -0.057140 
3.060000 1.474450 -0.057140 
3.070000 1.474450 -0.057140 
3.080000 1.474450 -0.057140 
3.090000 1.474450 -0.057140 
3.100000 1.474450 -0.057140 
3.110000 1.474450 -0.057140 
3.120000 1.474450 -0.057140 
3.130000 1.708839 -0.044123 
3.140000 1.708839 -0.044123 
3.150000 1.708839 -0.044123 
3.160000 1.708839 -0.044123 
3.170000 1.708839 -0.044123 
3.180000 1.769608 -0.040166 
3.190000 1.769608 -0.040166 
3.200000 1.769608 -0.040166 
3.210000 1.769608 -0.040166 
3.220000 1.769608 -0.040166 
3.230000 1.769608 -0.040166 
3.240000 1.769608 -0.040166 
3.250000 1.769608 -0.040166 
3.260000 1.769608 -0.040166 
3.270000 1.933473 0.013351 
3.280000 1.933473 0.013351 
3.290000 1.933473 0.013351 
3.300000 1.933473 0.013351 
3.310000 2.006751 0.025123 
3.320000 2.006751 0.025123 
3.330000 2.006751 0.025123 
3.340000 2.006751 0.025123 
3.350000 2.006751 0.025123 
3.360000 2.006751 0.025123 
3.370000 2.006751 0.025123 
3.380000 2.006751 0.025123 
3.390000 2.006751 0.025123 
3.400000 2.006751 0.025123 
3.410000 2.061453 0.027415 
3.420000 2.061453 0.027415 
3.430000 2.061453 0.027415 
3.440000 2.061453 0.027415 
3.450000 2.061453 0.027415 
3.460000 2.061453 0.027415 
3.470000 2.061453 0.027415 
3.480000 2.061453 0.027415 
3.490000 2.061453 0.027415 
3.500000 2.061453 0.027415 
3.510000 2.061453 0.027415 
3.520000 2.224994 0.045065 
3.530000 2.224994 0.045065 
3.540000 2.224994 0.045065 
3.550000 2.224994 0.045065 
3.560000 2.224994 0.045065 
3.570000 2.224994 0.045065 
3.580000 2.224994 0.045065 
3.590000 2.224994 0.045065 
3.600000 2.224994 0.045065 
3.610000 2.224994 0.045065 
3.620000 2.224994 0.045065 
3.630000 2.630925 0.059403 
3.640000 2.630925 0.059403 
3.650000 2.630925 0.059403 
3.660000 2.630925 0.059403 
3.670000 2.732660 0.074659 
3.680000 2.732660 0.074659 
3.690000 2.732660 0.074659 
3.700000 2.732660 0.074659 
3.710000 2.732660 0.074659 
3.720000 2.732660 0.074659 
3.730000 2.732660 0.074659 
3.740000 2.732660 0.074659 
3.750000 2.732660 0.074659 
3.760000 2.732660 0.074659 
3.770000 2.887551 0.081873 
3.780000 2.887551 0.081873 
3.790000 2.887551 0.081873 
3.800000 2.887551 0.081873 
3.810000 2.988490 0.099261 
3.820000 2.988490 0.099261 
3.830000 2.988490 0.099261 
3.840000 2.988490 0.099261 
3.850000 2.988490 0.099261 
3.860000 2.988490 0.099261 
3.870000 2.988490 0.099261 
3.880000 2.988490 0.099261 
3.890000 2.988490 0.099261 
3.900000 2.988490 0.099261 
3.910000 2.988490 0.099261 
3.920000 3.213941 0.124896 
3.930000 3.213941 0.124896 
3.940000 3.213941 0.124896 
3.950000 3.213941 0.124896 
3.960000 3.213941 0.124896 
3.970000 3.213941 0.124896 
3.980000 3.213941 0.124896 
3.990000 3.213941 0.124896 
4.000000 3.213941 0.124896 
4.010000 3.213941 0.124896 
4.020000 3.213941 0.124896 
4.030000 3.424893 0.149232 
4.040000 3.424893 0.149232 
4.050000 3.424893 0.149232 
4.060000 3.424893 0.149232 
4.070000 3.424893 0.149232 
4.080000 3.424893 0.149232 
4.090000 3.424893 0.149232 
4.100000 3.424893 0.149232 
4.110000 3.424893 0.149232 
4.120000 3.584883 0.170734 
4.130000 3.584883 0.170734 
4.140000 3.584883 0.170734 
4.150000 3.584883 0.170734 
4.160000 3.690531 0.197791 
4.170000 3.690531 0.197791 
4.180000 3.690531 0.197791 
4.190000 3.690531 0.197791 
4.200000 3.690531 0.197791 
4.210000 3.690531 0.197791 
4.220000 3.690531 0.197791 
4.230000 3.690531 0.197791 
4.240000 3.690531 0.197791 
4.250000 3.690531 0.197791 
4.260000 3.721439 0.220911 
4.270000 3.721439 0.220911 
4.280000 3.721439 0.220911 
4.290000 3.721439 0.220911 
4.300000 3.721439 0.220911 
4.310000 3.721439 0.220911 
4.320000 3.721439 0.220911 
4.330000 3.721439 0.220911 
4.340000 3.721439 0.220911 
4.350000 3.721439 0.220911 
4.360000 3.721439 0.220911 
4.370000 3.782116 0.257040 
4.380000 3.782116 0.257040 
4.390000 3.782116 0.257040 
4.400000 3.782116 0.257040 
4.410000 3.782116 0.257040 
4.420000 3.782116 0.257040 
4.430000 3.782116 0.257040 
4.440000 3.782116 0.257040 
4.450000 3.782116 0.257040 
4.460000 3.782116 0.257040 
4.470000 3.782116 0.257040 
4.480000 3.962331 0.314504 
4.490000 3.962331 0.314504 
4.500000 3.962331 0.314504 
4.510000 3.962331 0.314504 
4.520000 3.962331 0.314504 
4.530000 3.962331 0.314504 
4.540000 3.962331 0.314504 
4.550000 3.962331 0.314504 
4.560000 3.962331 0.314504 
4.570000 3.962331 0.314504 
4.580000 4.083140 0.364683 
4.590000 4.083140 0.364683 
4.600000 4.083140 0.364683 
4.610000 4.083140 0.364683 
4.620000 4.083140 0.364683 
4.630000 4.083140 0.364683 
4.640000 4.083140 0.364683 
4.650000 4.083140 0.364683 
4.660000 4.083140 0.364683 
4.670000 4.083140 0.364683 
4.680000 4.167938 0.383457 
4.690000 4.167938 0.383457 
4.700000 4.167938 0.383457 
4.710000 4.167938 0.383457 
4.720000 4.246860 0.419991 
4.730000 4.246860 0.419991 
4.740000 4.246860 0.419991 
4.750000 4.246860 0.419991 
4.760000 4.246860 0.419991 
4.770000 4.246860 0.419991 
4.780000 4.246860 0.419991 
4.790000 4.246860 0.419991 
4.800000 4.325357 0.456409 
4.810000 4.325357 0.456409 
4.820000 4.325357 0.456409 
4.830000 4.325357 0.456409 
4.840000 4.389437 0.484097 
4.850000 4.389437 0.484097 
4.860000 4.389437 0.484097 
4.870000 4.389437 0.484097 
4.880000 4.424471 0.506349 
4.890000 4.424471 0.506349 
4.900000 4.424471 0.506349 
4.910000 4.424471 0.506349 
4.920000 4.424471 0.506349 
4.930000 4.424471 0.506349 
4.940000 4.492956 0.544258 
4.950000 4.492956 0.544258 
4.960000 4.492956 0.544258 
4.970000 4.492956 0.544258 
4.980000 4.492956 0.544258 
4.990000 4.492956 0.544258 
5.000000 4.492956 0.544258 
5.010000 4.492956 0.544258 
5.020000 4.492956 0.544258 
5.030000 4.492956 0.544258 
5.040000 4.543138 0.559391 
5.050000 4.543138 0.559391 
5.060000 4.543138 0.559391 
5.070000 4.543138 0.559391 
5.080000 4.543138 0.559391 
5.090000 4.543138 0.559391 
5.100000 4.543138 0.559391 
5.110000 4.543138 0.559391 
5.120000 4.543138 0.559391 
5.130000 4.543138 0.559391 
5.140000 4.543138 0.559391 
5.150000 4.664432 0.636744 
5.160000 4.664432 0.636744 
5.170000 4.664432 0.636744 
5.180000 4.664432 0.636744 
5.190000 4.727357 0.676153 
5.200000 4.727357 0.676153 
5.210000 4.727357 0.676153 
5.220000 4.727357 0.676153 
5.230000 4.727357 0.676153 
5.240000 4.730248 0.679579 
5.250000 4.730248 0.679579 
5.260000 4.730248 0.679579 
5.270000 4.730248 0.679579 
5.280000 4.730248 0.679579 
5.290000 4.785782 0.715954 
5.300000 4.785782 0.715954 
5.310000 4.785782 0.715954 
5.320000 4.785782 0.715954 
5.330000 4.785782 0.715954 
5.340000 4.785782 0.715954 
5.350000 4.785782 0.715954 
5.360000 4.785782 0.715954 
5.370000 4.785782 0.715954 
5.380000 4.785782 0.715954 
5.390000 4.785782 0.715954 
5.400000 4.919251 0.794239 
5.410000 4.919251 0.794239 
5.420000 4.919251 0.794239 
5.430000 4.919251 0.794239 
5.440000 4.919251 0.794239 
5.450000 4.919251 0.794239 
5.460000 4.919251 0.794239 
5.470000 4.919251 0.794239 
5.480000 4.919251 0.794239 
5.490000 4.919251 0.794239 
5.500000 5.022372 0.853175 
5.510000 5.022372 0.853175 
5.520000 5.022372 0.853175 
5.530000 5.022372 0.853175 
5.540000 5.022372 0.853175 
5.550000 5.022372 0.853175 
5.560000 5.022372 0.853175 
5.570000 5.022372 0.853175 
5.580000 5.022372 0.853175 
5.590000 5.022372 0.853175 
5.600000 5.045579 0.885083 
5.610000 5.045579 0.885083 
5.620000 5.045579 0.885083 
5.630000 5.045579 0.885083 
5.640000 5.045579 0.885083 
5.650000 5.045579 0.885083 
5.660000 5.045579 0.885083 
5.670000 5.045579 0.885083 
5.680000 5.045579 0.885083 
5.690000 5.179924 0.997579 
5.700000 5.179924 0.997579 
5.710000 5.179924 0.997579 
5.720000 5.179924 0.997579 
5.730000 5.203416 1.020090 
5.740000 5.203416 1.020090 
5.750000 5.203416 1.020090 
5.760000 5.203416 1.020090 
5.770000 5.203416 1.020090 
5.780000 5.203416 1.020090 
5.790000 5.252671 1.063751 
5.800000 5.252671 1.063751 
5.810000 5.252671 1.063751 
5.820000 5.252671 1.063751 
5.830000 5.252671 1.063751 
5.840000 5.303784 1.108057 
5.850000 5.303784 1.108057 
5.860000 5.303784 1.108057 
5.870000 5.303784 1.108057 
5.880000 5.303784 1.108057 
5.890000 5.303784 1.108057 
5.900000 5.303784 1.108057 
5.910000 5.303784 1.108057 
5.920000 5.303784 1.108057 
5.930000 5.303784 1.108057 
5.940000 5.303784 1.108057 
5.950000 5.301251 1.089797 
5.960000 5.301251 1.089797 
5.970000 5.301251 1.089797 
5.980000 5.301251 1.089797 
5.990000 5.301251 1.089797 
6.000000 5.301251 1.089797 
6.010000 5.301251 1.089797 
6.020000 5.301251 1.089797 
6.030000 5.301251 1.089797 
6.040000 5.301251 1.089797 
6.050000 5.418597 1.192407 
6.060000 5.418597 1.192407 
6.070000 5.418597 1.192407 
6.080000 5.418597 1.192407 
6.090000 5.418597 1.192407 
6.100000 5.418597 1.192407 
6.110000 5.418597 1.192407 
6.120000 5.418597 1.192407 
6.130000 5.418597 1.192407 
6.140000 5.418597 1.192407 
6.150000 5.418597 1.192407 
6.160000 5.536281 1.299821 
6.170000 5.536281 1.299821 
6.180000 5.536281 1.299821 
6.190000 5.536281 1.299821 
6.200000 5.536281 1.299821 
6.210000 5.536281 1.299821 
6.220000 5.536281 1.299821 
6.230000 5.536281 1.299821 
6.240000 5.536281 1.299821 
6.250000 5.536281 1.299821 
6.260000 5.536281 1.299821 
6.270000 5.665483 1.424084 
6.280000 5.665483 1.424084 
6.290000 5.665483 1.424084 
6.300000 5.665483 1.424084 
6.310000 5.665483 1.424084 
6.320000 5.665483 1.424084 
6.330000 5.665483 1.424084 
6.340000 5.665483 1.424084 
6.350000 5.665483 1.424084 
6.360000 5.665483 1.424084 
6.370000 5.765567 1.532731 
6.380000 5.765567 1.532731 
6.390000 5.765567 1.532731 
6.400000 5.765567 1.532731 
6.410000 5.765567 1.532731 
6.420000 5.765567 1.532731 
6.430000 5.765567 1.532731 
6.440000 5.765567 1.532731 
6.450000 5.765567 1.532731 
6.460000 5.765567 1.532731 
6.470000 5.765567 1.532731 
6.480000 5.830765 1.605069 
6.490000 5.830765 1.605069 
6.500000 5.830765 1.605069 
6.510000 5.830765 1.605069 
6.520000 5.830765 1.605069 
6.530000 5.830765 1.605069 
6.540000 5.830765 1.605069 
6.550000 5.830765 1.605069 
6.560000 5.830765 1.605069 
6.570000 5.830765 1.605069 
6.580000 5.885987 1.647702 
6.590000 5.885987 1.647702 
6.600000 5.885987 1.647702 
6.610000 5.885987 1.647702 
6.620000 5.885987 1.647702 
6.630000 5.885987 1.647702 
6.640000 5.885987 1.647702 
6.650000 5.885987 1.647702 
6.660000 5.885987 1.647702 
6.670000 5.885987 1.647702 
6.680000 5.885987 1.647702 
6.690000 5.989258 1.770767 
6.700000 5.989258 1.770767 
6.710000 5.989258 1.770767 
6.720000 5.989258 1.770767 
6.730000 5.989258 1.770767 
6.740000 5.989258 1.770767 
6.750000 5.989258 1.770767 
6.760000 5.989258 1.770767 
6.770000 5.989258 1.770767 
6.780000 5.989258 1.770767 
6.790000 5.989258 1.770767 
6.800000 6.087196 1.893763 
6.810000 6.087196 1.893763 
6.820000 6.087196 1.893763 
6.830000 6.087196 1.893763 
6.840000 6.087196 1.893763 
6.850000 6.087196 1.893763 
6.860000 6.087196 1.893763 
6.870000 6.087196 1.893763 
6.880000 6.087196 1.893763 
6.890000 6.087196 1.893763 
6.900000 6.087196 1.893763 
6.910000 6.149485 1.974989 
6.920000 6.149485 1.974989 
6.930000 6.149485 1.974989 
6.940000 6.149485 1.974989 
6.950000 6.149485 1.974989 
6.960000 6.149485 1.974989 
6.970000 6.149485 1.974989 
6.980000 6.149485 1.974989 
6.990000 6.149485 1.974989 
7.000000 6.149485 1.974989 
7.010000 6.149485 1.974989 
7.020000 6.204749 2.060917 
7.030000 6.204749 2.060917 
7.040000 6.204749 2.060917 
7.050000 6.204749 2.060917 
7.060000 6.250536 2.126343 
7.070000 6.250536 2.126343 
7.080000 6.250536 2.126343 
7.090000 6.250536 2.126343 
7.100000 6.250536 2.126343 
7.110000 6.250536 2.126343 
7.120000 6.250536 2.126343 
7.130000 6.291928 2.209320 
7.140000 6.291928 2.209320 
7.150000 6.291928 2.209320 
7.160000 6.291928 2.209320 
7.170000 6.291928 2.209320 
7.180000 6.291928 2.209320 
7.190000 6.291928 2.209320 
7.200000 6.291928 2.209320 
7.210000 6.291928 2.209320 
7.220000 6.291928 2.209320 
7.230000 6.349668 2.316339 
7.240000 6.349668 2.316339 
7.250000 6.349668 2.316339 
7.260000 6.349668 2.316339 
7.270000 6.349668 2.316339 
7.280000 6.349668 2.316339 
7.290000 6.349668 2.316339 
7.300000 6.349668 2.316339 
7.310000 6.349668 2.316339 
7.320000 6.349668 2.316339 
7.330000 6.349668 2.316339 
7.340000 6.394418 2.388916 
7.350000 6.394418 2.388916 
7.360000 6.394418 2.388916 
7.370000 6.394418 2.388916 
7.380000 6.430412 2.454655 
7.390000 6.430412 2.454655 
7.400000 6.430412 2.454655 
7.410000 6.430412 2.454655 
7.420000 6.430412 2.454655 
7.430000 6.448005 2.487674 
7.440000 6.448005 2.487674 
7.450000 6.448005 2.487674 
7.460000 6.448005 2.487674 
7.470000 6.448005 2.487674 
7.480000 6.452498 2.495869 
7.490000 6.452498 2.495869 
7.500000 6.452498 2.495869 
7.510000 6.452498 2.495869 
7.520000 6.497848 2.589461 
7.530000 6.497848 2.589461 
7.540000 6.497848 2.589461 
7.550000 6.497848 2.589461 
7.560000 6.497848 2.589461 
7.570000 6.497848 2.589461 
7.580000 6.497848 2.589461 
7.590000 6.497848 2.589461 
7.600000 6.497848 2.589461 
7.610000 6.497848 2.589461 
7.620000 6.497848 2.589461 
7.630000 6.548371 2.671536 
7.640000 6.548371 2.671536 
7.650000 6.548371 2.671536 
7.660000 6.548371 2.671536 
7.670000 6.548371 2.671536 
7.680000 6.548371 2.671536 
7.690000 6.548371 2.671536 
7.700000 6.548371 2.671536 
7.710000 6.548371 2.671536 
7.720000 6.548371 2.671536 
7.730000 6.589353 2.748816 
7.740000 6.589353 2.748816 
7.750000 6.589353 2.748816 
7.760000 6.589353 2.748816 
7.770000 6.589353 2.748816 
7.780000 6.589353 2.748816 
7.790000 6.589353 2.748816 
7.800000 6.589353 2.748816 
7.810000 6.589353 2.748816 
7.820000 6.589353 2.748816 
7.830000 6.589353 2.748816 
7.840000 6.661516 2.891366 
7.850000 6.661516 2.891366 
7.860000 6.661516 2.891366 
7.870000 6.661516 2.891366 
7.880000 6.661516 2.891366 
7.890000 6.661516 2.891366 
7.900000 6.661516 2.891366 
7.910000 6.661516 2.891366 
7.920000 6.661516 2.891366 
7.930000 6.661516 2.891366 
7.940000 6.661516 2.891366 
7.950000 6.661516 2.891366 
7.960000 6.731860 2.982359 
7.970000 6.731860 2.982359 
7.980000 6.731860 2.982359 
7.990000 6.731860 2.982359 
8.000000 6.731860 2.982359 
8.010000 6.731860 2.982359 
8.020000 6.731860 2.982359 
8.030000 6.731860 2.982359 
8.040000 6.731860 2.982359 
8.050000 6.731860 2.982359 
8.060000 6.731860 2.982359 
8.070000 6.804241 3.100428 
8.080000 6.804241 3.100428 
8.090000 6.804241 3.100428 
8.100000 6.804241 3.100428 
8.110000 6.804241 3.100428 
8.120000 6.804241 3.100428 
8.130000 6.804241 3.100428 
8.140000 6.804241 3.100428 
8.150000 6.804241 3.100428 
8.160000 6.804241 3.100428 
8.170000 6.825254 3.133614 
8.180000 6.825254 3.133614 
8.190000 6.825254 3.133614 
8.200000 6.825254 3.133614 
8.210000 6.825254 3.133614 
8.220000 6.825254 3.133614 
8.230000 6.825254 3.133614 
8.240000 6.825254 3.133614 
8.250000 6.825254 3.133614 
8.260000 6.825254 3.133614 
8.270000 6.867442 3.267215 
8.280000 6.867442 3.267215 
8.290000 6.867442 3.267215 
8.300000 6.867442 3.267215 
8.310000 6.867442 3.267215 
8.320000 6.895922 3.322379 
8.330000 6.895922 3.322379 
8.340000 6.895922 3.322379 
8.350000 6.895922 3.322379 
8.360000 6.895922 3.322379 
8.370000 6.895922 3.322379 
8.380000 6.895922 3.322379 
8.390000 6.895922 3.322379 
8.400000 6.931444 3.390672 
8.410000 6.931444 3.390672 
8.420000 6.931444 3.390672 
8.430000 6.931444 3.390672 
8.440000 6.931444 3.390672 
8.450000 6.931444 3.390672 
8.460000 6.931444 3.390672 
8.470000 6.931444 3.390672 
8.480000 6.931444 3.390672 
8.490000 6.931444 3.390672 
8.500000 6.931444 3.390672 
8.510000 6.931444 3.390672 
8.520000 7.008091 3.514758 
8.530000 7.008091 3.514758 
8.540000 7.008091 3.514758 
8.550000 7.008091 3.514758 
8.560000 7.008091 3.514758 
8.570000 7.008091 3.514758 
8.580000 7.008091 3.514758 
8.590000 7.008091 3.514758 
0.000000 0.000000 0.000000 
0.000000 0.000000 0.000000 
0.000000 0.000000 0.000000 
0.000000 0.000000 0.000000 
0.000000 0.000000 0.000000 
0.000000 0.000000 0.000000 
0.000000 0.000000 0.000000 
0.000000 0.000000 0.000000 
0.000000 0.000000 0.000000 
0.000000 0.000000 0.000000 
0.000000 0.000000 0.000000 
0.000000 0.000000 0.000000 
0.000000 0.000000 0.000000 
0.000000 0.000000 0.000000 
0.000000 0.000000 0.000000 
0.000000 0.000000 0.000000 
0.000000 0.000000 0.000000 
0.000000 0.000000 0.000000 
0.000000 0.000000 0.000000 
0.000000 0.000000 0.000000 
0.000000 0.000000 0.000000 
0.000000 0.000000 0.000000 
0.000000 0.000000 0.000000 
0.000000 0.000000 0.000000 
0.000000 0.000000 0.000000 
0.000000 0.000000 0.000000 
0.000000 0.000000 0.000000 
0.000000 0.000000 0.000000 
0.000000 0.000000 0.000000 
0.000000 0.000000 0.000000 
0.000000 0.000000 0.000000 
0.000000 0.000000 0.000000 
0.000000 0.000000 0.000000 
0.000000 0.000000 0.000000 
0.000000 0.000000 0.000000 
0.000000 0.000000 0.000000 
0.000000 0.000000 0.000000 
0.000000 0.000000 0.000000 
0.000000 0.000000 0.000000 
0.000000 0.000000 0.000000 
0.000000 0.000000 0.000000 
0.000000 0.000000 0.000000 
0.000000 0.000000 0.000000 
0.000000 0.000000 0.000000 
0.000000 0.000000 0.000000 
0.000000 0.000000 0.000000 
0.000000 0.000000 0.000000 
0.000000 0.000000 0.000000 
0.000000 0.000000 0.000000 
0.000000 0.000000 0.000000 
0.000000 0.000000 0.000000 
0.000000 0.000000 0.000000 
0.000000 0.000000 0.000000 
0.000000 0.000000 0.000000 
0.000000 0.000000 0.000000 
0.000000 0.000000 0.000000 
0.000000 0.000000 0.000000 
0.000000 0.000000 0.000000 
0.000000 0.000000 0.000000 
0.000000 0.000000 0.000000 
0.000000 0.000000 0.000000 
0.000000 0.000000 0.000000 
0.000000 0.000000 0.000000 
0.000000 0.000000 0.000000 
0.000000 0.000000 0.000000 
0.000000 0.000000 0.000000 
0.000000 0.000000 0.000000 
0.000000 0.000000 0.000000 
0.000000 0.000000 0.000000 
0.000000 0.000000 0.000000 
0.000000 0.000000 0.000000 
0.000000 0.000000 0.000000 
0.000000 0.000000 0.000000 
0.000000 0.000000 0.000000 
0.000000 0.000000 0.000000 
0.000000 0.000000 0.000000 
0.000000 0.000000 0.000000 
0.000000 0.000000 0.000000 
0.000000 0.000000 0.000000 
0.000000 0.000000 0.000000 
0.000000 0.000000 0.000000 
0.000000 0.000000 0.000000 
0.000000 0.000000 0.000000 
0.000000 0.000000 0.000000 
0.000000 0.000000 0.000000 
0.000000 0.000000 0.000000 
0.000000 0.000000 0.000000 
0.000000 0.000000 0.000000 
0.000000 0.000000 0.000000 
0.000000 0.000000 0.000000 
0.000000 0.000000 0.000000 
0.000000 0.000000 0.000000 
0.000000 0.000000 0.000000 
0.000000 0.000000 0.000000 
0.000000 0.000000 0.000000 
0.000000 0.000000 0.000000 
0.000000 0.000000 0.000000 
0.000000 0.000000 0.000000 
0.000000 0.000000 0.000000 
0.000000 0.000000 0.000000 
0.000000 0.000000 0.000000 
0.000000 0.000000 0.000000 
0.000000 0.000000 0.000000 
0.000000 0.000000 0.000000 
0.000000 0.000000 0.000000 
0.000000 0.000000 0.000000 
0.000000 0.000000 0.000000 
0.000000 0.000000 0.000000 
0.000000 0.000000 0.000000 
0.000000 0.000000 0.000000 
0.000000 0.000000 0.000000 
0.000000 0.000000 0.000000 
0.000000 0.000000 0.000000 
0.000000 0.000000 0.000000 
0.000000 0.000000 0.000000 
0.000000 0.000000 0.000000 
0.000000 0.000000 0.000000 
0.000000 0.000000 0.000000 
0.000000 0.000000 0.000000 
0.000000 0.000000 0.000000 
0.000000 0.000000 0.000000 
0.000000 0.000000 0.000000 
0.000000 0.000000 0.000000 
0.000000 0.000000 0.000000 
0.000000 0.000000 0.000000 
0.000000 0.000000 0.000000 
0.000000 0.000000 0.000000 
0.000000 0.000000 0.000000 
0.000000 0.000000 0.000000 
0.000000 0.000000 0.000000 
0.000000 0.000000 0.000000 
0.000000 0.000000 0.000000 
0.000000 0.000000 0.000000 
0.000000 0.000000 0.000000 
0.000000 0.000000 0.000000 
0.000000 0.000000 0.000000 
0.000000 0.000000 0.000000 
0.000000 0.000000 0.000000 
0.000000 0.000000 0.000000 
0.000000 0.000000 0.000000 
0.000000 0.000000 0.000000 
0.000000 0.000000 0.000000 
0.000000 0.000000 0.000000 
0.000000 0.000000 0.000000 
0.000000 0.000000 0.000000 
0.000000 0.000000 0.000000 
0.000000 0.000000 0.000000 
0.000000 0.000000 0.000000 
0.000000 0.000000 0.000000 
0.000000 0.000000 0.000000 
0.000000 0.000000 0.000000 
0.000000 0.000000 0.000000 
0.000000 0.000000 0.000000 
0.000000 0.000000 0.000000 
0.000000 0.000000 0.000000 
0.000000 0.000000 0.000000 
0.000000 0.000000 0.000000 
0.000000 0.000000 0.000000 
0.000000 0.000000 0.000000 
0.000000 0.000000 0.000000 
0.000000 0.000000 0.000000 
0.000000 0.000000 0.000000 
0.000000 0.000000 0.000000 
0.000000 0.000000 0.000000 
0.000000 0.000000 0.000000 
0.000000 0.000000 0.000000 
0.000000 0.000000 0.000000 
0.000000 0.000000 0.000000 
0.000000 0.000000 0.000000 
0.000000 0.000000 0.000000 
0.000000 0.000000 0.000000 
0.000000 0.000000 0.000000 
0.000000 0.000000 0.000000 
0.000000 0.000000 0.000000 
0.000000 0.000000 0.000000 
0.000000 0.000000 0.000000 
0.000000 0.000000 0.000000 
0.000000 0.000000 0.000000 
0.000000 0.000000 0.000000 
0.000000 0.000000 0.000000 
0.000000 0.000000 0.000000 
0.000000 0.000000 0.000000 
0.000000 0.000000 0.000000 
0.000000 0.000000 0.000000 
0.000000 0.000000 0.000000 
0.000000 0.000000 0.000000 
0.000000 0.000000 0.000000 
0.000000 0.000000 0.000000 
0.000000 0.000000 0.000000 
0.000000 0.000000 0.000000 
0.000000 0.000000 0.000000 
0.000000 0.000000 0.000000 
0.000000 0.000000 0.000000 
0.000000 0.000000 0.000000 
0.000000 0.000000 0.000000 
0.000000 0.000000 0.000000 
0.000000 0.000000 0.000000 
0.000000 0.000000 0.000000 
0.000000 0.000000 0.000000 
0.000000 0.000000 0.000000 
0.000000 0.000000 0.000000 
0.000000 0.000000 0.000000 
0.000000 0.000000 0.000000 
0.000000 0.000000 0.000000 
0.000000 0.000000 0.000000 
0.000000 0.000000 0.000000 
0.000000 0.000000 0.000000 
0.000000 0.000000 0.000000 
0.000000 0.000000 0.000000 
0.000000 0.000000 0.000000 
0.000000 0.000000 0.000000 
0.000000 0.000000 0.000000 
0.000000 0.000000 0.000000 
0.000000 0.000000 0.000000 
0.000000 0.000000 0.000000 
0.000000 0.000000 0.000000 
0.000000 0.000000 0.000000 
0.000000 0.000000 0.000000 
0.000000 0.000000 0.000000 
0.000000 0.000000 0.000000 
0.000000 0.000000 0.000000 
0.000000 0.000000 0.000000 
0.000000 0.000000 0.000000 
0.000000 0.000000 0.000000 
0.000000 0.000000 0.000000 
0.000000 0.000000 0.000000 
0.000000 0.000000 0.000000 
0.000000 0.000000 0.000000 
0.000000 0.000000 0.000000 
0.000000 0.000000 0.000000 
0.000000 0.000000 0.000000 
0.000000 0.000000 0.000000 
0.000000 0.000000 0.000000 
0.000000 0.000000 0.000000 
0.000000 0.000000 0.000000 
0.000000 0.000000 0.000000 
0.000000 0.000000 0.000000 
0.000000 0.000000 0.000000 
0.000000 0.000000 0.000000 
0.000000 0.000000 0.000000 
0.000000 0.000000 0.000000 
0.000000 0.000000 0.000000 
0.000000 0.000000 0.000000 
0.000000 0.000000 0.000000 
0.000000 0.000000 0.000000 
0.000000 0.000000 0.000000 
0.000000 0.000000 0.000000 
0.000000 0.000000 0.000000 
0.000000 0.000000 0.000000 
0.000000 0.000000 0.000000 
0.000000 0.000000 0.000000 
0.000000 0.000000 0.000000 
0.000000 0.000000 0.000000 
0.000000 0.000000 0.000000 
0.000000 0.000000 0.000000 
0.000000 0.000000 0.000000 
0.000000 0.000000 0.000000 
0.000000 0.000000 0.000000 
0.000000 0.000000 0.000000 
0.000000 0.000000 0.000000 
0.000000 0.000000 0.000000 
0.000000 0.000000 0.000000 
0.000000 0.000000 0.000000 
0.000000 0.000000 0.000000 
0.000000 0.000000 0.000000 
0.000000 0.000000 0.000000 
0.000000 0.000000 0.000000 
0.000000 0.000000 0.000000 
0.000000 0.000000 0.000000 
0.000000 0.000000 0.000000 
0.000000 0.000000 0.000000 
0.000000 0.000000 0.000000 
0.000000 0.000000 0.000000 
0.000000 0.000000 0.000000 
0.000000 0.000000 0.000000 
0.000000 0.000000 0.000000 
0.000000 0.000000 0.000000 
0.000000 0.000000 0.000000 
0.000000 0.000000 0.000000 
0.000000 0.000000 0.000000 
0.000000 0.000000 0.000000 
0.000000 0.000000 0.000000 
0.000000 0.000000 0.000000 
0.000000 0.000000 0.000000 
0.000000 0.000000 0.000000 
0.000000 0.000000 0.000000 
0.000000 0.000000 0.000000 
0.000000 0.000000 0.000000 
0.000000 0.000000 0.000000 
0.000000 0.000000 0.000000 
0.000000 0.000000 0.000000 
0.000000 0.000000 0.000000 
0.000000 0.000000 0.000000 
0.000000 0.000000 0.000000 
0.000000 0.000000 0.000000 
0.000000 0.000000 0.000000 
0.000000 0.000000 0.000000 
0.000000 0.000000 0.000000 
0.000000 0.000000 0.000000 
0.000000 0.000000 0.000000 
0.000000 0.000000 0.000000 
0.000000 0.000000 0.000000 
0.000000 0.000000 0.000000 
0.000000 0.000000 0.000000 
0.000000 0.000000 0.000000 
0.000000 0.000000 0.000000 
0.000000 0.000000 0.000000 
0.000000 0.000000 0.000000 
0.000000 0.000000 0.000000 
0.000000 0.000000 0.000000 
0.000000 0.000000 0.000000 
0.000000 0.000000 0.000000 
0.000000 0.000000 0.000000 
0.000000 0.000000 0.000000 
0.000000 0.000000 0.000000 
0.000000 0.000000 0.000000 
0.000000 0.000000 0.000000 
0.000000 0.000000 0.000000 
0.000000 0.000000 0.000000 
0.000000 0.000000 0.000000 
0.000000 0.000000 0.000000 
0.000000 0.000000 0.000000 
0.000000 0.000000 0.000000 
0.000000 0.000000 0.000000 
0.000000 0.000000 0.000000 
0.000000 0.000000 0.000000 
0.000000 0.000000 0.000000 
0.000000 0.000000 0.000000 
0.000000 0.000000 0.000000 
0.000000 0.000000 0.000000 
0.000000 0.000000 0.000000 
0.000000 0.000000 0.000000 
0.000000 0.000000 0.000000 
0.000000 0.000000 0.000000 
0.000000 0.000000 0.000000 
0.000000 0.000000 0.000000 
0.000000 0.000000 0.000000 
0.000000 0.000000 0.000000 
0.000000 0.000000 0.000000 
0.000000 0.000000 0.000000 
0.000000 0.000000 0.000000 
0.000000 0.000000 0.000000 
0.000000 0.000000 0.000000 
0.000000 0.000000 0.000000 
0.000000 0.000000 0.000000 
0.000000 0.000000 0.000000 
0.000000 0.000000 0.000000 
0.000000 0.000000 0.000000 
0.000000 0.000000 0.000000 
0.000000 0.000000 0.000000 
0.000000 0.000000 0.000000 
0.000000 0.000000 0.000000 
0.000000 0.000000 0.000000 
0.000000 0.000000 0.000000 
0.000000 0.000000 0.000000 
0.000000 0.000000 0.000000 
0.000000 0.000000 0.000000 
0.000000 0.000000 0.000000 
0.000000 0.000000 0.000000 
0.000000 0.000000 0.000000 
0.000000 0.000000 0.000000 
0.000000 0.000000 0.000000 
0.000000 0.000000 0.000000 
0.000000 0.000000 0.000000 
0.000000 0.000000 0.000000 
0.000000 0.000000 0.000000 
0.000000 0.000000 0.000000 
0.000000 0.000000 0.000000 
0.000000 0.000000 0.000000 
0.000000 0.000000 0.000000 
0.000000 0.000000 0.000000 
0.000000 0.000000 0.000000 
0.000000 0.000000 0.000000 
0.000000 0.000000 0.000000 
0.000000 0.000000 0.000000 
0.000000 0.000000 0.000000 
0.000000 0.000000 0.000000 
0.000000 0.000000 0.000000 
0.000000 0.000000 0.000000 
0.000000 0.000000 0.000000 
0.000000 0.000000 0.000000 
0.000000 0.000000 0.000000 
0.000000 0.000000 0.000000 
0.000000 0.000000 0.000000 
0.000000 0.000000 0.000000 
0.000000 0.000000 0.000000 
0.000000 0.000000 0.000000 
0.000000 0.000000 0.000000 
0.000000 0.000000 0.000000 
0.000000 0.000000 0.000000 
0.000000 0.000000 0.000000 
0.000000 0.000000 0.000000 
0.000000 0.000000 0.000000 
0.000000 0.000000 0.000000 
0.000000 0.000000 0.000000 
0.000000 0.000000 0.000000 
0.000000 0.000000 0.000000 
0.000000 0.000000 0.000000 
0.000000 0.000000 0.000000 
0.000000 0.000000 0.000000 
0.000000 0.000000 0.000000 
0.000000 0.000000 0.000000 
0.000000 0.000000 0.000000 
0.000000 0.000000 0.000000 
0.000000 0.000000 0.000000 
0.000000 0.000000 0.000000 
0.000000 0.000000 0.000000 
0.000000 0.000000 0.000000 
0.000000 0.000000 0.000000 
0.000000 0.000000 0.000000 
0.000000 0.000000 0.000000 
0.000000 0.000000 0.000000 
0.000000 0.000000 0.000000 
0.000000 0.000000 0.000000 
0.000000 0.000000 0.000000 
0.000000 0.000000 0.000000 
0.000000 0.000000 0.000000 
0.000000 0.000000 0.000000 
0.000000 0.000000 0.000000 
0.000000 0.000000 0.000000 
0.000000 0.000000 0.000000 
0.000000 0.000000 0.000000 
0.000000 0.000000 0.000000 
0.000000 0.000000 0.000000 
0.000000 0.000000 0.000000 
0.000000 0.000000 0.000000 
0.000000 0.000000 0.000000 
0.000000 0.000000 0.000000 
0.000000 0.000000 0.000000 
0.000000 0.000000 0.000000 
0.000000 0.000000 0.000000 
0.000000 0.000000 0.000000 
0.000000 0.000000 0.000000 
0.000000 0.000000 0.000000 
0.000000 0.000000 0.000000 
0.000000 0.000000 0.000000 
0.000000 0.000000 0.000000 
0.000000 0.000000 0.000000 
0.000000 0.000000 0.000000 
0.000000 0.000000 0.000000 
0.000000 0.000000 0.000000 
0.000000 0.000000 0.000000 
0.000000 0.000000 0.000000 
0.000000 0.000000 0.000000 
0.000000 0.000000 0.000000 
0.000000 0.000000 0.000000 
0.000000 0.000000 0.000000 
0.000000 0.000000 0.000000 
0.000000 0.000000 0.000000 
0.000000 0.000000 0.000000 
0.000000 0.000000 0.000000 
0.000000 0.000000 0.000000 
0.000000 0.000000 0.000000 
0.000000 0.000000 0.000000 
0.000000 0.000000 0.000000 
0.000000 0.000000 0.000000 
0.000000 0.000000 0.000000 
0.000000 0.000000 0.000000 
0.000000 0.000000 0.000000 
0.000000 0.000000 0.000000 
0.000000 0.000000 0.000000 
0.000000 0.000000 0.000000 
0.000000 0.000000 0.000000 
0.000000 0.000000 0.000000 
0.000000 0.000000 0.000000 
0.000000 0.000000 0.000000 
0.000000 0.000000 0.000000 
0.000000 0.000000 0.000000 
0.000000 0.000000 0.000000 
0.000000 0.000000 0.000000 
0.000000 0.000000 0.000000 
0.000000 0.000000 0.000000 
0.000000 0.000000 0.000000 
0.000000 0.000000 0.000000 
0.000000 0.000000 0.000000 
0.000000 0.000000 0.000000 
0.000000 0.000000 0.000000 
0.000000 0.000000 0.000000 
0.000000 0.000000 0.000000 
0.000000 0.000000 0.000000 
0.000000 0.000000 0.000000 
0.000000 0.000000 0.000000 
0.000000 0.000000 0.000000 
0.000000 0.000000 0.000000 
0.000000 0.000000 0.000000 
0.000000 0.000000 0.000000 
0.000000 0.000000 0.000000 
0.000000 0.000000 0.000000 
0.000000 0.000000 0.000000 
0.000000 0.000000 0.000000 
0.000000 0.000000 0.000000 
0.000000 0.000000 0.000000 
0.000000 0.000000 0.000000 
0.000000 0.000000 0.000000 
0.000000 0.000000 0.000000 
0.000000 0.000000 0.000000 
0.000000 0.000000 0.000000 
0.000000 0.000000 0.000000 
0.000000 0.000000 0.000000 
0.000000 0.000000 0.000000 
0.000000 0.000000 0.000000 
0.000000 0.000000 0.000000 
0.000000 0.000000 0.000000 
0.000000 0.000000 0.000000 
0.000000 0.000000 0.000000 
0.000000 0.000000 0.000000 
0.000000 0.000000 0.000000 
0.000000 0.000000 0.000000 
0.000000 0.000000 0.000000 
0.000000 0.000000 0.000000 
0.000000 0.000000 0.000000 
0.000000 0.000000 0.000000 
0.000000 0.000000 0.000000 
0.000000 0.000000 0.000000 
0.000000 0.000000 0.000000 
0.000000 0.000000 0.000000 
0.000000 0.000000 0.000000 
0.000000 0.000000 0.000000 
0.000000 0.000000 0.000000 
0.000000 0.000000 0.000000 
0.000000 0.000000 0.000000 
0.000000 0.000000 0.000000 
0.000000 0.000000 0.000000 
0.000000 0.000000 0.000000 
0.000000 0.000000 0.000000 
0.000000 0.000000 0.000000 
0.000000 0.000000 0.000000 
0.000000 0.000000 0.000000 
0.000000 0.000000 0.000000 
0.000000 0.000000 0.000000 
0.000000 0.000000 0.000000 
0.000000 0.000000 0.000000 
0.000000 0.000000 0.000000 
0.000000 0.000000 0.000000 
0.000000 0.000000 0.000000 
0.000000 0.000000 0.000000 
0.000000 0.000000 0.000000 
0.000000 0.000000 0.000000 
0.000000 0.000000 0.000000 
0.000000 0.000000 0.000000 
0.000000 0.000000 0.000000 
0.000000 0.000000 0.000000 
0.000000 0.000000 0.000000 
0.000000 0.000000 0.000000 
0.000000 0.000000 0.000000 
0.000000 0.000000 0.000000 
0.000000 0.000000 0.000000 
0.000000 0.000000 0.000000 
0.000000 0.000000 0.000000 
0.000000 0.000000 0.000000 
0.000000 0.000000 0.000000 
0.000000 0.000000 0.000000 
0.000000 0.000000 0.000000 
0.000000 0.000000 0.000000 
0.000000 0.000000 0.000000 
0.000000 0.000000 0.000000 
0.000000 0.000000 0.000000 
0.000000 0.000000 0.000000 
0.000000 0.000000 0.000000 
0.000000 0.000000 0.000000 
0.000000 0.000000 0.000000 
0.000000 0.000000 0.000000 
0.000000 0.000000 0.000000 
0.000000 0.000000 0.000000 
0.000000 0.000000 0.000000 
0.000000 0.000000 0.000000 
0.000000 0.000000 0.000000 
0.000000 0.000000 0.000000 
0.000000 0.000000 0.000000 
0.000000 0.000000 0.000000 
0.000000 0.000000 0.000000 
0.000000 0.000000 0.000000 
0.000000 0.000000 0.000000 
0.000000 0.000000 0.000000 
0.000000 0.000000 0.000000 
0.000000 0.000000 0.000000 
0.000000 0.000000 0.000000 
0.000000 0.000000 0.000000 
0.000000 0.000000 0.000000 
0.000000 0.000000 0.000000 
0.000000 0.000000 0.000000 
0.000000 0.000000 0.000000 
0.000000 0.000000 0.000000 
0.000000 0.000000 0.000000 
0.000000 0.000000 0.000000 
0.000000 0.000000 0.000000 
0.000000 0.000000 0.000000 
0.000000 0.000000 0.000000 
0.000000 0.000000 0.000000 
0.000000 0.000000 0.000000 
0.000000 0.000000 0.000000 
0.000000 0.000000 0.000000 
0.000000 0.000000 0.000000 
0.000000 0.000000 0.000000 
0.000000 0.000000 0.000000 
0.000000 0.000000 0.000000 
0.000000 0.000000 0.000000 
0.000000 0.000000 0.000000 
0.000000 0.000000 0.000000 
0.000000 0.000000 0.000000 
0.000000 0.000000 0.000000 
0.000000 0.000000 0.000000 
0.000000 0.000000 0.000000 
0.000000 0.000000 0.000000 
0.000000 0.000000 0.000000 
0.000000 0.000000 0.000000 
0.000000 0.000000 0.000000 
0.000000 0.000000 0.000000 
0.000000 0.000000 0.000000 
0.000000 0.000000 0.000000 
0.000000 0.000000 0.000000 
0.000000 0.000000 0.000000 
0.000000 0.000000 0.000000 
0.000000 0.000000 0.000000 
0.000000 0.000000 0.000000 
0.000000 0.000000 0.000000 
0.000000 0.000000 0.000000 
0.000000 0.000000 0.000000 
0.000000 0.000000 0.000000 
0.000000 0.000000 0.000000 
0.000000 0.000000 0.000000 
0.000000 0.000000 0.000000 
0.000000 0.000000 0.000000 
0.000000 0.000000 0.000000 
0.000000 0.000000 0.000000 
0.000000 0.000000 0.000000 
0.000000 0.000000 0.000000 
0.000000 0.000000 0.000000 
0.000000 0.000000 0.000000 
0.000000 0.000000 0.000000 
0.000000 0.000000 0.000000 
0.000000 0.000000 0.000000 
0.000000 0.000000 0.000000 
0.000000 0.000000 0.000000 
0.000000 0.000000 0.000000 
0.000000 0.000000 0.000000 
0.000000 0.000000 0.000000 
0.000000 0.000000 0.000000 
0.000000 0.000000 0.000000 
0.000000 0.000000 0.000000 
0.000000 0.000000 0.000000 
0.000000 0.000000 0.000000 
0.000000 0.000000 0.000000 
0.000000 0.000000 0.000000 
0.000000 0.000000 0.000000 
0.000000 0.000000 0.000000 
0.000000 0.000000 0.000000 
0.000000 0.000000 0.000000 
0.000000 0.000000 0.000000 
0.000000 0.000000 0.000000 
0.000000 0.000000 0.000000 
0.000000 0.000000 0.000000 
0.000000 0.000000 0.000000 
0.000000 0.000000 0.000000 
0.000000 0.000000 0.000000 
0.000000 0.000000 0.000000 
0.000000 0.000000 0.000000 
0.000000 0.000000 0.000000 
0.000000 0.000000 0.000000 
0.000000 0.000000 0.000000 
0.000000 0.000000 0.000000 
0.000000 0.000000 0.000000 
0.000000 0.000000 0.000000 
0.000000 0.000000 0.000000 
0.000000 0.000000 0.000000 
0.000000 0.000000 0.000000 
0.000000 0.000000 0.000000 
0.000000 0.000000 0.000000 
0.000000 0.000000 0.000000 
0.000000 0.000000 0.000000 
0.000000 0.000000 0.000000 
0.000000 0.000000 0.000000 
0.000000 0.000000 0.000000 
0.000000 0.000000 0.000000 
0.000000 0.000000 0.000000 
0.000000 0.000000 0.000000 
0.000000 0.000000 0.000000 
0.000000 0.000000 0.000000 
0.000000 0.000000 0.000000 
0.000000 0.000000 0.000000 
0.000000 0.000000 0.000000 
0.000000 0.000000 0.000000 
0.000000 0.000000 0.000000 
0.000000 0.000000 0.000000 
0.000000 0.000000 0.000000 
0.000000 0.000000 0.000000 
0.000000 0.000000 0.000000 
0.000000 0.000000 0.000000 
0.000000 0.000000 0.000000 
0.000000 0.000000 0.000000 
0.000000 0.000000 0.000000 
0.000000 0.000000 0.000000 
0.000000 0.000000 0.000000 
0.000000 0.000000 0.000000 
0.000000 0.000000 0.000000 
0.000000 0.000000 0.000000 
0.000000 0.000000 0.000000 
0.000000 0.000000 0.000000 
0.000000 0.000000 0.000000 
0.000000 0.000000 0.000000 
0.000000 0.000000 0.000000 
0.000000 0.000000 0.000000 
0.000000 0.000000 0.000000 
0.000000 0.000000 0.000000 
0.000000 0.000000 0.000000 
0.000000 0.000000 0.000000 
0.000000 0.000000 0.000000 
0.000000 0.000000 0.000000 
0.000000 0.000000 0.000000 
0.000000 0.000000 0.000000 
0.000000 0.000000 0.000000 
0.000000 0.000000 0.000000 
0.000000 0.000000 0.000000 
0.000000 0.000000 0.000000 
0.000000 0.000000 0.000000 
0.000000 0.000000 0.000000 
0.000000 0.000000 0.000000 
0.000000 0.000000 0.000000 
0.000000 0.000000 0.000000 
0.000000 0.000000 0.000000 
0.000000 0.000000 0.000000 
0.000000 0.000000 0.000000 
0.000000 0.000000 0.000000 
0.000000 0.000000 0.000000 
0.000000 0.000000 0.000000 
0.000000 0.000000 0.000000 
0.000000 0.000000 0.000000 
0.000000 0.000000 0.000000 
0.000000 0.000000 0.000000 
0.000000 0.000000 0.000000 
0.000000 0.000000 0.000000 
0.000000 0.000000 0.000000 
0.000000 0.000000 0.000000 
0.000000 0.000000 0.000000 
0.000000 0.000000 0.000000 
0.000000 0.000000 0.000000 
0.000000 0.000000 0.000000 
0.000000 0.000000 0.000000 
0.000000 0.000000 0.000000 
0.000000 0.000000 0.000000 
0.000000 0.000000 0.000000 
0.000000 0.000000 0.000000 
0.000000 0.000000 0.000000 
0.000000 0.000000 0.000000 
0.000000 0.000000 0.000000 
0.000000 0.000000 0.000000 
0.000000 0.000000 0.000000 
0.000000 0.000000 0.000000 
0.000000 0.000000 0.000000 
0.000000 0.000000 0.000000 
0.000000 0.000000 0.000000 
0.000000 0.000000 0.000000 
0.000000 0.000000 0.000000 
0.000000 0.000000 0.000000 
0.000000 0.000000 0.000000 
0.000000 0.000000 0.000000 
0.000000 0.000000 0.000000 
0.000000 0.000000 0.000000 
0.000000 0.000000 0.000000 
0.000000 0.000000 0.000000 
0.000000 0.000000 0.000000 
0.000000 0.000000 0.000000 
0.000000 0.000000 0.000000 
0.000000 0.000000 0.000000 
0.000000 0.000000 0.000000 
0.000000 0.000000 0.000000 
0.000000 0.000000 0.000000 
0.000000 0.000000 0.000000 
0.000000 0.000000 0.000000 
0.000000 0.000000 0.000000 
0.000000 0.000000 0.000000 
0.000000 0.000000 0.000000 
0.000000 0.000000 0.000000 
0.000000 0.000000 0.000000 
0.000000 0.000000 0.000000 
0.000000 0.000000 0.000000 
0.000000 0.000000 0.000000 
0.000000 0.000000 0.000000 
0.000000 0.000000 0.000000 
0.000000 0.000000 0.000000 
0.000000 0.000000 0.000000 
0.000000 0.000000 0.000000 
0.000000 0.000000 0.000000 
0.000000 0.000000 0.000000 
0.000000 0.000000 0.000000 
0.000000 0.000000 0.000000 
0.000000 0.000000 0.000000 
0.000000 0.000000 0.000000 
0.000000 0.000000 0.000000 
0.000000 0.000000 0.000000 
0.000000 0.000000 0.000000 
0.000000 0.000000 0.000000 
0.000000 0.000000 0.000000 
0.000000 0.000000 0.000000 
0.000000 0.000000 0.000000 
0.000000 0.000000 0.000000 
0.000000 0.000000 0.000000 
0.000000 0.000000 0.000000 
0.000000 0.000000 0.000000 
0.000000 0.000000 0.000000 
0.000000 0.000000 0.000000 
0.000000 0.000000 0.000000 
0.000000 0.000000 0.000000 
0.000000 0.000000 0.000000 
0.000000 0.000000 0.000000 
0.000000 0.000000 0.000000 
0.000000 0.000000 0.000000 
0.000000 0.000000 0.000000 
0.000000 0.000000 0.000000 
0.000000 0.000000 0.000000 
0.000000 0.000000 0.000000 
0.000000 0.000000 0.000000 
0.000000 0.000000 0.000000 
0.000000 0.000000 0.000000 
0.000000 0.000000 0.000000 
0.000000 0.000000 0.000000 
0.000000 0.000000 0.000000 
0.000000 0.000000 0.000000 
0.000000 0.000000 0.000000 
0.000000 0.000000 0.000000 
0.000000 0.000000 0.000000 
0.000000 0.000000 0.000000 
0.000000 0.000000 0.000000 
0.000000 0.000000 0.000000 
0.000000 0.000000 0.000000 
0.000000 0.000000 0.000000 
0.000000 0.000000 0.000000 
0.000000 0.000000 0.000000 
0.000000 0.000000 0.000000 
0.000000 0.000000 0.000000 
0.000000 0.000000 0.000000 
0.000000 0.000000 0.000000 
0.000000 0.000000 0.000000 
0.000000 0.000000 0.000000 
0.000000 0.000000 0.000000 
0.000000 0.000000 0.000000 
0.000000 0.000000 0.000000 
0.000000 0.000000 0.000000 
0.000000 0.000000 0.000000 
0.000000 0.000000 0.000000 
0.000000 0.000000 0.000000 
0.000000 0.000000 0.000000 
0.000000 0.000000 0.000000 
0.000000 0.000000 0.000000 
0.000000 0.000000 0.000000 
0.000000 0.000000 0.000000 
0.000000 0.000000 0.000000 
0.000000 0.000000 0.000000 
0.000000 0.000000 0.000000 
0.000000 0.000000 0.000000 
0.000000 0.000000 0.000000 
0.000000 0.000000 0.000000 
0.000000 0.000000 0.000000 
0.000000 0.000000 0.000000 
0.000000 0.000000 0.000000 
0.000000 0.000000 0.000000 
0.000000 0.000000 0.000000 
0.000000 0.000000 0.000000 
0.000000 0.000000 0.000000 
0.000000 0.000000 0.000000 
0.000000 0.000000 0.000000 
0.000000 0.000000 0.000000 
0.000000 0.000000 0.000000 
0.000000 0.000000 0.000000 
0.000000 0.000000 0.000000 
0.000000 0.000000 0.000000 
0.000000 0.000000 0.000000 
0.000000 0.000000 0.000000 
0.000000 0.000000 0.000000 
0.000000 0.000000 0.000000 
0.000000 0.000000 0.000000 
0.000000 0.000000 0.000000 
0.000000 0.000000 0.000000 
0.000000 0.000000 0.000000 
0.000000 0.000000 0.000000 
0.000000 0.000000 0.000000 
0.000000 0.000000 0.000000 
0.000000 0.000000 0.000000 
0.000000 0.000000 0.000000 
0.000000 0.000000 0.000000 
0.000000 0.000000 0.000000 
0.000000 0.000000 0.000000 
0.000000 0.000000 0.000000 
0.000000 0.000000 0.000000 
0.000000 0.000000 0.000000 
0.000000 0.000000 0.000000 
0.000000 0.000000 0.000000 
0.000000 0.000000 0.000000 
0.000000 0.000000 0.000000 
0.000000 0.000000 0.000000 
0.000000 0.000000 0.000000 
0.000000 0.000000 0.000000 
0.000000 0.000000 0.000000 
0.000000 0.000000 0.000000 
0.000000 0.000000 0.000000 
0.000000 0.000000 0.000000 
0.000000 0.000000 0.000000 
0.000000 0.000000 0.000000 
0.000000 0.000000 0.000000 
0.000000 0.000000 0.000000 
0.000000 0.000000 0.000000 
0.000000 0.000000 0.000000 
0.000000 0.000000 0.000000 
0.000000 0.000000 0.000000 
0.000000 0.000000 0.000000 
0.000000 0.000000 0.000000 
0.000000 0.000000 0.000000 
0.000000 0.000000 0.000000 
0.000000 0.000000 0.000000 
0.000000 0.000000 0.000000 
0.000000 0.000000 0.000000 
0.000000 0.000000 0.000000 
0.000000 0.000000 0.000000 
0.000000 0.000000 0.000000 
0.000000 0.000000 0.000000 
0.000000 0.000000 0.000000 
0.000000 0.000000 0.000000 
0.000000 0.000000 0.000000 
0.000000 0.000000 0.000000 
0.000000 0.000000 0.000000 
0.000000 0.000000 0.000000 
0.000000 0.000000 0.000000 
0.000000 0.000000 0.000000 
0.000000 0.000000 0.000000 
0.000000 0.000000 0.000000 
0.000000 0.000000 0.000000 
0.000000 0.000000 0.000000 
0.000000 0.000000 0.000000 
0.000000 0.000000 0.000000 
0.000000 0.000000 0.000000 
0.000000 0.000000 0.000000 
0.000000 0.000000 0.000000 
0.000000 0.000000 0.000000 
0.000000 0.000000 0.000000 
0.000000 0.000000 0.000000 
0.000000 0.000000 0.000000 
0.000000 0.000000 0.000000 
0.000000 0.000000 0.000000 
0.000000 0.000000 0.000000 
0.000000 0.000000 0.000000 
0.000000 0.000000 0.000000 
0.000000 0.000000 0.000000 
0.000000 0.000000 0.000000 
0.000000 0.000000 0.000000 
0.000000 0.000000 0.000000 
0.000000 0.000000 0.000000 
0.000000 0.000000 0.000000 
0.000000 0.000000 0.000000 
0.000000 0.000000 0.000000 
0.000000 0.000000 0.000000 
0.000000 0.000000 0.000000 
0.000000 0.000000 0.000000 
0.000000 0.000000 0.000000 
0.000000 0.000000 0.000000 
0.000000 0.000000 0.000000 
0.000000 0.000000 0.000000 
0.000000 0.000000 0.000000 
0.000000 0.000000 0.000000 
0.000000 0.000000 0.000000 
0.000000 0.000000 0.000000 
0.000000 0.000000 0.000000 
0.000000 0.000000 0.000000 
0.000000 0.000000 0.000000 
0.000000 0.000000 0.000000 
0.000000 0.000000 0.000000 
0.000000 0.000000 0.000000 
0.000000 0.000000 0.000000 
0.000000 0.000000 0.000000 
0.000000 0.000000 0.000000 
0.000000 0.000000 0.000000 
0.000000 0.000000 0.000000 
0.000000 0.000000 0.000000 
0.000000 0.000000 0.000000 
0.000000 0.000000 0.000000 
0.000000 0.000000 0.000000 
0.000000 0.000000 0.000000 
0.000000 0.000000 0.000000 
0.000000 0.000000 0.000000 
0.000000 0.000000 0.000000 
0.000000 0.000000 0.000000 
0.000000 0.000000 0.000000 
0.000000 0.000000 0.000000 
0.000000 0.000000 0.000000 
0.000000 0.000000 0.000000 
0.000000 0.000000 0.000000 
0.000000 0.000000 0.000000 
0.000000 0.000000 0.000000 
0.000000 0.000000 0.000000 
0.000000 0.000000 0.000000 
0.000000 0.000000 0.000000 
0.000000 0.000000 0.000000 
