0.000000 0.000547 0.000000 0.000000 0.000000 0.000000 0.000000 0.000000 0.000000 8.336146 0.000000 8.336146
0.000000 0.000966 0.000000 0.000000 0.000000 0.000000 0.000000 0.000000 0.000000 8.336661 0.000000 8.336661
0.000000 0.007364 0.000000 0.000000 0.000000 0.000000 0.000000 0.000000 0.000000 8.337255 0.000000 8.337255
0.000000 0.121106 0.000000 0.000000 0.000000 0.000000 0.000000 0.000000 0.000000 8.337903 0.000000 8.337903
0.000000 0.571660 0.000000 0.000000 0.000000 0.000000 0.000000 0.000000 0.000000 8.338317 0.000000 8.338317
0.000000 0.915614 0.000000 0.000000 0.000000 0.000000 0.000000 0.000000 0.000000 8.338544 0.000000 8.338544
0.865177 1.090131 0.000000 0.000000 0.000000 0.000000 0.000000 0.000000 0.000000 8.338558 0.000000 8.338558
0.886657 1.216353 0.000000 0.000000 0.000000 0.000000 0.000000 0.000000 0.000000 8.339219 0.000000 8.339219
0.897265 1.141647 0.000000 0.000000 0.000000 0.000000 0.000000 0.000000 0.000000 8.341426 0.000000 8.341426
0.906155 1.057195 0.000000 0.000000 0.000000 0.000000 0.000000 0.000000 0.000000 8.337093 0.000000 8.337093
0.924994 1.043670 0.000000 0.000000 0.000000 0.000000 0.000000 0.000000 0.000000 8.317687 0.000000 8.317687
0.909310 1.061774 0.000000 0.000000 0.000000 0.000000 0.000000 0.000000 0.000000 8.310619 0.000000 8.310619
0.860688 1.072839 0.000000 0.000000 0.000000 0.000000 0.000000 0.000000 0.000000 8.321365 0.000000 8.321365
0.789876 1.103177 0.000000 0.000000 0.000000 0.000000 0.000000 0.000000 0.000000 8.312284 0.000000 8.312284
0.629594 1.139143 0.000000 0.000000 0.000000 0.000000 0.000000 0.000000 0.000000 8.311151 0.000000 8.311151
0.435204 1.181429 0.000000 0.000000 0.000000 0.000000 0.000000 0.000000 0.000000 8.334440 0.000000 8.334440
0.299355 1.251832 0.000000 0.000000 0.000000 0.000000 0.000000 0.000000 0.000000 8.355957 0.000000 8.355957
0.276137 1.341975 0.000000 0.000000 0.000000 0.000000 0.000000 0.000000 0.000000 8.354555 0.000000 8.354555
0.312318 1.449974 0.000000 0.000000 0.000000 0.000000 0.000000 0.000000 0.000000 8.350883 0.000000 8.350883
0.336554 1.576127 0.000000 0.000000 0.000000 0.000000 0.000000 0.000000 0.000000 8.353070 0.000000 8.353070
0.351747 1.704917 0.000000 0.000000 0.000000 0.000000 0.000000 0.000000 0.000000 8.348061 0.000000 8.348061
0.362664 1.842518 0.000000 0.000000 0.000000 0.000000 0.000000 0.000000 0.000000 8.348490 0.000000 8.348490
0.391728 1.980384 0.000000 0.000000 0.000000 0.000000 0.000000 0.000000 0.000000 8.338452 0.000000 8.338452
0.414003 2.106209 0.000000 0.000000 0.000000 0.000000 0.000000 0.000000 0.000000 8.332446 0.000000 8.332446
0.397693 2.241144 0.000000 0.000000 0.000000 0.000000 0.000000 0.000000 0.000000 8.331311 0.000000 8.331311
0.357182 2.332197 0.000000 0.000000 0.000000 0.000000 0.000000 0.000000 0.000000 8.321217 0.000000 8.321217
0.315731 2.405318 0.000000 0.000000 0.000000 0.000000 0.000000 0.000000 0.000000 8.325076 0.000000 8.325076
0.314220 2.589280 0.000000 0.000000 0.000000 0.000000 0.000000 0.000000 0.000000 8.329239 0.000000 8.329239
0.298886 2.672809 0.000000 0.000000 0.000000 0.000000 0.000000 0.000000 0.000000 8.325838 0.000000 8.325838
0.258276 2.681668 0.000000 0.000000 0.000000 0.000000 0.000000 0.000000 0.000000 8.330232 0.000000 8.330232
0.242606 2.785798 0.000000 0.000000 0.000000 0.000000 0.000000 0.000000 0.000000 8.327604 0.000000 8.327604
0.232319 2.902452 0.000000 0.000000 0.000000 0.000000 0.000000 0.000000 0.000000 8.323483 0.000000 8.323483
0.223890 3.031170 0.000000 0.000000 0.000000 0.000000 0.000000 0.000000 0.000000 8.328458 0.000000 8.328458
0.215242 3.127088 0.000000 0.000000 0.000000 0.000000 0.000000 0.000000 0.000000 8.328126 0.000000 8.328126
0.204087 3.207845 0.000000 0.000000 0.000000 0.000000 0.000000 0.000000 0.000000 8.324433 0.000000 8.324433
0.195723 3.317678 0.000000 0.000000 0.000000 0.000000 0.000000 0.000000 0.000000 8.320856 0.000000 8.320856
0.183267 3.434531 0.000000 0.000000 0.000000 0.000000 0.000000 0.000000 0.000000 8.325480 0.000000 8.325480
0.169267 3.543075 0.000000 0.000000 0.000000 0.000000 0.000000 0.000000 0.000000 8.330796 0.000000 8.330796
0.159277 3.639491 0.000000 0.000000 0.000000 0.000000 0.000000 0.000000 0.000000 8.328650 0.000000 8.328650
0.152912 3.736407 0.000000 0.000000 0.000000 0.000000 0.000000 0.000000 0.000000 8.326751 0.000000 8.326751
0.147687 3.838392 0.000000 0.000000 0.000000 0.000000 0.000000 0.000000 0.000000 8.322083 0.000000 8.322083
0.138084 3.949463 0.000000 0.000000 0.000000 0.000000 0.000000 0.000000 0.000000 8.323369 0.000000 8.323369
0.125394 4.051379 0.000000 0.000000 0.000000 0.000000 0.000000 0.000000 0.000000 8.330437 0.000000 8.330437
0.121919 4.145344 0.000000 0.000000 0.000000 0.000000 0.000000 0.000000 0.000000 8.322980 0.000000 8.322980
0.117144 4.241404 0.000000 0.000000 0.000000 0.000000 0.000000 0.000000 0.000000 8.321778 0.000000 8.321778
0.108039 4.340860 0.000000 0.000000 0.000000 0.000000 0.000000 4.340860 4.340860 8.336295 0.000000 8.336295
0.107270 4.455620 0.000000 -0.000515 0.000000 0.446355 0.000000 5.267938 5.072845 8.338763 11.513022 8.338763
0.103072 4.552252 -0.000049 0.002335 0.013172 0.149783 0.000049 3.705351 2347.145942 8.333876 3.863432 8.333876
0.095261 4.636461 0.000261 10.507644 0.070228 0.343159 -1.050976 5.767730 2113.281376 8.331489 8.851247 8.331489
0.092899 4.731835 -0.000161 9.458185 0.070228 0.230645 -0.771526 3.858195 1902.381499 8.331141 5.949130 8.331141
0.093418 4.832164 0.000296 8.511715 0.079694 0.295587 -0.323911 5.817217 1712.832444 14.420822 7.624217 14.420822
0.094569 4.942277 -0.000148 7.660973 0.079694 0.618439 1.012759 4.829759 1542.630861 14.166159 15.951662 14.166159
0.093340 5.053346 0.000240 6.897013 0.079694 0.447559 0.341905 5.077894 1388.718787 13.952876 11.544101 13.952876
0.107836 5.252094 0.000122 6.205728 0.079694 0.512173 -1.526604 5.599646 1250.580309 13.850268 13.210698 13.850268
0.127365 5.456969 0.000036 5.585170 0.079694 0.478398 -1.068304 5.398105 1126.123254 13.565586 12.339537 13.565586
0.133853 5.583376 0.000093 5.026334 0.079694 0.479939 -0.602014 5.837560 1014.175234 13.289023 12.379275 13.289023
0.141854 5.728024 0.000005 4.523527 0.079694 0.466850 0.483297 5.719025 913.409143 13.180118 12.041681 13.180118
0.155958 5.908663 0.000052 4.070717 0.079694 0.468340 -0.940895 6.158769 822.757490 12.829462 12.080105 12.829462
0.156783 6.060189 -0.000034 3.663407 0.079694 0.452542 -0.121188 6.046092 741.152527 12.321700 11.672617 12.321700
0.138329 6.171909 0.000011 3.296855 0.079694 0.418801 7.982226 6.328662 667.710566 12.147017 10.802328 12.147017
0.143987 6.519157 -0.000044 2.965864 0.079694 0.399265 7.060483 6.787775 601.707647 12.089857 10.298417 12.089857
0.115684 6.600251 -0.000121 2.669435 0.072111 0.381809 6.296113 6.605067 542.351743 11.980029 9.848170 11.980029
0.086010 6.602091 -0.000029 2.403178 0.065248 0.368645 5.700853 6.783969 488.961035 11.453817 9.508633 11.453817
0.082227 6.738507 -0.000025 2.163075 0.059039 0.344415 5.214806 6.870260 440.906905 10.531344 8.883639 10.531344
0.062047 6.766100 -0.000003 1.947397 0.053421 0.312798 4.715619 6.825183 397.635237 10.108834 8.068132 10.108834
0.059636 6.903700 0.000041 1.752679 0.048337 0.300895 4.188916 7.142893 358.738462 9.721049 7.761107 9.721049
0.062690 7.056313 0.000004 1.577518 0.043737 0.291976 3.703180 7.156447 323.739645 9.315182 7.531078 9.315182
0.065380 7.222420 0.000040 1.419781 0.039575 0.282049 3.238288 7.429399 292.242124 9.274690 7.275019 9.274690
0.065599 7.337917 0.000008 1.277976 0.035809 0.285874 2.840569 7.437563 263.924535 8.774376 7.373672 8.774376
0.062239 7.430512 0.000047 1.150539 0.032401 0.273886 2.506875 7.545935 238.396197 8.141208 7.064469 8.141208
0.080188 7.747927 0.000045 1.034604 0.029318 0.251507 2.184347 8.002584 215.424433 7.689553 6.487242 7.689553
0.067170 7.808122 -0.000045 0.931291 0.026528 0.233802 1.890210 7.756469 194.766718 7.121314 6.030553 7.121314
0.033224 7.675575 0.000042 0.839223 0.024004 0.213682 1.629997 7.705136 176.151879 6.813767 5.511607 6.813767
0.027744 7.761359 0.000073 0.755339 0.021719 0.201761 1.411302 7.918885 159.425373 6.677911 5.204116 6.677911
0.027065 7.851788 0.000042 0.679904 0.019652 0.197907 1.246109 7.925491 144.395395 6.278909 5.104703 6.278909
0.024011 7.923463 0.000066 0.612163 0.017839 0.188266 1.122505 8.023327 130.849689 6.066822 4.856034 6.066822
0.022837 8.006962 0.000061 0.551028 0.017839 0.183217 1.002359 8.098519 118.670065 5.849536 4.725800 5.849536
0.026109 8.099128 0.000062 0.495981 0.017839 0.179492 0.914244 8.196740 107.710096 5.216522 4.629711 5.216522
0.020258 8.151422 0.000056 0.446584 0.017839 0.162119 0.798582 8.165887 97.804947 5.432606 4.181601 5.272391
0.015030 8.193926 0.000070 0.401962 0.018804 0.167516 0.658296 8.324482 88.951970 5.251962 4.320813 5.106184
0.013707 8.240422 0.000051 0.362043 0.018804 0.165406 0.590283 8.253654 80.961295 4.621747 4.266399 4.561249
0.007894 8.284882 0.000082 0.326000 0.022131 0.147002 0.470980 8.340578 73.724367 4.807454 3.791701 4.586394
0.004798 8.338355 0.000061 0.293298 0.022131 0.149689 0.314024 8.424369 67.273557 4.452305 3.861006 4.290713
-0.000219 8.372541 0.000056 0.264209 0.022131 0.140167 0.204924 8.382184 61.434562 4.458787 3.615395 4.217258
-0.002448 8.403862 0.000073 0.237876 0.022131 0.139299 0.020994 8.494099 56.204387 4.501195 3.592989 4.215640
0.000285 8.461093 0.000057 0.214159 0.022131 0.143393 0.937778 8.513185 51.508554 4.352303 3.698605 4.099166
-0.000089 8.515672 0.000066 0.192850 0.022131 0.141892 0.870482 8.574161 47.265765 4.716745 3.659872 4.344197
0.004706 8.607298 0.000058 0.173408 0.022131 0.153980 0.858857 8.725154 43.491264 3.942768 3.971668 3.812783
0.003172 8.638272 0.000039 0.156338 0.022131 0.134430 0.889317 8.566269 40.003467 2.744787 3.467409 2.800818
-0.003015 8.624903 0.000072 0.140753 0.022131 0.095258 0.875029 8.609353 36.803154 1.921365 2.457025 1.961238
0.027237 8.937272 0.000040 0.124996 0.022131 0.062703 0.798575 9.153309 33.970269 1.363151 1.617328 1.352230
0.016323 8.894057 -0.000104 0.112483 0.027891 0.039289 0.688611 8.664687 31.440679 0.855520 1.013394 0.831322
-0.024730 8.589476 0.000017 0.102502 0.027891 0.017879 0.557964 8.515661 29.141914 0.315763 0.461150 0.297281
-0.028959 8.595654 0.000047 0.092163 0.027891 -0.003596 0.467733 8.647082 27.074722 -0.423409 -0.092748 -0.390783
-0.030900 8.607971 0.000009 0.082835 0.027891 -0.030272 0.417551 8.548104 25.199468 -1.274998 -0.780819 -1.190032
-0.004446 8.844566 0.000025 0.073362 0.027891 -0.058791 0.318737 9.039025 23.521265 -1.751041 -1.516420 -1.717612
-0.010141 8.776170 -0.000104 0.066141 0.028058 -0.075756 0.120258 8.545607 22.026477 -2.038514 -1.954011 -2.035100
-0.040178 8.494202 0.000018 0.060701 0.028058 -0.084034 -0.435049 8.445774 20.665946 -2.602803 -2.167515 -2.519928
-0.043900 8.462857 0.000038 0.054739 0.028058 -0.100205 -0.226850 8.438901 19.408015 -3.168768 -2.584640 -3.037923
-0.050301 8.411456 0.000027 0.049327 0.028058 -0.120086 0.182345 8.339014 18.257873 -4.047209 -3.097426 -3.821884
-0.060279 8.345094 0.000036 0.044465 0.028058 -0.152013 -0.376422 8.267868 17.184505 -4.528518 -3.920929 -4.331802
-0.072856 8.262418 0.000030 0.040021 0.028058 -0.175044 0.008602 8.205543 16.239782 -4.762972 -4.514994 -4.606055
-0.085285 8.156725 0.000030 0.036258 0.028058 -0.185116 -8.648835 8.096238 15.410043 -5.319805 -4.774783 -5.116144
-0.101359 8.020214 0.000048 0.033148 0.028058 -0.206594 -7.779947 7.912288 14.623954 -5.569835 -5.328782 -5.384141
-0.104315 7.980631 0.000076 0.029800 0.028058 -0.216796 -7.001502 8.014472 13.938787 -6.136247 -5.591906 -5.915998
-0.114902 7.860225 0.000039 0.027266 0.028058 -0.236019 -6.303685 7.689780 13.283884 -6.574958 -6.087746 -6.343885
-0.122001 7.768386 0.000101 0.024741 0.028058 -0.250590 -5.673386 7.789160 12.690224 -6.799121 -6.463592 -6.565298
-0.106764 7.862494 0.000058 0.021655 0.025388 -0.255493 -5.108323 7.892160 12.178451 -7.436748 -6.590048 -7.152430
-0.097769 7.919478 0.000021 0.019104 0.022972 -0.276095 -4.598507 7.868151 11.679373 -7.662905 -7.121449 -7.383819
-0.092937 7.932498 0.000008 0.016807 0.020786 -0.284373 -4.137468 7.937177 11.257887 -7.594365 -7.334969 -7.334123
-0.084183 7.949514 -0.000021 0.014840 0.018808 -0.280095 -3.730690 7.936963 10.904630 -7.957519 -7.224604 -7.639792
-0.076180 7.973984 -0.000024 0.013146 0.017018 -0.289690 -3.369415 7.940255 10.548219 -8.273018 -7.472116 -7.926561
-0.071615 7.983702 -0.000037 0.011503 0.015399 -0.300723 -3.038680 7.949237 10.222545 -8.169167 -7.756692 -7.854319
-0.064472 7.977792 -0.000052 0.010069 0.014091 -0.297080 -2.743988 7.964985 9.962420 -8.370329 -7.662709 -8.008613
-0.059258 7.946152 -0.000060 0.009044 0.016027 -0.300528 -2.483549 7.869925 9.699633 -8.586803 -7.751659 -8.190201
-0.051351 7.925404 -0.000046 0.007959 0.016027 -0.305231 -2.243746 7.897606 9.450028 -8.641218 -7.872958 -8.233720
-0.043882 7.878452 -0.000065 0.007050 0.017533 -0.302826 -2.021059 7.796728 9.226470 -8.278990 -7.810933 -7.899621
-0.039634 7.796710 -0.000051 0.006413 0.017533 -0.285107 -1.810362 7.756242 9.043039 -7.935923 -7.353889 -7.535711
-0.032785 7.727683 -0.000046 0.005900 0.017533 -0.266070 -1.622333 7.654531 8.861198 -7.761743 -6.862872 -7.307156
-0.030982 7.651733 -0.000029 0.005425 0.017533 -0.254804 -1.440255 7.571804 8.662562 -7.051610 -6.572279 -6.633513
-0.028991 7.572739 -0.000025 0.004889 0.017533 -0.228406 -1.277866 7.532059 8.512151 -7.087152 -5.891385 -6.572864
-0.024779 7.497703 -0.000023 0.004550 0.017533 -0.226578 -1.149761 7.366868 8.307355 -7.290415 -5.844230 -6.712302
-0.021453 7.426143 -0.000007 0.003953 0.017533 -0.233706 -0.992800 7.348569 8.094240 -6.758260 -6.028089 -6.224629
-0.016559 7.355620 -0.000031 0.003313 0.017533 -0.215088 -0.822482 7.298152 7.957269 -6.620770 -5.547860 -6.038077
-0.018380 7.274769 -0.000031 0.003061 0.017533 -0.209805 -0.649523 7.163331 7.796287 -6.361622 -5.411592 -5.768409
0.002422 7.397993 -0.000018 0.001787 0.017533 -0.204549 -0.444386 7.503611 7.674346 -5.963879 -5.276031 -5.388640
-0.001384 7.301579 -0.000117 0.001672 0.031380 -0.195308 -0.289948 7.080501 7.577618 -6.100622 -5.037655 -5.473944
-0.029223 7.018026 -0.000019 0.002510 0.031380 -0.202946 -0.007255 6.876172 7.429786 -5.754452 -5.234672 -5.140253
-0.025217 6.954981 0.000009 0.002130 0.031380 -0.194227 16.361005 6.973103 7.337381 -4.959444 -5.009787 -4.382011
-0.014396 6.908188 -0.000025 0.001925 0.031380 -0.160288 14.720843 6.860607 7.298813 -4.691580 -4.134372 -4.107199
0.009917 6.997665 0.000005 0.001351 0.031380 -0.145511 13.242798 7.059151 7.220538 -4.166211 -3.753227 -3.594207
0.008394 6.914960 -0.000054 0.001371 0.031380 -0.125622 11.909777 6.763913 7.154286 -3.836095 -3.240215 -3.259365
-0.001515 6.759069 0.000013 0.001773 0.031380 -0.112606 10.710474 6.703691 7.063262 -3.725448 -2.904489 -3.136034
0.001090 6.727687 0.000013 0.001505 0.031380 -0.109565 9.625354 6.675929 6.958749 -2.980646 -2.826050 -2.412383
-0.000273 6.658116 0.000002 0.001349 0.031380 -0.083652 8.649437 6.630504 6.915324 -2.564909 -2.157663 -2.006458
0.004120 6.617520 0.000009 0.001336 0.031380 -0.068696 7.779247 6.571934 6.850345 -2.445939 -1.771897 -1.886819
0.004070 6.579459 0.000014 0.001215 0.031380 -0.066491 6.993430 6.527221 6.764999 -2.279357 -1.715029 -1.717390
0.006674 6.573492 0.000009 0.000859 0.028394 -0.063889 6.283411 6.561735 6.697073 -2.001364 -1.647916 -1.443605
0.002359 6.525035 -0.000011 0.000772 0.025692 -0.057531 5.645399 6.465127 6.649320 -1.449639 -1.483935 -0.908386
-0.003504 6.458811 0.000006 0.000855 0.023247 -0.039478 5.081807 6.456722 6.633234 -1.234380 -1.018264 -0.718966
-0.004349 6.424827 0.000008 0.000935 0.021035 -0.033862 4.586941 6.380631 6.593714 -1.168145 -0.873429 -0.666971
-0.005545 6.396335 0.000021 0.000885 0.019033 -0.033446 4.139038 6.383425 6.548504 -0.847061 -0.862689 -0.354011
-0.004648 6.375364 0.000012 0.000777 0.017222 -0.021702 3.735654 6.370265 6.532540 -0.624712 -0.559766 -0.156521
-0.001956 6.359018 0.000014 0.000778 0.015583 -0.013523 3.374032 6.344407 6.509575 -0.674745 -0.348809 -0.227782
0.001570 6.362490 0.000018 0.000660 0.014100 -0.016025 3.041524 6.348785 6.466696 -0.444882 -0.413351 -0.001673
0.000503 6.331431 0.000008 0.000607 0.012758 -0.007258 2.733174 6.314822 6.450444 -0.127649 -0.187207 0.296929
0.000533 6.295197 0.000015 0.000696 0.011544 0.005938 2.460462 6.284643 6.440067 -0.062236 0.153150 0.334743
0.004429 6.303328 0.000022 0.000613 0.010445 0.008119 2.212067 6.299660 6.407777 0.190715 0.209405 0.582822
0.003025 6.271684 0.000012 0.000610 0.009451 0.017765 1.986552 6.247689 6.392552 0.447459 0.458221 0.821966
0.003083 6.232018 0.000023 0.000720 0.008552 0.028516 1.788685 6.218551 6.375569 0.516724 0.735515 0.867780
0.022827 6.340552 0.000027 0.000157 0.007738 0.031547 1.608782 6.419242 6.353157 2.067400 0.813697 2.459699
0.018092 6.316381 -0.000028 0.000165 0.007400 0.094463 1.442837 6.342451 6.457837 2.770487 2.436529 3.055673
0.003066 6.215645 0.000019 0.001086 0.007400 0.115858 1.296750 6.143065 6.462482 3.212699 2.988390 3.464876
0.004625 6.218725 0.000071 0.001093 0.019179 0.130985 1.177925 6.298640 6.457494 3.511638 3.378550 3.738091
0.013650 6.264166 0.000032 0.000867 0.019179 0.140924 1.080546 6.248089 6.449664 3.860415 3.634928 4.072995
0.024310 6.313271 0.000044 0.000612 0.019179 0.154995 0.979340 6.384906 6.455513 4.424293 3.997863 4.623713
0.030660 6.329430 0.000012 0.000566 0.019179 0.178450 0.870448 6.321906 6.479762 4.886581 4.602838 5.050140
0.043895 6.395254 0.000034 0.000379 0.019179 0.197594 0.773255 6.478456 6.495835 5.339499 5.096634 5.479878
0.053462 6.460174 -0.000000 0.000160 0.019179 0.215073 0.645712 6.466539 6.513260 6.002881 5.547475 6.134779
0.064108 6.536115 0.000008 -0.000103 0.019179 0.240080 0.543787 6.631136 6.554906 6.062391 6.192478 6.139642
0.067920 6.641113 -0.000023 -0.000387 0.019179 0.235749 0.448331 6.637852 6.552283 6.153077 6.080782 6.239572
0.067318 6.770708 -0.000025 -0.000980 0.019179 0.227488 0.238774 6.883241 6.580374 6.595663 5.867708 6.683000
0.084436 6.977619 -0.000079 -0.001782 0.021296 0.233789 0.235818 7.116040 6.683016 6.532113 6.030218 6.580365
0.089335 7.087364 -0.000112 -0.001814 0.030102 0.224140 0.509036 7.107802 6.766830 6.493690 5.781342 6.513841
0.104016 7.292479 -0.000089 -0.002358 0.030102 0.217470 0.556152 7.501789 6.880964 6.562073 5.609312 6.542262
0.106674 7.405491 -0.000159 -0.002353 0.042862 0.216826 0.576647 7.410800 7.015764 6.665282 5.592688 6.597065
0.096282 7.400354 -0.000103 -0.001725 0.042862 0.218915 0.524020 7.484702 7.146928 6.609226 5.646576 6.497983
0.106788 7.548873 -0.000089 -0.001803 0.042862 0.216569 0.482200 7.683411 7.270324 6.398686 5.586051 6.254617
0.111703 7.648609 -0.000108 -0.001697 0.042862 0.210202 0.211798 7.691005 7.378389 6.570199 5.421826 6.374607
0.109171 7.672094 -0.000083 -0.001317 0.042862 0.219896 -0.659740 7.756219 7.507014 6.698677 5.671886 6.465519
0.101973 7.668990 -0.000067 -0.000727 0.042862 0.228212 -0.312220 7.687952 7.611958 6.573806 5.886385 6.327056
0.092672 7.686637 -0.000023 -0.000335 0.042862 0.224111 0.448700 7.745000 7.678840 6.368295 5.780596 6.108832
0.082586 7.704374 -0.000020 -0.000115 0.042862 0.214227 -0.192615 7.722669 7.732188 6.192536 5.525656 5.909911
0.069893 7.718977 -0.000001 0.000059 0.042862 0.203891 1.277218 7.773662 7.788506 6.191090 5.259052 5.861226
0.055011 7.735007 0.000001 0.000240 0.042862 0.198391 0.959201 7.784639 7.863712 5.910947 5.117180 5.569691
0.038900 7.755554 0.000017 0.000485 0.042862 0.183193 0.704974 7.800892 7.921502 5.693618 4.725188 5.306022
0.024401 7.790012 0.000028 0.000590 0.038783 0.168999 0.483250 7.865011 7.992055 5.718384 4.359062 5.241199
0.015134 7.827335 0.000030 0.000739 0.035093 0.165345 0.479903 7.914681 8.093070 5.408744 4.264810 4.926239
0.009373 7.870197 0.000043 0.001000 0.031753 0.155203 0.609553 7.933480 8.169653 5.094190 4.003230 4.589705
0.007920 7.937828 0.000058 0.001040 0.028731 0.145983 0.652464 8.035599 8.240763 5.070086 3.765416 4.497534
0.007904 8.005059 0.000051 0.001057 0.025997 0.147612 0.647686 8.093390 8.329956 4.826099 3.807421 4.274355
0.005333 8.058545 0.000059 0.001217 0.023523 0.143913 0.614990 8.118714 8.390859 4.725792 3.712018 4.152803
0.019473 8.246820 0.000068 0.000646 0.021285 0.142451 0.532395 8.436926 8.464076 4.627121 3.674303 4.045885
0.017581 8.295262 0.000007 0.000757 0.019259 0.141945 0.457540 8.264283 8.529547 4.306616 3.661257 3.773845
0.000442 8.239327 0.000067 0.001302 0.017942 0.133852 0.337094 8.275140 8.556304 4.475851 3.452509 3.853278
0.023002 8.516777 0.000071 0.000177 0.019098 0.136862 0.200863 8.798533 8.640799 4.475816 3.530144 3.852127
0.017197 8.546323 -0.000039 0.000424 0.019098 0.137641 0.172449 8.426289 8.713086 4.093588 3.550236 3.550532
-0.010370 8.401666 0.000072 0.001397 0.019489 0.126108 0.171503 8.428929 8.728906 3.929536 3.252762 3.355677
-0.009849 8.480866 0.000076 0.001113 0.020460 0.118273 0.163453 8.580909 8.762596 3.655876 3.050659 3.094172
-0.007375 8.563777 0.000047 0.000892 0.020460 0.109002 0.172906 8.602380 8.795023 3.564636 2.811532 2.964243
0.020185 8.858456 0.000050 -0.000285 0.020460 0.105099 0.114396 9.128407 8.866458 3.463077 2.710853 2.855644
0.017303 8.870185 -0.000064 -0.000017 0.020460 0.103827 0.066451 8.728623 8.931846 3.235388 2.678058 2.672951
-0.009109 8.685141 0.000052 0.001107 0.020460 0.099995 -0.312587 8.698526 8.955345 3.404816 2.579226 2.773728
-0.005725 8.770863 0.000066 0.000828 0.020460 0.105438 -0.172594 8.900090 9.008253 3.059951 2.719616 2.548963
-0.004913 8.824373 0.000028 0.000825 0.020460 0.097305 0.018833 8.793215 9.019281 2.367527 2.509842 1.995766
-0.005972 8.859159 0.000058 0.000718 0.020460 0.076828 -3.696502 8.899613 8.990968 2.176542 1.981647 1.736961
-0.004473 8.914641 0.000024 0.000342 0.020460 0.067086 -3.294720 8.943507 9.000180 2.226095 1.730376 1.714139
-0.003510 8.968760 0.000016 0.000141 0.020460 0.066774 -2.926552 9.031808 9.039883 2.327261 1.722343 1.785027
-0.007950 8.997791 0.000003 0.000189 0.020460 0.069273 -2.595575 9.022861 9.087957 2.481184 1.786793 1.910601
-0.016852 9.012239 0.000018 0.000340 0.018513 0.072129 -2.309013 9.063758 9.140402 2.241370 1.860447 1.752083
-0.025936 9.035030 0.000020 0.000473 0.016751 0.061941 -2.070290 9.044972 9.162788 1.989543 1.597680 1.502427
-0.031501 9.057099 0.000031 0.000474 0.015157 0.048774 -1.867341 9.100670 9.186088 1.858065 1.258040 1.319102
-0.029861 9.097707 0.000023 0.000396 0.013715 0.042043 -1.694907 9.147196 9.229111 1.635653 1.084442 1.107222
-0.026220 9.134929 0.000022 0.000422 0.012410 0.037421 -1.537090 9.172757 9.267334 1.847443 0.965216 1.224914
-0.019960 9.181558 0.000025 0.000385 0.011229 0.047540 -1.386396 9.264850 9.335008 2.223320 1.226229 1.555204
-0.013825 9.240054 0.000019 0.000426 0.010160 0.066043 -1.248854 9.306396 9.411691 2.263049 1.703483 1.709698
-0.012070 9.293533 0.000028 0.000530 0.009193 0.074657 -1.124009 9.331606 9.448239 2.017719 1.925652 1.605905
0.015569 9.598821 0.000030 -0.000675 0.008318 0.069965 -1.010266 9.820549 9.471255 1.907710 1.804648 1.507569
0.012270 9.597539 -0.000087 -0.000566 0.023265 0.065090 -0.903332 9.428037 9.492791 1.957510 1.678892 1.514404
-0.014691 9.385884 0.000017 0.000480 0.023265 0.064460 -0.784555 9.376242 9.506181 2.142918 1.662640 1.645452
-0.018054 9.449630 0.000033 0.000254 0.023265 0.066697 -0.677684 9.549850 9.542037 2.104904 1.720348 1.637999
-0.023956 9.522503 -0.000001 0.000088 0.023265 0.060449 -0.617479 9.533862 9.573321 2.084744 1.559175 1.577785
-0.023925 9.592665 0.000011 -0.000087 0.023265 0.052818 -0.626294 9.685133 9.620680 1.880188 1.362348 1.374792
-0.018235 9.653367 -0.000016 -0.000147 0.023265 0.045159 -0.684911 9.672712 9.668706 1.786738 1.164811 1.246906
-0.011988 9.712348 -0.000000 -0.000196 0.023265 0.043953 -0.685085 9.797809 9.726824 2.126756 1.133695 1.459248
-0.008293 9.756249 -0.000017 -0.000132 0.023265 0.057077 -0.643923 9.808831 9.815597 2.059225 1.472209 1.513845
-0.007070 9.786327 0.000002 0.000131 0.023265 0.062510 -0.577320 9.819060 9.863406 1.400870 1.612342 1.126428
-0.009292 9.809138 0.000011 0.000243 0.023265 0.048121 -0.447546 9.782923 9.839701 1.341274 1.241209 0.983470
-0.012603 9.825319 0.000015 0.000065 0.023265 0.041324 -0.188796 9.867885 9.846912 1.338694 1.065887 0.934304
-0.016845 9.833378 -0.000005 0.000061 0.021051 0.038138 0.337980 9.829351 9.869137 1.154616 0.983712 0.790980
-0.025029 9.831498 0.000010 0.000169 0.019048 0.030021 0.042424 9.847987 9.880145 1.225327 0.774356 0.777675
-0.035775 9.820977 0.000008 0.000265 0.017235 0.026282 -1.296260 9.838347 9.913206 1.077726 0.677907 0.646519
-0.040884 9.862822 0.000019 0.000226 0.015595 0.017023 -1.152006 9.916959 9.942724 0.864358 0.439071 0.426398
-0.050098 9.826334 0.000007 0.000522 0.014111 0.006072 -1.044611 9.790591 9.967843 0.886201 0.156624 0.353059
-0.057184 9.771847 0.000045 0.000879 0.012768 0.004601 -0.962244 9.819910 10.011301 0.845772 0.118687 0.304038
-0.048458 9.868917 0.000049 0.000639 0.013074 0.006380 -0.892237 9.970966 10.059905 0.947896 0.164558 0.379396
-0.034117 10.026719 0.000023 0.000149 0.013074 0.013298 -0.820709 10.139026 10.124290 0.979130 0.342992 0.450386
-0.022835 10.164664 -0.000003 -0.000181 0.013074 0.019273 -0.751730 10.240155 10.183309 1.116487 0.497121 0.588602
-0.017393 10.244202 -0.000014 -0.000273 0.013074 0.026537 -0.678783 10.300972 10.242931 1.745800 0.684487 1.052420
-0.006133 10.340302 -0.000014 -0.000437 0.013074 0.046980 -0.629290 10.463496 10.344398 1.116531 1.211774 0.842400
0.030331 10.726948 -0.000029 -0.001716 0.013074 0.041376 -0.583974 10.929477 10.374421 1.075630 1.067219 0.779170
0.022589 10.697474 -0.000139 -0.001449 0.037410 0.038533 -0.478094 10.512599 10.407453 1.679278 0.993901 1.133671
-0.010842 10.412319 -0.000027 -0.000022 0.037410 0.050339 -0.235506 10.391334 10.467177 1.387181 1.298412 1.061038
-0.013951 10.458431 0.000019 0.000039 0.037410 0.043203 0.021938 10.519781 10.473975 1.095882 1.114358 0.821774
-0.016195 10.507887 -0.000012 -0.000152 0.037410 0.030025 -1.657601 10.496776 10.475769 0.971044 0.774448 0.628860
-0.013959 10.582239 -0.000006 -0.000478 0.037410 0.019815 -1.471440 10.667602 10.503408 0.980213 0.511107 0.539487
-0.011065 10.647142 -0.000042 -0.000645 0.037410 0.015991 -1.300152 10.671319 10.558326 1.423006 0.412472 0.768381
-0.005677 10.725656 -0.000029 -0.000751 0.037410 0.026358 -1.152139 10.856467 10.662400 1.391795 0.679862 0.839747
0.012126 10.948208 -0.000049 -0.001282 0.037410 0.030960 -1.040962 11.083134 10.752514 0.788476 0.798567 0.523860
0.004050 10.935016 -0.000084 -0.000819 0.037410 0.018587 -0.906178 10.815649 10.769892 1.280463 0.479434 0.694159
0.015505 11.114535 -0.000013 -0.001546 0.037410 0.024031 -0.756669 11.422877 10.873589 1.328516 0.619831 0.770355
0.012446 11.089022 -0.000139 -0.000966 0.037410 0.028161 -0.675095 10.883191 10.956385 0.645174 0.726366 0.408401
-0.016764 10.806728 0.000017 0.000671 0.033850 0.014798 -0.538970 10.738540 10.934401 1.048591 0.381681 0.529162
-0.014698 10.888030 0.000048 0.000208 0.030629 0.019443 -0.317557 11.065263 10.987405 1.052495 0.501492 0.572848
-0.016338 10.939896 -0.000021 0.000213 0.027714 0.020137 -0.078949 10.887226 11.030278 1.147303 0.519415 0.633070
-0.019238 10.975648 0.000035 0.000245 0.025077 0.020670 0.585476 11.100654 11.079084 1.632959 0.533156 0.921792
-0.014010 11.051795 -0.000006 0.000122 0.022690 0.032079 0.520814 11.107764 11.171411 1.197517 0.827432 0.769262
-0.007721 11.138668 0.000015 0.000147 0.020531 0.028018 0.488400 11.195378 11.200124 1.412700 0.722669 0.852412
-0.002332 11.249717 0.000001 -0.000222 0.018577 0.032416 0.413593 11.352827 11.264723 1.625561 0.836115 1.016333
-0.000088 11.323111 -0.000023 -0.000262 0.016809 0.039062 0.364834 11.367569 11.338793 0.646345 1.007538 0.529179
-0.003399 11.355233 -0.000008 -0.000074 0.015210 0.018711 0.296060 11.314146 11.309219 -1.870199 0.482611 -1.098576
-0.002919 11.421725 -0.000002 -0.000505 0.013762 -0.048637 0.153302 11.304433 11.117115 -1.262349 -1.254504 -1.443437
0.001164 11.480821 -0.000048 -0.001631 0.012781 -0.062031 -0.042201 11.621254 11.152808 -1.978512 -1.599982 -1.986664
0.002186 11.516088 -0.000118 -0.001630 0.031810 -0.082271 0.782752 11.399239 11.156420 -1.455668 -2.122057 -1.908723
0.002166 11.549957 -0.000062 -0.001765 0.031810 -0.077765 0.550064 11.728129 11.253370 -1.598701 -2.005821 -1.946529
0.004322 11.594383 -0.000121 -0.001530 0.032419 -0.077970 0.362510 11.522575 11.322658 -2.473902 -2.011104 -2.436594
0.002361 11.632333 -0.000052 -0.001389 0.032419 -0.097204 0.109424 11.680140 11.313626 -2.330043 -2.507225 -2.559738
-0.000365 11.670678 -0.000094 -0.001602 0.032419 -0.103604 -0.685818 11.678423 11.364645 -2.991366 -2.672298 -2.994368
-0.001186 11.694542 -0.000081 -0.001480 0.032419 -0.122017 -0.552936 11.679860 11.370058 -3.964378 -3.147246 -3.726699
-0.004490 11.708388 -0.000080 -0.001518 0.032419 -0.151821 -0.366479 11.660585 11.333266 -3.524220 -3.915978 -3.804488
-0.007846 11.719082 -0.000085 -0.001731 0.032419 -0.155440 -0.104801 11.799739 11.405707 -3.851245 -4.009335 -4.031690
-0.010943 11.716668 -0.000102 -0.001395 0.032419 -0.164183 0.196354 11.663875 11.450467 -3.929888 -4.234854 -4.175081
-0.008434 11.726123 -0.000056 -0.001236 0.032419 -0.168134 0.084880 11.802280 11.504391 -3.868440 -4.336744 -4.189969
-0.000318 11.775946 -0.000078 -0.001218 0.032419 -0.163932 0.217240 11.795355 11.572022 -3.501035 -4.228368 -3.947852
0.000163 11.768762 -0.000059 -0.000883 0.032419 -0.150104 0.189176 11.810351 11.654560 -2.381790 -3.871711 -3.190049
-0.003597 11.726564 -0.000042 -0.000323 0.032419 -0.116939 0.507469 11.788310 11.790535 -2.734035 -3.016257 -3.028130
-0.005682 11.722729 -0.000002 0.000304 0.029334 -0.110340 0.730417 11.694657 11.808147 -4.074688 -2.846050 -3.686385
-0.007431 11.732915 0.000026 0.000337 0.026543 -0.138545 0.831121 11.657330 11.694432 -4.551677 -3.573545 -4.236286
-0.008284 11.743047 0.000007 -0.000218 0.024017 -0.162631 0.815297 11.727080 11.614753 -4.452018 -4.194824 -4.430066
-0.011277 11.723313 -0.000030 -0.000487 0.021731 -0.171457 0.755717 11.698069 11.603380 -4.463450 -4.422480 -4.527210
-0.015376 11.692016 -0.000026 -0.000398 0.019663 -0.176144 0.681505 11.683632 11.608702 -4.946153 -4.543351 -4.844117
-0.015957 11.690242 -0.000021 -0.000366 0.017792 -0.189147 0.611757 11.660715 11.582042 -5.564204 -4.878762 -5.322348
-0.013670 11.693801 -0.000021 -0.000501 0.016099 -0.207545 0.516176 11.661027 11.533975 -5.588197 -5.353301 -5.525926
-0.011646 11.681474 -0.000034 -0.000662 0.014567 -0.213282 0.389798 11.677529 11.528422 -4.767009 -5.501274 -5.128790
-0.011477 11.655273 -0.000039 -0.000569 0.013181 -0.194687 0.249299 11.700932 11.604570 -4.295263 -5.021638 -4.671272
-0.013401 11.613354 -0.000026 -0.000039 0.011926 -0.174369 0.171085 11.606073 11.668230 6.566294 -4.497568 1.606637
-0.016960 11.592528 0.000014 0.000340 0.010791 0.082326 0.122147 12.537946 12.616914 1.464937 2.123462 1.357909
-0.011971 11.687476 0.000018 0.004169 0.009764 0.069192 -0.139966 10.950183 12.467053 2.109836 1.784710 1.600427
-0.005957 11.748166 0.000380 0.003225 0.102099 0.076400 -0.007373 12.414654 12.423265 2.277871 1.970620 1.785323
-0.002129 11.767821 0.000003 0.002940 0.102099 0.071417 48.922685 11.276910 12.384277 2.821571 1.842082 2.031751
0.004872 11.828432 0.000279 0.002493 0.102099 0.083454 44.017908 12.354306 12.413350 2.973032 2.152571 2.246799
0.009538 11.854266 0.000017 0.002508 0.102099 0.094538 39.614283 11.525147 12.428354 2.518569 2.438451 2.124900
0.024194 11.992357 0.000229 0.001956 0.102099 0.091822 35.639521 12.373049 12.391679 1.520010 2.368394 1.562301
0.024974 11.975744 0.000007 0.001866 0.102099 0.070897 32.062416 11.584573 12.276759 0.934384 1.828687 1.035827
0.017518 11.833538 0.000176 0.001988 0.102099 0.050586 28.823653 11.955416 12.155142 0.069585 1.304781 0.362144
0.051969 12.189951 0.000053 -0.000156 0.102099 0.026177 25.916402 12.270822 12.051865 -1.320134 0.675187 -0.643250
0.041140 12.066881 -0.000052 -0.000067 0.102099 -0.014096 23.298073 11.731273 11.880910 -1.218258 -0.363588 -0.988718
0.002435 11.622858 0.000040 0.001158 0.102099 -0.031493 20.939610 11.462256 11.781235 -1.898872 -0.812320 -1.535595
0.001299 11.606438 0.000083 0.000784 0.102099 -0.055930 18.831592 11.627872 11.669844 -2.472981 -1.442618 -2.100447
-0.004916 11.538269 0.000013 0.000590 0.092383 -0.080819 16.939512 11.377532 11.567632 -2.014168 -2.084599 -2.097900
-0.009956 11.433674 0.000050 0.000601 0.083592 -0.080742 15.245478 11.484675 11.560324 -2.558509 -2.082621 -2.403966
-0.014217 11.316314 0.000021 0.001095 0.075637 -0.090469 13.729205 11.140493 11.494791 -2.409502 -2.333516 -2.410279
-0.008754 11.322401 0.000091 0.000773 0.068439 -0.087697 12.358505 11.461360 11.470985 -2.335740 -2.261995 -2.333826
-0.015254 11.190645 0.000005 0.001258 0.061926 -0.081937 11.126933 10.967700 11.436577 -2.764827 -2.113434 -2.517105
-0.029429 11.010744 0.000120 0.001910 0.056033 -0.088616 10.006090 10.988879 11.337694 -1.745385 -2.285709 -1.956931
-0.024602 11.038572 0.000090 0.001342 0.050701 -0.067029 8.996859 11.125026 11.354482 -2.236542 -1.728909 -2.038298
-0.018743 11.076915 0.000060 0.001245 0.045876 -0.070739 8.095294 10.994551 11.282850 -2.744343 -1.824592 -2.361752
-0.012239 11.160171 0.000075 0.000550 0.041511 -0.085714 7.269139 11.213172 11.191088 -1.374422 -2.210859 -1.703504
-0.015928 11.096221 -0.000003 0.000426 0.037560 -0.060879 6.527828 11.074953 11.253895 -1.521455 -1.570285 -1.548414
-0.023851 10.983325 0.000048 0.001214 0.033986 -0.055003 5.865027 10.914243 11.231058 -1.352272 -1.418708 -1.387375
-0.021602 11.006129 0.000082 0.001009 0.030752 -0.049600 5.263909 11.085380 11.214307 -0.147585 -1.279366 -0.616766
-0.014177 11.037432 0.000035 0.000793 0.027825 -0.018728 4.730441 11.096894 11.294440 0.032016 -0.483057 -0.214513
-0.005843 11.062151 0.000052 0.001042 0.025177 -0.000204 4.256471 11.078874 11.315729 0.303743 -0.005252 0.130656
-0.002321 11.071294 0.000062 0.001096 0.022781 0.015307 3.824837 11.091936 11.317992 0.779842 0.394827 0.568281
0.000195 11.076661 0.000059 0.001083 0.020614 0.032874 3.434380 11.097719 11.327136 0.682029 0.847923 0.694952
0.002281 11.086754 0.000060 0.001078 0.018652 0.037046 3.079165 11.063644 11.288760 1.149055 0.955536 1.017665
0.004302 11.099485 0.000059 0.000849 0.016877 0.048349 2.754820 11.144883 11.286558 1.697159 1.247097 1.454734
0.014494 11.198912 0.000038 0.000393 0.015271 0.064716 2.465581 11.281034 11.316693 1.991424 1.669237 1.792881
0.011758 11.182513 0.000012 0.000602 0.013818 0.076526 2.206017 11.131542 11.331121 2.791776 1.973878 2.378530
-0.000191 11.082458 0.000053 0.001115 0.014118 0.097065 1.975343 11.113882 11.376946 3.881250 2.503641 3.212103
0.000131 11.094241 0.000068 0.001268 0.018408 0.128166 1.784104 11.197596 11.467743 4.232896 3.305841 3.720787
0.005129 11.125286 0.000070 0.001536 0.018910 0.148296 1.635004 11.147564 11.513623 4.249725 3.825052 3.929934
0.010262 11.168802 0.000094 0.001547 0.025409 0.157648 1.496882 11.222496 11.515846 5.023656 4.066283 4.474386
0.015223 11.223647 0.000076 0.001311 0.025409 0.180030 1.361895 11.307313 11.569372 5.219403 4.643595 4.811467
0.019944 11.315206 0.000069 0.001140 0.025409 0.192886 1.239246 11.371288 11.593723 5.102900 4.975199 4.876633
0.018554 11.356771 0.000059 0.001063 0.025409 0.192226 1.110489 11.356196 11.581065 5.128874 4.958171 4.888974
0.022844 11.417497 0.000059 0.000734 0.025409 0.190394 0.991931 11.481292 11.579462 4.997911 4.910910 4.797023
0.028978 11.465821 0.000028 0.000510 0.025409 0.187055 0.854170 11.460963 11.575617 5.690007 4.824784 5.163383
0.033112 11.483468 0.000032 0.000413 0.025409 0.204331 0.680900 11.576253 11.641184 6.792620 5.270399 5.971328
0.042844 11.558233 0.000019 0.000372 0.025409 0.240164 0.521601 11.675383 11.764455 6.585250 6.194655 6.207981
0.049653 11.626621 0.000025 0.000618 0.025409 0.252202 0.403718 11.621370 11.784431 6.039520 6.505159 6.022224
0.054688 11.710794 0.000043 0.000330 0.025409 0.244171 0.192763 11.742087 11.736822 6.276896 6.298001 6.094891
0.062992 11.820126 0.000001 -0.000374 0.025409 0.245559 -0.300962 11.880733 11.743328 6.709760 6.333811 6.369661
0.069500 11.912232 -0.000032 -0.000758 0.022991 0.255291 0.027891 11.969924 11.792712 7.424601 6.584822 6.886603
0.073628 11.994914 -0.000043 -0.000907 0.020804 0.274716 -1.960839 12.087489 11.885515 7.533725 7.085871 7.147691
0.077995 12.080107 -0.000049 -0.000873 0.018824 0.282898 -1.758778 12.112910 11.943682 7.127513 7.296926 7.001343
0.075820 12.069879 -0.000042 -0.000566 0.017032 0.275149 -1.580409 12.020812 11.941659 7.483978 7.097051 7.134534
0.072157 11.984653 -0.000019 -0.000193 0.015412 0.280736 -1.413499 11.989168 11.979401 7.976963 7.241157 7.477521
0.071883 11.905038 -0.000002 0.000334 0.013945 0.298475 -1.262446 11.901330 12.035561 8.730877 7.698711 8.095368
0.074046 11.870644 0.000034 0.000740 0.012618 0.328040 -1.119065 11.935306 12.108280 9.004875 8.461280 8.554758
0.104774 12.250710 0.000044 -0.000639 0.011831 0.349604 -0.990377 12.550016 12.169506 7.911453 9.017491 8.144481
0.094749 12.175482 -0.000095 -0.000027 0.025497 0.331103 -0.844617 11.780259 12.074508 7.633347 8.540281 7.824380
0.067627 11.906829 0.000074 0.000752 0.025497 0.311558 -0.541733 11.929698 11.979353 7.667713 8.036154 7.664580
0.062613 11.901248 0.000013 0.000350 0.025497 0.299033 -0.135090 11.846644 11.939698 7.258647 7.713083 7.309901
0.043718 11.747358 0.000024 0.000863 0.025497 0.279629 1.260525 11.628651 11.881187 7.430251 7.212591 7.211260
0.033730 11.715803 0.000064 0.000742 0.025497 0.271174 1.001984 11.804336 11.883461 7.409702 6.994515 7.104845
0.027296 11.714601 0.000021 0.000757 0.025497 0.263910 0.795244 11.678698 11.902460 7.195886 6.807146 6.897378
0.033350 11.851176 0.000057 0.000230 0.025497 0.253959 0.637180 12.022757 11.930931 11.088129 6.550467 8.952745
0.031557 11.862009 -0.000022 0.000309 0.025497 0.338137 0.534369 12.125603 12.316230 14.005420 8.721729 11.424971
0.022413 11.769999 0.000049 0.002450 0.025497 0.441189 0.452945 11.942187 12.718279 17.254972 11.379792 14.283093
0.029487 11.851594 0.000196 0.003888 0.052666 0.560528 0.446360 12.286915 13.139405 18.907841 14.457945 16.430453
0.041198 11.993091 0.000216 0.005142 0.058050 0.651408 0.600307 12.142639 13.409380 19.231889 16.802058 17.557057
0.049210 12.152444 0.000321 0.005638 0.086248 0.698147 0.580431 12.370300 13.493698 20.333675 18.007625 18.669225
0.057147 12.317681 0.000286 0.005275 0.086248 0.741205 0.385557 12.476627 13.577137 20.373558 19.118224 19.158662
0.066125 12.478656 0.000281 0.004927 0.086248 0.759279 0.148906 12.588779 13.575788 19.814481 19.584421 19.060227
0.071811 12.623378 0.000254 0.004272 0.086248 0.753872 -2.239565 12.670941 13.500431 19.572114 19.444963 18.889556
0.076454 12.750122 0.000215 0.003366 0.086248 0.744345 -1.688174 12.824457 13.436390 19.003189 19.199211 18.494719
0.079946 12.855868 0.000160 0.002604 0.086248 0.726622 -0.867495 12.864055 13.361396 18.730914 18.742088 18.171096
0.082452 12.953997 0.000132 0.001827 0.086248 0.711699 0.910185 13.024985 13.319690 18.829313 18.357160 18.073438
0.084746 13.013062 0.000081 0.001375 0.086248 0.707981 -0.922449 13.044332 13.329836 18.359251 18.261262 17.790124
0.114795 13.479241 0.000078 -0.000670 0.086248 0.696957 0.904231 13.835639 13.353245 18.381403 17.976914 17.692504
0.108286 13.408305 -0.000115 -0.000247 0.086248 0.694657 -0.962885 13.101398 13.393711 18.108509 17.917593 17.532479
0.084191 13.051006 0.000078 0.001537 0.086248 0.689803 0.609200 13.027193 13.375942 17.353755 17.792405 17.088738
0.087333 13.090622 0.000093 0.001280 0.078041 0.674482 -1.624411 13.103451 13.309497 17.899826 17.397210 17.230943
0.088813 13.052210 0.000057 0.001154 0.070614 0.682798 -0.799643 13.054658 13.327210 17.830407 17.611705 17.300672
0.101078 13.106951 0.000073 0.000988 0.063894 0.691361 0.190146 13.167687 13.324086 16.815378 17.832585 16.865458
0.116744 13.277847 0.000044 0.000207 0.057814 0.680148 -3.667588 13.278057 13.231545 17.579414 17.543355 17.196692
0.119719 13.276724 -0.000007 -0.000203 0.052312 0.694920 -3.097854 13.278774 13.239179 17.924242 17.924380 17.574416
0.114524 13.152084 -0.000006 0.000391 0.047334 0.710504 -2.620894 13.050721 13.230458 17.405732 18.326343 17.487524
0.114337 13.162499 0.000049 0.000305 0.042830 0.704152 -2.202074 13.172352 13.144093 17.590779 18.162496 17.555040
0.117075 13.169972 -0.000004 -0.000116 0.038754 0.702890 -1.845961 13.118654 13.097267 17.112372 18.129957 17.306185
0.122225 13.169682 -0.000002 -0.000325 0.035066 0.691909 -1.553574 13.122554 13.016558 17.131882 17.846726 17.229680
0.125817 13.140799 -0.000024 -0.000557 0.031729 0.689225 -1.252441 13.093611 12.967198 17.461321 17.777496 17.411799
0.127829 13.099135 -0.000029 -0.000592 0.028710 0.697844 -0.963409 13.076227 12.953065 17.325816 17.999795 17.451204
0.125668 13.051878 -0.000029 -0.000443 0.025978 0.698200 -0.656561 12.974146 12.904694 17.637503 18.008975 17.656052
0.140172 13.228092 -0.000016 -0.001451 0.023505 0.703880 -0.348222 13.399142 12.904927 17.714741 18.155493 17.780417
0.141786 13.130809 -0.000123 -0.001013 0.033004 0.709139 -0.026309 12.878049 12.889421 17.781497 18.291134 17.894823
0.132169 12.837537 0.000003 0.000233 0.033004 0.715384 6.258601 12.761079 12.840184 19.170692 18.452217 18.779827
0.142125 12.815664 0.000020 0.000110 0.033004 0.756940 5.602637 12.921430 12.899830 20.571006 19.524091 20.027169
0.155128 12.838560 -0.000005 0.000275 0.033004 0.807395 5.025014 12.862749 12.984189 20.449554 20.825505 20.560227
0.167653 12.939777 0.000031 0.000199 0.033004 0.827141 4.514343 12.968906 12.947254 20.583372 21.334828 20.917775
0.180485 13.088218 -0.000005 -0.000632 0.033004 0.837029 4.057871 13.118718 12.896402 20.589897 21.589861 21.101282
0.194874 13.238024 -0.000055 -0.001532 0.033004 0.840666 3.653983 13.247042 12.844137 21.472715 21.683667 21.460103
0.209466 13.361300 -0.000101 -0.002320 0.033004 0.851243 3.286159 13.434474 12.877620 23.434456 21.956485 22.179284
0.221927 13.444938 -0.000140 -0.002545 0.037673 0.876113 2.966006 13.581051 13.062094 23.474811 22.597983 22.675037
0.227885 13.518437 -0.000131 -0.002047 0.037673 0.893800 2.683982 13.544129 13.183513 23.049247 23.054177 22.942028
0.227938 13.605412 -0.000092 -0.001892 0.037673 0.901100 2.427843 13.654013 13.225276 22.255526 23.242478 22.930470
0.227140 13.707620 -0.000109 -0.002164 0.037673 0.895653 2.210800 13.665204 13.188208 21.638490 23.101966 22.705186
0.231925 13.789653 -0.000122 -0.002698 0.037673 0.883270 2.030103 13.762723 13.121864 21.760150 22.782583 22.492072
0.240872 13.818665 -0.000163 -0.003126 0.043936 0.875147 1.861632 13.775049 13.103175 23.683838 22.573048 22.682793
0.250694 13.822751 -0.000172 -0.003228 0.046175 0.884087 1.649705 13.956919 13.271138 25.658208 22.803654 23.195923
0.258848 13.828222 -0.000176 -0.002499 0.047254 0.905796 1.393620 13.971984 13.573567 25.038437 23.363590 23.556639
0.265669 13.962348 -0.000104 -0.001744 0.047254 0.920288 1.066518 14.099397 13.757203 22.389854 23.737404 23.490383
0.269305 14.115276 -0.000090 -0.001606 0.047254 0.916287 0.650419 14.011509 13.676541 20.234551 23.634193 23.118712
0.277301 14.259289 -0.000088 -0.002614 0.047254 0.900812 0.019521 14.163680 13.440983 23.838229 23.235057 23.248867
0.292977 14.451659 -0.000186 -0.004534 0.049912 0.910090 -19.884933 14.734174 13.594183 27.227338 23.474365 23.830981
0.305588 14.563024 -0.000291 -0.004346 0.078214 0.931790 -17.877428 14.750474 14.015438 30.826087 24.034087 24.670600
0.311616 14.612530 -0.000190 -0.002678 0.078214 0.964454 -16.071258 15.089209 14.662183 30.551782 24.876592 25.379139
0.314598 14.717527 -0.000113 -0.000248 0.078214 0.991621 -14.464766 14.910689 15.158226 16.762100 25.577310 24.751475
0.317815 14.960266 0.000056 0.000888 0.078214 0.965208 -13.031597 14.238024 14.376528 12.390673 24.896042 23.790811
0.323117 15.271822 0.000030 -0.004016 0.078214 0.925925 -11.719326 15.018016 13.385213 21.689090 23.882798 23.667694
0.328277 15.424069 -0.000414 -0.009146 0.111417 0.919368 -10.530982 15.559308 13.399496 28.950660 23.713661 24.083301
0.326156 15.274299 -0.000548 -0.008410 0.147417 0.936400 -9.496064 15.498928 14.039612 26.401529 24.152984 24.267916
0.319778 15.088459 -0.000374 -0.004705 0.147417 0.944857 -8.604592 14.954427 14.338839 21.386481 24.371127 24.039193
0.313300 15.045125 -0.000164 -0.003168 0.147417 0.934800 -7.757523 14.859719 14.151504 21.924387 24.111725 23.866527
0.327692 15.496654 -0.000187 -0.006034 0.147417 0.928023 -6.944795 15.817149 14.096966 18.732325 23.936913 23.470174
0.327257 15.536391 -0.000441 -0.006457 0.147417 0.911029 -6.197596 14.861949 13.791074 19.589380 23.498589 23.154276
0.313291 15.182513 -0.000279 -0.006241 0.147417 0.896126 -5.489631 15.101090 13.592343 23.470655 23.114183 23.162338
0.316501 15.191198 -0.000389 -0.007172 0.147417 0.897196 -4.793449 15.294094 13.783039 25.817289 23.141773 23.386910
0.314458 15.153356 -0.000391 -0.006147 0.147417 0.907121 -4.110624 15.272011 14.151317 23.826543 23.397781 23.434589
0.318503 15.370569 -0.000293 -0.005469 0.147417 0.908714 -3.469751 15.486474 14.310300 17.397546 23.438872 22.932915
0.315822 15.481541 -0.000308 -0.005254 0.147417 0.886772 -2.862403 14.955440 13.905270 13.951817 22.872916 22.146946
0.305848 15.351656 -0.000276 -0.006488 0.147417 0.850661 -2.271962 14.897575 13.278854 15.753091 21.941488 21.502803
0.304463 15.314939 -0.000419 -0.009133 0.133388 0.824089 -1.621300 15.113964 12.947597 22.371783 21.256102 21.522932
0.299414 15.166954 -0.000557 -0.009955 0.149843 0.825980 -0.924806 15.305774 13.265961 23.141893 21.304879 21.630108
0.287301 14.976205 -0.000527 -0.007672 0.149843 0.831844 -0.002963 14.871324 9682.312248 20.461601 21.456134 21.453554
0.279183 14.939769 -0.000336 43.364311 0.149843 0.846816 -4.340188 14.908567 8715.489042 12.470243 21.842310 20.847720
0.279011 14.989574 -0.000333 39.027271 0.149843 0.818623 -3.806586 14.244347 7844.629063 9.196872 21.115099 19.866893
0.279817 14.970209 -0.000336 35.120997 0.149843 0.776770 -3.228413 14.520802 7060.633080 16.492528 20.035562 19.831284
0.276837 14.787143 -0.000614 31.605098 0.165080 0.773778 -2.524655 14.693990 6355.742261 22.005334 19.958399 20.446285
0.266668 14.476631 -0.000669 28.444607 0.179935 0.800212 -1.809698 14.479662 5721.792615 19.488139 20.640227 20.668910
0.256009 14.283687 -0.000513 25.601806 0.179935 0.808032 -1.017566 14.027332 5150.942147 16.143940 20.841917 20.330105
0.252590 14.266169 -0.000380 23.041257 0.179935 0.791129 0.121203 14.051190 4636.868501 15.746580 20.405949 19.924574
0.254571 14.294015 -0.000446 20.735185 0.179935 0.775642 -9.282354 14.085564 4174.208341 20.480178 20.006483 20.338276
0.258033 14.268699 -0.000507 18.659974 0.179935 0.791152 -8.259860 14.456149 3758.255319 25.131830 20.406526 21.357781
0.259646 14.173791 -0.000537 16.794586 0.179935 0.832487 -7.438329 14.356314 3384.255576 25.885146 21.472702 22.332283
0.261278 14.095667 -0.000365 15.117309 0.179935 0.872141 -6.823878 14.268519 3047.620954 25.301521 22.495526 23.078232
0.274220 14.357709 -0.000219 13.606114 0.179935 0.899350 -6.374281 14.671585 2744.537153 22.337370 23.197339 23.280821
0.273095 14.467461 -0.000237 12.246098 0.179935 0.905130 -6.017537 14.229834 2471.455856 18.867469 23.346430 22.959497
0.263209 14.393574 -0.000127 11.021486 0.179935 0.886572 -5.696001 14.137447 2225.362510 18.315657 22.867759 22.488912
0.265000 14.484051 -0.000185 9.917195 0.179935 0.865442 -5.349974 14.367895 2003.881224 19.283323 22.322722 22.171042
0.265285 14.448709 -0.000315 8.923869 0.162812 0.851617 -4.963462 14.250665 1804.675276 20.077374 21.966142 21.980741
0.264956 14.390528 -0.000320 8.030565 0.147318 0.844398 -4.526126 14.339171 1625.483554 20.579710 21.779924 21.889675
0.258512 14.281983 -0.000349 7.227263 0.133299 0.840682 -4.025231 14.132497 1464.259662 18.327691 21.684085 21.468136
0.249504 14.189866 -0.000291 6.504485 0.120614 0.821203 -3.506114 13.945666 1318.962588 16.979505 21.181647 20.838511
0.247311 14.216471 -0.000288 5.852616 0.109136 0.794066 -2.945754 14.069922 1188.124783 16.939001 20.481702 20.264116
0.247429 14.202867 -0.000376 5.265786 0.101151 0.770626 -2.391086 14.003026 1070.426394 17.589728 19.877095 19.877735
0.262682 14.374283 -0.000397 4.737065 0.106780 0.758845 -1.796360 14.473590 964.623485 22.164745 19.573217 20.267697
0.260779 14.172687 -0.000518 4.263376 0.139228 0.777861 -1.101349 14.155951 869.802392 24.515527 20.063706 20.998082
0.242357 13.768274 -0.000340 3.839857 0.139228 0.816220 -0.080049 13.842905 784.583753 22.439014 21.053137 21.393493
0.240687 13.780606 -0.000142 3.457542 0.139228 0.830377 8.350532 13.850548 707.623220 20.599779 21.418276 21.341296
0.243928 13.888011 -0.000102 3.111843 0.139228 0.827018 7.483357 13.847238 638.178956 19.199538 21.331637 21.028383
0.248957 13.968688 -0.000108 2.799980 0.139228 0.813791 6.728345 13.881571 575.573651 21.247855 20.990462 21.098215
0.256186 13.973547 -0.000150 2.519133 0.139228 0.816770 6.052291 14.069375 519.435887 25.475258 21.067311 21.813962
0.260166 13.911034 -0.000175 2.267600 0.139228 0.846773 5.469277 14.165342 469.264383 27.147855 21.841184 22.687378
0.254629 13.845760 -0.000091 2.042842 0.139228 0.884966 4.980449 14.048752 424.181178 21.998406 22.826326 22.657736
0.248634 13.881702 0.000054 1.840454 0.139228 0.881355 4.589830 13.676504 383.079673 15.720718 22.733175 21.536652
0.262880 14.297784 0.000121 1.654221 0.139228 0.839564 4.202641 14.188719 345.595395 15.568348 21.655253 20.647808
0.259955 14.316289 -0.000156 1.485997 0.139228 0.799814 3.742180 13.892251 311.941390 20.068662 20.629971 20.479148
0.243638 13.946570 -0.000196 1.336696 0.125978 0.791239 3.281194 13.941512 282.093394 21.453881 20.408771 20.545920
0.240752 13.804705 -0.000200 1.203445 0.113990 0.796049 2.875190 13.785589 255.354855 21.750047 20.532846 20.694704
0.234036 13.698817 -0.000123 1.083981 0.103142 0.804355 2.485495 13.734602 231.294454 21.513102 20.747082 20.813116
0.228141 13.684341 -0.000074 0.976120 0.093327 0.809172 2.153298 13.710340 209.599650 18.618054 20.871344 20.308246
0.226047 13.727487 -0.000046 0.878611 0.084446 0.786791 1.900700 13.546452 189.817681 18.440563 20.294047 19.842160
0.223644 13.709492 -0.000049 0.789957 0.076410 0.766412 1.619828 13.679727 172.046665 21.497391 19.768396 20.114025
0.225907 13.691345 -0.000114 0.710324 0.069138 0.777971 1.385214 13.850076 156.360570 22.955750 20.066555 20.641633
0.220901 13.544393 -0.000108 0.640621 0.062559 0.803052 1.267740 13.549560 142.328667 24.109943 20.713476 21.375571
0.209370 13.367218 0.000033 0.578474 0.056606 0.838521 1.263869 13.514902 129.726080 22.618341 21.628355 21.637714
0.206498 13.389580 0.000108 0.521843 0.051219 0.848450 1.384824 13.374887 118.177995 19.902677 21.884455 21.103213
0.204657 13.458556 0.000151 0.469733 0.046345 0.823813 1.458834 13.354206 107.534765 20.192824 21.248975 20.754791
0.225242 13.815261 0.000101 0.420392 0.041935 0.810940 1.444355 14.092821 98.071531 22.394282 20.916925 20.982045
0.228353 13.769125 -0.000106 0.378150 0.037944 0.820900 1.431464 13.637856 89.768979 23.308123 21.173840 21.370931
0.208356 13.361325 0.000043 0.342737 0.034333 0.843395 1.393439 13.324566 82.312681 22.376478 21.754055 21.547004
0.201747 13.290779 0.000157 0.309607 0.042129 0.851733 1.324227 13.317545 75.464287 21.143109 21.969134 21.363033
0.195752 13.320747 0.000156 0.278753 0.042129 0.840779 1.237916 13.251914 69.178539 20.897327 21.686592 21.120435
0.195995 13.383914 0.000140 0.250274 0.042129 0.827011 1.162090 13.421297 63.530860 20.558921 21.331470 20.797273
0.205020 13.458856 0.000070 0.224605 0.042129 0.814632 1.141048 13.422131 58.456888 20.214941 21.012177 20.496781
0.212737 13.465082 0.000048 0.201817 0.042129 0.805694 1.055031 13.430536 53.888802 22.903726 20.781621 21.012308
0.217346 13.455030 0.000025 0.181371 0.042129 0.828424 0.888595 13.658039 50.028839 24.268746 21.367908 21.771061
0.219409 13.510669 0.000012 0.163807 0.042129 0.859347 0.782657 13.643493 46.627743 22.716799 22.165517 22.009993
0.219220 13.618326 0.000074 0.148068 0.042129 0.866721 0.783348 13.645840 43.374449 20.769612 22.355713 21.719753
0.221171 13.740462 0.000077 0.132927 0.042129 0.851666 0.872910 13.679071 40.273963 20.165333 21.967394 21.313843
0.229150 13.831540 0.000030 0.118611 0.042129 0.834764 0.924579 13.797762 37.473967 22.268018 21.531428 21.424481
0.237263 13.847035 -0.000038 0.105982 0.042129 0.840001 0.918759 13.950117 35.174938 23.987419 21.666527 21.861256
0.235680 13.807475 -0.000056 0.095847 0.038120 0.859436 0.851024 13.893958 33.238787 22.442685 22.167811 21.963169
0.226952 13.805358 0.000011 0.087171 0.034492 0.862269 0.752932 13.758236 31.319202 19.727901 22.240895 21.466149
0.223747 13.902379 0.000047 0.078126 0.031210 0.837413 0.683902 13.800494 29.360321 18.834816 21.599760 20.808145
0.228740 13.999752 -0.000019 0.068902 0.028240 0.809703 0.647330 13.920183 27.585288 19.201763 20.885021 20.348998
0.233099 13.993078 -0.000102 0.060970 0.027418 0.792441 0.571556 13.905910 26.080583 23.907762 20.439792 20.923339
0.234899 13.920625 -0.000123 0.054545 0.033175 0.817749 0.430158 14.232136 25.164325 28.254863 21.092556 22.257093
0.234243 13.848677 -0.000118 0.050758 0.033175 0.874932 0.513503 14.160951 24.651802 24.438466 22.567503 22.656430
0.231980 13.881782 0.000057 0.048310 0.033175 0.891529 0.781945 13.820155 23.736508 19.805121 22.995596 22.084770
0.234461 14.062967 0.000171 0.043392 0.045910 0.866523 0.880535 13.981463 22.493399 19.514539 22.350613 21.550302
0.247384 14.307661 0.000051 0.036718 0.045910 0.845453 0.914172 14.323497 21.429703 20.847858 21.807138 21.353558
0.259743 14.410530 -0.000093 0.031485 0.045910 0.838593 0.894149 14.397245 20.644874 22.050333 21.630207 21.399163
0.260647 14.337742 -0.000122 0.028291 0.045910 0.841809 0.760987 14.326452 20.050473 22.632111 21.713164 21.565559
0.257104 14.280326 -0.000085 0.025883 0.045910 0.849198 0.499666 14.322850 19.552883 20.502331 21.903751 21.413810
0.252014 14.298878 -0.000057 0.023568 0.045910 0.841341 0.123212 14.158574 18.906357 19.156478 21.701077 21.054328
0.250023 14.364829 -0.000041 0.020372 0.045910 0.824001 -1.120121 14.309901 18.232274 20.012273 21.253820 20.846079
0.256852 14.443875 -0.000125 0.016993 0.045910 0.814786 -0.961342 14.443746 17.746126 21.360117 21.016150 20.864388
0.264469 14.479973 -0.000171 0.014651 0.045910 0.816235 -0.873399 14.538684 17.449240 24.015725 21.053505 21.272756
0.266504 14.476452 -0.000170 0.013335 0.045910 0.833556 -0.800585 14.682691 17.407987 23.936333 21.500278 21.637276
0.263928 14.483916 -0.000127 0.013116 0.045910 0.848538 -0.791864 14.535445 17.326129 21.923188 21.886726 21.682272
0.260472 14.540375 -0.000030 0.012496 0.041541 0.848687 -0.860109 14.547471 17.050705 18.760301 21.890554 21.241668
0.260724 14.631055 -0.000029 0.010854 0.037588 0.828777 -0.953800 14.427373 16.538191 16.637804 21.377025 20.530232
0.286717 15.143440 -0.000062 0.006256 0.034011 0.805697 -0.943469 15.306682 15.989103 20.596462 20.781691 20.474420
0.285272 15.032431 -0.000362 0.004291 0.097330 0.803529 -0.831327 14.797021 15.877427 24.871194 20.725787 20.917203
0.258220 14.422681 -0.000210 0.006525 0.097330 0.828134 -0.591691 14.481499 16.090241 21.969658 21.360439 21.020904
0.254578 14.313886 -0.000031 0.007968 0.097330 0.832825 -0.275152 14.232451 15.965261 20.044491 21.481420 20.843501
0.251387 14.346604 0.000044 0.007261 0.097330 0.824364 0.764988 14.313732 15.679201 18.476605 21.263195 20.442449
0.249673 14.449953 -0.000009 0.005514 0.097330 0.805179 0.180905 14.318084 15.315430 15.870403 20.768340 19.650204
0.250495 14.493169 -0.000066 0.003688 0.097330 0.771657 -1.906632 14.209905 14.809873 16.934826 19.903705 19.142980
0.249020 14.435433 -0.000135 0.001680 0.097330 0.749882 -1.451290 14.359254 14.515828 20.366155 19.342034 19.258418
0.244585 14.303822 -0.000218 0.000951 0.097330 0.755260 -0.963111 14.347992 14.583142 19.700797 19.480755 19.265313
0.234947 14.175666 -0.000174 0.001828 0.097330 0.755752 -0.458359 14.056823 14.561413 19.005820 19.493450 19.155897
0.225728 14.141537 -0.000084 0.001883 0.097330 0.748800 0.315293 14.167161 14.477279 19.089194 19.314119 19.046647
0.224913 14.182347 -0.000112 0.001323 0.097330 0.742253 0.205746 14.175055 14.428345 17.249933 19.145265 18.545270
0.225650 14.183137 -0.000108 0.001100 0.088068 0.721515 1.082387 14.025789 14.240010 18.287846 18.610355 18.361578
0.220880 14.066663 -0.000101 0.000778 0.079687 0.714592 1.036465 14.071487 14.194801 21.276919 18.431800 18.882864
0.213547 13.886322 -0.000109 0.001384 0.072104 0.739681 1.037673 13.984094 14.409858 21.351056 19.078929 19.372371
0.205376 13.765619 -0.000019 0.002890 0.065242 0.762906 1.139256 13.787220 14.541815 20.656592 19.677971 19.618762
0.202989 13.744842 0.000076 0.003575 0.059034 0.772436 1.258036 13.795524 14.546700 19.616522 19.923796 19.521202
0.208985 13.788443 0.000087 0.003401 0.053416 0.768896 1.387683 13.756220 14.444317 20.046990 19.832467 19.580170
0.218932 13.875308 0.000081 0.002552 0.048333 0.772141 1.419870 13.989120 14.405957 20.676465 19.916177 19.798521
0.228256 13.949576 0.000023 0.002047 0.043733 0.781546 1.401928 13.983652 14.426031 19.643874 20.158773 19.787665
0.231109 13.980018 0.000038 0.002001 0.039572 0.781657 1.300503 13.932608 14.336927 19.431122 20.161638 19.765725
0.225179 13.987355 0.000036 0.001568 0.035806 0.778762 1.138642 13.968015 14.238831 18.932052 20.086943 19.621186
0.217261 13.980703 0.000009 0.001158 0.032398 0.767903 0.993370 13.891035 14.113200 17.329003 19.806853 19.063067
0.215355 13.974502 0.000003 0.000622 0.029315 0.741383 0.909627 13.827114 13.885169 17.384239 19.122817 18.585679
0.216117 13.953174 -0.000033 -0.000305 0.026526 0.721521 0.804640 13.903755 13.741703 19.655483 18.610503 18.739490
0.214395 13.895797 -0.000084 -0.000691 0.024001 0.728844 0.678284 13.979748 13.847431 20.950842 18.799395 19.182604
0.210908 13.811214 -0.000073 0.000162 0.021717 0.748777 0.599682 13.862337 14.029759 20.048524 19.313550 19.330441
0.210257 13.741237 0.000006 0.001294 0.019651 0.756145 0.593382 13.707881 14.064431 17.439260 19.503575 18.823420
0.211867 13.712326 0.000057 0.001579 0.017781 0.737419 0.544346 13.537462 13.850801 17.785256 19.020578 18.575890
0.212321 13.715521 0.000050 0.000607 0.016089 0.728005 0.353633 13.751198 13.730504 20.969992 18.777757 19.189626
0.211939 13.693711 -0.000031 0.000165 0.014558 0.752730 0.115085 13.837197 13.916300 20.667500 19.415504 19.577294
0.207905 13.617313 -0.000003 0.001341 0.013172 0.768824 -0.047177 13.549617 13.994612 19.873250 19.830607 19.673336
0.202825 13.545014 0.000091 0.002017 0.024434 0.771583 -0.124731 13.545017 13.953338 19.554844 19.901789 19.645376
0.200103 13.511265 0.000084 0.001983 0.024434 0.769055 -0.412388 13.454277 13.879144 19.207036 19.836574 19.512435
0.195345 13.476923 0.000091 0.001804 0.024434 0.761467 -0.449916 13.440630 13.784511 20.155696 19.640846 19.674703
0.188501 13.395614 0.000072 0.001744 0.024434 0.766477 -0.525383 13.404100 13.790120 19.356064 19.770089 19.499360
0.183527 13.302446 0.000085 0.002188 0.024434 0.758002 -0.659212 13.185339 13.705568 18.302427 19.551475 19.002527
0.179167 13.235381 0.000120 0.002109 0.032256 0.736855 -0.685633 13.167459 13.550594 18.702601 19.006023 18.832736
0.172468 13.158779 0.000087 0.001758 0.032256 0.728998 -0.605401 13.125610 13.485187 19.397433 18.803358 19.001346
0.164826 13.073417 0.000083 0.001847 0.032256 0.735836 -0.526025 13.083009 13.495356 20.016201 18.979744 19.367319
0.165119 13.091777 0.000097 0.001810 0.032256 0.749965 -0.582972 13.188373 13.544580 19.489659 19.344173 19.314593
0.158213 12.994462 0.000084 0.002468 0.032256 0.748014 -0.747112 12.851908 13.502143 19.182264 19.293858 19.138402
0.147238 12.833863 0.000159 0.002998 0.042699 0.739975 -0.809685 12.809782 13.425670 19.742007 19.086512 19.386748
0.147251 12.817199 0.000151 0.002729 0.042699 0.751668 -0.867498 12.879787 13.421477 19.645890 19.388100 19.441313
0.145872 12.818031 0.000134 0.002707 0.042699 0.755191 -0.915334 12.790908 13.383413 19.381581 19.478985 19.322164
0.140867 12.802578 0.000147 0.002605 0.042699 0.748896 -0.899528 12.803496 13.316911 19.414245 19.316620 19.280673
0.139014 12.791615 0.000128 0.002356 0.042699 0.745397 -0.880271 12.790547 13.272819 19.098691 19.226353 19.061286
0.139958 12.784473 0.000121 0.002191 0.042699 0.737330 -0.856910 12.768579 13.212951 19.014214 19.018274 18.932966
0.137536 12.752393 0.000112 0.002066 0.042699 0.733768 -0.747638 12.739094 13.166544 19.242862 18.926418 19.031553
0.131536 12.695662 0.000109 0.002112 0.042699 0.737910 -0.601395 12.688267 13.146806 19.133789 19.033249 19.008134
0.123848 12.631551 0.000117 0.002311 0.042699 0.735696 -0.483568 12.594868 13.103971 18.922847 18.976139 18.863319
0.119425 12.578680 0.000130 0.002356 0.042699 0.728509 -0.412543 12.561124 13.046835 18.204050 18.790755 18.375301
0.119070 12.543465 0.000124 0.002258 0.042699 0.710189 -0.294620 12.478629 12.945789 17.262509 18.318231 17.651086
0.117599 12.500306 0.000120 0.001998 0.038636 0.683128 0.437650 12.426401 12.809994 17.856047 17.620230 17.733747
0.116291 12.455354 0.000099 0.001591 0.034959 0.689140 -0.334334 12.498899 12.794912 18.970786 17.775295 18.441050
0.114404 12.418157 0.000078 0.001690 0.031632 0.719687 0.349291 12.456890 12.860563 19.190953 18.563215 18.867077
0.110096 12.379660 0.000105 0.002157 0.028622 0.736778 0.088141 12.372133 12.866729 18.901353 19.004054 18.869383
0.107441 12.368578 0.000128 0.002235 0.034325 0.734944 0.255618 12.356858 12.808037 18.908079 18.956725 18.859784
0.110087 12.396424 0.000117 0.001846 0.034325 0.733095 0.474175 12.423872 12.762671 19.054701 18.909041 18.929368
0.113156 12.430439 0.000089 0.001490 0.034325 0.736173 0.629499 12.448283 12.742038 19.529945 18.988444 19.237463
0.114892 12.469871 0.000078 0.001221 0.034325 0.748195 0.736433 12.533943 12.761623 20.111156 19.298538 19.692807
0.110193 12.437515 0.000061 0.001454 0.034325 0.765353 0.913326 12.430608 12.799447 19.990902 19.741097 19.791329
0.102946 12.386649 0.000096 0.001852 0.034325 0.766832 1.090301 12.373072 12.779758 19.602860 19.779240 19.581766
0.102861 12.391725 0.000106 0.001741 0.034325 0.756502 1.212821 12.391403 12.725710 19.511628 19.512801 19.425529
0.106392 12.411856 0.000088 0.001408 0.034325 0.751349 1.254737 12.428117 12.694223 19.879499 19.379867 19.585542
0.111517 12.432408 0.000071 0.001174 0.034325 0.760869 1.235496 12.479025 12.711225 19.989277 19.625435 19.742691
0.115678 12.444139 0.000062 0.001198 0.034325 0.771367 1.183713 12.447678 12.715964 19.805680 19.896200 19.743799
0.117906 12.485754 0.000071 0.001033 0.034325 0.773134 1.077155 12.508392 12.685119 19.462563 19.941784 19.570913
0.118110 12.548137 0.000048 0.000614 0.031059 0.764029 0.921772 12.538515 12.630002 19.215184 19.706950 19.346489
0.118344 12.582075 0.000027 0.000215 0.028103 0.751087 0.740733 12.574419 12.582706 19.319840 19.373113 19.282635
0.122284 12.585182 0.000006 -0.000011 0.025429 0.748063 0.577152 12.589188 12.578349 19.068412 19.295112 19.108527
0.125269 12.590276 0.000000 -0.000054 0.023009 0.743748 0.396604 12.571553 12.559948 19.054214 19.183832 19.062512
0.125242 12.623015 -0.000000 -0.000283 0.020819 0.742246 0.097197 12.652981 12.555051 19.526344 19.145088 19.325456
0.123141 12.619278 -0.000022 -0.000288 0.018838 0.751035 -0.568122 12.625267 12.594426 19.076720 19.371792 19.152648
0.120964 12.591940 -0.000006 0.000011 0.017045 0.742716 -0.497617 12.539775 12.568674 18.554584 19.157206 18.770787
0.122938 12.595223 0.000009 -0.000119 0.015423 0.727131 -0.425312 12.587496 12.519244 18.734507 18.755211 18.724111
0.126270 12.605364 -0.000015 -0.000386 0.013956 0.727281 -0.331967 12.617870 12.526067 19.147020 18.759092 18.966773
0.125843 12.594382 -0.000022 -0.000306 0.012628 0.738622 -0.230267 12.609121 12.566427 19.298532 19.051611 19.167485
0.122919 12.562079 -0.000009 0.000020 0.011426 0.746540 -0.175715 12.545787 12.587334 18.749058 19.255842 18.928678
0.121753 12.552942 0.000012 0.000154 0.010339 0.735894 -0.146918 12.514864 12.540093 18.216603 18.981245 18.520065
0.125745 12.566636 0.000007 -0.000119 0.009355 0.719193 -0.016968 12.541965 12.476659 18.096839 18.550475 18.292311
0.131176 12.573395 -0.000015 -0.000434 0.008465 0.712397 2.105543 12.559332 12.447125 18.691999 18.375162 18.580390
0.131299 12.545546 -0.000027 -0.000441 0.007659 0.726770 1.873511 12.561902 12.484351 19.177857 18.745892 19.008912
0.126187 12.501122 -0.000019 -0.000075 0.006930 0.743646 1.670407 12.489833 12.523363 18.664889 19.181200 18.876475
0.117482 12.464694 0.000009 0.000263 0.006271 0.733679 1.494851 12.399958 12.472871 18.564743 18.924122 18.725152
0.121917 12.561603 0.000019 -0.000398 0.005674 0.721886 1.342297 12.659858 12.450683 18.831932 18.619920 18.761747
0.121493 12.494437 -0.000052 -0.000196 0.013992 0.723122 1.215814 12.380425 12.473383 19.201104 18.651806 18.983412
0.113668 12.317969 0.000024 0.000697 0.013992 0.736010 1.111230 12.315481 12.505318 19.861902 18.984244 19.492418
0.115209 12.303869 0.000048 0.000904 0.013992 0.760428 1.023461 12.370436 12.561029 19.916637 19.614064 19.760171
0.112773 12.288415 0.000048 0.001223 0.013992 0.772275 0.956462 12.248949 12.559919 19.411985 19.919638 19.583480
0.109388 12.282886 0.000079 0.001243 0.021176 0.762577 0.894069 12.266159 12.488339 18.808811 19.669487 19.142935
0.108920 12.282131 0.000057 0.000925 0.021176 0.742103 0.821190 12.220520 12.393330 18.782081 19.141401 18.932914
0.109047 12.265351 0.000045 0.000574 0.021176 0.733001 0.699181 12.270159 12.349476 19.666453 18.906626 19.363081
0.111023 12.242395 0.000021 0.000480 0.021176 0.751974 0.574875 12.285856 12.404440 19.601606 19.396013 19.505020
0.112125 12.233025 0.000031 0.000769 0.021176 0.760342 0.497011 12.208529 12.405068 19.130537 19.611835 19.311168
0.107018 12.232024 0.000051 0.000776 0.021176 0.751220 0.355459 12.209222 12.346165 19.303315 19.376563 19.329143
0.101811 12.226161 0.000036 0.000538 0.021176 0.747151 0.201592 12.233381 12.327833 18.900573 19.271598 19.053003
0.101328 12.220112 0.000025 0.000483 0.021176 0.733283 0.156706 12.177430 12.284993 18.762539 18.913905 18.833649
0.103420 12.219101 0.000028 0.000296 0.021176 0.725084 0.082705 12.239356 12.265321 18.854114 18.702422 18.802916
0.104178 12.221693 0.000008 0.000196 0.021176 0.726054 -0.143482 12.220673 12.274069 18.977039 18.727433 18.880340
0.102196 12.222911 0.000015 0.000229 0.021176 0.729614 0.067771 12.246274 12.290527 19.148341 18.819267 19.011210
0.101282 12.246245 0.000012 0.000199 0.019160 0.733906 0.035752 12.274663 12.314541 18.854330 18.929962 18.877579
0.103732 12.282342 0.000011 0.000144 0.017337 0.727478 0.668261 12.281949 12.304784 18.019607 18.764174 18.325631
0.104954 12.288324 0.000007 0.000074 0.015687 0.706143 0.611265 12.229071 12.238785 18.353099 18.213865 18.310147
0.104969 12.274886 0.000003 -0.000162 0.014194 0.706959 0.485572 12.323573 12.254429 19.081870 18.234911 18.738618
0.106831 12.283353 -0.000016 -0.000130 0.012844 0.726471 0.390013 12.324381 12.330524 18.952993 18.738190 18.849382
0.104042 12.277775 0.000002 0.000237 0.011621 0.731418 0.313159 12.259055 12.343815 18.921153 18.865778 18.878980
0.100448 12.262926 0.000022 0.000363 0.010515 0.730738 0.257224 12.270808 12.340512 18.766507 18.848243 18.781319
0.102346 12.279102 0.000018 0.000275 0.009515 0.726097 0.232084 12.278673 12.327307 18.749767 18.728553 18.724554
0.104855 12.297775 0.000013 0.000132 0.008609 0.724780 0.193307 12.314891 12.326187 19.020679 18.694566 18.867905
0.122728 12.560283 0.000004 -0.001050 0.007790 0.731357 0.138468 12.784783 12.377783 19.159740 18.864209 19.011542
0.114270 12.492511 -0.000102 -0.000515 0.027297 0.735974 0.112904 12.284236 12.414798 19.247885 18.983294 19.105727
0.089988 12.204098 0.000033 0.000945 0.027297 0.737189 0.221497 12.162857 12.416597 19.043718 19.014632 18.995608
0.091749 12.229644 0.000064 0.000839 0.027297 0.731582 0.472613 12.285589 12.400416 18.857155 18.870011 18.827742
0.095867 12.274617 0.000029 0.000564 0.027297 0.725794 0.537178 12.264729 12.386725 19.455145 18.720716 19.111130
0.102015 12.309457 0.000031 0.000347 0.027297 0.739874 0.571296 12.408717 12.442475 19.454007 19.083893 19.244917
0.108630 12.334256 0.000009 0.000485 0.027297 0.750107 0.626769 12.306676 12.463642 19.126017 19.347847 19.156848
0.113052 12.371674 0.000040 0.000413 0.027297 0.749941 0.571733 12.404499 12.435272 19.246456 19.343566 19.234358
0.118369 12.439968 0.000009 -0.000021 0.027297 0.753941 0.437689 12.459950 12.427349 19.061238 19.446726 19.174545
0.121755 12.492946 -0.000007 -0.000294 0.027297 0.750678 0.228713 12.486024 12.400591 19.298303 19.362574 19.290602
0.121791 12.498374 -0.000021 -0.000439 0.027297 0.753551 -0.172339 12.502698 12.404814 19.571106 19.436679 19.483916
0.122604 12.491221 -0.000024 -0.000388 0.027297 0.760144 0.125963 12.493658 12.425073 19.023018 19.606736 19.232631
0.118359 12.469272 -0.000017 -0.000198 0.024699 0.748731 -0.270934 12.399312 12.379042 19.222702 19.312341 19.243500
0.110380 12.442391 -0.000005 -0.000284 0.022349 0.744359 0.006416 12.469107 12.377629 19.656204 19.199593 19.449663
0.107884 12.438749 -0.000023 -0.000274 0.020222 0.748518 0.440296 12.453928 12.423206 19.226914 19.306858 19.235766
0.109771 12.455885 -0.000008 -0.000147 0.018298 0.739179 0.494395 12.450541 12.419565 19.225723 19.065961 19.136516
0.113494 12.467795 -0.000008 -0.000216 0.016556 0.737276 0.503413 12.495407 12.438196 19.164807 19.016899 19.077235
0.115266 12.470184 -0.000014 -0.000143 0.014981 0.738558 0.472203 12.462790 12.454179 19.339850 19.049948 19.189726
0.113742 12.475757 -0.000002 -0.000097 0.013555 0.744313 0.389627 12.511187 12.481393 19.576675 19.198402 19.382643
0.113043 12.476541 -0.000008 0.000022 0.012265 0.751648 0.349491 12.481519 12.513602 18.701152 19.387596 18.947695
0.134475 12.785368 0.000008 -0.001219 0.011098 0.733969 0.324112 12.969117 12.481449 18.763483 18.931595 18.812221
0.136875 12.763820 -0.000123 -0.001267 0.032946 0.729637 0.240008 12.585052 12.495156 18.946285 18.819862 18.877167
0.121826 12.455315 -0.000023 0.000179 0.032946 0.737187 -0.109924 12.362452 12.502099 18.861966 19.014586 18.905994
0.119770 12.419118 0.000034 0.000372 0.032946 0.741025 1.319423 12.451259 12.480609 19.669050 19.113598 19.424452
0.116100 12.402915 0.000007 0.000349 0.032946 0.760454 1.075627 12.412248 12.520848 19.431761 19.614735 19.479984
0.113918 12.400648 0.000027 0.000539 0.032946 0.759402 0.920584 12.375553 12.493014 18.735354 19.587591 19.069694
0.113087 12.389046 0.000029 0.000466 0.032946 0.739923 0.792254 12.326181 12.408958 18.920921 19.085170 18.992397
0.115618 12.389801 0.000021 0.000086 0.032946 0.736585 0.649235 12.426501 12.392846 19.244055 18.999071 19.149587
0.117143 12.400217 -0.000008 -0.000033 0.032946 0.743989 0.503007 12.400365 12.414757 19.497331 19.190035 19.369787
0.115256 12.400055 0.000004 0.000066 0.032946 0.752235 0.374780 12.426368 12.439847 19.353364 19.402742 19.366000
0.138736 12.760941 0.000003 -0.001440 0.032946 0.750216 0.347453 13.024333 12.467688 18.896401 19.350661 19.080051
0.134142 12.693076 -0.000140 -0.001011 0.037574 0.737461 0.333377 12.388809 12.450965 18.869225 19.021657 18.939581
0.111571 12.318361 0.000015 0.000595 0.037574 0.732876 0.189255 12.248828 12.424530 18.874297 18.903405 18.897310
0.117671 12.336771 0.000044 0.000394 0.037574 0.735155 -0.234037 12.404609 12.413238 19.353364 18.962178 19.203329
0.121956 12.357580 0.000002 0.000250 0.037574 0.750702 0.357448 12.353767 12.441483 19.255033 19.363194 19.298521
0.122956 12.367261 0.000022 0.000333 0.037574 0.755837 -0.029426 12.368708 12.424712 18.612171 19.495653 18.976882
0.117166 12.354812 0.000014 0.000314 0.037574 0.738375 6.511256 12.267334 12.341363 18.894969 19.045237 18.981115
0.111082 12.343299 0.000019 -0.000009 0.037574 0.732773 5.827689 12.391082 12.328568 19.047474 18.900731 19.012795
0.108424 12.333435 -0.000016 -0.000022 0.037574 0.730065 5.225074 12.299999 12.341738 19.028192 18.830900 18.967029
0.106102 12.313022 0.000010 0.000129 0.037574 0.726830 4.692604 12.340493 12.355919 19.418997 18.747448 19.152682
0.104585 12.292184 0.000004 0.000286 0.037574 0.734882 4.225705 12.311578 12.407587 19.227319 18.955141 19.109007
0.104856 12.299927 0.000024 0.000483 0.037574 0.734587 3.818174 12.314130 12.420346 18.598135 18.947531 18.732996
0.101849 12.312079 0.000027 0.000486 0.033998 0.719682 3.443380 12.280239 12.379321 18.623698 18.563081 18.595908
0.100284 12.330183 0.000025 0.000220 0.030763 0.712588 3.095361 12.375378 12.379646 18.328053 18.380104 18.346411
0.102301 12.345443 0.000001 0.000153 0.027835 0.703185 2.787739 12.316996 12.371727 18.511378 18.137564 18.351248
0.105399 12.350044 0.000014 0.000097 0.025186 0.706265 2.502418 12.408792 12.401868 18.883998 18.217000 18.590231
0.108514 12.349324 -0.000001 0.000236 0.022790 0.720336 2.252319 12.359398 12.454262 18.691831 18.579951 18.612912
0.107713 12.339816 0.000024 0.000513 0.020621 0.724079 2.019077 12.333821 12.452487 19.064606 18.676485 18.868339
0.107306 12.342552 0.000030 0.000493 0.018659 0.734582 1.808312 12.383082 12.475039 19.226956 18.947396 19.067096
0.111592 12.357610 0.000024 0.000527 0.016883 0.743435 1.634695 12.361394 12.487459 18.669113 19.175761 18.831736
0.116963 12.405707 0.000032 0.000367 0.015276 0.735794 1.472350 12.397368 12.435494 19.313620 18.978664 19.142388
0.120629 12.458555 0.000010 -0.000103 0.013823 0.748327 1.305488 12.536455 12.466751 20.038880 19.301924 19.692536
0.119222 12.453363 -0.000017 0.000060 0.012507 0.769579 1.177104 12.450584 12.529107 19.972912 19.850089 19.863998
0.113747 12.417355 0.000020 0.000501 0.011317 0.773586 1.076089 12.401388 12.528548 20.084244 19.953444 19.971327
0.113707 12.407106 0.000032 0.000545 0.010240 0.775565 1.003269 12.422985 12.527708 19.479469 20.004498 19.640076
0.141891 12.755818 0.000027 -0.001023 0.009266 0.763256 0.937061 12.976705 12.505141 19.504426 19.687009 19.540037
0.144404 12.742545 -0.000118 -0.001065 0.031645 0.762071 0.848292 12.539437 12.513101 20.156933 19.656433 19.917185
0.128280 12.467035 -0.000007 0.000207 0.031645 0.779839 0.708527 12.452371 12.551752 19.839327 20.114745 19.906441
0.135740 12.568441 0.000025 -0.000075 0.031645 0.780358 0.563317 12.637492 12.529617 19.426948 20.128113 19.679045
0.140585 12.659334 -0.000027 -0.000582 0.031645 0.769383 0.328103 12.616206 12.481986 19.418191 19.845047 19.578623
0.145155 12.707401 -0.000034 -0.001011 0.031645 0.763433 -0.097520 12.743464 12.467635 19.502142 19.691565 19.577624
0.149014 12.713200 -0.000069 -0.001102 0.031645 0.763510 1.365961 12.672616 12.475819 19.853179 19.693554 19.786341
0.151347 12.702679 -0.000050 -0.001018 0.031645 0.773213 1.114948 12.740526 12.512302 20.294842 19.943818 20.138988
0.152502 12.709231 -0.000058 -0.000883 0.031645 0.787989 0.873442 12.714535 12.562334 20.361749 20.324964 20.338464
0.152944 12.784300 -0.000039 -0.000996 0.031645 0.793456 0.647842 12.843292 12.587710 20.142360 20.465975 20.283530
0.164886 13.040540 -0.000065 -0.002031 0.031645 0.786805 0.456964 13.170368 12.605023 20.111054 20.294423 20.183867
0.162052 12.987402 -0.000143 -0.001715 0.038490 0.779684 0.376112 12.825180 12.627412 19.919729 20.110750 20.001861
0.151400 12.793343 -0.000051 -0.000744 0.038490 0.771733 0.326642 12.751363 12.627495 20.358692 19.905641 20.158516
0.155466 12.838785 -0.000033 -0.000948 0.038490 0.779374 0.146820 12.947880 12.687781 20.803887 20.102740 20.472752
0.157708 12.889396 -0.000067 -0.000904 0.038490 0.792711 0.060770 12.903209 12.768543 20.515141 20.446759 20.481088
0.158666 12.949221 -0.000036 -0.000810 0.038490 0.791939 0.243451 12.991940 12.792521 20.159624 20.426835 20.293831
0.162080 13.008669 -0.000052 -0.000970 0.038490 0.783521 0.319008 12.998956 12.791041 19.927466 20.209704 20.075985
0.167382 13.054978 -0.000054 -0.001184 0.038490 0.776187 0.262799 13.075402 12.793041 20.301558 20.020531 20.138488
0.171147 13.073409 -0.000073 -0.001258 0.038490 0.780721 0.014099 13.096104 12.845367 20.605203 20.137477 20.327128
0.172123 13.107070 -0.000065 -0.001174 0.038490 0.791019 -5.886346 13.156269 12.911963 20.679344 20.403117 20.505628
0.170704 13.160314 -0.000064 -0.001114 0.038490 0.796386 -5.284444 13.187425 12.960672 20.492373 20.541526 20.504540
0.167366 13.182811 -0.000059 -0.000996 0.038490 0.792751 -4.753884 13.174872 12.978638 20.419630 20.447773 20.421612
0.166928 13.179496 -0.000052 -0.000901 0.034827 0.787064 -4.288335 13.180763 12.996291 20.346873 20.301089 20.308257
0.169942 13.165633 -0.000049 -0.000760 0.031513 0.784287 -3.876149 13.157486 13.017183 20.812313 20.229474 20.460602
0.172105 13.157225 -0.000038 -0.000628 0.028514 0.793430 -3.494377 13.207392 13.081562 21.122465 20.465299 20.715629
0.173310 13.185865 -0.000034 -0.000468 0.025801 0.805397 -3.147202 13.225442 13.148791 20.623089 20.773964 20.689693
0.172740 13.226468 -0.000022 -0.000348 0.023345 0.803609 -2.831422 13.214248 13.143519 20.026250 20.727849 20.426742
0.170481 13.216341 -0.000020 -0.000327 0.021124 0.790760 -2.546682 13.157377 13.090162 19.335224 20.396425 19.961085
0.171346 13.201343 -0.000019 -0.000499 0.019113 0.771820 -2.280785 13.144797 13.009560 19.519855 19.907898 19.768631
0.172987 13.177481 -0.000036 -0.000753 0.017295 0.765835 -2.022826 13.170089 12.992813 19.888578 19.753516 19.830772
0.167887 13.089918 -0.000046 -0.000436 0.015649 0.770287 -1.778219 13.037454 13.014197 20.069900 19.868360 19.970621
0.160519 13.011845 -0.000008 0.000011 0.014160 0.775949 -1.555903 13.008777 13.031381 19.755611 20.014402 19.891276
0.157464 12.997577 0.000004 0.000152 0.012812 0.770526 -1.367146 12.966249 13.005633 19.037518 19.874529 19.468062
0.156491 12.998965 0.000008 0.000030 0.011593 0.751382 -1.199215 12.952794 12.932623 18.845302 19.380727 19.146500
0.153712 12.975074 -0.000006 -0.000190 0.010490 0.736828 -1.037995 12.946620 12.890591 19.676691 19.005330 19.419601
0.150772 12.939242 -0.000015 -0.000218 0.009491 0.747945 -0.895898 12.991365 12.953482 19.895212 19.292069 19.648932
0.146581 12.918465 -0.000011 0.000157 0.008588 0.757508 -0.798520 12.912275 13.002110 19.454978 19.538734 19.480112
0.139584 12.903880 0.000021 0.000441 0.007771 0.747751 -0.725345 12.889926 12.985048 19.278548 19.287067 19.274578
0.136192 12.880241 0.000023 0.000470 0.007031 0.736778 -0.674945 12.871757 12.973831 18.712532 19.004044 18.829471
0.136638 12.846718 0.000025 0.000570 0.006696 0.720525 -0.633915 12.801492 12.935925 18.307649 18.584827 18.426832
0.134897 12.797143 0.000033 0.000623 0.008932 0.708281 -0.571799 12.769708 12.898090 18.440025 18.268995 18.377462
0.130595 12.730071 0.000032 0.000754 0.008932 0.709341 -0.481578 12.713144 12.896070 17.981389 18.296345 18.118801
0.126137 12.690732 0.000046 0.000921 0.012314 0.700234 -0.380171 12.645581 12.848315 17.613256 18.061449 17.815518
0.122682 12.685354 0.000051 0.000731 0.013714 0.686814 -0.197389 12.678435 12.793281 17.815433 17.715310 17.796206
0.122132 12.667808 0.000029 0.000563 0.013714 0.685359 0.099482 12.667960 12.789387 17.668576 17.677776 17.691944
0.140582 12.908939 0.000031 -0.000536 0.013714 0.683142 -0.364437 13.100927 12.800547 18.609677 17.620596 18.209604
0.135474 12.796315 -0.000075 0.000019 0.020135 0.706641 -0.217934 12.638113 12.885611 19.531914 18.226709 18.970434
0.130621 12.677298 0.000062 0.000934 0.020135 0.740910 -0.275233 12.821455 12.977589 19.071527 19.110633 19.038821
0.123907 12.580339 0.000040 0.001782 0.020135 0.745269 -0.447459 12.384066 12.934484 18.869386 19.223052 18.972119
0.104447 12.319872 0.000139 0.002757 0.037314 0.741232 -0.513925 12.237949 12.842455 18.861634 19.118926 18.935809
0.107994 12.342610 0.000153 0.002242 0.041130 0.738905 -0.599902 12.404101 12.770233 18.720876 19.058917 18.837611
0.111576 12.359165 0.000094 0.001844 0.041130 0.735449 -0.601380 12.294000 12.699909 19.215138 18.969775 19.098835
0.115254 12.369835 0.000104 0.001481 0.041130 0.746943 -0.545140 12.451709 12.688109 19.245623 19.266237 19.233712
0.117467 12.394449 0.000062 0.001317 0.041130 0.753126 -0.523648 12.346859 12.656961 19.177898 19.425715 19.261891
0.115394 12.414517 0.000080 0.001088 0.041130 0.751574 -0.428476 12.447224 12.611298 19.626807 19.385689 19.514421
0.115112 12.424807 0.000044 0.000837 0.041130 0.758208 -0.458883 12.427712 12.613488 19.308203 19.556797 19.394519
0.118543 12.449413 0.000049 0.000736 0.041130 0.752364 -0.610750 12.445287 12.575595 18.984321 19.406064 19.150595
0.122067 12.482195 0.000035 0.000419 0.041130 0.742886 -0.593306 12.475270 12.529803 19.460123 19.161592 19.338670
0.125742 12.505996 0.000016 0.000107 0.041130 0.751487 -0.483566 12.556380 12.553225 19.743859 19.383434 19.588286
0.131509 12.528108 0.000001 0.000113 0.041130 0.763978 -0.409874 12.536642 12.581865 19.113461 19.705633 19.340771
0.132986 12.542262 0.000013 0.000178 0.041130 0.755958 -0.210434 12.495577 12.526723 19.538252 19.498752 19.522789
0.135051 12.560517 0.000010 -0.000152 0.037216 0.762189 0.598497 12.615883 12.533516 19.745203 19.659469 19.709580
0.138728 12.572585 -0.000019 -0.000175 0.033674 0.770595 0.391024 12.545357 12.544833 19.842314 19.876312 19.853317
0.139928 12.574232 0.000001 -0.000132 0.030470 0.776443 0.088447 12.594394 12.544835 20.286191 20.027135 20.178547
0.140317 12.564849 -0.000011 -0.000090 0.027570 0.789345 -0.496947 12.563603 12.569226 19.736407 20.359926 19.981546
0.135477 12.542721 0.000003 0.000119 0.024947 0.779029 -0.346606 12.472124 12.512685 20.014757 20.093845 20.054608
0.132061 12.544108 0.000011 -0.000141 0.022573 0.776961 -0.156204 12.594858 12.508992 19.768370 20.040497 19.889728
0.131951 12.523223 -0.000021 -0.000064 0.020425 0.767983 -0.149444 12.442394 12.486895 18.953091 19.808923 19.321909
0.131433 12.488246 0.000012 -0.000006 0.018481 0.745673 0.061295 12.450957 12.413060 19.428923 19.233481 19.389540
0.132394 12.467789 -0.000009 -0.000245 0.016722 0.750541 -0.997351 12.498147 12.435425 19.722743 19.359031 19.607152
0.133337 12.448901 -0.000015 -0.000060 0.015131 0.761922 -0.851002 12.440941 12.468208 19.754279 19.652589 19.733565
0.131077 12.417851 0.000007 0.000226 0.013691 0.768037 -0.722310 12.408168 12.471962 19.952236 19.810309 19.911279
0.142007 12.558913 0.000017 -0.000390 0.012388 0.775069 -0.625336 12.691776 12.492924 19.655131 19.991709 19.803851
0.142322 12.536546 -0.000049 -0.000196 0.013282 0.771353 -0.545204 12.383271 12.468195 20.216067 19.895845 20.107620
0.132493 12.375086 0.000022 0.000418 0.013282 0.783878 -0.454246 12.396214 12.486561 21.215389 20.218907 20.823491
0.135699 12.387689 0.000023 0.000444 0.013282 0.813639 -0.432683 12.466996 12.562800 21.275813 20.986545 21.139871
0.135752 12.408662 0.000024 0.000691 0.013282 0.826096 -0.479073 12.386996 12.572388 21.390794 21.307870 21.330833
0.134588 12.436695 0.000047 0.000609 0.013282 0.830255 -0.528872 12.483622 12.565986 21.336619 21.415125 21.341064
0.137003 12.469893 0.000021 0.000431 0.013282 0.828007 -0.593764 12.452125 12.549591 20.825591 21.357148 21.017353
0.137008 12.481825 0.000025 0.000304 0.013282 0.813865 -0.611451 12.459643 12.496872 20.693562 20.992370 20.806954
0.156765 12.818318 0.000010 -0.001442 0.013282 0.804789 -0.563147 13.079431 12.503190 20.517134 20.758284 20.611224
0.145042 12.688584 -0.000144 -0.000832 0.038713 0.793267 -0.486903 12.355064 12.500887 20.125930 20.461088 20.265606
0.113201 12.268679 0.000037 0.001042 0.038713 0.777584 -0.224859 12.170603 12.448699 19.997171 20.056564 20.032503
0.113918 12.282737 0.000070 0.000744 0.038713 0.767738 0.439980 12.367311 12.426969 20.138543 19.802600 20.012009
0.116962 12.301979 0.000015 0.000561 0.038713 0.769123 0.036208 12.278748 12.443506 20.510404 19.838320 20.235667
0.118980 12.302144 0.000042 0.000634 0.038713 0.782618 -4.145297 12.378950 12.487458 20.985834 20.186423 20.639985
0.119701 12.304243 0.000028 0.000822 0.038713 0.801779 -3.705143 12.313572 12.538230 21.005930 20.680648 20.832643
0.117913 12.320909 0.000057 0.000975 0.038713 0.809765 -3.321830 12.354892 12.544612 20.879386 20.886632 20.835698
0.115821 12.353814 0.000049 0.000856 0.038713 0.807086 -2.985127 12.352326 12.524906 20.831760 20.817534 20.781598
0.115721 12.385936 0.000044 0.000623 0.038713 0.802089 -2.699379 12.414053 12.512239 20.460595 20.688649 20.512943
0.113968 12.392509 0.000026 0.000537 0.038713 0.789881 -2.447913 12.355562 12.480555 15.309776 20.373763 17.389534
0.109812 12.391340 0.000033 0.000400 0.038713 0.661903 -2.204333 11.982279 12.033951 6.290456 17.072750 10.914998
0.106431 12.399057 0.000014 -0.001638 0.035029 0.398050 -1.969079 11.800561 11.138543 0.456239 10.267086 4.963351
0.098093 12.331137 -0.000165 -0.005350 0.044387 0.156669 -1.746267 11.907643 10.409847 -5.128390 4.041030 -0.641270
0.079672 12.126188 -0.000376 -0.007699 0.101060 -0.069506 -1.481833 11.508508 9.788964 -8.714238 -1.792810 -4.963816
0.058455 11.846073 -0.000433 -0.009227 0.116524 -0.242438 -0.887832 11.517904 9.396453 -11.500739 -6.253305 -8.313387
0.034977 11.522172 -0.000536 -0.009535 0.144177 -0.373140 0.043219 11.072049 9.155487 -11.977647 -9.624557 -9.921684
0.006711 11.181189 -0.000487 -0.009087 0.144177 -0.427632 -18.716190 11.065123 9.154679 -10.038930 -11.030093 -9.387171
-0.024958 10.823269 -0.000487 -0.007485 0.144177 -0.400600 -16.865694 10.715453 9.407204 -8.080993 -10.332867 -8.004110
-0.060164 10.427938 -0.000338 -0.004579 0.144177 -0.336951 -15.319690 10.392556 9.703908 -8.436905 -8.691118 -7.776932
-0.100523 10.028204 -0.000183 -0.001455 0.144177 -0.326330 -14.039974 9.758695 9.758310 -3.752173 -8.417164 -4.418988
-0.136543 9.688515 -0.000010 0.000313 0.144177 -0.182259 -12.937572 10.035568 10.154527 3.261954 -4.701093 1.628190
-0.146118 9.591227 0.000021 0.002527 0.144177 0.066489 -11.940202 9.924004 10.786447 7.586806 1.714980 6.109717
-0.130670 9.786444 0.000209 0.004486 0.144177 0.241408 -10.992322 10.183900 11.193951 12.410292 6.226739 10.646553
-0.104679 10.121401 0.000248 0.004811 0.144177 0.412859 -10.085386 10.605850 11.621143 16.047676 10.649065 14.304402
-0.066370 10.665557 0.000251 0.004286 0.144177 0.545370 -9.244968 11.179927 11.992189 18.378214 14.066980 16.849827
-0.049635 10.983573 0.000201 0.004524 0.144177 0.637916 -8.452396 11.199111 12.263949 20.129467 16.454040 18.714797
-0.015777 11.367975 0.000266 0.004019 0.130456 0.706434 -7.758435 11.820735 12.492020 14.914248 18.221355 16.382969
0.029928 11.857505 0.000169 0.002846 0.118042 0.618345 -7.072618 11.601086 12.142734 6.124190 15.949261 10.574210
0.060630 12.217203 0.000137 -0.000334 0.106809 0.387215 -6.277019 11.860912 11.300996 2.024123 9.987598 5.905971
0.093846 12.631411 -0.000139 -0.005968 0.096644 0.202876 -5.389623 12.559524 10.745751 -0.551858 5.232868 2.563055
0.098517 12.655925 -0.000455 -0.008568 0.122297 0.072232 -4.489071 12.233070 10.436792 -3.431707 1.863103 -0.404932
0.079981 12.382429 -0.000453 -0.008727 0.122297 -0.044188 -3.438580 12.044283 10.173723 -4.794629 -1.139755 -2.379080
0.062894 12.138407 -0.000473 -0.008813 0.127274 -0.122295 -2.323629 11.897813 10.054299 -5.468652 -3.154399 -3.580911
0.053326 11.939366 -0.000468 -0.008456 0.127274 -0.168029 -1.193337 11.772586 10.042784 -9.385200 -4.334060 -6.288984
0.035024 11.746245 -0.000442 -0.007641 0.127274 -0.275557 0.420431 11.288600 9.776558 -10.736673 -7.107572 -8.166999
0.005565 11.533911 -0.000388 -0.007883 0.127274 -0.354525 -4.626914 11.416496 9.638628 -9.110057 -9.144426 -8.110546
-0.022226 11.274404 -0.000456 -0.007337 0.127274 -0.357707 -3.886586 11.163700 9.805177 -11.076547 -9.226504 -9.335164
-0.059384 10.906254 -0.000352 -0.004939 0.127274 -0.413291 -3.424819 10.540397 9.755384 -11.859500 -10.660190 -10.357968
-0.097685 10.487061 -0.000209 -0.003282 0.127274 -0.458904 -3.053345 10.340736 9.724895 -11.616316 -11.836709 -10.589293
-0.119720 10.178729 -0.000166 -0.002036 0.127274 -0.463093 -2.845815 10.068172 9.789327 -11.583555 -11.944770 -10.656234
-0.119959 10.122633 -0.000081 -0.001495 0.127274 -0.457250 -2.692826 10.197421 9.853878 -10.659239 -11.794066 -10.011464
-0.106784 10.216954 -0.000097 -0.001629 0.127274 -0.423277 -2.612410 10.330663 9.988269 -10.581037 -10.917769 -9.779392
-0.104664 10.257805 -0.000096 -0.001209 0.127274 -0.408086 -2.563524 10.228623 10.044326 -10.061698 -10.525944 -9.352974
-0.113917 10.245792 -0.000055 -0.000904 0.115163 -0.392373 -2.478270 10.299652 10.104598 -9.089531 -10.120664 -8.604180
-0.120338 10.237028 -0.000058 -0.000594 0.104203 -0.366471 -2.501649 10.276051 10.206962 -8.930379 -9.452561 -8.369771
-0.120181 10.277787 -0.000025 -0.000318 0.094287 -0.359675 -2.588521 10.324308 10.259177 -8.797802 -9.277252 -8.276248
-0.117800 10.362826 -0.000024 -0.000465 0.085315 -0.357193 -2.623591 10.435080 10.310981 -8.063994 -9.213235 -7.791309
-0.112603 10.457962 -0.000038 -0.000659 0.077196 -0.338337 -2.607142 10.575596 10.425009 -7.680138 -8.726887 -7.443307
-0.102994 10.572214 -0.000044 -0.000660 0.069850 -0.322075 -2.564796 10.659979 10.530200 -7.346385 -8.307412 -7.142768
-0.071312 10.906950 -0.000038 -0.001690 0.063203 -0.306436 -2.457077 11.187589 10.650937 -7.100959 -7.904049 -6.894590
-0.058852 10.976720 -0.000140 -0.001461 0.057188 -0.289104 -2.290042 10.877436 10.752927 -6.459042 -7.456984 -6.374960
-0.063710 10.846158 -0.000037 -0.000418 0.051746 -0.259660 -2.046993 10.907387 10.848502 -5.805396 -6.697525 -5.733669
-0.049736 10.944883 -0.000020 -0.000432 0.046822 -0.227793 -1.773682 11.051987 10.935248 -6.026667 -5.875563 -5.599145
-0.039471 11.020863 -0.000034 -0.000384 0.042366 -0.218700 -1.470441 10.982905 10.930749 -6.236436 -5.641031 -5.646218
-0.035636 11.050390 -0.000018 -0.000537 0.038334 -0.219766 -1.132670 11.052916 10.891252 -6.119368 -5.668533 -5.586705
-0.033958 11.068222 -0.000045 -0.000794 0.034686 -0.218971 -0.757074 11.041500 10.869983 -6.306478 -5.648005 -5.694277
-0.035076 11.082369 -0.000047 -0.000953 0.031385 -0.226282 -0.340328 11.058152 10.834310 -6.402901 -5.836604 -5.825542
-0.039986 11.079959 -0.000060 -0.001102 0.028399 -0.236538 0.373469 11.048460 10.809929 -6.151243 -6.101141 -5.780224
-0.042916 11.072169 -0.000064 -0.001176 0.025696 -0.238704 -0.110064 11.086805 10.831823 -5.757153 -6.157003 -5.579797
-0.040689 11.080120 -0.000068 -0.001114 0.023251 -0.231928 0.874492 11.109332 10.891212 -5.685313 -5.982211 -5.494440
-0.037559 11.101484 -0.000058 -0.000943 0.021038 -0.226963 0.700280 11.120867 10.937900 -5.026440 -5.854146 -5.071855
-0.028006 11.211206 -0.000049 -0.001226 0.019036 -0.208789 0.523099 11.355016 11.036770 -3.849292 -5.385396 -4.224581
-0.023908 11.237174 -0.000083 -0.000899 0.022388 -0.172956 0.417677 11.275666 11.189576 -4.579236 -4.461141 -4.320183
-0.025903 11.188785 -0.000025 0.000004 0.022388 -0.174695 0.353031 11.109073 11.179290 -5.619476 -4.505988 -4.955869
0.013357 11.638023 0.000014 -0.002058 0.022388 -0.197774 0.130480 11.964944 11.128924 -5.212109 -5.101286 -4.971255
0.010165 11.600442 -0.000213 -0.002115 0.057200 -0.197925 -0.858428 11.299263 11.166498 -5.204003 -5.105156 -4.974647
-0.030245 11.164781 -0.000037 0.000008 0.057200 -0.198921 -0.307080 11.048651 11.157783 -5.222967 -5.130859 -5.002584
-0.035240 11.168024 0.000024 -0.000046 0.057200 -0.203307 1.048498 11.255562 11.150846 -5.251930 -5.243996 -5.071862
-0.036375 11.193521 -0.000029 -0.000191 0.057200 -0.208999 0.649870 11.143202 11.154428 -5.942152 -5.390805 -5.549089
-0.037977 11.205629 0.000000 -0.000230 0.057200 -0.229716 0.154351 11.207917 11.111895 -5.418653 -5.925165 -5.448281
-0.037931 11.217560 -0.000027 -0.000474 0.057200 -0.225355 -1.681793 11.269052 11.166239 -4.830101 -5.812686 -5.076369
-0.036404 11.241837 -0.000028 -0.000339 0.057200 -0.208791 -1.413954 11.304990 11.258724 -4.542508 -5.385431 -4.766637
-0.035927 11.265775 -0.000014 -0.000032 0.057200 -0.195034 -1.220516 11.307258 11.332283 -4.398803 -5.030599 -4.565600
-0.032758 11.293516 0.000004 0.000174 0.057200 -0.185327 -1.137847 11.337130 11.383013 -5.161491 -4.780220 -4.930524
-0.027034 11.340360 0.000010 0.000191 0.057200 -0.197400 -1.070200 11.309990 11.345794 -5.101724 -5.091617 -5.019615
-0.020909 11.387667 0.000007 -0.000188 0.057200 -0.198392 -0.909056 11.448935 11.349108 -4.677781 -5.117203 -4.790761
-0.017051 11.399133 -0.000027 -0.000224 0.051757 -0.186413 -0.717456 11.397271 11.392090 -5.134667 -4.808223 -4.934494
-0.018371 11.392624 -0.000003 -0.000002 0.046832 -0.190802 -0.463562 11.360691 11.363929 -4.927401 -4.921445 -4.858412
-0.021545 11.394459 -0.000000 -0.000137 0.042375 -0.189266 -0.035312 11.420958 11.366467 -4.512750 -4.881818 -4.606646
-0.023933 11.389381 -0.000015 -0.000103 0.038342 -0.181990 3.325204 11.396018 11.400657 -4.595509 -4.694138 -4.587662
-0.026144 11.373578 0.000000 0.000121 0.034694 -0.182457 2.973233 11.364151 11.406474 -4.636174 -4.706185 -4.621304
-0.025801 11.372283 0.000010 0.000153 0.031392 -0.183921 2.664994 11.384840 11.409106 -4.633340 -4.743945 -4.639671
-0.024356 11.370757 0.000005 0.000172 0.028405 -0.183511 2.390438 11.369050 11.414830 -4.793367 -4.733382 -4.732423
-0.025621 11.361163 0.000011 0.000241 0.025702 -0.186034 2.138259 11.349669 11.404279 -4.471663 -4.798464 -4.574081
-0.028122 11.356650 0.000013 0.000214 0.023256 -0.179896 1.903534 11.390480 11.427762 -4.066542 -4.640126 -4.283423
-0.027394 11.360738 0.000009 0.000301 0.021043 -0.168463 1.705944 11.386519 11.470635 -4.628436 -4.345253 -4.501463
-0.023307 11.376615 0.000021 0.000422 0.019040 -0.176035 1.534923 11.344216 11.436757 -4.742780 -4.540541 -4.642720
-0.017419 11.393420 0.000023 0.000194 0.017228 -0.179192 1.365936 11.415304 11.414944 -4.475833 -4.621987 -4.520258
-0.013334 11.402342 -0.000000 0.000057 0.015589 -0.171215 1.202946 11.404604 11.426316 -4.269042 -4.416232 -4.318758
-0.017494 11.387669 0.000005 0.000173 0.014105 -0.162744 1.044970 11.386842 11.435173 -3.856303 -4.197740 -3.993867
-0.023250 11.374336 0.000012 0.000273 0.012763 -0.152932 0.914603 11.393841 11.458599 -4.221396 -3.944655 -4.106370
-0.022550 11.380481 0.000016 0.000350 0.011549 -0.160340 0.823163 11.345873 11.426869 -4.567707 -4.135709 -4.378990
-0.019194 11.389163 0.000020 0.000169 0.010450 -0.171228 0.740186 11.386456 11.385760 -3.768042 -4.416571 -4.029598
-0.017044 11.378847 -0.000000 0.000031 0.009455 -0.155407 0.659549 11.428812 11.441122 -3.237582 -4.008473 -3.569957
0.006482 11.641578 0.000003 -0.000899 0.008555 -0.135654 0.599234 11.878419 11.527796 -2.872262 -3.498996 -3.161078
-0.001226 11.572949 -0.000088 -0.000203 0.023635 -0.119517 0.558789 11.382741 11.586480 -2.534309 -3.082763 -2.804251
-0.023849 11.288631 0.000051 0.001336 0.023635 -0.105159 0.613237 11.260746 11.604098 -3.526770 -2.712422 -3.238166
-0.016286 11.336662 0.000086 0.001200 0.023635 -0.121385 0.653683 11.327010 11.506970 -3.647529 -3.130927 -3.460874
-0.011338 11.377116 0.000046 0.000582 0.023635 -0.129433 0.568800 11.372550 11.449334 -2.912778 -3.338535 -3.116930
-0.011785 11.369367 0.000020 0.000359 0.023635 -0.115403 0.452783 11.403620 11.478136 -3.285686 -2.976632 -3.183879
-0.014009 11.363515 0.000019 0.000514 0.023635 -0.119509 0.336238 11.304720 11.439962 -3.547920 -3.082547 -3.369158
-0.013839 11.376806 0.000035 0.000283 0.023635 -0.129109 0.188539 11.394252 11.393424 -3.853989 -3.330158 -3.636446
-0.012421 11.377736 0.000001 0.000070 0.023635 -0.140755 -0.065609 11.319249 11.346580 -3.877931 -3.630565 -3.764902
-0.012819 11.373931 0.000008 -0.000123 0.023635 -0.146222 1.091863 11.396296 11.327935 -2.553287 -3.771572 -3.064636
-0.012408 11.370701 -0.000017 -0.000192 0.023635 -0.118001 0.925150 11.455521 11.437509 -2.456683 -3.043644 -2.729944
-0.010376 11.369234 -0.000004 0.000306 0.023635 -0.103510 0.831922 11.350935 11.481413 -3.292083 -2.669874 -3.058472
-0.010639 11.368353 0.000033 0.000507 0.021386 -0.116419 0.739409 11.328510 11.416329 -2.846723 -3.002852 -2.930343
-0.008120 11.382059 0.000023 0.000154 0.019351 -0.111354 0.635551 11.438392 11.426396 -2.992640 -2.872211 -2.959831
-0.007806 11.386273 -0.000002 0.000180 0.017509 -0.112155 0.549907 11.334169 11.411975 -2.950885 -2.892859 -2.940979
-0.010900 11.391824 0.000020 0.000090 0.015843 -0.113118 0.449288 11.432932 11.404945 -2.786717 -2.917714 -2.856247
-0.013321 11.395931 -0.000006 0.000040 0.014335 -0.112166 0.399977 11.377652 11.415366 -3.540921 -2.893148 -3.277586
-0.016945 11.389392 0.000010 0.000117 0.012971 -0.131478 0.358816 11.342798 11.356781 -3.358975 -3.391261 -3.368914
-0.016959 11.394586 0.000004 -0.000170 0.011737 -0.136424 0.289077 11.438807 11.363352 -3.008882 -3.518854 -3.224818
0.001770 11.578504 -0.000018 -0.000965 0.010620 -0.129276 0.238873 11.734338 11.428944 -2.948439 -3.334474 -3.123022
0.019306 11.773160 -0.000076 -0.001544 0.020533 -0.122691 0.180144 11.837582 11.496731 -2.670529 -3.164632 -2.903385
-0.000268 11.553904 -0.000086 -0.000256 0.023034 -0.112589 0.045897 11.369668 11.545154 -2.864201 -2.904067 -2.906778
-0.019001 11.354201 0.000044 0.000857 0.023034 -0.112744 -0.209146 11.345272 11.529504 -3.321655 -2.908059 -3.171025
-0.017198 11.400632 0.000046 0.000578 0.023034 -0.124324 -0.131726 11.409173 11.480870 -3.363033 -3.206733 -3.310306
-0.016669 11.426855 0.000018 0.000242 0.023034 -0.131143 0.010175 11.427492 11.461959 -3.441676 -3.382627 -3.425911
-0.016542 11.435289 0.000009 0.000120 0.023034 -0.136136 -0.317606 11.436423 11.454188 -3.813936 -3.511418 -3.691106
-0.018044 11.441063 0.000005 0.000059 0.023034 -0.147011 -0.280018 11.418629 11.426729 -3.882334 -3.791928 -3.842304
-0.020136 11.458637 0.000002 -0.000143 0.023034 -0.154162 -0.231935 11.482829 11.422106 -4.190679 -3.976357 -4.094922
-0.022816 11.471076 -0.000015 -0.000220 0.023034 -0.165850 -0.226882 11.443149 11.408479 -4.615009 -4.277842 -4.460854
-0.025370 11.475377 -0.000009 -0.000300 0.023034 -0.181871 -0.195400 11.472017 11.386027 -4.681440 -4.691076 -4.667049
-0.025099 11.492444 -0.000022 -0.000477 0.023034 -0.190157 -0.124940 11.509619 11.397502 -4.511359 -4.904795 -4.662819
-0.023006 11.510828 -0.000028 -0.000508 0.023034 -0.188447 -0.047472 11.545800 11.442839 -4.572931 -4.860694 -4.690339
-0.022415 11.520397 -0.000026 -0.000348 0.020842 -0.187289 -0.064828 11.524945 11.475467 -4.539872 -4.830830 -4.666773
-0.023190 11.527224 -0.000013 -0.000232 0.018859 -0.185014 -0.111284 11.554194 11.505790 -4.459915 -4.772150 -4.603819
-0.021764 11.540599 -0.000013 -0.000156 0.017064 -0.181373 -0.284810 11.556710 11.536257 -5.312209 -4.678230 -5.053978
-0.022344 11.545121 -0.000006 -0.000040 0.015440 -0.198509 -0.308572 11.481054 11.482349 -5.215246 -5.120234 -5.172684
