0.000000 0.006017 0.000000 0.000000 0.000000 0.000000 0.000000 0.000000 0.000000 5.471346 0.000000 5.471346
0.000000 0.010630 0.000000 0.000000 0.000000 0.000000 0.000000 0.000000 0.000000 5.471355 0.000000 5.471355
0.000000 0.009347 0.000000 0.000000 0.000000 0.000000 0.000000 0.000000 0.000000 5.471197 0.000000 5.471197
0.000000 0.064042 0.000000 0.000000 0.000000 0.000000 0.000000 0.000000 0.000000 5.471010 0.000000 5.471010
0.000000 0.228468 0.000000 0.000000 0.000000 0.000000 0.000000 0.000000 0.000000 5.471087 0.000000 5.471087
0.000000 0.433222 0.000000 0.000000 0.000000 0.000000 0.000000 0.000000 0.000000 5.471303 0.000000 5.471303
0.000000 0.546592 0.000000 0.000000 0.000000 0.000000 0.000000 0.000000 0.000000 5.471010 0.000000 5.471010
0.000000 0.575260 0.000000 0.000000 0.000000 0.000000 0.000000 0.000000 0.000000 5.470749 0.000000 5.470749
0.000000 0.607664 0.000000 0.000000 0.000000 0.000000 0.000000 0.000000 0.000000 5.470457 0.000000 5.470457
0.000000 0.667978 0.000000 0.000000 0.000000 0.000000 0.000000 0.000000 0.000000 5.460433 0.000000 5.460433
0.000000 0.744120 0.000000 0.000000 0.000000 0.000000 0.000000 0.000000 0.000000 5.457424 0.000000 5.457424
0.000000 0.821932 0.000000 0.000000 0.000000 0.000000 0.000000 0.000000 0.000000 5.464763 0.000000 5.464763
0.000000 0.911104 0.000000 0.000000 0.000000 0.000000 0.000000 0.000000 0.000000 5.457876 0.000000 5.457876
0.289238 1.008400 0.000000 0.000000 0.000000 0.000000 0.000000 0.000000 0.000000 5.463539 0.000000 5.463539
0.181371 1.100061 0.000000 0.000000 0.000000 0.000000 0.000000 0.000000 0.000000 5.470066 0.000000 5.470066
0.132184 1.197482 0.000000 0.000000 0.000000 0.000000 0.000000 0.000000 0.000000 5.468584 0.000000 5.468584
0.104092 1.308851 0.000000 0.000000 0.000000 0.000000 0.000000 0.000000 0.000000 5.474572 0.000000 5.474572
0.119409 1.433472 0.000000 0.000000 0.000000 0.000000 0.000000 0.000000 0.000000 5.473406 0.000000 5.473406
0.157048 1.582572 0.000000 0.000000 0.000000 0.000000 0.000000 0.000000 0.000000 5.474313 0.000000 5.474313
0.162500 1.686724 0.000000 0.000000 0.000000 0.000000 0.000000 0.000000 0.000000 5.476591 0.000000 5.476591
0.152798 1.767027 0.000000 0.000000 0.000000 0.000000 0.000000 0.000000 0.000000 5.471271 0.000000 5.471271
0.142952 1.874957 0.000000 0.000000 0.000000 0.000000 0.000000 0.000000 0.000000 5.469661 0.000000 5.469661
0.122170 1.972138 0.000000 0.000000 0.000000 0.000000 0.000000 0.000000 0.000000 5.470048 0.000000 5.470048
0.101878 2.068313 0.000000 0.000000 0.000000 0.000000 0.000000 0.000000 0.000000 5.469470 0.000000 5.469470
0.084288 2.171706 0.000000 0.000000 0.000000 0.000000 0.000000 0.000000 0.000000 5.472962 0.000000 5.472962
0.072278 2.275771 0.000000 0.000000 0.000000 0.000000 0.000000 0.000000 0.000000 5.474395 0.000000 5.474395
0.069625 2.387123 0.000000 0.000000 0.000000 0.000000 0.000000 0.000000 0.000000 5.472199 0.000000 5.472199
0.070363 2.500658 0.000000 0.000000 0.000000 0.000000 0.000000 0.000000 0.000000 5.468679 0.000000 5.468679
0.066953 2.603641 0.000000 0.000000 0.000000 0.000000 0.000000 0.000000 0.000000 5.469129 0.000000 5.469129
0.066995 2.705031 0.000000 0.000000 0.000000 0.000000 0.000000 0.000000 0.000000 5.466992 0.000000 5.466992
0.067516 2.807919 0.000000 0.000000 0.000000 0.000000 0.000000 0.000000 0.000000 5.460677 0.000000 5.460677
0.059663 2.915048 0.000000 0.000000 0.000000 0.000000 0.000000 0.000000 0.000000 5.463750 0.000000 5.463750
0.055056 3.023613 0.000000 0.000000 0.000000 0.000000 0.000000 0.000000 0.000000 5.466327 0.000000 5.466327
0.059888 3.131713 0.000000 0.000000 0.000000 0.000000 0.000000 0.000000 0.000000 5.458061 0.000000 5.458061
0.056283 3.239027 0.000000 0.000000 0.000000 0.000000 0.000000 0.000000 0.000000 5.458605 0.000000 5.458605
0.044618 3.337888 0.000000 0.000000 0.000000 0.000000 0.000000 0.000000 0.000000 5.469380 0.000000 5.469380
0.039559 3.438054 0.000000 0.000000 0.000000 0.000000 0.000000 0.000000 0.000000 5.472543 0.000000 5.472543
0.036502 3.544717 0.000000 0.000000 0.000000 0.000000 0.000000 0.000000 0.000000 5.472953 0.000000 5.472953
0.038991 3.658087 0.000000 0.000000 0.000000 0.000000 0.000000 0.000000 0.000000 5.470547 0.000000 5.470547
0.044145 3.770143 0.000000 0.000000 0.000000 0.000000 0.000000 0.000000 0.000000 5.467101 0.000000 5.467101
0.041789 3.871969 0.000000 0.000000 0.000000 0.000000 0.000000 0.000000 0.000000 5.468135 0.000000 5.468135
0.036327 3.969053 0.000000 0.000000 0.000000 0.000000 0.000000 3.969053 3.969053 5.469650 0.000000 5.469650
0.034270 4.067549 0.000000 -0.000628 0.000000 0.284015 0.000000 4.556980 4.389537 5.466878 5.934963 5.466878
0.035108 4.168655 -0.000060 0.001408 0.016065 0.150569 0.000060 3.822852 424.745728 5.462495 3.146386 5.462495
0.035785 4.270379 0.000181 2.680202 0.048802 0.212502 -0.268162 4.802283 382.872075 5.461655 4.440580 5.461655
0.034294 4.366053 -0.000107 2.412680 0.048802 0.188999 -0.277404 4.093726 345.098130 5.463739 3.949446 5.463739
0.030895 4.454930 0.000168 2.171334 0.048802 0.198914 -0.265000 4.857579 311.147496 5.465275 4.156636 5.465275
0.030648 4.552682 -0.000067 1.954303 0.048802 0.195917 0.062086 4.407011 280.586261 5.464185 4.094013 5.464185
0.034685 4.656600 0.000124 1.758836 0.048802 0.198644 -1.827280 4.959137 253.096160 5.463370 4.151000 5.463370
0.037256 4.747145 -0.000039 1.583031 0.048802 0.201207 -1.580278 4.676078 228.359785 5.460509 4.204551 5.460509
0.032888 4.834779 0.000093 1.424797 0.048802 0.202745 -1.370191 5.056031 206.101576 8.331003 4.236686 8.331003
0.027950 4.933803 -0.000012 1.282287 0.048802 0.366529 -1.192496 5.143402 186.292180 8.352783 7.659238 8.352783
0.030221 5.047245 0.000063 1.155295 0.048802 0.329751 -0.878324 5.022388 168.219754 8.363986 6.890694 8.363986
0.038966 5.178272 0.000116 1.039262 0.048802 0.336450 -0.325508 5.413587 152.026213 8.374370 7.030692 8.374370
0.052921 5.326044 0.000010 0.935099 0.048802 0.337533 1.433144 5.356886 137.457073 8.386147 7.053327 8.386147
0.070770 5.488637 0.000062 0.841196 0.044158 0.342488 0.832518 5.694100 124.360291 8.399614 7.156866 8.399614
0.088733 5.647705 -0.000024 0.756700 0.039956 0.348696 0.014874 5.703888 112.582332 8.414419 7.286585 8.414419
0.102863 5.795456 0.000007 0.680683 0.036153 0.363865 -36.162288 5.953382 101.988316 8.419106 7.603560 8.419106
0.111808 5.946633 -0.000049 0.612191 0.032713 0.364023 -32.532597 6.002461 92.445375 8.298317 7.606872 8.298317
0.108410 6.101273 -0.000041 0.550376 0.029600 0.351529 -29.269337 6.232233 83.862875 8.066717 7.345789 8.066717
0.095166 6.249335 -0.000097 0.494726 0.026783 0.323299 -26.335036 6.317139 76.155645 7.755715 6.755882 7.755715
0.083959 6.397620 -0.000098 0.444653 0.026329 0.289003 -23.698212 6.537068 69.254905 7.349877 6.039206 7.349877
0.075298 6.547199 -0.000137 0.399713 0.036950 0.254014 -21.327969 6.653702 63.082533 7.039822 5.308053 7.039822
0.072296 6.729458 -0.000130 0.359207 0.036950 0.227384 -19.200327 6.920075 57.577238 6.727695 4.751578 6.727695
0.062916 6.844544 -0.000164 0.323381 0.044101 0.206479 -17.287076 6.932475 52.652326 6.349893 4.314717 6.349893
0.050734 6.908138 -0.000103 0.291583 0.044101 0.188905 -15.571655 7.041459 48.230698 6.030052 3.947485 6.030052
0.048705 7.028603 -0.000078 0.262631 0.044101 0.177408 -14.030643 7.174668 44.266837 5.816588 3.707230 5.816588
0.061176 7.260216 -0.000063 0.235888 0.044101 0.171209 -12.644905 7.487015 40.724535 5.709541 3.577703 5.709541
0.065343 7.417474 -0.000109 0.212307 0.044101 0.171090 -11.392558 7.521890 37.553877 5.475358 3.575213 5.475358
0.049449 7.395122 -0.000056 0.192239 0.044101 0.169913 -10.261184 7.436361 34.680655 5.111060 3.550617 5.111060
0.036046 7.403314 0.000026 0.173872 0.044101 0.162931 -9.245659 7.494027 32.070071 4.891628 3.404708 4.891628
0.030227 7.481413 0.000044 0.156734 0.044101 0.157300 -8.335420 7.582952 29.722836 4.801018 3.287052 4.801018
0.026957 7.565379 0.000047 0.141236 0.044101 0.155302 -7.513472 7.664982 27.620752 4.717766 3.245298 4.717766
0.024259 7.634539 0.000053 0.127396 0.044101 0.154840 -6.766289 7.720731 25.732676 4.649557 3.235643 4.649557
0.022316 7.716784 0.000067 0.114837 0.044101 0.155551 -6.084950 7.819776 24.037237 4.484112 3.250492 4.464315
0.019155 7.804283 0.000063 0.103472 0.039904 0.151097 -5.465211 7.884502 22.506555 4.310420 3.157430 4.254933
0.015381 7.884472 0.000066 0.093204 0.036106 0.143946 -4.911116 7.971009 21.130908 4.339488 3.007988 4.180976
0.013526 7.967788 0.000060 0.083905 0.032670 0.143280 -4.411891 8.065174 19.914558 4.387875 2.994076 4.155241
0.013501 8.048837 0.000056 0.075635 0.029561 0.146042 -3.956888 8.140406 18.832626 4.412287 3.051787 4.134360
0.018381 8.158325 0.000061 0.068040 0.026748 0.150040 -3.540768 8.274800 17.867335 4.431604 3.135346 4.121802
0.021622 8.237325 0.000044 0.061384 0.024203 0.155492 -3.160584 8.304662 17.001651 4.297419 3.249267 4.017719
0.020643 8.282652 0.000063 0.055577 0.021900 0.157032 -2.817935 8.343735 16.208441 4.004611 3.281452 3.790728
0.031581 8.449398 0.000070 0.049458 0.019816 0.149923 -2.515482 8.588220 15.486828 3.503302 3.132894 3.378419
0.028136 8.490705 -0.000001 0.044595 0.017930 0.132088 -2.243984 8.440501 14.815024 2.995353 2.760206 2.902974
0.015906 8.440067 0.000058 0.040635 0.016224 0.111183 -2.004096 8.457374 14.195182 2.522677 2.323352 2.435361
0.018580 8.498187 0.000053 0.036314 0.014680 0.091229 -1.790298 8.545802 13.640447 2.087911 1.906384 2.001204
0.021406 8.550274 0.000023 0.032446 0.013283 0.074092 -1.602862 8.567480 13.145058 1.555670 1.548273 1.522962
0.022303 8.585867 0.000018 0.029061 0.012019 0.054559 -1.441935 8.601133 12.689694 0.959677 1.140101 0.991692
0.019306 8.603085 0.000005 0.026049 0.010875 0.031366 -1.308317 8.591101 12.267488 0.600673 0.655441 0.596840
0.012633 8.605738 0.000004 0.023341 0.009840 0.012434 -1.195398 8.613336 11.897201 0.232138 0.259821 0.221719
0.008591 8.626285 -0.000005 0.020850 0.008904 -0.006777 -1.088316 8.634566 11.568031 -0.232347 -0.141623 -0.218862
0.002545 8.620560 -0.000013 0.018788 0.008056 -0.028851 -0.985788 8.602545 11.266473 -0.510975 -0.602884 -0.558446
-0.005345 8.590082 -0.000003 0.017060 0.007290 -0.045107 -0.887920 8.587013 11.005734 -0.705117 -0.942594 -0.805621
-0.008276 8.575371 0.000005 0.015492 0.006596 -0.055160 -0.790875 8.583886 10.780526 -1.092315 -1.152668 -1.137925
-0.007704 8.553615 0.000011 0.014195 0.005968 -0.066494 -0.697106 8.533928 10.562366 -1.464347 -1.389512 -1.463957
-0.005410 8.533204 0.000029 0.012934 0.007707 -0.075249 -0.618284 8.527006 10.353832 -1.748030 -1.572458 -1.709300
-0.002605 8.522704 0.000026 0.011672 0.007707 -0.080416 -0.555795 8.506082 10.157538 -2.088994 -1.680431 -1.963029
-0.000811 8.515420 0.000026 0.010467 0.007707 -0.088138 -0.514688 8.492218 9.962653 -2.293532 -1.841786 -2.139123
-0.002194 8.503507 0.000018 0.009301 0.007707 -0.095136 -0.487301 8.478624 9.782824 -2.524503 -1.988024 -2.326682
-0.005932 8.482940 0.000010 0.008286 0.007707 -0.105869 -0.458023 8.446116 9.612559 -2.832107 -2.212308 -2.589732
-0.010193 8.456502 0.000006 0.007369 0.007707 -0.121581 -0.423076 8.418280 9.450422 -3.104422 -2.540631 -2.862909
-0.013778 8.428768 -0.000001 0.006512 0.007707 -0.137621 -0.383086 8.394832 9.305930 -3.320130 -2.875832 -3.102903
-0.014885 8.397258 -0.000007 0.005792 0.007707 -0.150202 -0.338902 8.365844 9.181707 -3.567718 -3.138718 -3.344702
-0.009402 8.402138 -0.000008 0.004969 0.007707 -0.159981 -0.291053 8.398967 9.071543 -3.854747 -3.343069 -3.594431
-0.001632 8.415462 -0.000029 0.004182 0.007824 -0.168623 -0.248221 8.390243 8.967520 -4.119656 -3.523653 -3.818804
-0.005982 8.325162 -0.000036 0.004095 0.009769 -0.175829 -0.217926 8.228353 8.858540 -4.371868 -3.674239 -4.023561
-0.013944 8.216351 0.000007 0.004093 0.009769 -0.183379 -0.210473 8.154375 8.741946 -4.530325 -3.832006 -4.165166
-0.017071 8.156692 0.000013 0.003731 0.009769 -0.189422 -0.210762 8.106119 8.630994 -4.670818 -3.958297 -4.285434
-0.020393 8.091297 0.000011 0.003440 0.009769 -0.195631 -0.191529 8.025947 8.523532 -4.911150 -4.088029 -4.477107
-0.024476 8.023543 0.000019 0.003187 0.009769 -0.205728 -0.155969 7.959824 8.411737 -4.997103 -4.299024 -4.580822
-0.031113 7.954596 0.000018 0.002914 0.009769 -0.212834 -0.120788 7.898006 8.313615 -4.713022 -4.447533 -4.404086
-0.039409 7.881647 0.000020 0.002753 0.009769 -0.207238 0.036153 7.848629 8.250487 -4.388937 -4.330576 -4.137209
-0.040490 7.826650 0.000028 0.002702 0.009769 -0.195515 -1.351504 7.804685 8.203722 -4.202976 -4.085607 -3.945102
-0.036158 7.782543 0.000038 0.002685 0.010334 -0.182891 -1.158087 7.756018 8.152792 -4.091272 -3.821814 -3.800640
-0.040721 7.664620 0.000048 0.003112 0.012962 -0.170795 -0.963571 7.571273 8.083745 -4.141979 -3.569055 -3.778189
-0.046873 7.518320 0.000099 0.003604 0.026635 -0.164064 -0.761169 7.432946 7.984191 -4.295812 -3.428388 -3.855881
-0.042119 7.443118 0.000122 0.003449 0.032736 -0.161444 -0.484840 7.386133 7.864961 -4.373506 -3.373635 -3.883977
-0.033489 7.408666 0.000104 0.002909 0.032736 -0.156924 -0.283187 7.351626 7.744266 -4.283835 -3.279199 -3.768937
-0.027327 7.378439 0.000080 0.002332 0.032736 -0.149035 -0.352463 7.324465 7.632261 -4.149884 -3.114335 -3.604681
-0.025029 7.327329 0.000056 0.001944 0.032736 -0.142201 -0.500737 7.251876 7.524024 -4.214328 -2.971522 -3.599694
-0.026168 7.263483 0.000049 0.001661 0.032736 -0.145762 -0.601245 7.179465 7.404666 -4.097910 -3.045948 -3.494315
-0.009769 7.334213 0.000038 0.000449 0.032736 -0.145044 -0.680541 7.379035 7.318644 -3.756974 -3.030935 -3.208634
-0.012541 7.239213 -0.000060 0.000506 0.032736 -0.134688 -0.658667 7.072847 7.256194 -3.695951 -2.814537 -3.104528
-0.028888 7.032593 0.000031 0.001425 0.032736 -0.131032 -0.569311 6.934218 7.167661 -3.539343 -2.738139 -2.949072
-0.023988 6.978105 0.000052 0.001208 0.032736 -0.122546 -0.504115 6.953065 7.088555 -3.327613 -2.560807 -2.733637
-0.019267 6.931393 0.000021 0.001002 0.032736 -0.110730 -0.457972 6.856487 7.015271 -3.257555 -2.313879 -2.623026
-0.014013 6.905372 0.000032 0.000701 0.032736 -0.106169 -0.489479 6.873632 6.933435 -3.125554 -2.218573 -2.483057
-0.011805 6.858930 -0.000001 0.000475 0.029621 -0.101643 -0.563228 6.779076 6.857892 -3.072261 -2.124011 -2.409727
-0.012079 6.798722 0.000008 0.000377 0.026802 -0.100863 -0.636338 6.743249 6.780785 -3.097411 -2.107695 -2.414104
-0.010589 6.760627 -0.000005 0.000128 0.024252 -0.104476 -0.725674 6.700228 6.704467 -3.109013 -2.183207 -2.421944
-0.011510 6.717673 -0.000015 -0.000084 0.021944 -0.109091 -0.812294 6.662125 6.636282 -2.951441 -2.279640 -2.294499
-0.014182 6.672358 -0.000024 -0.000230 0.019856 -0.107575 -0.865873 6.630108 6.589454 -2.685490 -2.247952 -2.064245
-0.012257 6.641409 -0.000028 -0.000331 0.017966 -0.099908 -0.852795 6.617601 6.561802 -2.570536 -2.087741 -1.951109
-0.000210 6.665163 -0.000032 -0.000659 0.016256 -0.094831 -0.793464 6.666967 6.535892 -2.553614 -1.981662 -1.925866
-0.000790 6.607256 -0.000058 -0.000455 0.015545 -0.093173 -0.738303 6.516547 6.500089 -2.302321 -1.946998 -1.711568
-0.007225 6.514020 -0.000016 -0.000089 0.015545 -0.081575 -0.697922 6.485323 6.474806 -1.974424 -1.704655 -1.406939
-0.002546 6.496830 -0.000013 -0.000140 0.015545 -0.065911 -0.635775 6.485783 6.456756 -1.854327 -1.377316 -1.271446
0.001597 6.478324 -0.000019 -0.000137 0.015545 -0.059050 -0.549397 6.436546 6.423101 -1.667421 -1.233946 -1.095723
0.007845 6.461531 -0.000012 -0.000245 0.015545 -0.049996 -0.464320 6.448976 6.394401 -1.439386 -1.044749 -0.879452
0.016943 6.462878 -0.000026 -0.000436 0.015545 -0.037486 -0.360207 6.444372 6.371621 -1.245978 -0.783333 -0.685374
0.016073 6.434136 -0.000032 -0.000398 0.015545 -0.028628 -0.268411 6.391214 6.343139 -0.903594 -0.598230 -0.366913
0.011554 6.383991 -0.000023 -0.000260 0.015545 -0.016696 -0.128117 6.355287 6.324299 -0.743509 -0.348898 -0.207170
0.011716 6.358022 -0.000016 -0.000215 0.015545 -0.011832 0.312235 6.330584 6.298046 -0.713548 -0.247249 -0.175652
0.009839 6.336938 -0.000017 -0.000248 0.015545 -0.013726 0.141051 6.307014 6.266928 -0.485020 -0.286831 0.018742
0.007170 6.318491 -0.000019 -0.000329 0.015545 -0.008183 -0.116145 6.312794 6.257205 -0.153728 -0.170987 0.310836
0.008304 6.315768 -0.000024 -0.000373 0.014066 0.002876 0.358400 6.319443 6.264357 0.027948 0.060107 0.475153
0.009259 6.314967 -0.000024 -0.000323 0.012728 0.009315 0.127774 6.308973 6.267004 0.037323 0.194642 0.478786
0.007255 6.299043 -0.000019 -0.000204 0.011516 0.007837 -0.340687 6.279289 6.258397 0.040615 0.163776 0.464736
0.005145 6.276930 -0.000011 -0.000118 0.010420 0.006432 -0.197601 6.265796 6.251004 0.056958 0.134404 0.461703
0.004314 6.265935 -0.000008 -0.000095 0.009429 0.006261 -0.091702 6.260232 6.246683 0.067092 0.130838 0.454750
0.007051 6.274249 -0.000008 -0.000176 0.008532 0.006247 -0.057342 6.280678 6.244654 1.106496 0.130542 1.366174
0.007994 6.267538 -0.000015 -0.000146 0.007720 0.053304 -0.173214 6.330295 6.320212 1.190693 1.113886 1.487250
0.008664 6.261609 -0.000006 0.000374 0.006985 0.060593 -0.228888 6.212426 6.320118 1.442801 1.266184 1.711099
0.011617 6.275771 0.000036 0.000283 0.009753 0.072603 -0.276362 6.339706 6.328943 1.883673 1.517171 2.110968
0.016835 6.292897 -0.000006 0.000230 0.009753 0.093334 -0.283817 6.282965 6.352853 2.286622 1.950378 2.488729
0.021927 6.302431 0.000023 0.000321 0.009753 0.114479 -0.215236 6.343248 6.373055 2.655985 2.392236 2.839614
0.023944 6.319609 0.000009 0.000341 0.009753 0.132885 -0.102943 6.320499 6.387511 3.138427 2.776851 3.291035
0.022898 6.350264 0.000023 0.000237 0.009753 0.152082 0.213113 6.401222 6.410932 3.432778 3.178011 3.572078
0.019407 6.389862 0.000003 0.000134 0.009753 0.159119 -0.045348 6.399900 6.427951 3.526677 3.325049 3.653236
0.019317 6.448027 0.000009 -0.000128 0.009753 0.154611 1.139504 6.501666 6.445096 3.570731 3.230863 3.664874
0.021987 6.516774 -0.000021 -0.000457 0.009753 0.149441 0.984731 6.554376 6.477779 3.635763 3.122828 3.687028
0.042824 6.720797 -0.000028 -0.001549 0.009753 0.145956 0.856188 6.892442 6.540590 3.754386 3.049996 3.752672
0.038979 6.763097 -0.000126 -0.001418 0.033972 0.146054 0.753435 6.712503 6.615723 3.860778 3.052041 3.810448
0.019777 6.679760 -0.000036 -0.000408 0.033972 0.147982 0.585376 6.714281 6.682842 3.863749 3.092331 3.782959
0.025808 6.749884 -0.000013 -0.000427 0.033972 0.148666 0.448525 6.836281 6.747461 3.790951 3.106629 3.690786
0.031718 6.829437 -0.000033 -0.000523 0.033972 0.147614 0.466916 6.875338 6.807034 3.940442 3.084640 3.785043
0.033739 6.893171 -0.000026 -0.000549 0.033972 0.154897 0.605820 6.971686 6.879897 4.177739 3.236843 3.974870
0.032686 6.948183 -0.000034 -0.000435 0.033972 0.165498 0.640410 7.000019 6.957364 4.255674 3.458368 4.042561
0.030191 7.012120 -0.000017 -0.000349 0.033972 0.167739 0.591159 7.081658 7.022697 4.198806 3.505195 3.976856
0.027062 7.080521 -0.000022 -0.000369 0.033972 0.161659 0.493395 7.131684 7.080552 4.178283 3.378133 3.913253
0.023847 7.146922 -0.000020 -0.000423 0.033972 0.155611 0.365340 7.219183 7.147261 4.288175 3.251749 3.949539
0.022576 7.217217 -0.000027 -0.000446 0.033972 0.155794 0.132323 7.293453 7.232066 4.334932 3.255573 3.953947
0.023707 7.293570 -0.000023 -0.000392 0.033972 0.156667 -0.733072 7.374696 7.319249 4.336513 3.273816 3.925934
0.026496 7.373030 -0.000021 -0.000343 0.030739 0.157465 -0.489666 7.451479 7.404409 4.405813 3.290490 3.952288
0.030774 7.461993 -0.000018 -0.000367 0.027814 0.162076 -0.220258 7.554137 7.493901 4.221400 3.386840 3.801455
0.031334 7.554226 -0.000023 -0.000385 0.025167 0.156818 0.137979 7.616952 7.562588 4.091084 3.276985 3.656322
0.037664 7.709240 -0.000021 -0.000935 0.022772 0.148252 -0.003223 7.844189 1633.653723 4.227318 3.097965 3.695313
0.035501 7.786362 -0.000075 10.363635 0.020605 0.154251 -1.039627 7.824886 1471.151773 3.983999 3.223328 3.519495
0.020978 7.797033 -0.000032 9.327744 0.018644 0.143511 -0.916594 7.831858 1324.873406 3.760026 2.998905 3.281296
0.014517 7.881339 -0.000012 8.394796 0.016870 0.127112 -0.823135 7.978065 1193.231341 3.732492 2.656219 3.150586
0.023721 8.067177 -0.000041 7.554496 0.015265 0.117242 -0.728533 8.219269 1074.795726 3.680239 2.449971 3.029424
0.020516 8.130093 -0.000091 6.799161 0.024572 0.111493 -0.633747 8.151115 968.221525 3.614055 2.329830 2.919333
0.010732 8.106521 -0.000029 6.119984 0.024572 0.110342 -0.499261 8.167259 872.306438 3.202237 2.305771 2.598581
0.026684 8.309633 0.000001 5.507305 0.024572 0.099361 -0.403823 8.490835 785.974060 3.249391 2.076311 2.545183
0.022588 8.357697 -0.000085 4.956697 0.024572 0.100635 -0.413844 8.339257 708.300493 3.408528 2.102931 2.639599
0.006594 8.298501 0.000004 4.461966 0.024572 0.108909 -0.361515 8.363915 638.398311 3.061878 2.275829 2.436813
0.004681 8.381132 0.000028 4.015868 0.024572 0.100194 -0.278122 8.453919 575.455606 2.898912 2.093724 2.259788
0.004056 8.470745 0.000015 3.614086 0.024572 0.090791 -0.207272 8.544656 518.817570 2.613250 1.897223 1.996665
0.004671 8.561216 0.000003 3.252486 0.024572 0.077913 -0.109019 8.628219 467.845690 2.437092 1.628113 1.783422
0.018706 8.770841 -0.000007 2.926244 0.024572 0.067134 -0.122271 8.945673 421.998939 2.569675 1.402883 1.781759
0.016349 8.810689 -0.000093 2.633753 0.024993 0.068809 -0.014999 8.790299 380.767711 2.358001 1.437882 1.640592
0.001899 8.735614 -0.000002 2.371414 0.024993 0.065309 1.856988 8.760944 343.633579 2.208307 1.364750 1.509024
0.010646 8.861819 0.000031 2.133909 0.024993 0.061993 1.659743 9.005848 310.219733 2.131002 1.295444 1.427779
0.014374 8.926766 -0.000033 1.920507 0.024993 0.062002 1.482877 8.926229 280.153166 1.862115 1.295644 1.251769
0.012618 8.953305 0.000018 1.728687 0.024993 0.057218 1.331619 9.017493 253.075708 1.845420 1.195658 1.206216
0.014452 9.037352 -0.000000 1.555554 0.024993 0.056370 1.210563 9.102020 228.720653 1.726922 1.177945 1.125135
0.014141 9.104258 -0.000012 1.399883 0.024993 0.051642 1.100697 9.147263 206.800228 1.470889 1.079139 0.931525
0.015970 9.179434 -0.000012 1.259678 0.024993 0.041126 1.008141 9.234582 187.067560 1.360901 0.859393 0.786314
0.017033 9.237628 -0.000031 1.133527 0.024993 0.033906 0.936796 9.277717 169.322217 1.284441 0.708531 0.684453
0.017575 9.289458 -0.000030 1.020084 0.024993 0.029627 0.883368 9.342088 153.362178 1.073520 0.619101 0.522212
0.019672 9.363032 -0.000034 0.917882 0.024993 0.022142 0.847837 9.413902 138.996379 0.953815 0.462697 0.392634
0.019419 9.434508 -0.000043 0.825856 0.022615 0.015292 0.833290 9.487863 126.077062 0.888224 0.319562 0.299402
0.016548 9.495017 -0.000052 0.743120 0.020463 0.008565 0.806845 9.543432 114.461550 0.868087 0.178983 0.231440
0.015701 9.539289 -0.000051 0.668797 0.018515 0.003615 0.752124 9.587710 104.021059 0.865671 0.075540 0.185274
0.017638 9.577199 -0.000044 0.602006 0.016754 0.003277 0.667285 9.628110 94.635992 1.022194 0.068487 0.269587
0.022600 9.641165 -0.000033 0.541776 0.015159 0.011205 0.576461 9.723210 86.208109 1.129896 0.234154 0.391504
0.022400 9.697270 -0.000038 0.487697 0.013717 0.020098 0.475120 9.743767 78.624273 1.184957 0.419971 0.493202
0.017686 9.740807 -0.000019 0.439078 0.012411 0.023579 0.366834 9.795870 71.793358 0.993503 0.492718 0.409064
0.016645 9.798617 -0.000015 0.395168 0.011230 0.016857 0.219903 9.838412 65.631480 0.570299 0.352246 0.109561
0.016280 9.840803 -0.000015 0.355622 0.010162 0.000985 0.055901 9.859087 60.068783 0.558507 0.020592 -0.026972
0.013176 9.865866 -0.000015 0.320004 0.009195 -0.005259 -0.246903 9.911674 55.088875 0.756067 -0.109905 0.031994
0.005649 9.882885 -0.000018 0.288153 0.008320 -0.003277 -0.184690 9.924866 50.633289 0.961383 -0.068478 0.159316
-0.003352 9.898747 0.000001 0.259651 0.007528 0.000180 -0.073334 9.955168 46.637152 0.782049 0.003771 0.079045
-0.008112 9.928600 0.000017 0.233988 0.006811 -0.006488 0.298066 9.965775 43.024726 0.620213 -0.135583 -0.076576
-0.003698 9.979860 0.000031 0.210635 0.008459 -0.012894 0.176391 10.047870 39.776981 0.459367 -0.269437 -0.228322
0.004619 10.035646 0.000020 0.189578 0.008459 -0.013830 0.002780 10.080583 32.980756 0.488515 -0.288992 -0.222749
0.010883 10.081826 0.000025 0.145963 0.008459 -0.005994 0.005246 10.141192 30.749235 0.675053 -0.125262 -0.049467
0.015294 10.124430 0.000022 0.131467 0.008459 0.008619 0.100052 10.171103 28.746838 0.548849 0.180107 0.011799
0.016463 10.168728 0.000030 0.118421 0.008459 0.014094 0.140499 10.194512 26.916710 0.121784 0.294522 -0.166554
0.015853 10.213850 0.000029 0.106468 0.008459 0.003695 0.221118 10.216352 25.233456 0.112389 0.077206 -0.246999
0.016701 10.255343 0.000014 0.095474 0.008459 -0.002881 0.296088 10.289178 23.738286 0.438627 -0.060214 -0.113540
0.016497 10.285830 -0.000011 0.085749 0.008459 0.002205 0.330699 10.320602 22.430491 0.590245 0.046087 0.020187
0.010226 10.300394 -0.000008 0.077320 0.008459 0.006009 0.333906 10.325080 21.258334 0.460453 0.125572 -0.013135
0.001156 10.311757 0.000005 0.069776 0.008459 -0.001131 0.308383 10.326239 20.188817 0.525561 -0.023637 -0.040140
-0.000108 10.384825 0.000013 0.062493 0.008459 -0.007781 0.253869 10.472924 19.249649 0.691222 -0.162597 -0.015333
-0.000382 10.419860 -0.000024 0.056283 0.007654 -0.008656 0.148722 10.441509 18.430771 0.666817 -0.180880 -0.043894
0.006724 10.492057 0.000011 0.050603 0.006926 -0.007575 -0.021740 10.596135 17.700540 0.797731 -0.158301 0.029913
0.011032 10.533092 -0.000021 0.045687 0.006267 0.000932 0.802520 10.554431 17.055570 0.903290 0.019484 0.160216
0.007260 10.504992 0.000019 0.041755 0.005670 0.012094 0.706240 10.531793 16.466864 1.071863 0.252720 0.352303
0.008573 10.550260 0.000047 0.037714 0.012738 0.023980 0.622103 10.626531 15.936700 0.685790 0.501096 0.258960
0.008503 10.604501 0.000032 0.033989 0.012738 0.019033 0.529410 10.600744 15.417347 0.631230 0.397732 0.192913
0.009028 10.653444 0.000042 0.030366 0.012738 0.013806 0.470933 10.713135 14.958486 0.768044 0.288489 0.222906
0.011821 10.702231 0.000006 0.027130 0.012738 0.014853 0.418575 10.729510 14.568863 0.565196 0.310382 0.129864
0.011434 10.735485 0.000012 0.024435 0.012738 0.010255 0.391268 10.759395 14.204656 0.809466 0.214296 0.220543
0.015215 10.826882 0.000007 0.021531 0.012738 0.013643 0.382414 10.925554 13.911561 1.135359 0.285103 0.423967
0.012154 10.852336 -0.000034 0.019500 0.012738 0.022248 0.347158 10.857594 13.669471 0.794104 0.464909 0.327135
0.004979 10.842695 0.000013 0.018018 0.012738 0.015109 0.279323 10.855491 13.411508 0.428572 0.315728 0.073106
0.011992 10.964029 0.000021 0.015601 0.012738 0.000563 0.224327 11.059332 13.175232 0.490093 0.011755 -0.031866
0.013462 10.990940 -0.000047 0.013923 0.012738 -0.003802 0.188960 10.972137 12.992714 0.783691 -0.079452 0.076164
0.010833 10.964155 -0.000001 0.012930 0.012738 0.004651 0.166775 11.022569 12.854658 0.993772 0.097191 0.262525
0.015019 11.016360 0.000004 0.011718 0.011526 0.017082 0.111210 11.078704 12.738140 0.889590 0.356955 0.328080
0.017861 11.066299 0.000007 0.010657 0.010429 0.022596 0.019921 11.096363 12.610943 0.481592 0.472184 0.177234
0.018501 11.111387 0.000014 0.009558 0.009436 0.015372 -0.144530 11.124114 12.461694 0.177315 0.321233 -0.037778
0.017754 11.156795 0.000004 0.008318 0.008538 0.003138 -0.190646 11.172136 12.320399 0.273230 0.065577 -0.098108
0.016236 11.196159 -0.000016 0.007166 0.007726 -0.002428 -0.246254 11.230966 12.223565 0.415445 -0.050734 -0.076227
0.014534 11.223587 -0.000029 0.006374 0.007898 -0.003464 -0.269082 11.252683 12.158566 0.526104 -0.072384 -0.030205
0.023718 11.375364 -0.000022 0.004992 0.007898 -0.002586 -0.269590 11.518441 12.125177 0.364667 -0.054033 -0.103802
0.020069 11.377764 -0.000094 0.004764 0.025386 -0.007015 -0.256331 11.296657 12.081870 0.118984 -0.146600 -0.270294
0.007802 11.287932 -0.000000 0.005061 0.025386 -0.015574 -0.272560 11.300891 12.022415 0.316932 -0.325441 -0.256343
0.006999 11.344748 0.000005 0.004320 0.025386 -0.015861 -0.312620 11.428059 12.002874 0.402069 -0.331444 -0.220690
0.004621 11.386611 -0.000022 0.003928 0.025386 -0.015532 -0.297166 11.408520 11.996316 -1.667087 -0.324565 -1.236690
0.001623 11.429503 0.000005 0.003613 0.025386 -0.067737 -0.250296 11.345499 11.838845 -0.897464 -1.415483 -1.378348
0.000803 11.481431 -0.000008 0.002278 0.025386 -0.076034 -0.142096 11.629066 11.841994 -0.930842 -1.588851 -1.485692
0.000402 11.508054 -0.000090 0.002129 0.025386 -0.080486 0.141762 11.460644 11.858000 -1.052707 -1.681882 -1.597561
-0.002290 11.510229 -0.000008 0.002217 0.025386 -0.083618 -0.220496 11.597133 11.870458 -1.366438 -1.747346 -1.787145
-0.005963 11.512957 -0.000037 0.002279 0.025386 -0.091260 0.047384 11.474213 11.863305 -2.252664 -1.907034 -2.297630
-0.012170 11.514222 0.000018 0.002225 0.025386 -0.116276 -0.708533 11.520280 11.802448 -2.403184 -2.429790 -2.619971
-0.017774 11.520705 -0.000008 0.001796 0.025386 -0.133765 -0.632818 11.523042 11.776272 -2.263459 -2.795236 -2.728347
-0.013657 11.601800 -0.000008 0.001112 0.022971 -0.139129 -0.551759 11.704729 11.798748 -2.747923 -2.907337 -3.024410
-0.010538 11.666232 -0.000055 0.000845 0.020785 -0.151993 -0.478410 11.647402 11.797464 -2.847110 -3.176149 -3.206009
-0.011783 11.688802 -0.000026 0.000693 0.018807 -0.159235 -0.430965 11.746624 11.811300 -3.168035 -3.327483 -3.437487
-0.012506 11.720697 -0.000049 0.000578 0.017017 -0.169483 -0.382493 11.711927 11.814211 -3.262326 -3.541629 -3.588865
-0.011443 11.746628 -0.000029 0.000431 0.015398 -0.175659 -0.339021 11.795358 11.828421 -2.803750 -3.670686 -3.434535
-0.006045 11.779606 -0.000047 0.000311 0.013932 -0.164376 -0.250437 11.832089 11.888625 -2.957822 -3.434906 -3.394982
-0.002450 11.806658 -0.000033 0.000522 0.012607 -0.157816 -0.114288 11.822130 11.916245 -2.591694 -3.297837 -3.151767
-0.002621 11.812923 -0.000014 0.000659 0.011407 -0.143299 0.129762 11.858570 11.958927 -2.120950 -2.994480 -2.776438
-0.002892 11.789807 -0.000007 0.001078 0.010321 -0.122884 -0.219310 11.800377 12.007595 -3.110558 -2.567868 -3.029491
-0.004898 11.765770 0.000035 0.001541 0.009431 -0.134259 0.006778 11.697342 11.942670 -3.601540 -2.805574 -3.365395
0.011296 11.963879 0.000053 -0.000135 0.014177 -0.150860 -3.040846 12.117351 11.885034 -3.634920 -3.152473 -3.538388
0.009361 11.915693 -0.000114 -0.000195 0.030646 -0.159394 -2.728751 11.718146 11.851880 -4.087775 -3.330812 -3.827549
-0.009674 11.689908 0.000019 0.001032 0.030646 -0.174074 -2.459620 11.610488 11.778854 -4.079694 -3.637570 -3.959566
-0.010108 11.697407 0.000035 0.000519 0.030646 -0.181999 -2.229080 11.733751 11.737516 -4.257851 -3.803173 -4.115859
-0.007081 11.711553 -0.000022 0.000165 0.030646 -0.190642 -2.021890 11.659660 11.700785 -4.662159 -3.983788 -4.388453
-0.002224 11.723029 -0.000006 -0.000142 0.030646 -0.202861 -1.844793 11.722796 11.652081 -4.162138 -4.239112 -4.265750
0.004052 11.739874 -0.000044 -0.000560 0.030646 -0.194175 -1.695135 11.759315 11.666639 -3.392830 -4.057614 -3.803689
0.009330 11.749321 -0.000050 -0.000527 0.030646 -0.167977 -1.543401 11.791235 11.724816 6.041631 -3.510156 0.973390
0.007985 11.698423 -0.000039 0.000168 0.030646 0.074027 -1.374345 12.341275 12.439278 1.796164 1.546927 1.363650
0.003124 11.640977 0.000021 0.005089 0.030646 0.092117 -1.169235 11.099450 12.378159 1.704256 1.924943 1.525424
0.005042 11.681490 0.000444 0.004441 0.119286 0.096000 -0.980680 12.130554 12.291924 1.770079 2.006083 1.618267
0.012307 11.774637 0.000048 0.003297 0.119286 0.096159 -0.223369 11.472185 12.222477 2.148986 2.009410 1.819477
0.017580 11.836396 0.000260 0.002461 0.119286 0.102115 2.721696 12.138243 12.194348 2.219351 2.133873 1.927139
0.019721 11.853481 0.000014 0.002173 0.119286 0.105640 2.212135 11.632090 12.166679 2.100743 2.207517 1.918709
0.023799 11.893407 0.000185 0.001742 0.119286 0.104212 1.726809 12.094444 12.131335 1.779600 2.177692 1.763240
0.023110 11.883311 0.000009 0.001581 0.119286 0.095692 1.329009 11.684518 12.076646 1.428846 1.999653 1.522281
0.018873 11.826491 0.000136 0.001595 0.119286 0.082691 1.053780 11.897216 12.008777 1.607467 1.727966 1.488930
0.025746 11.865648 0.000037 0.000912 0.119286 0.081652 0.688386 11.831347 11.985418 0.854315 1.706260 1.127090
0.024589 11.842596 0.000053 0.000910 0.119286 0.065135 -0.011766 11.787635 11.907176 0.614883 1.361111 0.860364
0.013194 11.741579 0.000041 0.001056 0.119286 0.041704 32.000574 11.648712 11.834593 1.399536 0.871479 1.005570
0.010128 11.692243 0.000065 0.000907 0.119286 0.048087 28.781384 11.766711 11.860002 1.023751 1.004859 0.888160
0.009342 11.660346 0.000032 0.001273 0.107934 0.043583 25.875904 11.576672 11.841455 0.594954 0.910744 0.638639
0.015873 11.728868 0.000094 0.000718 0.097663 0.032099 23.260438 11.826917 11.806488 0.151774 0.670768 0.313817
0.012764 11.664653 -0.000007 0.000904 0.088369 0.017138 20.914487 11.495878 11.753341 0.292714 0.358134 0.236999
0.005156 11.532688 0.000092 0.001406 0.079959 0.015543 18.806221 11.557225 11.726364 0.558376 0.324788 0.354207
0.011917 11.541774 0.000061 0.001177 0.072350 0.024849 16.913511 11.546950 11.725442 -0.017699 0.519261 0.171907
0.013005 11.498774 0.000064 0.001445 0.065465 0.019587 15.214364 11.419921 11.662463 0.055055 0.409304 0.167930
0.012114 11.448400 0.000087 0.001364 0.059235 0.021022 13.694284 11.444588 11.614461 -0.504715 0.439296 -0.080286
0.014712 11.434614 0.000062 0.001146 0.053598 0.009356 12.332476 11.355763 11.525605 -1.289290 0.195511 -0.565998
0.012691 11.408220 0.000062 0.000748 0.048498 -0.016088 11.120922 11.338715 11.402395 -0.188222 -0.336186 -0.256091
0.011645 11.376580 0.000024 0.000165 0.043883 -0.003368 10.036927 11.417981 11.410922 0.150087 -0.070379 0.041724
0.011727 11.342764 -0.000001 0.000434 0.039707 0.010708 9.052289 11.299142 11.420658 0.102259 0.223759 0.161045
0.008260 11.304813 0.000045 0.000738 0.035928 0.014914 8.161066 11.300228 11.399952 0.845276 0.311655 0.576557
0.007654 11.275238 0.000037 0.000795 0.032509 0.033737 7.352913 11.295308 11.427542 0.779176 0.704996 0.729161
0.010065 11.253737 0.000049 0.001108 0.029415 0.041755 6.617868 11.226050 11.415730 0.400732 0.872535 0.623278
0.010860 11.255183 0.000069 0.001023 0.026616 0.036723 5.960338 11.243069 11.364255 0.447987 0.767388 0.606051
0.006777 11.232686 0.000045 0.000839 0.024083 0.033415 5.376955 11.200400 11.327119 0.604675 0.698266 0.657057
0.004830 11.232561 0.000047 0.000603 0.021792 0.032597 4.854495 11.251264 11.310637 1.199373 0.681162 0.945978
0.017640 11.382005 0.000023 -0.000455 0.019718 0.044469 4.382543 11.525502 11.356678 1.667212 0.929256 1.290645
0.014415 11.324396 -0.000058 0.000206 0.017841 0.061433 3.950129 11.218914 11.408852 2.026971 1.283750 1.630551
0.002543 11.167360 0.000069 0.001539 0.018570 0.079684 3.549976 11.181915 11.440501 2.558494 1.665121 2.070296
0.005561 11.181739 0.000094 0.001649 0.025211 0.103190 3.181820 11.248668 11.481694 2.450667 2.156325 2.242918
0.011489 11.244489 0.000085 0.001512 0.025211 0.112654 2.834889 11.263244 11.480072 2.581574 2.354100 2.403148
0.013380 11.274173 0.000079 0.001312 0.025211 0.120024 2.525505 11.299994 11.476559 2.989587 2.508113 2.681686
0.013041 11.276262 0.000065 0.001277 0.025211 0.132791 2.245857 11.293424 11.492676 3.143026 2.774894 2.883623
0.015157 11.320127 0.000073 0.001100 0.025211 0.141393 1.991912 11.369126 11.503059 3.183776 2.954653 2.988932
0.021634 11.428650 0.000050 0.000474 0.025211 0.144222 1.764549 11.493471 11.512820 2.990557 3.013769 2.921042
0.021195 11.466448 0.000009 0.000296 0.025211 0.138038 1.567158 11.443087 11.506440 2.965455 2.884531 2.847767
0.010388 11.382605 0.000025 0.000789 0.025211 0.131652 1.402179 11.340295 11.500132 3.487799 2.751087 3.039507
0.009479 11.349354 0.000059 0.000961 0.025211 0.140956 1.254935 11.411910 11.540363 3.971740 2.945502 3.363268
0.024727 11.450331 0.000048 0.000574 0.025211 0.162128 1.107191 11.558112 11.608404 4.163279 3.387945 3.660995
0.029595 11.463043 0.000020 0.000927 0.025211 0.183266 0.978979 11.445195 11.652076 4.727557 3.829649 4.150913
0.026975 11.414987 0.000076 0.001511 0.022811 0.211031 0.871476 11.458231 11.695778 5.077962 4.409840 4.600872
0.050688 11.703751 0.000087 -0.000051 0.023392 0.234298 0.752665 11.950326 11.746735 5.078273 4.896051 4.835023
0.050721 11.723517 -0.000070 0.000148 0.023392 0.243741 0.627253 11.555750 11.758093 5.444103 5.093378 5.119373
0.038300 11.555905 0.000074 0.001289 0.023392 0.255818 0.477199 11.582360 11.764205 5.508730 5.345755 5.276655
0.045770 11.641943 0.000067 0.000779 0.023392 0.263177 0.295970 11.701844 11.764214 5.458530 5.499520 5.331710
0.042565 11.650977 0.000024 0.000722 0.023392 0.263138 0.130598 11.607206 11.749813 5.894838 5.498720 5.556594
0.037167 11.595910 0.000053 0.000981 0.023392 0.270844 -0.164237 11.616612 11.764161 5.991401 5.659737 5.682783
0.044756 11.621286 0.000055 0.000911 0.023392 0.278015 0.166515 11.649924 11.774774 5.841084 5.809581 5.681315
0.054226 11.635397 0.000047 0.000888 0.023392 0.283493 0.023785 11.626141 11.763201 5.868013 5.924072 5.757709
0.056831 11.596128 0.000051 0.001065 0.023392 0.293289 1.805251 11.567909 11.742285 6.146520 6.128764 6.007817
0.064429 11.708773 0.000064 0.000214 0.023392 0.307260 1.680236 11.822798 11.740267 6.463118 6.420714 6.318027
0.058499 11.702620 -0.000027 0.000240 0.023392 0.317171 1.577298 11.609661 11.739686 6.415739 6.627828 6.401709
0.044620 11.599609 0.000048 0.000893 0.021166 0.313421 1.466254 11.575645 11.709755 5.772613 6.549450 6.050984
0.040506 11.620124 0.000050 0.000571 0.019151 0.288441 1.359517 11.597386 11.642471 5.533311 6.027465 5.693591
0.034371 11.638246 0.000018 0.000027 0.017329 0.264010 1.277720 11.633835 11.604950 7.092065 5.516941 6.221902
0.029360 11.670604 -0.000008 -0.000418 0.015680 0.284420 1.207791 11.818271 11.729768 6.747595 5.943429 6.236721
0.033183 11.789486 -0.000030 -0.000381 0.014188 0.281530 1.123530 11.826831 11.796113 6.433085 5.883041 6.038507
0.030640 11.807596 -0.000010 -0.000073 0.012838 0.270849 1.035384 11.833503 11.838556 5.867931 5.659840 5.641926
0.025346 11.766410 0.000003 0.000460 0.011616 0.253265 0.957785 11.728358 11.846964 6.242368 5.292398 5.634727
0.028475 11.819267 0.000043 0.000177 0.011666 0.256763 0.893946 11.963314 11.915513 7.117876 5.365493 6.079743
0.040025 11.977218 -0.000016 -0.000393 0.011666 0.283100 0.818585 12.119903 12.053244 6.838753 5.915851 6.195299
0.039227 12.015207 -0.000023 0.000242 0.011666 0.291708 0.717496 12.000738 12.118727 6.334449 6.095726 6.032601
0.029175 11.959816 0.000043 0.001013 0.011666 0.283534 0.614215 11.945000 12.120758 6.240675 5.924913 5.901656
0.028091 12.003528 0.000064 0.000747 0.017104 0.275998 0.513980 12.074056 12.132741 8.001573 5.767443 6.658828
0.025932 12.034589 0.000022 0.000626 0.017104 0.313175 0.389712 12.170744 12.290653 10.519051 6.544313 8.218163
0.025550 12.083776 0.000044 0.001319 0.017104 0.390543 0.247105 12.312605 12.568369 11.702867 8.161052 9.550939
0.026100 12.133529 0.000092 0.002772 0.024863 0.457328 0.036135 12.256170 12.790787 11.808870 9.556642 10.274059
0.026394 12.178137 0.000192 0.003905 0.051705 0.494484 -1.801864 12.284798 12.898609 11.969399 10.333072 10.727741
0.029315 12.243779 0.000221 0.004174 0.059510 0.517951 -1.564251 12.333812 12.955973 12.497627 10.823448 11.217017
0.049255 12.504952 0.000225 0.002875 0.060535 0.544119 -1.359444 12.767552 13.036560 12.865092 11.370284 11.661294
0.052811 12.542689 0.000100 0.003148 0.060535 0.569459 -1.185765 12.475021 13.099396 12.806247 11.899805 11.901821
0.047426 12.473736 0.000227 0.003988 0.060978 0.584383 -1.074808 12.540759 13.104881 12.418151 12.211673 11.886322
0.050879 12.541828 0.000206 0.003589 0.060978 0.584664 -1.078409 12.558184 13.064077 12.113983 12.217526 11.762979
0.049187 12.547618 0.000186 0.003292 0.060978 0.577911 -1.222962 12.531391 13.004658 12.110545 12.076414 11.707621
0.051782 12.584580 0.000174 0.002678 0.060978 0.574513 -1.421628 12.629693 12.965212 12.249854 12.005406 11.752091
0.057998 12.619707 0.000126 0.002202 0.060978 0.578364 -1.595736 12.630070 12.949014 12.117287 12.085886 11.745070
0.062992 12.628159 0.000120 0.002045 0.060978 0.581996 -1.743660 12.628988 12.919286 12.162456 12.161791 11.822773
0.063705 12.605021 0.000109 0.002003 0.060978 0.588873 -1.880413 12.585897 12.887909 12.255245 12.305492 11.958653
0.065519 12.607579 0.000114 0.001787 0.060978 0.596643 -1.959471 12.621153 12.856104 11.749962 12.467860 11.822708
0.064636 12.604700 0.000090 0.001603 0.060978 0.588597 -1.990487 12.537642 12.777067 11.230507 12.299719 11.519745
0.062315 12.591685 0.000091 0.001182 0.060978 0.569716 -2.010392 12.554649 12.678258 11.250225 11.905168 11.357262
0.068865 12.660648 0.000050 0.000112 0.060978 0.558832 -1.998780 12.696278 12.627327 11.375788 11.677734 11.322271
0.069207 12.629811 -0.000019 -0.000016 0.055175 0.556611 -1.947102 12.553968 12.604907 11.332154 11.631322 11.294099
0.065979 12.536507 0.000023 0.000436 0.049924 0.555945 -1.868960 12.500077 12.575607 11.629865 11.617394 11.444088
0.069045 12.514249 0.000031 0.000391 0.045173 0.565653 -1.771354 12.526524 12.570407 11.689734 11.820264 11.587019
0.070922 12.487528 0.000020 0.000528 0.040875 0.574814 -1.654637 12.446532 12.552320 11.383624 12.011703 11.551313
0.073131 12.452941 0.000041 0.000633 0.036985 0.574231 -1.548619 12.410915 12.495229 11.034113 11.999511 11.398685
0.076120 12.430947 0.000034 0.000410 0.033465 0.567929 -1.474876 12.374496 12.416323 11.214340 11.867837 11.446499
0.074675 12.369669 0.000018 0.000297 0.030281 0.569973 -1.444249 12.316747 12.362597 11.623043 11.910546 11.686915
0.071881 12.289070 0.000019 0.000469 0.027399 0.580642 -1.399086 12.245344 12.333660 11.756075 12.133485 11.876711
0.076576 12.256481 0.000034 0.000492 0.024792 0.589847 -1.323789 12.237056 12.297608 11.639991 12.325844 11.929894
0.085510 12.230910 0.000024 0.000425 0.022432 0.596230 -1.231469 12.174504 12.239447 11.520718 12.459230 11.956640
0.092258 12.186904 0.000026 0.000335 0.020298 0.602525 -1.170005 12.126366 12.163734 11.616368 12.590765 12.094087
0.093772 12.119473 0.000016 0.000282 0.018366 0.611892 -1.139480 12.040806 12.086155 12.019576 12.786504 12.418422
0.093395 12.051774 0.000018 0.000219 0.016618 0.626352 -1.113482 12.002971 12.025140 11.999962 13.088685 12.574510
0.092882 11.990330 0.000010 0.000222 0.015037 0.630500 -1.064111 11.898481 11.939923 11.619851 13.175360 12.447245
0.090776 11.926606 0.000017 0.000085 0.013606 0.618870 -1.025668 11.832327 11.821811 11.919721 12.932334 12.517027
0.089962 11.859075 -0.000002 -0.000238 0.012311 0.617355 -0.996236 11.804451 11.749516 12.692837 12.900664 12.919417
0.090537 11.790993 -0.000018 -0.000264 0.011140 0.635132 -0.951344 11.764623 11.738061 13.668427 13.272148 13.602980
0.099001 11.804466 -0.000008 -0.000423 0.010080 0.669279 -0.865435 11.866092 11.774452 13.515250 13.985699 13.848047
0.100935 11.762880 -0.000031 0.000074 0.009120 0.682274 -0.745424 11.644992 11.737976 13.219193 14.257253 13.827979
0.096207 11.686772 0.000034 0.000326 0.009176 0.678038 -0.651254 11.642263 11.654923 13.750467 14.168736 14.085897
0.098697 11.680490 0.000006 -0.000163 0.009176 0.686836 -0.569262 11.679670 11.626078 13.945081 14.352599 14.279378
0.101794 11.673356 -0.000018 -0.000301 0.009176 0.694129 -0.491011 11.637711 11.600211 14.079177 14.504984 14.425559
0.104560 11.667911 -0.000013 -0.000432 0.009176 0.699471 -0.434243 11.660103 11.575014 13.955541 14.616610 14.415870
0.107079 11.672722 -0.000030 -0.000623 0.009176 0.697282 -0.405082 11.633187 11.535155 13.870957 14.570880 14.358989
0.108310 11.691465 -0.000035 -0.000996 0.009293 0.691239 -0.430561 11.685541 11.498239 14.088912 14.444592 14.426237
0.107318 11.696722 -0.000067 -0.001265 0.017914 0.690103 -0.464042 11.678964 11.491385 14.067869 14.420852 14.404807
0.105659 11.696105 -0.000067 -0.001305 0.018032 0.684348 -0.533600 11.683317 11.485356 13.897451 14.300595 14.258673
0.105394 11.701990 -0.000071 -0.001381 0.019111 0.673492 -0.571454 11.686663 11.476754 13.921388 14.073743 14.166907
0.106406 11.705535 -0.000076 -0.001458 0.020337 0.667556 -0.609081 11.709194 11.488194 14.160595 13.949703 14.231360
0.108862 11.707128 -0.000080 -0.001396 0.021479 0.671898 -0.630126 11.721309 11.525920 14.329385 14.040434 14.350246
0.111902 11.737237 -0.000071 -0.001347 0.021479 0.680027 -0.627465 11.771672 11.568745 14.489345 14.210301 14.500080
0.112837 11.762233 -0.000074 -0.001233 0.021479 0.687659 -0.596450 11.775630 11.609043 14.415239 14.369797 14.521408
0.124308 11.921682 -0.000061 -0.001993 0.021479 0.688242 -0.524514 12.041935 11.643718 14.225973 14.381979 14.421925
0.124598 11.930058 -0.000144 -0.001825 0.038702 0.682916 -0.456258 11.828845 11.660640 14.204652 14.270677 14.355108
0.118162 11.846575 -0.000062 -0.001185 0.038702 0.679349 -0.392894 11.855803 11.674277 14.204908 14.196130 14.316321
0.121076 11.879897 -0.000067 -0.001311 0.038702 0.677709 -0.394275 11.899831 11.695498 14.163753 14.161869 14.272669
0.121214 11.884597 -0.000075 -0.001205 0.038702 0.676284 -0.445149 11.872551 11.714549 13.983308 14.132098 14.157473
0.121895 11.904221 -0.000059 -0.001209 0.038702 0.670403 -0.513002 11.918387 11.722346 13.579540 14.009200 13.884092
0.121156 11.908587 -0.000073 -0.001187 0.038702 0.656504 -0.611094 11.868490 11.708713 13.256997 13.718744 13.582561
0.117256 11.908439 -0.000060 -0.001273 0.038702 0.639796 -0.777022 11.905733 11.694020 13.418788 13.369601 13.509927
0.114118 11.920517 -0.000078 -0.001444 0.038702 0.632736 -0.898822 11.936037 11.720362 13.508195 13.222075 13.480366
0.113600 11.926879 -0.000080 -0.001316 0.038702 0.629773 -0.909067 11.941033 11.762495 13.179194 13.160158 13.265797
0.113522 11.925556 -0.000067 -0.001039 0.038702 0.620378 -0.879917 11.914604 11.780230 13.051351 12.963838 13.100432
0.117027 11.964883 -0.000051 -0.001177 0.038702 0.614624 -0.878476 12.011676 11.805265 13.088317 12.843590 13.056352
0.119172 11.976391 -0.000077 -0.001091 0.035019 0.615960 -0.888371 11.966536 11.840751 13.016574 12.871507 13.021653
0.120212 11.975861 -0.000048 -0.000861 0.031686 0.617614 -0.896024 11.994212 11.865153 12.959776 12.906077 13.000897
0.122436 11.993937 -0.000049 -0.000821 0.028671 0.619200 -0.893858 11.997749 11.882063 12.921976 12.939232 12.992084
0.122718 11.987476 -0.000044 -0.000672 0.025942 0.620526 -0.880628 11.977963 11.891308 12.905238 12.966941 12.993797
0.122956 11.975932 -0.000034 -0.000539 0.023474 0.621744 -0.856585 11.969674 11.895138 13.071570 12.992393 13.092406
0.121774 11.951093 -0.000029 -0.000357 0.021240 0.627429 -0.816077 11.942173 11.906678 13.267111 13.111173 13.247054
0.120017 11.928698 -0.000015 -0.000140 0.019219 0.634836 -0.740388 11.929626 11.920587 13.363253 13.265963 13.364334
0.118628 11.911066 -0.000006 0.000061 0.017390 0.639839 -0.627412 11.903523 11.926939 13.473170 13.370519 13.467042
0.115340 11.898199 0.000006 0.000183 0.015735 0.643227 -0.483989 11.901646 11.931772 13.669224 13.441304 13.599348
0.109979 11.880829 0.000009 0.000325 0.014238 0.645835 -0.297925 11.881287 11.943789 13.927099 13.495808 13.753175
0.108860 11.879552 0.000021 0.000409 0.012883 0.650218 0.034628 11.910544 11.969744 14.048301 13.587385 13.848043
0.112156 11.885991 0.000020 0.000534 0.011657 0.656770 -2.959544 11.900953 11.995972 13.529898 13.724314 13.627562
0.112843 11.884899 0.000033 0.000708 0.010547 0.648980 -2.635172 11.857460 11.970269 13.386133 13.561528 13.479405
0.113815 11.889791 0.000039 0.000513 0.010582 0.642988 -2.356875 11.902487 11.949053 13.300602 13.436318 13.379027
0.116607 11.886550 0.000016 0.000398 0.010582 0.640833 -2.113138 11.863611 11.932614 12.850716 13.391278 13.122521
0.117061 11.877403 0.000024 0.000352 0.010582 0.630493 -1.909458 11.847854 11.886510 12.710701 13.175206 12.959538
0.116714 11.857005 0.000013 0.000188 0.010582 0.622998 -1.740331 11.829452 11.848687 12.475958 13.018585 12.771747
0.119502 11.840073 0.000007 0.000055 0.010582 0.615113 -1.597618 11.807831 11.807088 12.718402 12.853812 12.835733
0.122305 11.809180 -0.000000 -0.000013 0.010582 0.621660 -1.473992 11.800093 11.797131 13.225119 12.990621 13.171674
0.123864 11.771401 -0.000001 0.000164 0.010582 0.641403 -1.352216 11.766053 11.812163 13.273752 13.403199 13.383054
0.124177 11.727461 0.000016 0.000540 0.010582 0.653691 -1.224832 11.686869 11.793975 13.205829 13.659977 13.469266
0.121122 11.686439 0.000038 0.000685 0.010582 0.657239 -1.098995 11.651999 11.749126 13.641626 13.734119 13.748109
0.116515 11.658043 0.000035 0.000581 0.010582 0.666055 -0.971984 11.655934 11.733074 13.976107 13.918340 14.012712
0.109853 11.636231 0.000028 0.000617 0.010582 0.672246 -0.823443 11.624806 11.727726 14.128209 14.047699 14.149776
0.102098 11.628995 0.000037 0.000629 0.009981 0.669875 -0.652838 11.638390 11.723897 14.519289 13.998153 14.329806
0.101111 11.635004 0.000031 0.000567 0.009981 0.672391 -0.439014 11.671420 11.754132 14.216165 14.050732 14.177644
0.106364 11.661704 0.000030 0.000589 0.009981 0.665714 -0.145264 11.666350 11.757309 13.533696 13.911213 13.742638
0.112039 11.699547 0.000033 0.000368 0.009981 0.648407 0.362975 11.697762 11.723191 13.124993 13.549556 13.363849
0.113690 11.734915 0.000010 -0.000075 0.009981 0.633437 0.290324 11.732764 11.692489 13.251252 13.236731 13.294403
0.111997 11.762073 -0.000014 -0.000444 0.009981 0.629454 0.365260 11.786609 11.700538 13.216142 13.153506 13.234024
0.110773 11.784073 -0.000030 -0.000532 0.009981 0.624596 0.425652 11.786746 11.713594 12.816064 13.051972 12.970375
0.113784 11.793500 -0.000026 -0.000509 0.009981 0.611408 0.480857 11.781192 11.703873 12.868547 12.776388 12.873062
0.119893 11.796401 -0.000027 -0.000590 0.009981 0.612138 0.539965 11.815488 11.720045 13.316116 12.791653 13.115053
0.124070 11.796382 -0.000034 -0.000487 0.009981 0.630406 0.593450 11.820471 11.767053 13.740295 13.173391 13.503721
0.125547 11.795639 -0.000019 -0.000182 0.009981 0.653145 0.597958 11.818333 11.812472 13.849218 13.648553 13.775271
0.121914 11.792535 -0.000002 0.000127 0.009031 0.666118 0.550345 11.786962 11.825543 13.493566 13.919648 13.704071
0.114351 11.794776 0.000014 0.000196 0.008172 0.655475 0.459956 11.769039 11.790478 13.231352 13.697255 13.470766
0.108972 11.799759 0.000008 -0.000059 0.007394 0.634982 0.349350 11.789357 11.756428 13.371876 13.269019 13.353848
0.106140 11.805444 -0.000012 -0.000312 0.006690 0.624215 0.208147 11.826037 11.769052 13.658338 13.044020 13.394080
0.105033 11.827667 -0.000020 -0.000374 0.006054 0.624173 0.001012 11.875091 11.821034 13.495464 13.043135 13.291508
0.106139 11.863546 -0.000019 -0.000271 0.005478 0.621535 -7.849060 11.888268 11.859243 12.916539 12.988022 12.950146
0.106642 11.906386 -0.000011 -0.000300 0.004956 0.605801 -7.060993 11.915514 11.858591 12.664123 12.659221 12.663045
0.105790 11.942096 -0.000021 -0.000532 0.005536 0.591980 -6.353279 11.963729 11.867310 12.560938 12.370405 12.470620
0.105311 11.971924 -0.000035 -0.000667 0.009344 0.582878 -5.717639 11.992783 11.892075 12.671936 12.180215 12.431875
0.107624 11.994160 -0.000036 -0.000651 0.009791 0.582971 -5.146623 12.032177 11.939200 12.381242 12.182146 12.269935
0.112152 12.012421 -0.000034 -0.000467 0.009791 0.580260 -4.632974 12.011563 11.961469 11.800681 12.125510 11.936204
0.111954 12.009667 -0.000019 -0.000307 0.009791 0.568633 -4.175531 11.983764 11.941902 11.933361 11.882542 11.897928
0.110438 12.032889 -0.000016 -0.000580 0.009791 0.567555 -3.768298 12.076005 11.954816 12.195719 11.860017 12.022530
0.104271 12.008186 -0.000044 -0.000340 0.011823 0.571615 -3.398383 11.979134 11.985356 12.008110 11.944857 11.958910
0.096751 11.949387 0.000001 0.000229 0.011823 0.565439 -3.060678 11.930337 11.986508 11.875180 11.815799 11.827190
0.098738 11.947750 0.000019 0.000247 0.011823 0.558899 -2.749943 11.966137 11.987090 11.672281 11.679132 11.655810
0.102269 11.942812 0.000007 0.000282 0.011823 0.554937 -2.468610 11.923638 11.982148 11.871565 11.596334 11.720289
0.104113 11.958917 0.000020 0.000148 0.011823 0.562265 -2.221395 12.007803 12.000488 12.697070 11.749478 12.216177
0.103149 11.959606 -0.000003 0.000261 0.011823 0.588103 -1.990131 11.992189 12.067540 13.353845 12.289403 12.794401
0.098936 11.937386 0.000027 0.000830 0.011823 0.615711 -1.755096 11.973457 12.134438 12.988739 12.866315 12.860722
0.095686 11.926363 0.000057 0.001326 0.015397 0.616162 -1.513864 11.897878 12.122821 12.643098 12.875746 12.687518
0.096195 11.919212 0.000080 0.001298 0.021613 0.606377 -1.264561 11.918813 12.084994 12.836841 12.671269 12.697370
0.098859 11.906295 0.000060 0.001139 0.021613 0.609192 -0.996601 11.908711 12.079555 13.079127 12.730079 12.849940
0.099776 11.899172 0.000062 0.001150 0.021613 0.620200 -0.764240 11.917745 12.087721 13.101903 12.960111 12.966774
0.099108 11.909230 0.000062 0.001138 0.021613 0.626302 -0.547533 11.913063 12.080517 12.361570 13.087628 12.644592
0.096963 11.905489 0.000061 0.001116 0.021613 0.608331 -0.355603 11.844922 12.008505 11.950105 12.712095 12.271589
0.095790 11.895503 0.000060 0.000720 0.021613 0.587563 -0.281813 11.878761 11.939999 12.074379 12.278108 12.146923
0.104221 11.978827 0.000023 -0.000247 0.021613 0.581559 -0.336514 12.043584 11.928587 12.089237 12.152651 12.100360
0.102158 11.942400 -0.000040 -0.000088 0.021613 0.580819 -0.437192 11.856691 11.925207 12.122372 12.137182 12.112564
0.096725 11.871698 0.000026 0.000341 0.021613 0.581544 -0.513601 11.882592 11.918744 11.794372 12.152335 11.951110
0.097008 11.876034 0.000014 0.000272 0.021613 0.573537 -0.552170 11.843913 11.887599 11.739563 11.985008 11.851655
0.091309 11.818985 0.000017 0.000437 0.021613 0.567480 -0.605811 11.780616 11.862311 12.233868 11.858441 12.052607
0.087613 11.778904 0.000030 0.000532 0.019556 0.576217 -0.602280 11.805720 11.882155 12.582954 12.041029 12.312018
0.087667 11.763308 0.000028 0.000758 0.017695 0.589116 -0.509838 11.770064 11.910956 12.556499 12.310571 12.415431
0.089383 11.757968 0.000051 0.000975 0.016011 0.595832 -0.347604 11.766755 11.914120 12.361622 12.450913 12.376844
0.091029 11.762433 0.000054 0.000967 0.014487 0.595570 -0.148683 11.752271 11.892248 12.169528 12.445444 12.277929
0.089448 11.759991 0.000051 0.000843 0.013802 0.590601 0.137424 11.745452 11.858308 12.362525 12.341605 12.336071
0.085953 11.748032 0.000042 0.000703 0.013802 0.591035 -0.095304 11.751666 11.848851 12.713981 12.350662 12.522535
0.084369 11.733969 0.000036 0.000732 0.013802 0.598042 0.452008 11.747088 11.864639 12.644856 12.497096 12.549322
0.086884 11.733288 0.000044 0.000837 0.013802 0.599750 0.249924 11.733342 11.862597 12.573580 12.532774 12.527054
0.089349 11.724959 0.000048 0.000877 0.013802 0.601604 -0.043299 11.721317 11.851897 12.686183 12.571527 12.604504
0.087495 11.703258 0.000048 0.000947 0.013802 0.607028 1.160345 11.697418 11.845641 12.709924 12.684872 12.669665
0.083485 11.687427 0.000055 0.001008 0.014691 0.608865 1.004800 11.681315 11.831700 12.442018 12.723259 12.549920
0.079630 11.676398 0.000055 0.000990 0.014922 0.599644 0.857304 11.651349 11.795056 12.198159 12.530572 12.339033
0.081094 11.666733 0.000053 0.000818 0.014922 0.587459 0.726420 11.654084 11.757267 12.474563 12.275943 12.368712
0.090017 11.713964 0.000039 0.000276 0.014922 0.592695 0.618363 11.776779 11.767848 13.149517 12.385349 12.768455
0.091788 11.693399 -0.000001 0.000475 0.014922 0.617180 0.522270 11.684065 11.817773 13.694682 12.897010 13.279399
0.087767 11.626219 0.000049 0.001221 0.014922 0.645361 0.377341 11.639829 11.858503 13.483059 13.485895 13.430752
0.086659 11.635208 0.000080 0.001423 0.021472 0.651935 0.146183 11.631299 11.835961 12.975126 13.623271 13.233398
0.084494 11.642795 0.000075 0.001231 0.021472 0.638403 -0.521433 11.603333 11.767985 12.779877 13.340494 13.014807
0.086091 11.657101 0.000061 0.000707 0.021472 0.624159 -0.350452 11.658026 11.714808 13.090869 13.042853 13.050062
0.088660 11.668655 0.000023 0.000294 0.021472 0.625901 -0.224507 11.680763 11.713798 13.532850 13.079244 13.298001
0.086750 11.675192 0.000014 0.000246 0.021472 0.637644 -0.082792 11.704790 11.743992 13.461660 13.324648 13.368029
0.083097 11.683865 0.000016 0.000383 0.021472 0.637600 0.464671 11.677411 11.748265 13.311938 13.323728 13.287877
0.079923 11.693019 0.000027 0.000352 0.021472 0.629846 0.296597 11.704620 11.741855 13.243232 13.161687 13.175740
0.078963 11.710555 0.000015 0.000200 0.021472 0.621639 0.060610 11.721425 11.744847 13.362562 12.990189 13.153372
0.082215 11.737999 0.000010 0.000044 0.021472 0.621180 -0.934210 11.779213 11.772118 13.637730 12.980600 13.282860
0.086401 11.763944 -0.000001 0.000052 0.021472 0.631208 -0.772063 11.801063 11.820635 13.726004 13.190158 13.415331
0.086914 11.781413 0.000008 0.000250 0.021472 0.640908 -0.608021 11.805922 11.856942 13.461153 13.392849 13.365843
0.085684 11.800697 0.000020 0.000359 0.019429 0.638499 -0.444933 11.801645 11.856445 13.158627 13.342515 13.186941
0.084025 11.808255 0.000021 0.000307 0.017580 0.628405 -0.318019 11.799738 11.837821 13.062626 13.131570 13.042444
0.082403 11.824511 0.000015 0.000085 0.015907 0.619814 -0.243173 11.839154 11.831314 13.203059 12.952046 13.030991
0.081967 11.836700 -0.000002 -0.000034 0.014393 0.618014 -0.205502 11.853581 11.850697 13.249356 12.914446 13.032524
0.083366 11.846964 0.000000 0.000024 0.013023 0.619182 -0.138162 11.866813 11.875467 13.095132 12.938846 12.959919
0.084335 11.854259 0.000004 0.000135 0.011784 0.617590 -0.079645 11.855948 11.885080 13.027183 12.905582 12.907899
0.085403 11.864781 0.000011 0.000129 0.010663 0.616969 -0.068707 11.880976 11.892179 12.970114 12.892604 12.872238
0.088903 11.923504 0.000005 -0.000200 0.009648 0.616301 -0.111554 11.963346 11.901130 12.838028 12.878639 12.798836
0.084116 11.906385 -0.000021 -0.000033 0.008730 0.611664 -0.129512 11.857767 11.898607 12.851157 12.781740 12.761792
0.075152 11.846986 0.000015 0.000329 0.007899 0.606868 -0.116056 11.843572 11.898656 13.025155 12.681515 12.801560
0.071100 11.848881 0.000020 0.000317 0.007147 0.605767 -0.021040 11.878927 11.919478 13.374820 12.658522 12.960953
0.070964 11.874877 0.000015 0.000284 0.006467 0.611548 0.967891 11.925413 11.968794 13.392195 12.779325 13.015270
0.073947 11.903253 0.000016 0.000418 0.005852 0.615523 0.839169 11.931536 12.008251 12.888040 12.862395 12.791146
0.077335 11.935280 0.000028 0.000465 0.007542 0.607551 0.726191 11.940201 12.002879 12.627452 12.695801 12.580526
0.079820 11.957130 0.000023 0.000292 0.007542 0.600222 0.634540 11.965541 11.993173 12.544653 12.542636 12.468380
0.081947 11.971362 0.000011 0.000139 0.007542 0.597597 0.573027 11.976170 11.991143 12.332297 12.487785 12.337447
0.081040 11.976359 0.000006 0.000094 0.007542 0.592583 0.537673 11.964837 11.977991 12.229942 12.383016 12.241056
0.076791 11.977801 0.000005 0.000001 0.007542 0.586041 0.520224 11.976681 11.966480 12.263926 12.246305 12.196862
0.087503 11.968796 -0.000003 -0.000015 0.007542 0.585262 0.496385 11.963811 11.968035 14.380356 12.230025 13.267806
0.097337 11.948042 0.000002 0.000127 0.007542 0.653800 0.460659 12.096863 12.127472 16.097547 13.662241 14.797399
0.099083 11.942327 0.000011 0.001180 0.007542 0.735927 0.423685 12.001530 12.291788 16.228328 15.378425 15.640887
0.100519 11.961496 0.000104 0.002105 0.027992 0.778722 0.367670 11.993277 12.322566 16.044696 16.272708 15.966083
0.098799 12.012710 0.000118 0.001975 0.031857 0.787249 0.206633 12.011139 12.274462 15.789426 16.450887 15.936428
0.100057 12.060734 0.000095 0.001362 0.031857 0.777083 -0.151926 12.050750 12.203430 15.590392 16.238450 15.755350
0.099991 12.108132 0.000056 0.000607 0.031857 0.761068 0.423221 12.105385 12.145247 14.614971 15.903786 15.117029
0.096536 12.157887 0.000016 -0.000081 0.031857 0.721338 0.263734 12.103131 12.049753 13.815256 15.073557 14.339699
0.093461 12.203170 -0.000017 -0.000978 0.031857 0.674942 0.208542 12.188734 11.970628 12.499418 14.104037 13.231206
0.091062 12.243437 -0.000076 -0.001739 0.031857 0.614753 0.342400 12.166732 11.877442 11.705961 12.846293 12.246806
0.086904 12.255191 -0.000102 -0.002408 0.031857 0.563011 0.678422 12.240348 11.829606 10.949427 11.765063 11.355325
0.082906 12.241889 -0.000146 -0.002628 0.039304 0.518386 0.855144 12.181888 11.809601 9.516734 10.832552 10.194814
0.080406 12.206698 -0.000133 -0.002531 0.039304 0.463522 1.115958 12.127761 11.750525 9.284628 9.686067 9.531241
0.080965 12.192309 -0.000136 -0.002816 0.039304 0.436606 1.348720 12.213810 11.764566 9.271489 9.123610 9.248510
0.077953 12.141849 -0.000162 -0.002405 0.043509 0.428858 1.501075 12.095382 11.813396 9.511442 8.961714 9.280079
0.070278 12.057177 -0.000103 -0.001554 0.043509 0.434921 1.573830 12.067884 11.879045 9.719488 9.088408 9.431930
0.063536 11.999492 -0.000070 -0.000768 0.043509 0.444107 1.506234 11.992156 11.938468 9.579017 9.280356 9.443174
0.056304 11.934671 -0.000022 0.000024 0.043509 0.444948 1.316772 11.911104 11.960510 10.086915 9.297944 9.694864
0.062563 11.872347 0.000015 0.000562 0.043509 0.461535 1.006429 11.900574 12.010926 12.528167 9.644546 11.068153
0.073881 11.828894 0.000037 0.001160 0.043509 0.546643 0.488324 11.988038 12.209211 13.478012 11.423025 12.358618
0.076505 11.813821 0.000077 0.002520 0.043509 0.620879 -0.604813 11.828726 12.323950 13.037361 12.974302 12.851021
0.077587 11.809228 0.000176 0.003281 0.047210 0.646179 0.271601 11.798363 12.277212 13.524925 13.502994 13.364607
0.081441 11.817245 0.000171 0.002932 0.047210 0.669981 -1.664776 11.833997 12.232862 13.643834 14.000382 13.674878
0.084287 11.826129 0.000143 0.002593 0.047210 0.682423 -1.207003 11.793067 12.165421 13.512801 14.260375 13.749771
0.090874 11.885186 0.000134 0.001786 0.047210 0.681634 -0.759072 11.902757 12.081273 13.035303 14.243876 13.520560
0.095636 11.892941 0.000065 0.001200 0.047210 0.667392 -0.270345 11.794354 11.971706 12.395096 13.946271 13.080434
0.093872 11.854700 0.000065 0.000746 0.047210 0.642810 0.246773 11.786523 11.843551 12.267068 13.432597 12.807442
0.091549 11.841820 0.000022 0.000011 0.047210 0.624354 0.455594 11.798555 11.755876 11.783903 13.046926 12.401191
0.095542 11.945054 -0.000013 -0.001206 0.047210 0.597962 0.757863 11.967433 11.679972 11.650195 12.495408 12.095270
0.097971 11.892269 -0.000101 -0.001353 0.047210 0.578462 0.979087 11.768684 11.637747 13.786447 12.087932 13.024235
0.100060 11.723431 -0.000046 -0.000546 0.047210 0.635282 1.023147 11.814744 11.773832 15.836484 13.275291 14.621271
0.103452 11.707061 -0.000014 0.000426 0.047210 0.724834 0.945680 11.813197 11.959436 15.774883 15.146622 15.405396
0.101602 11.707599 0.000053 0.001605 0.042717 0.762858 0.767818 11.670287 11.981419 15.337997 15.941207 15.537207
0.102164 11.736845 0.000112 0.001559 0.038652 0.763255 0.519140 11.744806 11.911676 15.454958 15.949499 15.622028
0.098744 11.773662 0.000061 0.000880 0.034974 0.758816 0.177508 11.759619 11.860747 15.006875 15.856727 15.358823
0.093369 11.810936 0.000037 0.000318 0.031646 0.734014 -0.714412 11.788187 11.791963 14.149151 15.338445 14.688143
0.092944 11.849909 0.000003 -0.000369 0.028634 0.691719 -0.442635 11.810000 11.708471 13.361221 14.454633 13.884856
0.112963 11.885006 -0.000035 -0.001125 0.025909 0.653259 -0.238868 11.862922 11.644037 15.592213 13.650943 14.707487
0.151416 12.007870 -0.000077 -0.002319 0.023444 0.696723 -0.325725 12.269570 11.826161 19.921723 14.559198 16.715661
0.164193 11.977207 -0.000158 -0.000963 0.042397 0.796429 -0.504238 12.145909 12.243858 18.822493 16.642721 17.797908
0.153112 11.867134 0.000035 0.002401 0.042397 0.864769 -0.724072 11.807760 12.369832 16.191080 18.070794 17.823106
0.138864 11.908249 0.000200 0.002942 0.053907 0.853063 -0.848867 11.847521 12.182554 14.218976 17.826177 16.883681
0.121080 11.942658 0.000120 0.001529 0.053907 0.762778 -0.925641 11.747956 11.887753 13.325039 15.939523 15.567323
0.106004 11.933474 0.000051 -0.000291 0.053907 0.673775 -0.889124 11.885606 11.696043 12.994941 14.079668 14.521805
0.096423 11.937466 -0.000066 -0.001539 0.053907 0.608997 -0.804862 11.897518 11.638749 12.462898 12.726021 13.570272
0.089547 11.962454 -0.000091 -0.002063 0.053907 0.557783 -0.735362 11.994649 11.651366 11.874034 11.655805 12.705388
0.079514 11.981352 -0.000122 -0.002103 0.053907 0.515746 -0.750688 11.987098 11.700748 10.810990 10.777367 11.683977
0.067959 11.977585 -0.000102 -0.001765 0.053907 0.466101 -0.810752 11.972499 11.730956 9.683131 9.739961 10.558385
0.057588 11.942537 -0.000087 -0.001349 0.053907 0.414838 -0.884391 11.914301 11.747848 9.090103 8.668733 9.684232
0.051173 11.910843 -0.000060 -0.001039 0.053907 0.379763 -0.935152 11.939711 11.795781 9.406941 7.935787 9.418986
0.044848 11.855764 -0.000053 -0.000382 0.053907 0.377982 -0.916871 11.899053 11.912227 9.652120 7.898561 9.449679
0.036224 11.780581 0.000003 0.000839 0.053907 0.390725 -0.740737 11.817452 12.030711 9.908292 8.164849 9.637154
0.033068 11.725255 0.000075 0.001947 0.048777 0.410673 -0.344256 11.782387 12.131054 10.351210 8.581702 9.996670
0.034509 11.677035 0.000124 0.002894 0.044135 0.440942 0.787922 11.725599 12.218498 10.388148 9.214223 10.268324
0.034065 11.631469 0.000176 0.003742 0.047285 0.466371 0.230620 11.644296 12.247928 11.214930 9.745601 10.895577
0.032673 11.607970 0.000216 0.004079 0.058136 0.505316 -1.588860 11.689219 12.294242 10.984377 10.559419 11.137917
0.029648 11.603512 0.000218 0.004403 0.058527 0.519776 -1.040690 11.566851 12.257073 10.405794 10.861584 10.977964
0.024849 11.617772 0.000249 0.004075 0.066934 0.509278 -0.403447 11.624290 12.158924 10.318346 10.642216 10.817745
0.023572 11.634591 0.000194 0.003342 0.066934 0.497338 1.127979 11.618518 12.082176 9.857808 10.392718 10.456684
0.025942 11.637115 0.000170 0.002837 0.066934 0.479632 0.558625 11.611835 11.997512 9.847777 10.022717 10.260063
0.030330 11.644775 0.000142 0.002248 0.066934 0.473627 -0.125249 11.657992 11.949104 9.946947 9.897239 10.233812
0.036218 11.650681 0.000109 0.001902 0.066934 0.477414 1.379165 11.648564 11.922994 9.919642 9.976370 10.244255
0.037891 11.638501 0.000103 0.001813 0.066934 0.483314 1.203598 11.626192 11.890286 9.950886 10.099661 10.309121
0.034717 11.611003 0.000099 0.001780 0.066934 0.487666 1.115479 11.587682 11.851188 10.032017 10.190604 10.385226
0.034506 11.577221 0.000099 0.001746 0.066934 0.491268 1.010785 11.556946 11.811886 10.205471 10.265862 10.500022
0.036846 11.538550 0.000096 0.001742 0.066934 0.499341 0.849320 11.519300 11.780018 10.867473 10.434568 10.904175
0.039434 11.511348 0.000098 0.001713 0.066934 0.522792 0.620925 11.537488 11.785652 11.585785 10.924615 11.486546
0.040052 11.488677 0.000093 0.001893 0.066934 0.553897 0.102001 11.499266 11.805591 11.669446 11.574610 11.824495
0.037103 11.474406 0.000114 0.002111 0.060565 0.570117 -4.258294 11.461637 11.779593 11.482422 11.913548 11.887067
0.037533 11.478100 0.000118 0.001922 0.054801 0.569008 -3.725680 11.458903 11.717077 11.077854 11.890374 11.673355
0.042773 11.482698 0.000097 0.001494 0.049586 0.557392 -3.248803 11.440735 11.632639 10.846772 11.647647 11.446848
0.046636 11.479942 0.000073 0.000973 0.044867 0.547592 -2.867345 11.451181 11.557243 11.304977 11.442863 11.588165
0.052289 11.511972 0.000043 0.000289 0.040598 0.555945 -2.571119 11.550253 11.542364 11.417628 11.617404 11.724271
0.068210 11.714876 0.000002 -0.001100 0.036734 0.562618 -2.321673 11.831576 11.544617 11.433028 11.756856 11.795499
0.059166 11.633182 -0.000098 -0.000565 0.033239 0.562232 -2.109246 11.450155 11.529162 11.618208 11.748778 11.883677
0.046785 11.465652 0.000031 0.000405 0.030075 0.563639 -1.912173 11.468246 11.513009 11.837141 11.778185 12.003001
0.049973 11.461186 0.000019 0.000330 0.027213 0.569993 -1.727227 11.459963 11.512253 12.462818 11.910959 12.376561
0.048335 11.411488 0.000021 0.000642 0.024624 0.590364 -1.553276 11.414139 11.543607 12.909689 12.336653 12.790917
0.067379 11.633418 0.000049 -0.000572 0.022280 0.612003 -1.372747 11.851862 11.595609 12.846446 12.788820 12.957535
0.062943 11.614383 -0.000089 -0.000120 0.023891 0.618697 -1.186660 11.428726 11.601813 12.756999 12.928703 12.972319
0.043610 11.426249 0.000064 0.001119 0.023891 0.614833 -1.008343 11.411377 11.571365 12.704950 12.847966 12.904089
0.046524 11.466938 0.000059 0.000666 0.023891 0.608386 -0.824020 11.500649 11.550186 12.718277 12.713249 12.841925
0.049696 11.509685 0.000020 0.000258 0.023891 0.604687 -0.654396 11.517290 11.546513 12.905894 12.635944 12.893054
0.052476 11.558411 0.000012 -0.000076 0.023891 0.607037 -0.505171 11.611574 11.567969 12.692267 12.685059 12.796644
0.052809 11.603715 -0.000014 -0.000228 0.023891 0.601605 -0.370526 11.597970 11.572085 12.316984 12.571552 12.545504
0.052475 11.644120 -0.000008 -0.000459 0.023891 0.586939 -0.307830 11.661929 11.560177 12.117767 12.265071 12.294275
0.055103 11.676140 -0.000035 -0.000739 0.023891 0.574095 -0.317844 11.676450 11.560714 11.928491 11.996676 12.064330
0.058941 11.708516 -0.000040 -0.000942 0.023891 0.565030 -0.407179 11.729050 11.570376 11.744351 11.807256 11.874350
0.060922 11.729660 -0.000056 -0.001015 0.023891 0.558484 -0.535964 11.725425 11.581581 11.720445 11.670453 11.791293
0.060353 11.732882 -0.000051 -0.000964 0.023891 0.556319 -0.647721 11.742601 11.600465 11.995648 11.625217 11.901777
0.058115 11.729980 -0.000051 -0.000826 0.021617 0.562346 -0.702016 11.747693 11.641226 12.181252 11.751162 12.044552
0.055480 11.719260 -0.000038 -0.000497 0.019560 0.568951 -0.679494 11.728802 11.681319 12.204768 11.889187 12.111134
0.057148 11.730723 -0.000017 -0.000315 0.017699 0.572630 -0.603943 11.755953 11.709951 12.303257 11.966074 12.188302
0.059299 11.730127 -0.000017 -0.000129 0.016014 0.578888 -0.500139 11.734780 11.737283 12.386923 12.096833 12.284769
0.060446 11.721656 0.000001 0.000100 0.014490 0.586569 -0.388618 11.732936 11.757499 12.421212 12.257334 12.372653
0.061275 11.729238 0.000008 0.000180 0.013111 0.592844 -0.278233 11.738583 11.766976 12.323113 12.388471 12.382634
0.061069 11.744019 0.000010 0.000146 0.011864 0.593041 -0.172664 11.743462 11.759774 12.167966 12.392583 12.306786
0.060370 11.753813 0.000006 0.000038 0.010735 0.587704 -0.078283 11.745232 11.742314 12.106923 12.281059 12.224740
0.060393 11.769386 -0.000001 -0.000173 0.009713 0.581996 0.008684 11.775636 11.731948 12.088950 12.161791 12.159042
0.061469 11.781522 -0.000016 -0.000316 0.008789 0.577944 -0.105100 11.780762 11.731437 12.043817 12.077105 12.094360
0.063096 11.787914 -0.000018 -0.000360 0.007953 0.575468 -0.125127 11.791136 11.734586 12.273567 12.025371 12.183399
0.063696 11.794425 -0.000020 -0.000381 0.007196 0.581002 -0.157009 11.815689 11.759203 12.538847 12.141017 12.366797
0.063963 11.806666 -0.000020 -0.000303 0.006511 0.590344 -0.130712 11.829314 11.793816 12.613720 12.336224 12.490762
0.062313 11.793171 -0.000013 0.000004 0.005891 0.596238 -0.039017 11.785090 11.814585 12.728272 12.459391 12.602242
0.058897 11.768162 0.000010 0.000296 0.005331 0.601127 0.370457 11.774805 11.830129 12.977448 12.561558 12.771350
0.058449 11.761752 0.000019 0.000436 0.005219 0.608869 0.280670 11.782533 11.854514 12.899234 12.723333 12.802742
0.057064 11.751577 0.000025 0.000656 0.006851 0.611004 0.170798 11.740019 11.857426 12.821927 12.767961 12.782455
0.054685 11.749451 0.000042 0.000688 0.011248 0.609022 0.010954 11.761049 11.850680 12.926390 12.726545 12.813316
0.056629 11.759044 0.000032 0.000584 0.011248 0.611301 -3.663758 11.772444 11.856520 12.424725 12.774153 12.581710
0.061246 11.781186 0.000030 0.000480 0.011248 0.601928 -3.289291 11.761946 11.822753 12.391009 12.578286 12.476460
0.064816 11.794259 0.000022 0.000182 0.011248 0.599469 -2.960176 11.806049 11.805844 12.416524 12.526906 12.468660
0.067827 11.800244 0.000000 0.000036 0.011248 0.601713 -2.669143 11.787314 11.796997 12.030742 12.573792 12.299797
0.070301 11.798336 0.000004 -0.000009 0.011248 0.595191 -2.415118 11.766383 11.756361 11.735826 12.437504 12.096215
0.073107 11.801832 -0.000003 -0.000290 0.011248 0.586427 -2.195701 11.777513 11.708230 11.468464 12.254378 11.886560
0.073548 11.797742 -0.000024 -0.000571 0.011248 0.576054 -2.010303 11.754923 11.658179 11.804633 12.037605 11.968353
0.069931 11.773265 -0.000034 -0.000734 0.011248 0.577877 -1.850663 11.770449 11.652197 12.558342 12.075712 12.372825
0.067863 11.755772 -0.000042 -0.000660 0.011343 0.594719 -1.694761 11.780263 11.698788 12.513493 12.427658 12.509454
0.067558 11.744919 -0.000029 -0.000294 0.011343 0.599751 -1.530704 11.723088 11.709845 12.132918 12.532802 12.364302
0.066441 11.742466 -0.000005 -0.000208 0.011343 0.590975 -1.375836 11.727947 11.683086 12.275947 12.349412 12.354361
0.066627 11.748272 -0.000016 -0.000416 0.011343 0.588933 -1.233915 11.759017 11.684089 12.689611 12.306743 12.542653
0.067559 11.749116 -0.000027 -0.000414 0.011343 0.598273 -1.097563 11.769940 11.719336 12.809552 12.501924 12.688445
0.067651 11.749635 -0.000019 -0.000193 0.011343 0.605920 -0.960474 11.756487 11.745461 12.562273 12.661718 12.632915
0.068256 11.762312 -0.000004 -0.000107 0.011343 0.602994 -0.832717 11.759505 11.739680 12.365438 12.600577 12.504360
0.068115 11.771824 -0.000008 -0.000205 0.011343 0.596123 -0.726475 11.764026 11.725241 12.286741 12.456988 12.398217
0.066355 11.780166 -0.000014 -0.000350 0.011343 0.589522 -0.648009 11.780296 11.717952 12.207147 12.319054 12.292550
0.064861 11.804654 -0.000023 -0.000553 0.011343 0.581871 -0.590423 11.815738 11.718221 12.155036 12.159177 12.188170
0.061742 11.806241 -0.000035 -0.000561 0.011343 0.574182 -0.541814 11.798332 11.726712 12.183527 11.998505 12.120988
0.060294 11.805461 -0.000026 -0.000502 0.010264 0.569572 -0.490250 11.825055 11.748478 12.232400 11.902166 12.091536
0.062028 11.802767 -0.000028 -0.000346 0.009287 0.569702 -0.433955 11.809729 11.778699 12.289706 11.904879 12.112627
0.065612 11.805354 -0.000012 -0.000170 0.008403 0.575211 -0.385143 11.830745 11.810255 12.285653 12.019989 12.157829
0.069098 11.813964 -0.000008 -0.000024 0.007604 0.582260 -0.357604 11.820484 11.830571 12.258933 12.167308 12.210667
0.069837 11.820686 0.000003 0.000063 0.006880 0.587928 -0.352324 11.827726 11.836461 11.963611 12.285734 12.117973
0.068121 11.830038 0.000002 0.000041 0.006225 0.582613 -0.361029 11.807704 11.811635 11.904546 12.174682 12.041108
0.068730 11.839161 0.000001 -0.000175 0.005633 0.576840 -0.371442 11.844046 11.794108 11.845191 12.054039 11.957708
0.068502 11.851862 -0.000018 -0.000368 0.005097 0.571934 -0.369624 11.842436 11.784204 11.876856 11.951510 11.927296
0.065256 11.861236 -0.000021 -0.000491 0.005732 0.567498 -0.369104 11.870671 11.786302 11.900860 11.858818 11.894230
0.062041 11.862031 -0.000031 -0.000483 0.008252 0.562735 -0.353647 11.858275 11.797031 11.598501 11.759282 11.691733
0.059072 11.857474 -0.000023 -0.000385 0.008252 0.550324 -0.335533 11.844762 11.791005 11.775497 11.499945 11.652881
0.057487 11.860378 -0.000020 -0.000442 0.008252 0.547563 -0.310369 11.893558 11.818629 12.049183 11.442253 11.752596
0.055831 11.858406 -0.000027 -0.000254 0.008252 0.552869 -0.255835 11.875851 11.868173 12.134550 11.553123 11.836033
0.055009 11.863605 -0.000004 0.000029 0.008252 0.557992 -0.155796 11.897459 11.911366 12.193998 11.660175 11.906023
0.054194 11.866147 0.000004 0.000288 0.008252 0.562742 0.040968 11.881174 11.946921 12.239062 11.759438 11.966750
0.053670 11.870079 0.000023 0.000490 0.008252 0.567383 -0.782964 11.897211 11.975245 12.272167 11.856417 12.022267
0.054851 11.877456 0.000027 0.000623 0.008252 0.571821 -0.659460 11.892864 11.996678 12.201367 11.949149 12.026171
0.059209 11.885704 0.000037 0.000707 0.009883 0.575377 -0.543507 11.898911 12.004516 12.164119 12.023460 12.041389
0.065487 11.905605 0.000038 0.000630 0.010110 0.581304 -0.437142 11.921521 12.005185 12.161949 12.147312 12.101460
0.068501 11.918564 0.000030 0.000552 0.010110 0.588248 -0.362068 11.917298 11.997622 12.109131 12.292438 12.149717
0.068237 11.899642 0.000029 0.000625 0.010110 0.591630 -0.319540 11.871756 11.974062 11.779025 12.363096 12.026366
0.068886 11.872800 0.000037 0.000645 0.010110 0.585849 -0.299153 11.829786 11.920087 11.222294 12.242301 11.702530
0.070487 11.855963 0.000033 0.000409 0.010110 0.570192 -0.345874 11.800326 11.837097 10.834860 11.915108 11.370671
0.070126 11.819319 0.000014 0.000113 0.010110 0.553802 -0.459803 11.753413 11.754220 11.010245 11.572617 11.315885
0.068072 11.785197 0.000001 -0.000197 0.010110 0.550311 -0.569770 11.768405 11.715097 11.663736 11.499667 11.622620
0.067415 11.773073 -0.000018 -0.000370 0.010110 0.563383 -0.622879 11.789125 11.733212 12.009459 11.772830 11.926643
0.068193 11.754085 -0.000020 -0.000133 0.010110 0.577229 -0.607806 11.743817 11.753065 12.036225 12.062175 12.075474
0.069245 11.728161 0.000004 0.000159 0.010110 0.584751 -0.555066 11.713688 11.748626 12.096866 12.219347 12.182884
0.072001 11.725779 0.000013 0.000146 0.010110 0.590869 -0.491789 11.726256 11.737146 12.172148 12.347200 12.285633
0.073861 11.717236 0.000004 0.000127 0.009148 0.596492 -0.434241 11.696877 11.722013 12.418238 12.464709 12.471901
0.073580 11.704488 0.000009 0.000112 0.008277 0.605329 -0.384901 11.707088 11.716772 12.290408 12.649363 12.496112
0.069629 11.683636 0.000004 0.000211 0.007489 0.603574 -0.332372 11.637926 11.686510 12.015612 12.612700 12.345040
0.064247 11.653722 0.000018 0.000209 0.006777 0.591158 -0.295458 11.621533 11.638404 12.200809 12.353229 12.324850
0.062200 11.635916 0.000006 0.000016 0.006132 0.586359 -0.261494 11.635980 11.626713 12.691469 12.252946 12.526777
0.062211 11.624145 -0.000003 0.000016 0.005548 0.595519 -0.209902 11.647599 11.659378 13.184284 12.444375 12.858764
0.063595 11.617282 0.000004 0.000268 0.005020 0.613057 -0.109553 11.648577 11.710717 13.194186 12.810855 13.023410
0.065961 11.618912 0.000022 0.000585 0.006039 0.623471 0.116055 11.623958 11.730315 13.062481 13.028477 13.052085
0.068480 11.632207 0.000038 0.000625 0.010303 0.626790 -0.138418 11.641359 11.723057 13.087248 13.097829 13.097453
0.071908 11.646908 0.000030 0.000485 0.010303 0.630385 0.175665 11.650553 11.714648 13.074689 13.172961 13.127534
0.076656 11.668822 0.000023 0.000292 0.010303 0.633814 -0.017440 11.676061 11.702688 13.283307 13.244610 13.271971
0.081992 11.677164 0.000010 0.000163 0.010303 0.643142 0.986448 11.680953 11.703041 13.345333 13.439534 13.396717
0.086157 11.677480 0.000009 0.000163 0.010303 0.652493 0.879103 11.667630 11.693412 13.434721 13.634925 13.538962
0.087165 11.683705 0.000010 0.000062 0.010303 0.659909 0.798968 11.681534 11.677411 13.893228 13.789907 13.856620
0.086912 11.691245 -0.000001 -0.000088 0.010303 0.673016 0.724685 11.706771 11.686552 14.282507 14.063799 14.187385
0.097304 11.868355 -0.000007 -0.001159 0.010303 0.685020 0.630343 12.014041 11.721151 14.286342 14.314651 14.304259
0.093449 11.832011 -0.000104 -0.000707 0.027980 0.685334 0.510295 11.684261 11.730112 13.807686 14.321200 14.059997
0.082823 11.657948 0.000016 0.000460 0.027980 0.672146 0.218597 11.598346 11.684344 13.327114 14.045611 13.690342
0.083474 11.686480 0.000031 -0.000014 0.027980 0.653839 0.067372 11.703046 11.630616 13.400201 13.663068 13.561043
0.078828 11.699138 -0.000026 -0.000437 0.027980 0.643542 1.132748 11.676277 11.617734 13.756794 13.447882 13.645470
0.076075 11.709178 -0.000021 -0.000583 0.027980 0.643413 1.087560 11.758689 11.650070 13.475414 13.445193 13.490256
0.078117 11.735531 -0.000039 -0.000545 0.027980 0.634322 1.018419 11.719273 11.660884 12.875998 13.255228 13.087888
0.080459 11.756732 -0.000021 -0.000611 0.027980 0.615872 0.984532 11.758229 11.641998 12.929084 12.869686 12.935721
0.082048 11.777117 -0.000042 -0.000861 0.027980 0.610571 1.009896 11.796688 11.659970 13.447352 12.758913 13.145060
0.081572 11.786615 -0.000049 -0.000807 0.027980 0.622806 1.020052 11.830241 11.724319 13.447123 13.014576 13.251009
0.079822 11.801741 -0.000038 -0.000494 0.027980 0.628054 0.969179 11.811415 11.764535 13.135302 13.124249 13.133798
0.079567 11.830665 -0.000018 -0.000422 0.027980 0.621007 0.890620 11.846894 11.771977 13.202053 12.976975 13.095261
0.080592 11.844249 -0.000028 -0.000461 0.025317 0.619084 0.801562 11.859030 11.796102 13.569417 12.936793 13.257363
0.082054 11.855000 -0.000023 -0.000375 0.022908 0.629176 0.698394 11.899271 11.849486 13.828408 13.147688 13.477546
0.080470 11.862819 -0.000019 -0.000085 0.020728 0.641462 0.566913 11.884763 11.901925 13.683860 13.404432 13.514205
0.078573 11.897207 0.000005 0.000030 0.018755 0.641807 0.406655 11.928141 11.922431 13.355359 13.411631 13.346050
0.075891 11.920703 -0.000003 0.000011 0.016970 0.630583 0.228110 11.910528 11.918034 13.144284 13.177087 13.126465
0.075158 11.922865 0.000002 -0.000031 0.015356 0.618174 0.016387 11.930272 11.916054 13.151433 12.917784 13.003817
0.077532 11.935486 -0.000006 -0.000124 0.013894 0.614729 -1.554889 11.957199 11.935538 13.144392 12.845804 12.960507
0.078976 11.945308 -0.000008 -0.000062 0.012572 0.615851 -1.395387 11.958211 11.958932 13.064233 12.869241 12.926171
0.080232 11.954131 -0.000000 0.000031 0.011376 0.617078 -1.261218 11.965506 11.973091 12.998551 12.894878 12.902955
0.080929 11.973256 0.000002 -0.000001 0.010293 0.617763 -1.146449 11.987238 11.980891 12.806693 12.909186 12.812794
0.083985 12.006102 -0.000003 -0.000161 0.009314 0.613876 -1.046973 12.013498 11.975717 12.508046 12.827977 12.626336
0.086301 12.018457 -0.000014 -0.000272 0.008427 0.606228 -0.963727 11.998405 11.955972 12.681561 12.668144 12.644750
0.086881 12.026371 -0.000016 -0.000449 0.007625 0.607937 -0.895951 12.049751 11.964019 12.828558 12.703862 12.737878
0.084244 12.035983 -0.000031 -0.000459 0.008354 0.611515 -0.825244 12.034331 11.980577 12.474587 12.778633 12.594926
0.078961 12.049397 -0.000020 -0.000439 0.008354 0.599602 -0.754249 12.038624 11.964633 12.110872 12.529684 12.297274
0.074210 12.052009 -0.000027 -0.000557 0.008354 0.579462 -0.680579 12.031275 11.941928 11.894736 12.108826 11.989417
0.069327 12.041798 -0.000033 -0.000637 0.008757 0.560718 -0.611462 12.034145 11.935842 12.170005 11.717140 11.934042
0.065471 12.018658 -0.000036 -0.000528 0.009639 0.556730 -0.544111 12.040267 11.978123 12.431276 11.633808 12.010832
0.065713 12.001384 -0.000023 -0.000148 0.009639 0.563038 -0.455102 12.030147 12.040319 12.165979 11.765628 11.927939
0.067406 11.998843 0.000003 0.000264 0.009639 0.563892 -0.358006 12.003857 12.066228 12.050070 11.783466 11.871646
0.068993 12.000043 0.000021 0.000422 0.009639 0.565690 -0.286104 12.017007 12.079624 11.896825 11.821042 11.810134
0.072645 12.003036 0.000022 0.000488 0.009639 0.567139 -0.243146 11.997549 12.077655 11.675727 11.851318 11.715468
0.076507 12.004440 0.000028 0.000467 0.009639 0.567156 -0.261019 11.996771 12.057151 11.952186 11.851667 11.860654
0.082735 12.005683 0.000021 0.000328 0.009639 0.578980 -0.311278 12.020358 12.059551 11.914301 12.098751 11.963547
0.086240 11.994565 0.000014 0.000414 0.009639 0.589016 -0.342755 11.960082 12.039204 12.259045 12.308480 12.248153
0.085992 11.987336 0.000028 0.000331 0.009639 0.603250 -0.380012 12.005427 12.030306 12.506902 12.605923 12.523325
0.083716 11.967791 0.000009 0.000398 0.009639 0.614038 -0.350940 11.930247 12.016621 12.229916 12.831358 12.498156
0.079235 11.937531 0.000031 0.000504 0.009639 0.607609 -0.296799 11.898205 11.963558 12.288521 12.697019 12.477204
0.074791 11.908900 0.000024 0.000348 0.008722 0.601180 -0.222488 11.886788 11.927425 12.437285 12.562659 12.496067
0.070896 11.887887 0.000015 0.000252 0.007892 0.597499 -0.127164 11.879354 11.914058 12.641986 12.485745 12.563973
0.068232 11.879158 0.000013 0.000222 0.007141 0.597470 0.053571 11.890730 11.922298 12.856090 12.485128 12.667404
0.067454 11.867622 0.000012 0.000349 0.006462 0.601294 -0.455223 11.876986 11.944680 12.741592 12.565048 12.641049
0.071346 11.880152 0.000025 0.000411 0.006608 0.601595 -0.344698 11.895939 11.951482 12.514201 12.571330 12.526043
0.075429 11.888442 0.000020 0.000402 0.006608 0.599612 -0.244322 11.878155 11.940889 12.622398 12.529902 12.562397
0.079310 11.895779 0.000023 0.000288 0.006608 0.605346 -0.173534 11.916823 11.943322 12.626193 12.649730 12.621819
0.083199 11.921683 0.000010 0.000138 0.006608 0.611253 -0.137770 11.923804 11.939391 12.286670 12.773151 12.511258
0.083961 11.936216 0.000006 0.000020 0.006608 0.605889 -0.171800 11.909622 11.902551 12.137753 12.661073 12.392934
0.084197 11.933164 -0.000002 -0.000195 0.006608 0.598504 -0.254809 11.912710 11.866324 12.216661 12.506741 12.369940
0.084885 11.919306 -0.000016 -0.000338 0.006608 0.596793 -0.313637 11.902805 11.849844 12.208136 12.471000 12.354575
0.084147 11.905132 -0.000019 -0.000352 0.006608 0.595521 -0.361355 11.887260 11.835639 12.580036 12.444411 12.536571
0.082044 11.888611 -0.000018 -0.000338 0.006608 0.602940 -0.387700 11.899873 11.851118 12.770849 12.599443 12.705430
0.079622 11.876741 -0.000017 -0.000163 0.006608 0.609090 -0.369908 11.871105 11.866549 12.689070 12.727958 12.722019
0.076884 11.860086 -0.000002 0.000041 0.006608 0.607328 -0.324810 11.848351 11.862983 12.703704 12.691136 12.711590
0.074732 11.842590 0.000005 0.000130 0.005979 0.605155 -0.259810 11.838924 11.861887 12.805017 12.645726 12.739596
0.072298 11.826612 0.000008 0.000225 0.005410 0.605573 -0.188977 11.828721 11.870318 13.106467 12.654469 12.892083
0.071240 11.826433 0.000015 0.000280 0.004895 0.612481 -0.097011 11.858537 11.899864 13.277253 12.798828 13.038494
0.072175 11.824504 0.000015 0.000480 0.004429 0.620275 0.095991 11.833195 11.928245 12.822363 12.961692 12.877126
0.071787 11.817064 0.000034 0.000709 0.009174 0.614012 -0.076976 11.793699 11.906667 12.682413 12.830819 12.745683
0.071477 11.817728 0.000041 0.000567 0.010931 0.607874 0.106432 11.825810 11.886632 12.666411 12.702549 12.678307
0.071417 11.808800 0.000022 0.000496 0.010931 0.605528 0.035193 11.792479 11.876135 12.495326 12.653522 12.568595
0.070883 11.801643 0.000030 0.000475 0.010931 0.600712 0.286059 11.797097 11.856810 12.506673 12.552884 12.528739
0.070625 11.793297 0.000022 0.000405 0.010931 0.599260 0.317984 11.786787 11.846989 12.628615 12.522553 12.576741
0.070652 11.778550 0.000022 0.000436 0.010931 0.602514 0.359728 11.779924 11.848108 13.173417 12.590545 12.884146
0.071689 11.755537 0.000025 0.000590 0.010931 0.619670 0.367560 11.779787 11.882610 13.681942 12.949042 13.305039
0.074013 11.739756 0.000037 0.000911 0.010931 0.643669 0.316547 11.762754 11.923347 14.055284 13.450548 13.724094
0.076266 11.732008 0.000058 0.001220 0.015644 0.667119 0.201258 11.752812 11.949614 14.379578 13.940580 14.116137
0.075849 11.734680 0.000071 0.001370 0.019170 0.687100 -0.143904 11.753131 11.961078 14.418856 14.358111 14.331534
0.073845 11.737664 0.000076 0.001424 0.020302 0.694308 0.585413 11.729851 11.943297 14.103861 14.508727 14.245466
0.072763 11.749654 0.000078 0.001234 0.020892 0.686224 0.338932 11.735101 11.893538 14.095266 14.339810 14.170839
0.072586 11.762653 0.000058 0.000834 0.020892 0.678983 0.059414 11.766336 11.862090 13.948849 14.188494 14.030063
0.074317 11.776637 0.000036 0.000545 0.020892 0.670936 -0.940144 11.766886 11.835553 13.518957 14.020340 13.736068
0.077596 11.807829 0.000026 0.000177 0.020892 0.656448 -0.840464 11.802942 11.795139 9.915756 13.717588 11.763367
0.080253 11.827533 -0.000001 -0.000206 0.020892 0.558309 -0.812639 11.561783 11.512956 3.784808 11.666795 7.721902
0.081627 11.822979 -0.000016 -0.001976 0.020892 0.356649 -0.823451 11.440195 10.952218 0.375186 7.452774 4.107312
0.077549 11.773005 -0.000173 -0.005232 0.046450 0.176901 -0.844652 11.507902 10.502946 -1.986879 3.696653 1.223642
0.069580 11.673505 -0.000358 -0.007461 0.096311 0.032451 -0.960970 11.379297 10.193310 -3.973856 0.678119 -1.149486
0.061329 11.553940 -0.000425 -0.008673 0.114153 -0.085312 -0.910052 11.344408 9.980126 -5.904566 -1.782735 -3.251744
0.051876 11.442572 -0.000490 -0.009322 0.131771 -0.189406 -0.701020 11.211656 9.816924 -6.491765 -3.957960 -4.543818
0.039462 11.303955 -0.000503 -0.009479 0.135237 -0.253791 -0.001112 11.187569 9080.808164 -5.759883 -5.303379 -4.798464
0.023668 11.124154 -0.000511 57.812155 0.137417 -0.235338 -5.783179 11.039151 8173.805491 -0.392166 -4.917779 -1.888454
0.004258 10.911594 -0.000424 52.032076 0.137417 -0.092612 -4.827324 11.149310 7357.855862 5.920844 -1.935286 2.652744
-0.022283 10.715268 -0.000306 46.832285 0.137417 0.137696 -3.676769 10.957834 6623.731602 8.353293 2.877399 5.984743
-0.041426 10.616090 -0.000014 42.153448 0.137417 0.297679 -2.264226 10.753798 5962.831154 9.915143 6.220510 8.207441
-0.039775 10.672918 0.000195 37.940362 0.137417 0.400039 -0.247284 10.885589 5367.892705 10.684589 8.359489 9.509394
-0.023653 10.873221 0.000225 34.146817 0.137417 0.456784 13.584244 11.037883 4832.365314 12.377747 9.545273 10.905938
0.012906 11.123835 0.000211 30.731650 0.137417 0.528427 12.041437 11.405246 4350.453814 10.792091 11.042369 10.778497
0.052947 11.374544 0.000139 27.658243 0.137417 0.538595 10.678875 11.331192 3916.527097 6.173966 11.254845 8.512270
0.075037 11.584227 0.000145 24.890962 0.137417 0.436355 9.471474 11.405207 3525.651363 1.734766 9.118376 5.312469
0.077492 11.668487 -0.000023 22.398897 0.137417 0.276573 8.434757 11.324786 3173.698750 -0.261320 5.779452 2.847831
0.076100 11.661312 -0.000180 20.155520 0.137417 0.144985 7.597767 11.477021 2857.041495 -1.065971 3.029709 1.240676
0.083968 11.645381 -0.000367 18.137179 0.124340 0.062116 6.864990 11.472585 2572.194400 -3.239975 1.298014 -0.636177
0.092626 11.629145 -0.000434 16.321604 0.116806 -0.028856 6.243445 11.413703 2315.797185 -5.048380 -0.602994 -2.396326
0.097774 11.588870 -0.000488 14.687529 0.131222 -0.113163 5.756204 11.395265 2085.042616 -5.791755 -2.364739 -3.531575
0.081734 11.509065 -0.000548 13.217158 0.147300 -0.173213 5.416598 11.342822 1877.431977 -6.137925 -3.619577 -4.253184
0.047819 11.386840 -0.000565 11.894581 0.151839 -0.229453 5.150772 11.232989 1690.638398 -6.155706 -4.794799 -4.805167
0.019255 11.242500 -0.000538 10.704838 0.151839 -0.277777 4.728160 11.147938 1522.596638 -6.217103 -5.804623 -5.336624
-0.003054 11.107140 -0.000492 9.634565 0.151839 -0.315590 4.089630 11.043535 1371.416721 -6.026856 -6.594789 -5.657192
-0.023026 10.984070 -0.000421 8.671696 0.151839 -0.335627 3.248724 10.979136 1235.416094 -5.608971 -7.013499 -5.687441
-0.039921 10.881879 -0.000344 7.805450 0.151839 -0.335887 2.103705 10.909519 1113.068117 -6.199641 -7.018932 -6.067226
-0.054422 10.810213 -0.000253 7.026034 0.151839 -0.351423 0.352240 10.792276 1002.903835 -6.979736 -7.343579 -6.684726
-0.066941 10.795685 -0.000168 6.323915 0.151839 -0.377415 -8.462241 10.825728 903.720336 -6.818777 -7.886722 -6.870911
-0.080108 10.819777 -0.000154 5.691544 0.151839 -0.387889 -7.279735 10.895193 814.510456 -7.130507 -8.105597 -7.189987
-0.098659 10.815487 -0.000136 5.122928 0.151839 -0.407606 -6.163413 10.824928 734.214164 -6.468633 -8.517619 -7.033605
-0.109898 10.854594 -0.000075 4.610853 0.151839 -0.403954 -5.102624 11.032155 662.032035 -5.216397 -8.441293 -6.351789
-0.108709 10.961044 -0.000086 4.150069 0.151839 -0.368979 -3.991863 11.146265 597.167045 -5.625564 -7.710435 -6.368722
-0.110324 11.054547 -0.000034 3.736010 0.137389 -0.363812 -2.812488 11.137694 538.712317 -5.472860 -7.602456 -6.299370
-0.114079 11.148077 0.000025 3.362810 0.124315 -0.356081 -1.692111 11.316263 486.115773 -4.110799 -7.440905 -5.524569
-0.104285 11.241769 0.000016 3.026951 0.112485 -0.310790 -0.334845 11.432182 438.878380 -3.603256 -6.494469 -4.911535
-0.081381 11.330981 0.000060 2.725281 0.101780 -0.262157 5.195406 11.467078 396.340698 -3.805202 -5.478217 -4.620854
-0.057351 11.433499 0.000115 2.453483 0.092095 -0.222549 4.427198 11.532238 357.975580 -3.914451 -4.650543 -4.316957
-0.040438 11.536573 0.000125 2.208278 0.083331 -0.188082 3.843900 11.595303 323.386942 -4.496324 -3.930291 -4.266067
-0.033138 11.607443 0.000110 1.987351 0.075401 -0.177889 3.431570 11.574659 292.166497 -5.079444 -3.717294 -4.431179
-0.029664 11.636033 0.000092 1.788163 0.068225 -0.186878 3.148601 11.582868 264.011187 -5.472633 -3.905127 -4.686061
-0.024150 11.652296 0.000046 1.608591 0.061733 -0.202181 2.949530 11.590158 238.657617 -6.418565 -4.224911 -5.274578
-0.020790 11.661083 -0.000000 1.446926 0.055858 -0.234052 2.824935 11.553134 215.793275 -6.014520 -4.890899 -5.369975
-0.021201 11.653609 -0.000043 1.301231 0.050543 -0.243233 2.753655 11.649632 195.294952 -4.880505 -5.082771 -4.893261
-0.022511 11.637943 -0.000100 1.170670 0.045733 -0.223996 2.644381 11.643777 176.944437 -4.819682 -4.680762 -4.666898
-0.024782 11.620286 -0.000083 1.053812 0.041381 -0.217446 2.481529 11.591064 160.401592 -4.541760 -4.543909 -4.461547
-0.021857 11.618317 -0.000061 0.948377 0.037443 -0.210293 2.289910 11.640281 145.523426 -4.323933 -4.394431 -4.282578
-0.012997 11.648671 -0.000072 0.853347 0.033880 -0.200156 2.087613 11.660675 132.141243 -4.422510 -4.182589 -4.226059
-0.007816 11.637623 -0.000070 0.768116 0.030656 -0.194499 1.906763 11.601169 120.072869 -4.112414 -4.064384 -4.013458
-0.004563 11.612638 -0.000050 0.691349 0.027738 -0.181063 1.754928 11.618208 109.223240 -4.254102 -3.783614 -3.938146
-0.001846 11.625920 -0.000052 0.622107 0.025099 -0.176775 1.624357 11.596767 99.428186 -4.707613 -3.694004 -4.101193
-0.003167 11.634113 -0.000052 0.559619 0.022710 -0.188307 1.524679 11.587892 90.572682 -4.480519 -3.934999 -4.098564
-0.002228 11.630736 -0.000069 0.503193 0.020549 -0.192456 1.439800 11.624056 82.637532 -4.423646 -4.021685 -4.108736
0.001665 11.628888 -0.000089 0.452625 0.023839 -0.193945 1.355667 11.602576 75.506491 -4.141222 -4.052796 -3.985664
0.003126 11.626924 -0.000083 0.407182 0.023839 -0.187984 1.294719 11.639764 69.111896 -3.309845 -3.928238 -3.525513
0.004489 11.625733 -0.000090 0.366429 0.024201 -0.165735 1.216727 11.660934 63.409705 -3.322857 -3.463312 -3.309185
0.006151 11.631423 -0.000073 0.330046 0.024201 -0.155559 1.103213 11.618360 58.242422 -3.711650 -3.250658 -3.392920
0.003185 11.619725 -0.000048 0.297183 0.024201 -0.161753 0.990700 11.586208 53.545543 -3.369507 -3.380107 -3.289399
0.001892 11.601743 -0.000044 0.267359 0.024201 -0.159297 0.883352 11.614968 49.351959 -3.503714 -3.328783 -3.331405
0.003995 11.602834 -0.000050 0.240621 0.024201 -0.161510 0.764796 11.579994 45.563913 -3.453045 -3.375012 -3.330928
0.005043 11.613561 -0.000037 0.216407 0.024201 -0.161532 0.674899 11.634557 42.163020 -3.194851 -3.375484 -3.209134
0.004278 11.621828 -0.000054 0.194676 0.024201 -0.156176 0.584164 11.625205 39.122462 -3.501667 -3.263560 -3.306161
-0.000101 11.617832 -0.000041 0.175321 0.024201 -0.163461 0.501136 11.594057 36.354123 -3.495074 -3.415782 -3.380403
-0.005442 11.609074 -0.000033 0.157730 0.024201 -0.170780 0.423505 11.615136 33.873665 -3.365914 -3.568724 -3.399290
-0.005720 11.606547 -0.000039 0.141935 0.024201 -0.173719 0.322138 11.614903 31.662179 -3.283067 -3.630150 -3.399330
-0.002897 11.605450 -0.000030 0.127846 0.024201 -0.171451 0.191729 11.623944 29.682564 -2.943487 -3.582756 -3.222651
-0.001567 11.605668 -0.000021 0.115226 0.021898 -0.159282 0.067625 11.639040 27.922867 -2.470081 -3.328460 -2.880451
-0.001329 11.616688 -0.000008 0.103939 0.019814 -0.140032 -0.264799 11.663249 26.356692 -2.355990 -2.926212 -2.637528
-0.004001 11.607740 0.000006 0.094013 0.017928 -0.127835 -0.113314 11.606142 24.924606 -2.786730 -2.671324 -2.725852
-0.006405 11.588294 0.000039 0.085009 0.016222 -0.133015 0.185431 11.565352 23.582311 -3.206391 -2.779568 -2.981759
-0.004906 11.588899 0.000046 0.076449 0.014679 -0.145321 0.125412 11.575693 22.350926 -3.120464 -3.036719 -3.064004
-0.002761 11.592414 0.000028 0.068577 0.013282 -0.147671 0.257973 11.599504 21.268788 -2.567658 -3.085824 -2.822551
-0.000355 11.597032 0.000015 0.061650 0.012018 -0.133731 0.331287 11.633955 20.340514 -2.523163 -2.794529 -2.662064
0.001594 11.597953 0.000015 0.055727 0.010874 -0.123858 0.335721 11.589523 19.486630 -3.138854 -2.588212 -2.856435
0.000401 11.590844 0.000035 0.050329 0.009839 -0.133242 0.339907 11.550561 18.655712 -3.270476 -2.784316 -3.008847
0.000027 11.583486 0.000031 0.045080 0.008903 -0.141971 0.359608 11.573327 17.911991 -3.368130 -2.966731 -3.139918
0.001892 11.577874 0.000008 0.040375 0.008056 -0.148360 0.369728 11.551378 17.248444 -3.367982 -3.100224 -3.200915
0.003204 11.567793 0.000005 0.036210 0.007289 -0.150543 0.378798 11.560824 16.660277 -3.145036 -3.145842 -3.112343
0.003807 11.549356 -0.000006 0.032578 0.006595 -0.145167 0.373417 11.540242 16.149246 -3.344174 -3.033500 -3.151999
0.003600 11.530599 0.000002 0.029440 0.005968 -0.146642 0.357598 11.499560 15.664057 -3.564297 -3.064324 -3.268716
0.002136 11.525910 0.000007 0.026377 0.005400 -0.153373 0.348183 11.509456 15.212707 -3.296524 -3.204990 -3.202358
0.002966 11.535137 -0.000009 0.023442 0.004886 -0.152113 0.339037 11.548809 14.838078 -3.141110 -3.178660 -3.113799
0.005469 11.537584 -0.000024 0.021038 0.006438 -0.147964 0.317787 11.531423 14.510848 -3.194822 -3.091948 -3.098164
0.006538 11.529238 -0.000015 0.019005 0.006438 -0.146648 0.300022 11.519767 14.204963 -3.024820 -3.064458 -3.001254
0.005577 11.512584 -0.000012 0.017162 0.006438 -0.141582 0.287397 11.509814 13.938701 -2.783972 -2.958585 -2.832892
0.001859 11.499299 -0.000007 0.015549 0.006438 -0.134614 0.272288 11.503996 13.707870 -2.702209 -2.812981 -2.724173
-0.001565 11.508585 0.000000 0.014019 0.006438 -0.132755 0.242208 11.520573 13.496258 -2.715154 -2.774145 -2.714602
-0.002257 11.517692 -0.000002 0.012612 0.006438 -0.135455 0.194413 11.519817 13.302830 -2.633504 -2.830565 -2.707108
-0.000306 11.516020 -0.000000 0.011390 0.006438 -0.135075 0.130555 11.527777 13.138943 -2.364661 -2.822617 -2.579140
0.003290 11.523354 0.000002 0.010298 0.006438 -0.126035 0.053564 11.554197 13.011766 -2.108761 -2.633712 -2.369423
0.006078 11.520720 0.000004 0.009504 0.006438 -0.112227 -0.128109 11.533349 12.902072 -2.179814 -2.345168 -2.267931
0.007168 11.511883 0.000024 0.008861 0.006532 -0.104467 -0.038806 11.507124 12.775467 -2.420471 -2.183011 -2.305251
0.004137 11.513333 0.000035 0.008045 0.009411 -0.106577 0.124946 11.500472 12.631426 -2.767610 -2.227106 -2.490361
-0.002185 11.509029 0.000028 0.007154 0.009411 -0.120153 0.097985 11.475297 12.478608 -2.769378 -2.510802 -2.625133
-0.005346 11.502552 0.000020 0.006222 0.009411 -0.131321 0.105061 11.504944 12.361590 -2.607141 -2.744175 -2.660961
-0.005585 11.499212 0.000002 0.005497 0.009411 -0.134325 0.070038 11.504914 12.285640 -2.694240 -2.806944 -2.739513
-0.005269 11.517265 0.000005 0.004898 0.009411 -0.137861 -0.011299 11.535607 12.217264 -2.653028 -2.880829 -2.760796
-0.003732 11.549504 -0.000003 0.004256 0.009411 -0.138900 0.716022 11.577724 12.167590 -2.945598 -2.902558 -2.919009
