0.000000 0.002735 0.000000 0.000000 0.000000 0.000000 0.000000 0.000000 0.000000 5.471146 0.000000 5.471146
0.000000 0.004832 0.000000 0.000000 0.000000 0.000000 0.000000 0.000000 0.000000 5.470978 0.000000 5.470978
0.000000 0.004000 0.000000 0.000000 0.000000 0.000000 0.000000 0.000000 0.000000 5.470860 0.000000 5.470860
0.000000 0.053632 0.000000 0.000000 0.000000 0.000000 0.000000 0.000000 0.000000 5.470783 0.000000 5.470783
0.000000 0.203776 0.000000 0.000000 0.000000 0.000000 0.000000 0.000000 0.000000 5.470719 0.000000 5.470719
0.000000 0.400322 0.000000 0.000000 0.000000 0.000000 0.000000 0.000000 0.000000 5.470666 0.000000 5.470666
0.000000 0.588956 0.000000 0.000000 0.000000 0.000000 0.000000 0.000000 0.000000 5.470621 0.000000 5.470621
0.000000 0.742152 0.000000 0.000000 0.000000 0.000000 0.000000 0.000000 0.000000 5.470582 0.000000 5.470582
0.000000 0.809702 0.000000 0.000000 0.000000 0.000000 0.000000 0.000000 0.000000 5.470551 0.000000 5.470551
0.000000 0.814788 0.000000 0.000000 0.000000 0.000000 0.000000 0.000000 0.000000 5.470524 0.000000 5.470524
0.000000 0.833173 0.000000 0.000000 0.000000 0.000000 0.000000 0.000000 0.000000 5.470502 0.000000 5.470502
0.000000 0.895190 0.000000 0.000000 0.000000 0.000000 0.000000 0.000000 0.000000 5.470450 0.000000 5.470450
0.000000 0.971727 0.000000 0.000000 0.000000 0.000000 0.000000 0.000000 0.000000 5.470376 0.000000 5.470376
0.994651 1.051460 0.000000 0.000000 0.000000 0.000000 0.000000 0.000000 0.000000 5.470314 0.000000 5.470314
0.993977 1.136186 0.000000 0.000000 0.000000 0.000000 0.000000 0.000000 0.000000 5.470263 0.000000 5.470263
0.990592 1.214293 0.000000 0.000000 0.000000 0.000000 0.000000 0.000000 0.000000 5.470097 0.000000 5.470097
0.985690 1.297826 0.000000 0.000000 0.000000 0.000000 0.000000 0.000000 0.000000 5.469844 0.000000 5.469844
0.982597 1.407097 0.000000 0.000000 0.000000 0.000000 0.000000 0.000000 0.000000 5.469634 0.000000 5.469634
0.980975 1.544630 0.000000 0.000000 0.000000 0.000000 0.000000 0.000000 0.000000 5.469461 0.000000 5.469461
0.980141 1.683912 0.000000 0.000000 0.000000 0.000000 0.000000 0.000000 0.000000 5.469317 0.000000 5.469317
0.979990 1.814805 0.000000 0.000000 0.000000 0.000000 0.000000 0.000000 0.000000 5.469199 0.000000 5.469199
0.980333 1.944337 0.000000 0.000000 0.000000 0.000000 0.000000 0.000000 0.000000 5.469103 0.000000 5.469103
0.980691 2.062962 0.000000 0.000000 0.000000 0.000000 0.000000 0.000000 0.000000 5.469023 0.000000 5.469023
0.981025 2.168717 0.000000 0.000000 0.000000 0.000000 0.000000 0.000000 0.000000 5.468957 0.000000 5.468957
0.981440 2.276132 0.000000 0.000000 0.000000 0.000000 0.000000 0.000000 0.000000 5.468902 0.000000 5.468902
0.981871 2.380044 0.000000 0.000000 0.000000 0.000000 0.000000 0.000000 0.000000 5.468856 0.000000 5.468856
0.982309 2.481278 0.000000 0.000000 0.000000 0.000000 0.000000 0.000000 0.000000 5.468819 0.000000 5.468819
0.982757 2.581748 0.000000 0.000000 0.000000 0.000000 0.000000 0.000000 0.000000 5.468788 0.000000 5.468788
0.983167 2.675075 0.000000 0.000000 0.000000 0.000000 0.000000 0.000000 0.000000 5.468762 0.000000 5.468762
0.974384 2.769434 0.000000 0.000000 0.000000 0.000000 0.000000 0.000000 0.000000 5.468719 0.000000 5.468719
0.959452 2.868756 0.000000 0.000000 0.000000 0.000000 0.000000 0.000000 0.000000 5.468664 0.000000 5.468664
0.948328 2.978202 0.000000 0.000000 0.000000 0.000000 0.000000 0.000000 0.000000 5.468618 0.000000 5.468618
0.940021 3.084176 0.000000 0.000000 0.000000 0.000000 0.000000 0.000000 0.000000 5.468579 0.000000 5.468579
0.933861 3.186156 0.000000 0.000000 0.000000 0.000000 0.000000 0.000000 0.000000 5.468548 0.000000 5.468548
0.924963 3.292100 0.000000 0.000000 0.000000 0.000000 0.000000 0.000000 0.000000 5.468458 0.000000 5.468458
0.914191 3.393007 0.000000 0.000000 0.000000 0.000000 0.000000 0.000000 0.000000 5.468323 0.000000 5.468323
0.906077 3.488751 0.000000 0.000000 0.000000 0.000000 0.000000 0.000000 0.000000 5.468212 0.000000 5.468212
0.900290 3.589486 0.000000 0.000000 0.000000 0.000000 0.000000 0.000000 0.000000 5.468120 0.000000 5.468120
0.893391 3.697647 0.000000 0.000000 0.000000 0.000000 0.000000 0.000000 0.000000 5.468020 0.000000 5.468020
0.885873 3.810069 0.000000 0.000000 0.000000 0.000000 0.000000 0.000000 0.000000 5.467915 0.000000 5.467915
0.880338 3.914911 0.000000 0.000000 0.000000 0.000000 0.000000 0.000000 0.000000 5.467828 0.000000 5.467828
0.876584 4.021423 0.000000 0.000000 0.000000 0.000000 0.000000 0.000000 0.000000 5.467756 0.000000 5.467756
0.875132 4.159227 0.000000 0.000000 0.000000 0.000000 0.000000 0.000000 0.000000 5.467696 0.000000 5.467696
0.873476 4.255570 0.000000 0.000000 0.000000 0.000000 0.000000 0.000000 0.000000 5.467647 0.000000 5.467647
0.875429 4.402155 0.000000 0.000000 0.000000 0.000000 0.000000 0.000000 0.000000 5.467608 0.000000 5.467608
0.877282 4.491049 0.000000 0.000000 0.000000 0.000000 0.000000 0.000000 0.000000 5.467577 0.000000 5.467577
0.877399 4.513873 0.000000 0.000000 0.000000 0.000000 0.000000 0.000000 0.000000 5.467552 0.000000 5.467552
0.879920 4.624327 0.000000 0.000000 0.000000 0.000000 0.000000 0.000000 0.000000 5.467531 0.000000 5.467531
0.882542 4.740848 0.000000 0.000000 0.000000 0.000000 0.000000 0.000000 0.000000 5.467514 0.000000 5.467514
0.884737 4.842339 0.000000 0.000000 0.000000 0.000000 0.000000 0.000000 0.000000 5.467499 0.000000 5.467499
0.886689 4.935205 0.000000 0.000000 0.000000 0.000000 0.000000 0.000000 0.000000 16.522157 0.000000 16.522157
0.889431 5.065595 0.000000 0.000000 0.000000 0.000000 0.000000 0.000000 0.000000 16.554200 0.000000 16.554200
0.894106 5.296118 0.000000 0.000000 0.000000 0.000000 0.000000 0.000000 0.000000 16.586494 0.000000 16.586494
0.897268 5.465016 0.000000 0.000000 0.000000 0.000000 0.000000 0.000000 0.000000 16.618222 0.000000 16.618222
0.898474 5.906748 0.000000 0.000000 0.000000 0.000000 0.000000 0.000000 0.000000 16.627175 0.000000 16.627175
0.891690 6.156457 0.000000 0.000000 0.000000 0.000000 0.000000 0.000000 0.000000 16.615382 0.000000 16.615382
0.881996 6.121542 0.000000 0.000000 0.000000 0.000000 0.000000 0.000000 0.000000 16.607976 0.000000 16.607976
0.879419 6.372151 0.000000 0.000000 0.000000 0.000000 0.000000 0.000000 0.000000 16.605381 0.000000 16.605381
0.877743 6.596198 0.000000 0.000000 0.000000 0.000000 0.000000 0.000000 0.000000 16.607298 0.000000 16.607298
0.875991 6.757205 0.000000 0.000000 0.000000 0.000000 0.000000 0.000000 0.000000 16.613202 0.000000 16.613202
0.875629 6.947278 0.000000 0.000000 0.000000 0.000000 0.000000 0.000000 0.000000 16.622531 0.000000 16.622531
0.876368 7.163498 0.000000 0.000000 0.000000 0.000000 0.000000 0.000000 0.000000 16.634768 0.000000 16.634768
0.877536 7.377809 0.000000 0.000000 0.000000 0.000000 0.000000 0.000000 0.000000 16.649462 0.000000 16.649462
0.879311 7.608965 0.000000 0.000000 0.000000 0.000000 0.000000 0.000000 0.000000 16.666229 0.000000 16.666229
0.881965 7.883834 0.000000 0.000000 0.000000 0.000000 0.000000 0.000000 0.000000 16.684746 0.000000 16.684746
0.881649 8.182294 0.000000 0.000000 0.000000 0.000000 0.000000 0.000000 0.000000 16.669432 0.000000 16.669432
0.879255 8.494534 0.000000 0.000000 0.000000 0.000000 0.000000 0.000000 0.000000 16.623581 0.000000 16.623581
0.881349 9.044179 0.000000 0.000000 0.000000 0.000000 0.000000 0.000000 0.000000 16.586220 0.000000 16.586220
0.880308 9.293489 0.000000 0.000000 0.000000 0.000000 0.000000 0.000000 0.000000 16.557465 0.000000 16.557465
0.877241 9.326053 0.000000 0.000000 0.000000 0.000000 0.000000 0.000000 0.000000 16.536740 0.000000 16.536740
0.878043 9.608026 0.000000 0.000000 0.000000 0.000000 0.000000 0.000000 0.000000 16.523205 0.000000 16.523205
0.879034 9.870771 0.000000 0.000000 0.000000 0.000000 0.000000 0.000000 0.000000 16.515955 0.000000 16.515955
0.880217 10.122163 0.000000 0.000000 0.000000 0.000000 0.000000 0.000000 0.000000 16.514118 0.000000 16.514118
0.881817 10.388350 0.000000 0.000000 0.000000 0.000000 0.000000 0.000000 0.000000 16.516897 0.000000 16.516897
0.883520 10.648713 0.000000 0.000000 0.000000 0.000000 0.000000 0.000000 0.000000 16.523584 0.000000 16.523584
0.879356 10.902062 0.000000 0.000000 0.000000 0.000000 0.000000 0.000000 0.000000 16.395071 0.000000 16.395071
0.871198 11.162972 0.000000 0.000000 0.000000 0.000000 0.000000 0.000000 0.000000 16.155096 0.000000 16.155096
0.865321 11.428999 0.000000 0.000000 0.000000 0.000000 0.000000 0.000000 0.000000 15.954203 0.000000 15.954203
0.861166 11.691752 0.000000 0.000000 0.000000 0.000000 0.000000 0.000000 0.000000 15.788351 0.000000 15.788351
0.858329 11.948253 0.000000 0.000000 0.000000 0.000000 0.000000 0.000000 0.000000 15.652961 0.000000 15.652961
0.856518 12.198465 0.000000 0.000000 0.000000 0.000000 0.000000 0.000000 0.000000 15.543621 0.000000 15.543621
0.855274 12.422738 0.000000 0.000000 0.000000 0.000000 0.000000 0.000000 0.000000 15.456341 0.000000 15.456341
0.854698 12.644839 0.000000 0.000000 0.000000 0.000000 0.000000 0.000000 0.000000 15.387621 0.000000 15.387621
0.854764 12.875338 0.000000 0.000000 0.000000 0.000000 0.000000 0.000000 0.000000 15.334444 0.000000 15.334444
0.855225 13.102951 0.000000 0.000000 0.000000 0.000000 0.000000 0.000000 0.000000 15.294242 0.000000 15.294242
0.856195 13.346886 0.000000 0.000000 0.000000 0.000000 0.000000 0.000000 0.000000 15.264842 0.000000 15.264842
0.853866 13.574061 0.000000 0.000000 0.000000 0.000000 0.000000 0.000000 0.000000 15.126996 0.000000 15.126996
0.849272 13.798650 0.000000 0.000000 0.000000 0.000000 0.000000 0.000000 0.000000 14.906447 0.000000 14.906447
0.846142 14.035531 0.000000 0.000000 0.000000 0.000000 0.000000 0.000000 0.000000 14.727484 0.000000 14.727484
0.843839 14.250678 0.000000 0.000000 0.000000 0.000000 0.000000 0.000000 0.000000 14.582933 0.000000 14.582933
0.842391 14.465950 0.000000 0.000000 0.000000 0.000000 0.000000 0.000000 0.000000 14.466861 0.000000 14.466861
0.841625 14.681251 0.000000 0.000000 0.000000 0.000000 0.000000 0.000000 0.000000 14.374354 0.000000 14.374354
0.841375 14.893850 0.000000 0.000000 0.000000 0.000000 0.000000 0.000000 0.000000 14.301343 0.000000 14.301343
0.841583 15.108812 0.000000 0.000000 0.000000 0.000000 0.000000 0.000000 0.000000 14.244453 0.000000 14.244453
0.842372 15.347051 0.000000 0.000000 0.000000 0.000000 0.000000 0.000000 0.000000 14.200892 0.000000 14.200892
0.843294 15.572672 0.000000 0.000000 0.000000 0.000000 0.000000 0.000000 0.000000 14.168350 0.000000 14.168350
0.844267 15.782734 0.000000 0.000000 0.000000 0.000000 0.000000 0.000000 0.000000 14.144913 0.000000 14.144913
0.833572 15.991582 0.000000 0.000000 0.000000 0.000000 0.000000 0.000000 0.000000 13.759139 0.000000 13.759139
0.814249 16.190687 0.000000 0.000000 0.000000 0.000000 0.000000 0.000000 0.000000 13.093462 0.000000 13.093462
0.798920 16.380738 0.000000 0.000000 0.000000 0.000000 0.000000 0.000000 0.000000 12.533913 0.000000 12.533913
0.786722 16.555500 0.000000 0.000000 0.000000 0.000000 0.000000 0.000000 0.000000 12.073864 0.000000 12.073864
0.780133 16.725967 0.000000 0.000000 0.000000 0.000000 0.000000 0.000000 0.000000 11.750143 0.000000 11.750143
0.777993 16.900905 0.000000 0.000000 0.000000 0.000000 0.000000 16.900905 16.900905 11.539808 0.000000 11.539808
0.776636 17.074880 0.000000 -0.001109 0.000000 0.000114 0.000000 18.080412 17.784654 11.375920 0.002374 11.375920
0.775749 17.235452 -0.000106 0.003501 0.028376 0.000426 0.000106 17.413354 2036.101294 11.253457 0.008911 11.253457
0.775387 17.396182 0.000417 12.867669 0.112142 0.007680 -1.286427 18.226630 1835.074968 11.169734 0.160487 11.169734
0.775638 17.571890 0.000388 11.585163 0.112142 0.014449 -1.344999 17.874619 1654.151180 11.100026 0.301938 11.100026
0.775809 17.714679 0.000748 10.431005 0.201132 0.020757 -1.348686 18.397394 1491.318197 11.020885 0.433747 11.020885
0.775962 17.833968 0.000774 9.392312 0.208071 0.026625 -1.323088 18.178057 1344.764605 10.956317 0.556366 10.956317
0.775693 17.977059 0.001042 8.457235 0.280160 0.032062 -1.246715 18.597037 1212.866627 10.863964 0.669993 10.863964
0.774923 18.122203 0.001065 7.615563 0.286273 0.037038 -1.040238 18.507649 1094.157498 10.381296 0.773971 10.381296
0.774929 18.293815 0.001251 6.857791 0.336467 0.041481 -0.666074 18.844018 987.292400 10.274189 0.866821 10.274189
0.774782 18.423360 0.001262 6.175784 0.339313 0.045325 0.302173 18.793091 891.111755 10.180072 0.947147 10.180072
0.774515 18.518552 0.001397 5.562100 0.375622 0.049488 -2.234577 18.992084 804.545597 10.106181 1.034143 10.106181
0.775239 18.675421 0.001430 5.009309 0.384641 0.053197 -1.572497 19.103175 726.639664 10.052505 1.111651 10.052505
0.775532 18.780281 0.001486 4.512051 0.399673 0.056449 -0.741660 19.193202 656.524961 10.028596 1.179604 10.028596
0.775909 18.878681 0.001541 4.064497 0.414289 0.059083 0.852048 19.291403 593.424672 10.020080 1.234643 10.020080
0.776643 18.996206 0.001585 3.661533 0.426149 0.061884 -0.604743 19.419615 536.641392 10.018383 1.293164 10.018383
0.777356 19.103086 0.001613 3.298903 0.433728 0.064008 1.389874 19.504909 485.542608 10.021722 1.337550 10.021722
0.777070 19.232369 0.001651 2.972364 0.444064 0.066208 0.419761 19.666302 439.563549 9.976219 1.383537 9.976219
0.780656 19.786577 0.001660 2.675750 0.446242 0.068879 -2.394158 20.527893 398.230948 9.882837 1.439336 9.882837
0.778586 19.798209 0.001429 2.412213 0.446242 0.071186 -1.643950 19.848358 361.021571 9.803331 1.487552 9.803331
0.772811 19.453595 0.001735 2.177229 0.466587 0.073144 -0.706310 19.762093 327.489081 9.737765 1.528463 9.737765
0.773251 19.622881 0.001809 1.962407 0.486556 0.074439 1.381592 20.127825 297.318775 9.684025 1.555535 9.684025
0.773948 19.792624 0.001722 1.769013 0.486556 0.075935 0.128391 20.134710 270.176407 9.639990 1.586786 9.639990
0.774555 19.936633 0.001761 1.595083 0.486556 0.080297 -11.703012 20.382765 245.757024 9.603950 1.677945 9.603950
0.775181 20.067429 0.001714 1.438595 0.486556 0.084255 -10.408992 20.410206 223.783110 9.574589 1.760656 9.574589
0.776219 20.223035 0.001742 1.297537 0.486556 0.087849 -9.235431 20.659930 204.013734 9.550893 1.835744 9.550893
0.777538 20.395108 0.001689 1.170425 0.486556 0.091111 -8.166834 20.762465 186.231087 9.532053 1.903908 9.532053
0.778683 20.544026 0.001689 1.056126 0.486556 0.094073 -7.194046 20.941958 170.235064 9.517407 1.965821 9.517407
0.772408 20.668594 0.001661 0.953369 0.486556 0.096737 -6.304139 21.016840 155.845353 9.203425 2.021481 9.203425
0.761189 20.829971 0.001669 0.860618 0.486556 0.098910 -5.488041 21.219661 142.883000 8.659113 2.066894 8.659113
0.751929 20.954785 0.001623 0.777197 0.486556 0.100530 -4.732366 21.237795 131.185090 8.209046 2.100744 8.209046
0.744012 21.030566 0.001629 0.702149 0.486556 0.101682 -4.026559 21.323365 120.628219 7.837374 2.124815 7.837374
0.739975 21.293941 0.001600 0.633178 0.440254 0.102478 -3.355324 21.699273 111.123662 -13.380320 2.141443 7.530325
0.734769 21.354761 0.001465 0.572207 0.398358 0.100400 -2.756299 19.913854 100.981474 4.980100 2.098030 7.276477
0.728748 21.268234 0.001535 0.508110 0.412716 0.100514 -2.222611 22.568109 93.226522 17.913690 2.100418 7.066145
0.724895 21.286689 0.000567 0.458560 0.412716 0.102290 -1.643144 21.448735 87.219721 27.281200 2.137525 6.891818
0.720507 21.210151 0.001290 0.420759 0.412716 0.105361 -1.039026 22.906948 82.506427 33.314064 2.201700 6.746124
0.717650 21.206708 0.001312 0.390738 0.412716 0.109240 -0.223321 22.182279 78.712218 33.955387 2.282757 6.612359
0.711028 21.525472 0.002219 0.364521 0.596607 0.112511 3.080750 23.377850 75.371369 83.174763 2.351098 6.866758
0.700009 21.949888 0.002406 0.340520 0.646939 0.123481 2.163075 26.875361 76.097063 81.759503 2.580350 7.373847
0.692050 22.362457 0.003043 0.342516 0.818258 0.134730 0.273371 24.696515 76.667984 80.383750 2.815419 8.072625
0.688329 22.896863 0.005491 0.342749 1.134730 0.151887 -25.219524 27.280590 77.114320 78.601722 3.173923 8.351515
0.686223 23.402161 0.006060 0.342373 1.151887 0.167778 -22.210316 25.962166 77.405852 76.916753 3.505996 8.644864
0.684970 23.852392 0.007835 0.341361 1.167778 0.182563 -19.410203 27.675891 77.561824 75.415412 3.814963 8.896124
0.684972 24.302281 0.008369 0.339488 1.182563 0.196322 -16.762296 26.978802 77.611279 73.915213 4.102475 9.112279
0.686107 24.763840 0.009619 0.336861 1.196322 0.209089 -14.292296 28.233067 77.567731 72.376100 4.369260 9.292266
0.688424 25.259598 0.010047 0.333424 1.209089 0.220852 -11.950356 27.986442 77.442537 70.722943 4.615082 9.440729
0.692281 25.837417 0.010894 0.328942 1.220852 0.231549 -9.729472 29.081249 77.245077 68.796149 4.838606 9.564201
0.697844 26.533317 0.011160 0.323248 1.231549 0.241070 -7.560708 29.296589 76.975519 66.475601 5.037558 10.609060
0.705182 27.353980 0.011643 0.316299 1.241070 0.249299 -5.367829 30.412358 76.625830 63.739019 5.209515 10.737273
0.714979 28.405670 0.011713 0.307366 1.249299 0.256059 -2.930790 31.194427 76.197921 60.232051 5.350782 10.870341
0.721515 29.166748 0.011815 0.299787 1.256059 0.261270 0.580431 31.664820 75.615019 57.694162 5.459675 10.964844
0.725568 29.676858 0.011920 0.292820 1.261270 0.269858 -14.557571 32.007995 74.942711 55.993151 5.639131 11.064019
0.729350 30.158150 0.011991 0.285467 1.269858 0.277635 -12.567592 32.458605 74.244587 54.388234 5.801654 11.145879
0.731667 30.474057 0.011972 0.279003 1.277635 0.284718 -10.721359 32.534060 73.515175 53.334810 5.949662 11.242048
0.734299 30.822485 0.012036 0.272133 1.284718 0.291169 -8.984672 33.010668 72.803349 52.172943 6.084473 11.325168
0.732780 30.685449 0.011928 0.268469 1.291169 0.297167 -7.307828 32.285369 72.051655 52.629903 6.209805 11.395287
0.728200 30.199507 0.012203 0.266775 1.297167 0.302984 -5.638674 32.015809 71.351432 54.250325 6.331358 11.482597
0.728604 30.270275 0.012307 0.261860 1.302984 0.308483 -3.856558 32.471368 70.840837 54.014340 6.446268 11.549022
0.718208 29.174153 0.012194 0.265593 1.308483 0.313893 -1.678017 30.107559 70.245345 57.669468 6.559313 11.624430
0.690766 26.856789 0.013033 0.276568 1.313893 0.320075 2.636799 28.093273 69.743588 -244.510250 6.688499 10.648265
0.659361 24.803146 0.013764 0.286460 1.320075 0.276499 0.000909 3.312279 -652.158165 -237.662170 5.777911 8.888806
0.617889 22.422878 0.014449 -4.299927 1.276499 0.214163 0.445494 19.435074 -602.976343 -229.724929 4.475293 7.472224
0.557124 19.568975 0.001482 -3.968240 1.214163 0.116458 4.601380 2.093496 -558.304410 -145.781881 2.433578 5.971626
0.474025 16.632442 0.001260 -3.664774 1.116458 -0.002792 5.130086 17.136311 -511.938012 -42.960613 -0.058335 4.927841
0.369457 13.981287 -0.007679 -3.352325 1.002792 -0.087279 5.875591 8.236376 -462.566974 -13.955238 -1.823840 4.033809
0.253293 11.881148 -0.005034 -3.024236 1.087279 -0.164270 6.099911 13.886200 -416.032927 -5.026315 -3.432687 3.271954
0.145927 10.441780 -0.006766 -2.718443 1.164270 -0.228401 5.632633 7.566602 -373.505098 -3.853541 -4.772817 2.665338
0.066968 9.599208 -0.004033 -2.441991 1.228401 -0.234777 1.359797 11.294308 -335.125653 -3.995919 -4.906057 2.172231
0.023470 9.204113 -0.004882 -2.194833 1.234777 -0.228315 -27.251443 7.600286 -300.624348 -4.201195 -4.771033 1.759854
0.004665 9.056599 -0.003149 -1.973974 1.228315 -0.228640 -23.065851 10.264431 -269.613472 -4.207328 -4.777815 1.442477
-0.026215 8.966623 -0.003733 -1.775731 1.228640 -0.231891 -18.949401 7.971206 -241.712633 -6.993099 -4.845747 -0.650915
-0.076874 8.797155 -0.002590 -1.596804 1.231891 -0.348274 -14.804511 9.296702 -216.822867 -9.526717 -7.277770 -3.352194
-0.142293 8.402166 -0.002844 -1.435634 1.348274 -0.459730 -10.387997 7.517698 -194.469204 -11.393220 -9.606837 -5.613820
-0.227580 7.736976 -0.002031 -1.288907 1.459730 -0.499755 -5.803161 7.778285 -174.382699 -16.239924 -10.443213 -7.483495
-0.317580 6.960041 -0.001971 -1.155918 1.499755 -0.540977 -3.933967 5.870257 -156.683613 -22.153455 -11.304629 -9.021552
-0.395961 6.251881 -0.001287 -1.038587 1.540977 -0.583091 -4.509403 5.742704 -141.204540 -27.978712 -12.184671 -10.342704
-0.451900 5.741448 -0.001396 -0.936666 1.583091 -0.626588 -5.658273 4.554705 -127.695680 -29.888779 -13.093606 -11.390398
-0.480142 5.499428 -0.001262 -0.849015 1.626588 -0.666173 -6.366690 4.994308 -115.637068 -29.969788 -13.920808 -12.265332
-0.485499 5.486850 -0.001715 -0.772070 1.666173 -0.702451 -6.554574 4.676005 -104.729555 -28.454219 -14.678884 -13.003584
-0.479320 5.589689 -0.001850 -0.703199 1.702451 -0.734085 -6.261929 5.286452 -94.731815 -25.919067 -15.339931 -13.603062
-0.465433 5.698724 -0.002229 -0.640166 1.579682 -0.760029 -5.479956 5.234313 -85.482990 -11.076943 -15.882073 -13.501299
-0.451400 5.745460 -0.002266 -0.581510 1.429356 -0.747845 -4.453266 6.515123 -75.999400 -8.355985 -15.627479 -13.234015
-0.451037 5.664063 -0.002361 -0.520541 1.293335 -0.728157 -3.131329 5.529123 -67.287146 -9.234757 -15.216059 -13.003613
-0.465102 5.450212 -0.001620 -0.463644 1.170258 -0.712168 -1.314421 5.836131 -59.564363 -9.483648 -14.881942 -12.803701
-0.491898 5.123147 -0.001418 -0.412332 1.058893 -0.699534 2.548995 4.958038 -52.690335 -9.003245 -14.617941 -12.628989
-0.525208 4.745481 -0.000850 -0.366108 0.958126 -0.687353 0.463941 4.996959 -46.525229 -8.898983 -14.363390 -12.475096
-0.551080 4.454175 -0.000640 -0.324954 0.866948 -0.674231 -8.616132 4.430188 -41.017048 -9.939138 -14.089194 -12.338396
-0.564755 4.292240 -0.000250 -0.288811 0.784447 -0.664239 -7.330376 4.493447 -36.174554 -9.814659 -13.880391 -12.215888
-0.567615 4.242442 -0.000143 -0.257627 0.709797 -0.654800 -6.156874 4.346873 -31.827619 -9.825519 -13.683148 -12.105087
-0.570378 4.197568 0.000023 -0.229632 0.642251 -0.646127 -5.088953 4.367736 -27.935488 -9.788547 -13.501902 -12.003938
-0.582866 4.061276 0.000112 -0.203954 0.581133 -0.638344 -4.114168 4.094888 -24.457032 -9.568010 -13.339278 -11.910736
-0.597930 3.845445 0.000287 -0.180406 0.525831 -0.630939 -3.226115 3.929019 -21.343656 -3.363019 -13.184539 -11.631028
-0.614516 3.579902 0.000411 -0.158868 0.475791 -0.614229 -2.374842 4.037959 -18.113949 1.740265 -12.835341 -11.207947
-0.634214 3.312994 0.000583 -0.136580 0.430514 -0.590975 -1.399749 3.827286 -14.876990 0.649393 -12.349416 -10.846726
-0.655758 3.052440 0.000968 -0.114286 0.389545 -0.571244 0.038685 3.408449 -12.108160 -0.011401 -11.937110 -10.536674
-0.682221 2.767796 0.001346 -0.094823 0.361806 -0.542571 -46.240195 3.150597 -9.725241 -9.251897 -11.337935 -10.268937
-0.710092 2.487285 0.001606 -0.077845 0.431856 -0.528686 -41.586653 2.113245 -8.347379 -9.219698 -11.047778 -10.036188
-0.735468 2.241057 0.001855 -0.067493 0.498932 -0.516466 -37.382679 2.480550 -7.151292 -9.105488 -10.792422 -9.832363
-0.759824 2.013284 0.001601 -0.058417 0.498932 -0.505627 -33.571392 1.766117 -6.108188 -8.917024 -10.565924 -9.652439
-0.782366 1.800407 0.001732 -0.050411 0.498932 -0.495890 -30.143948 1.951630 -5.193537 -5.562742 -10.362457 -9.424602
-0.804738 1.590976 0.001547 -0.043246 0.498932 -0.483806 -27.045107 1.662792 -4.154747 -2.610620 -10.109936 -9.160937
-0.827555 1.387254 0.001618 -0.035326 0.498932 -0.470013 -24.236979 1.729834 -3.037535 -2.977602 -9.821701 -8.930865
-0.848951 1.202223 0.001631 -0.027025 0.498932 -0.457836 -21.677026 1.293956 -2.099738 -3.234418 -9.567254 -8.728560
-0.869047 1.030926 0.001796 -0.019956 0.498932 -0.446992 -19.344924 1.295940 -1.311233 -2.045214 -9.340649 -8.524233
-0.888036 0.871743 0.001785 -0.013915 0.498932 -0.436043 -17.212985 1.080091 -0.545230 -0.989211 -9.111856 -8.319623
-0.905509 0.728920 0.001872 -0.008122 0.503357 -0.425086 -15.261885 1.057790 0.191993 -1.323305 -8.882891 -8.138093
-0.920973 0.604940 0.001907 -0.002632 0.512715 -0.415259 -13.467648 0.810197 0.800824 -1.559732 -8.677536 -7.975626
-0.933619 0.500223 0.002000 0.001916 0.537767 -0.406302 -11.815607 0.786613 1.305134 4.063957 -8.490363 -7.731601
-0.944117 0.411930 0.001998 0.005693 0.537767 -0.393200 -10.270932 1.054700 2.158330 8.455202 -8.216576 -7.425593
-0.953385 0.337267 0.002035 0.011608 0.547107 -0.377038 -8.827195 1.014955 3.227858 6.758639 -7.878833 -7.159256
-0.961704 0.272759 0.002276 0.018836 0.612040 -0.362937 -7.455655 0.777912 4.031258 5.431734 -7.584179 -6.925717
-0.969085 0.217306 0.002510 0.024311 0.674829 -0.350566 -6.053621 0.745992 4.627033 4.435041 -7.325655 -6.719289
-0.975266 0.171948 0.002611 0.028398 0.702023 -0.339633 -4.559833 0.595649 5.064460 3.720932 -7.097205 -6.535261
-0.980254 0.136009 0.002710 0.031415 0.728820 -0.329905 -2.927845 0.580469 5.383787 3.256910 -6.893924 -6.369737
-0.984144 0.108379 0.002731 0.033627 0.734406 -0.321262 -0.827519 0.492782 5.618321 3.109411 -6.713308 -6.219488
-0.987177 0.087082 0.002758 0.035257 0.741490 -0.314415 5.262471 0.499963 5.802638 4.348930 -6.570219 -6.081844
-0.989906 0.069965 0.002741 0.036541 0.741490 -0.306541 3.844005 0.545723 6.049127 -11.915487 -6.405687 -6.204383
-0.992114 0.056890 0.002741 0.038196 0.741490 -0.311350 2.298577 -0.747825 5.036255 -25.913828 -6.506179 -6.527954
-0.993750 0.046546 0.002777 0.031805 0.746603 -0.325801 -0.004669 -0.774987 -12898.505999 -23.204830 -6.808148 -6.784231
-0.995024 0.038018 0.002030 -82.218148 0.746603 -0.380850 8.219831 -0.542561 -11609.882579 41.597464 -7.958504 -6.984760
-0.996296 0.028736 0.001344 -74.004120 0.746603 -0.384271 6.735779 4.206192 -10445.171030 43.440750 -8.029989 -7.075491
-0.998055 0.015203 0.000869 -66.579907 0.746603 -0.382632 5.222658 0.526582 -9396.788237 44.028088 -7.995730 -7.078935
-0.999883 0.000919 0.003329 -59.897194 0.895108 -0.377192 3.543444 3.486081 -8453.203629 39.770483 -7.882065 -7.069585
-1.001311 -0.010358 0.003331 -53.882507 0.895632 -0.371431 1.065526 0.770009 -7604.306784 35.408165 -7.761674 -7.049603
-1.002436 -0.019180 0.005135 -48.471397 1.371431 -0.364281 -5.945487 2.590447 -6840.637044 34.820889 -7.612259 -6.944250
-1.003115 -0.024295 0.005124 -43.603566 1.364281 -0.355688 -3.034141 1.069583 -6153.390098 36.721760 -7.432692 -6.772568
-1.003422 -0.026475 0.006223 -39.222889 1.355688 -0.344641 1.649817 2.411578 -5534.738837 33.784770 -7.201858 -6.617531
-1.003467 -0.026638 0.006295 -35.279469 1.344641 -0.331660 -6.349477 1.099863 -4978.190543 26.810198 -6.930581 -6.476232
-1.003160 -0.024139 0.007175 -31.731924 1.331660 -0.322524 -3.802948 1.609751 -4477.840811 24.230726 -6.739675 -6.346264
-1.002640 -0.019949 0.007173 -28.542612 1.322524 -0.314361 -0.367861 1.001396 -4027.733619 27.346744 -6.569095 -6.152127
-1.002076 -0.015453 0.007479 -25.673559 1.314361 -0.309873 30.173910 1.717301 -3622.415568 39.032078 -6.475312 -5.909042
-1.001522 -0.011185 0.007384 -23.090000 1.309873 -0.294279 26.772790 2.022497 -3256.758659 33.680005 -6.149453 -5.694159
-1.000906 -0.006591 0.007729 -20.759252 1.294279 -0.280606 23.649370 1.360339 -2928.093253 29.126576 -5.863740 -5.502583
-1.000242 -0.001727 0.008224 -18.664297 1.280606 -0.268227 20.785211 1.535521 -2632.657200 32.644629 -5.605046 -5.211202
-0.999594 0.002813 0.008268 -16.781152 1.268227 -0.250847 18.163167 1.648243 -2366.519601 34.453101 -5.241865 -4.843983
-0.999108 0.006024 0.008410 -15.084753 1.250847 -0.230062 15.752229 1.672351 -2126.886936 28.907920 -4.807526 -4.525316
-0.998766 0.008168 0.008606 -13.557296 1.230062 -0.212228 13.538416 1.208012 -1911.666236 24.396160 -4.434854 -4.246798
-0.998555 0.009396 0.008796 -12.185440 1.212228 -0.196823 11.502549 1.214994 -1718.334182 20.697819 -4.112946 -4.001476
-0.998626 0.008805 0.008686 -10.953095 1.196823 -0.183422 9.616651 0.906524 -1544.637214 17.647899 -3.832917 -3.783593
-0.998751 0.007836 0.008590 -9.845906 1.183422 -0.171485 7.833852 0.901559 -1388.560035 19.748856 -3.583469 -3.504215
-0.998854 0.007000 0.008318 -8.851031 1.171485 -0.156442 6.093425 1.043029 -1247.951655 20.897240 -3.269124 -3.178712
-0.998938 0.006342 0.008068 -7.954758 1.156442 -0.139246 4.260202 0.991284 -1121.341564 17.431448 -2.909780 -2.893722
-0.999016 0.005763 0.007929 -7.147714 1.139246 -0.124260 2.079609 0.744466 -1007.679712 14.482355 -2.596630 -2.642227
-0.999165 0.004771 0.007772 -6.423202 1.124260 -0.110634 -1.685517 0.695221 -905.629058 15.131726 -2.311878 -2.348330
-0.999288 0.003949 0.007481 -5.772703 1.110634 -0.096967 2.833271 0.760512 -813.756177 17.331469 -2.026283 -2.023305
