384.40 42.41 27.84 271.03 27.84 142.51 
384.40 42.41 27.84 271.03 27.84 142.51 
384.40 42.41 27.84 271.03 27.84 142.51 
384.40 42.41 27.84 271.03 27.84 142.51 
384.40 42.41 27.84 271.03 27.84 142.51 
384.40 42.41 27.84 271.03 27.84 142.51 
384.40 42.41 27.84 271.03 27.84 142.51 
384.40 42.41 27.84 271.03 27.84 142.51 
384.40 42.41 27.84 271.03 27.84 142.51 
384.40 42.41 27.84 271.03 27.84 142.51 
384.40 42.41 27.84 271.03 27.84 142.51 
384.40 42.41 27.84 271.03 27.84 142.51 
384.40 42.41 27.84 271.03 27.84 142.51 
384.40 42.41 27.84 271.03 27.84 142.51 
384.40 42.41 27.84 271.03 27.84 142.51 
384.40 42.41 27.84 271.03 27.84 142.51 
384.40 42.41 27.84 271.03 27.84 142.51 
384.40 42.41 27.84 271.03 27.84 142.51 
384.40 42.41 27.84 271.03 27.84 142.51 
384.40 42.41 27.84 271.03 27.84 142.51 
384.40 42.41 27.84 271.03 27.84 142.51 
384.40 42.41 27.84 271.03 27.84 142.51 
384.40 42.41 27.84 271.03 27.84 142.51 
384.40 42.41 27.84 271.03 27.84 142.51 
384.40 42.41 27.84 271.03 27.84 142.51 
384.40 42.41 27.84 271.03 27.84 142.51 
384.40 42.41 27.84 271.03 27.84 142.51 
384.40 42.41 27.84 271.03 27.84 142.51 
384.40 42.41 27.84 271.03 27.84 142.51 
384.40 42.41 27.84 271.03 27.84 142.51 
384.40 42.41 27.84 271.03 27.84 142.51 
384.40 42.41 27.84 271.03 27.84 142.51 
384.40 42.41 27.84 271.03 27.84 142.51 
384.40 42.41 27.84 271.03 27.84 142.51 
384.40 42.41 27.84 271.03 27.84 142.51 
384.40 42.41 27.84 271.03 27.84 142.51 
384.40 42.41 27.84 271.03 27.84 142.51 
384.40 42.41 27.84 271.03 27.84 142.51 
384.40 42.41 27.84 271.03 27.84 142.51 
384.40 42.41 27.84 271.03 27.84 142.51 
384.40 42.41 27.84 271.03 27.84 142.51 
384.40 42.41 27.84 271.03 27.84 142.51 
384.40 42.41 27.84 271.03 27.84 142.51 
384.40 42.41 27.84 271.03 27.84 142.51 
384.40 42.41 27.84 271.03 27.84 142.51 
384.40 42.41 27.84 271.03 27.84 142.51 
384.40 42.41 27.84 271.03 27.84 142.51 
384.40 42.41 27.84 271.03 27.84 142.51 
384.40 42.41 27.84 271.03 27.84 142.51 
384.40 42.41 27.84 271.03 27.84 142.51 
384.40 42.41 27.84 271.03 27.84 142.51 
384.40 42.41 27.84 271.03 27.84 142.51 
384.40 42.41 27.84 271.03 27.84 142.51 
384.40 42.41 27.84 271.03 27.84 142.51 
384.40 42.41 27.84 271.03 27.84 142.51 
384.40 42.41 27.84 271.03 27.84 142.51 
384.40 42.41 27.84 271.03 27.84 142.51 
384.40 42.41 27.84 271.03 27.84 142.51 
384.40 42.41 27.84 271.03 27.84 142.51 
384.40 42.41 27.84 271.03 27.84 142.51 
384.40 42.41 27.84 271.03 27.84 142.51 
384.40 42.41 27.84 271.03 27.84 142.51 
384.40 42.41 27.84 271.03 27.84 142.51 
384.40 42.41 27.84 271.03 27.84 142.51 
384.40 42.41 27.84 271.03 27.84 142.51 
384.40 42.41 27.84 271.03 27.84 142.51 
384.40 42.41 27.84 271.03 27.84 142.51 
384.40 42.41 27.84 271.03 27.84 142.51 
384.40 42.41 27.84 271.03 27.84 142.51 
384.40 42.41 27.84 271.03 27.84 142.51 
384.40 42.41 27.84 271.03 27.84 142.51 
384.40 42.41 27.84 271.03 27.84 142.51 
384.40 42.41 27.84 271.03 27.84 142.51 
384.40 42.41 27.84 271.03 27.84 142.51 
384.40 42.41 27.84 271.03 27.84 142.51 
384.40 42.41 27.84 271.03 27.84 142.51 
384.40 42.41 27.84 271.03 27.84 142.51 
384.40 42.41 27.84 271.03 27.84 142.51 
384.40 42.41 27.84 271.03 27.84 142.51 
384.40 42.41 27.84 271.03 27.84 142.51 
384.40 42.41 27.84 271.03 27.84 142.51 
384.40 42.41 27.84 271.03 27.84 142.51 
384.40 42.41 27.84 271.03 27.84 142.52 
384.40 42.41 27.85 271.03 27.85 142.53 
384.40 42.41 27.85 271.04 27.85 142.56 
384.40 42.41 27.86 271.06 27.86 142.60 
384.41 42.41 27.87 271.10 27.87 142.66 
384.42 42.41 27.88 271.16 27.88 142.73 
384.44 42.42 27.90 271.26 27.90 142.83 
384.48 42.43 27.93 271.40 27.93 142.95 
384.53 42.44 27.97 271.59 27.97 143.09 
384.61 42.46 28.02 271.84 28.02 143.26 
384.73 42.48 28.09 272.16 28.09 143.44 
384.90 42.52 28.17 272.54 28.17 143.66 
385.13 42.56 28.26 272.99 28.26 143.89 
385.44 42.63 28.38 273.52 28.38 144.15 
385.86 42.71 28.52 274.13 28.52 144.43 
386.42 42.83 28.68 274.80 28.68 144.72 
387.16 42.98 28.87 275.54 28.87 145.03 
388.11 43.18 29.09 276.33 29.09 145.35 
389.34 43.44 29.33 277.14 29.33 145.67 
390.91 43.77 29.61 277.95 29.61 145.99 
392.47 44.10 29.88 278.76 29.88 146.32 
394.01 44.44 30.16 279.56 30.16 146.64 
395.55 44.77 30.44 280.35 30.44 146.96 
397.07 45.10 30.71 281.13 30.71 147.28 
398.59 45.43 30.98 281.91 30.98 147.59 
400.09 45.76 31.26 282.68 31.26 147.91 
401.58 46.09 31.53 283.45 31.53 148.23 
403.06 46.42 31.80 284.20 31.80 148.54 
404.53 46.75 32.08 284.96 32.08 148.85 
405.99 47.07 32.35 285.70 32.35 149.17 
407.43 47.40 32.62 286.44 32.62 149.48 
408.87 47.73 32.89 287.17 32.89 149.79 
410.30 48.05 33.16 287.90 33.16 150.10 
411.72 48.38 33.43 288.62 33.43 150.40 
413.12 48.70 33.70 289.33 33.70 150.71 
414.52 49.02 33.97 290.04 33.97 151.02 
415.91 49.35 34.24 290.75 34.24 151.32 
417.29 49.67 34.51 291.44 34.51 151.63 
418.66 49.99 34.78 292.13 34.78 151.93 
420.01 50.31 35.04 292.82 35.04 152.23 
421.36 50.63 35.31 293.50 35.31 152.53 
422.70 50.95 35.57 294.18 35.57 152.83 
424.03 51.27 35.84 294.84 35.84 153.13 
425.35 51.58 36.11 295.51 36.11 153.42 
426.67 51.90 36.37 296.17 36.37 153.72 
427.97 52.22 36.63 296.82 36.63 154.01 
429.26 52.53 36.90 297.47 36.90 154.31 
430.55 52.85 37.16 298.11 37.16 154.60 
431.82 53.16 37.42 298.75 37.42 154.89 
433.09 53.47 37.68 299.38 37.68 155.18 
434.35 53.78 37.94 300.01 37.94 155.47 
435.60 54.10 38.20 300.63 38.20 155.76 
436.84 54.41 38.46 301.25 38.46 156.05 
438.08 54.72 38.72 301.86 38.72 156.33 
439.30 55.03 38.98 302.47 38.98 156.62 
440.52 55.33 39.24 303.08 39.24 156.90 
441.73 55.64 39.50 303.68 39.50 157.19 
442.93 55.95 39.75 304.27 39.75 157.47 
444.12 56.25 40.01 304.86 40.01 157.75 
445.30 56.56 40.27 305.45 40.27 158.03 
446.48 56.86 40.52 306.03 40.52 158.31 
447.65 57.17 40.78 306.60 40.78 158.58 
448.81 57.47 41.03 307.18 41.03 158.86 
449.96 57.77 41.28 307.74 41.28 159.14 
451.11 58.07 41.53 308.31 41.53 159.41 
452.25 58.37 41.79 308.87 41.79 159.68 
453.38 58.67 42.04 309.42 42.04 159.95 
454.50 58.97 42.29 309.97 42.29 160.23 
455.62 59.27 42.54 310.52 42.54 160.50 
456.73 59.57 42.79 311.06 42.79 160.76 
457.83 59.86 43.04 311.60 43.04 161.03 
458.93 60.16 43.28 312.14 43.28 161.30 
460.01 60.45 43.53 312.67 43.53 161.57 
461.09 60.75 43.78 313.20 43.78 161.83 
462.17 61.04 44.02 313.72 44.02 162.09 
463.24 61.33 44.27 314.24 44.27 162.36 
464.30 61.62 44.51 314.76 44.51 162.62 
465.35 61.91 44.76 315.27 44.76 162.88 
466.40 62.20 45.00 315.78 45.00 163.14 
467.44 62.49 45.24 316.29 45.24 163.40 
468.47 62.78 45.49 316.79 45.49 163.66 
469.50 63.07 45.73 317.29 45.73 163.91 
470.52 63.36 45.97 317.78 45.97 164.17 
471.53 63.64 46.21 318.27 46.21 164.42 
472.54 63.93 46.45 318.76 46.45 164.68 
473.54 64.21 46.69 319.24 46.69 164.93 
474.54 64.49 46.92 319.72 46.92 165.18 
475.53 64.78 47.16 320.20 47.16 165.43 
476.51 65.06 47.40 320.68 47.40 165.68 
477.49 65.34 47.63 321.15 47.63 165.93 
478.46 65.62 47.87 321.61 47.87 166.18 
479.42 65.90 48.11 322.08 48.11 166.43 
480.38 66.18 48.34 322.54 48.34 166.67 
481.34 66.46 48.57 323.00 48.57 166.92 
482.29 66.73 48.81 323.45 48.81 167.16 
483.23 67.01 49.04 323.91 49.04 167.40 
484.16 67.29 49.27 324.36 49.27 167.64 
485.09 67.56 49.50 324.80 49.50 167.89 
486.02 67.84 49.73 325.24 49.73 168.13 
486.94 68.11 49.96 325.68 49.96 168.37 
487.85 68.38 50.19 326.12 50.19 168.60 
488.76 68.65 50.41 326.56 50.41 168.83 
489.66 68.92 50.64 326.99 50.64 169.04 
490.56 69.19 50.85 327.41 50.85 169.25 
491.45 69.45 51.07 327.82 51.07 169.44 
492.32 69.72 51.27 328.21 51.27 169.62 
493.19 69.97 51.47 328.58 51.47 169.78 
494.04 70.23 51.67 328.93 51.67 169.93 
494.86 70.48 51.85 329.26 51.85 170.06 
495.67 70.71 52.02 329.55 52.02 170.17 
496.44 70.94 52.17 329.82 52.17 170.26 
497.18 71.16 52.31 330.04 52.31 170.34 
497.87 71.37 52.44 330.23 52.44 170.40 
498.51 71.56 52.55 330.38 52.55 170.45 
499.08 71.72 52.64 330.49 52.64 170.48 
499.57 71.87 52.72 330.56 52.72 170.50 
499.96 71.98 52.77 330.60 52.77 170.51 
500.25 72.06 52.81 330.62 52.81 170.52 
500.40 72.11 52.83 330.63 52.83 170.52 
500.40 72.11 52.83 330.63 52.83 170.52 
500.40 72.11 52.83 330.63 52.83 170.52 
500.40 72.11 52.83 330.63 52.83 170.52 
500.40 72.11 52.83 330.63 52.83 170.52 
500.40 72.11 52.83 330.63 52.83 170.52 
500.40 72.11 52.83 330.63 52.83 170.52 
500.40 72.11 52.83 330.63 52.83 170.52 
500.40 72.11 52.83 330.63 52.83 170.52 
500.40 72.11 52.83 330.63 52.83 170.52 
500.40 72.11 52.83 330.63 52.83 170.52 
500.40 72.11 52.83 330.63 52.83 170.52 
500.40 72.11 52.83 330.63 52.83 170.52 
500.40 72.11 52.83 330.63 52.83 170.52 
500.40 72.11 52.83 330.63 52.83 170.52 
500.40 72.11 52.83 330.63 52.83 170.52 
500.40 72.11 52.83 330.63 52.83 170.52 
500.40 72.11 52.83 330.63 52.83 170.52 
500.40 72.11 52.83 330.63 52.83 170.52 
500.40 72.11 52.83 330.63 52.83 170.52 
500.40 72.11 52.83 330.63 52.83 170.52 
500.40 72.11 52.83 330.63 52.83 170.52 
500.40 72.11 52.83 330.63 52.83 170.52 
500.40 72.11 52.83 330.63 52.83 170.52 
500.40 72.11 52.83 330.63 52.83 170.52 
500.40 72.11 52.83 330.63 52.83 170.52 
500.40 72.11 52.83 330.63 52.83 170.52 
500.40 72.11 52.83 330.63 52.83 170.52 
500.40 72.11 52.83 330.63 52.83 170.52 
500.40 72.11 52.83 330.63 52.83 170.52 
500.40 72.11 52.83 330.63 52.83 170.52 
500.40 72.11 52.83 330.63 52.83 170.52 
500.40 72.11 52.83 330.63 52.83 170.52 
500.40 72.11 52.83 330.63 52.83 170.52 
500.40 72.11 52.83 330.63 52.83 170.52 
500.40 72.11 52.83 330.63 52.83 170.52 
500.40 72.11 52.83 330.63 52.83 170.52 
500.40 72.11 52.83 330.63 52.83 170.52 
500.40 72.11 52.83 330.63 52.83 170.52 
500.40 72.11 52.83 330.63 52.83 170.52 
500.40 72.11 52.83 330.63 52.83 170.52 
500.40 72.11 52.83 330.63 52.83 170.52 
500.40 72.11 52.83 330.63 52.83 170.52 
500.40 72.11 52.83 330.63 52.83 170.52 
500.40 72.11 52.83 330.63 52.83 170.52 
500.40 72.11 52.83 330.63 52.83 170.52 
500.40 72.11 52.83 330.63 52.83 170.52 
500.40 72.11 52.83 330.63 52.83 170.52 
500.40 72.11 52.83 330.63 52.83 170.52 
500.40 72.11 52.83 330.63 52.83 170.52 
500.40 72.11 52.83 330.63 52.83 170.52 
500.40 72.11 52.83 330.63 52.83 170.52 
500.40 72.11 52.83 330.63 52.83 170.52 
500.40 72.11 52.83 330.63 52.83 170.52 
500.40 72.11 52.83 330.63 52.83 170.52 
500.40 72.11 52.83 330.63 52.83 170.52 
500.40 72.11 52.83 330.63 52.83 170.52 
500.40 72.11 52.83 330.63 52.83 170.52 
500.40 72.11 52.83 330.63 52.83 170.52 
500.40 72.11 52.83 330.63 52.83 170.52 
500.40 72.11 52.83 330.63 52.83 170.52 
500.40 72.11 52.83 330.63 52.83 170.52 
500.40 72.11 52.83 330.63 52.83 170.52 
500.40 72.11 52.83 330.63 52.83 170.52 
500.40 72.11 52.83 330.63 52.83 170.52 
500.40 72.11 52.83 330.63 52.83 170.52 
500.40 72.11 52.83 330.63 52.83 170.52 
500.40 72.11 52.83 330.63 52.83 170.52 
500.40 72.11 52.83 330.63 52.83 170.52 
500.40 72.11 52.83 330.63 52.83 170.52 
500.40 72.11 52.83 330.63 52.83 170.52 
500.40 72.11 52.83 330.63 52.83 170.52 
500.40 72.11 52.83 330.63 52.83 170.52 
500.40 72.11 52.83 330.63 52.83 170.52 
500.40 72.11 52.83 330.63 52.83 170.52 
500.40 72.11 52.83 330.63 52.83 170.52 
500.40 72.11 52.83 330.63 52.83 170.52 
500.40 72.11 52.83 330.63 52.83 170.52 
500.40 72.11 52.83 330.63 52.83 170.52 
500.40 72.11 52.83 330.63 52.83 170.52 
500.40 72.11 52.83 330.63 52.83 170.52 
500.40 72.11 52.83 330.63 52.83 170.52 
500.40 72.11 52.83 330.63 52.83 170.52 
500.40 72.11 52.83 330.63 52.83 170.52 
500.40 72.11 52.83 330.63 52.83 170.52 
500.40 72.11 52.83 330.63 52.83 170.52 
500.40 72.11 52.83 330.63 52.83 170.52 
500.40 72.11 52.83 330.63 52.83 170.52 
500.40 72.11 52.83 330.63 52.83 170.52 
500.40 72.11 52.83 330.63 52.83 170.52 
500.40 72.11 52.83 330.63 52.83 170.52 
500.40 72.11 52.83 330.63 52.83 170.52 
500.40 72.11 52.83 330.63 52.83 170.52 
500.40 72.11 52.83 330.63 52.83 170.52 
500.40 72.11 52.83 330.63 52.83 170.52 
500.40 72.11 52.83 330.63 52.83 170.52 
500.40 72.11 52.83 330.63 52.83 170.52 
500.40 72.11 52.83 330.63 52.83 170.52 
500.40 72.11 52.83 330.63 52.83 170.52 
500.40 72.11 52.83 330.63 52.83 170.52 
500.40 72.11 52.83 330.63 52.83 170.52 
500.40 72.11 52.83 330.63 52.83 170.52 
500.40 72.11 52.83 330.63 52.83 170.52 
500.40 72.11 52.83 330.63 52.83 170.52 
500.40 72.11 52.83 330.63 52.83 170.52 
500.40 72.11 52.83 330.63 52.83 170.52 
500.40 72.11 52.83 330.63 52.83 170.52 
500.40 72.11 52.83 330.63 52.83 170.52 
500.40 72.11 52.83 330.63 52.83 170.52 
500.40 72.11 52.83 330.63 52.83 170.52 
500.40 72.11 52.83 330.63 52.83 170.52 
500.40 72.11 52.83 330.63 52.83 170.52 
500.40 72.11 52.83 330.63 52.83 170.52 
500.40 72.11 52.83 330.63 52.83 170.52 
500.40 72.11 52.83 330.63 52.83 170.52 
500.40 72.11 52.83 330.63 52.83 170.52 
500.40 72.11 52.83 330.63 52.83 170.52 
500.40 72.11 52.83 330.63 52.83 170.52 
500.40 72.11 52.83 330.63 52.83 170.52 
500.40 72.11 52.83 330.63 52.83 170.52 
500.40 72.11 52.83 330.63 52.83 170.52 
500.40 72.11 52.83 330.63 52.83 170.52 
500.40 72.11 52.83 330.63 52.83 170.52 
500.40 72.11 52.83 330.63 52.83 170.52 
500.40 72.11 52.83 330.63 52.83 170.52 
500.40 72.11 52.83 330.63 52.83 170.52 
500.40 72.11 52.83 330.63 52.83 170.52 
500.40 72.11 52.83 330.63 52.83 170.52 
500.40 72.11 52.83 330.63 52.83 170.52 
500.40 72.11 52.83 330.63 52.83 170.52 
500.40 72.11 52.83 330.63 52.83 170.52 
500.40 72.11 52.83 330.63 52.83 170.52 
500.40 72.11 52.83 330.63 52.83 170.52 
500.40 72.11 52.83 330.63 52.83 170.52 
500.40 72.11 52.83 330.63 52.83 170.52 
500.40 72.11 52.83 330.63 52.83 170.52 
500.40 72.11 52.83 330.63 52.83 170.52 
500.40 72.11 52.83 330.63 52.83 170.52 
500.40 72.11 52.83 330.63 52.83 170.52 
500.40 72.11 52.83 330.63 52.83 170.52 
500.40 72.11 52.83 330.63 52.83 170.52 
500.40 72.11 52.83 330.63 52.83 170.52 
500.40 72.11 52.83 330.63 52.83 170.52 
500.40 72.11 52.83 330.63 52.83 170.52 
500.40 72.11 52.83 330.63 52.83 170.52 
500.40 72.11 52.83 330.63 52.83 170.52 
500.40 72.11 52.83 330.63 52.83 170.52 
500.40 72.11 52.83 330.63 52.83 170.52 
500.40 72.11 52.83 330.63 52.83 170.52 
500.40 72.11 52.83 330.63 52.83 170.52 
500.40 72.11 52.83 330.63 52.83 170.52 
500.40 72.11 52.83 330.63 52.83 170.52 
500.40 72.11 52.83 330.63 52.83 170.52 
500.40 72.11 52.83 330.63 52.83 170.52 
500.40 72.11 52.83 330.63 52.83 170.52 
500.40 72.11 52.83 330.63 52.83 170.52 
500.40 72.11 52.83 330.63 52.83 170.52 
500.40 72.11 52.83 330.63 52.83 170.52 
500.40 72.11 52.83 330.63 52.83 170.52 
500.40 72.11 52.83 330.63 52.83 170.52 
500.40 72.11 52.83 330.63 52.83 170.52 
500.40 72.11 52.83 330.63 52.83 170.52 
500.40 72.11 52.83 330.63 52.83 170.52 
500.40 72.11 52.83 330.63 52.83 170.52 
500.40 72.11 52.83 330.63 52.83 170.52 
500.40 72.11 52.83 330.63 52.83 170.52 
500.40 72.11 52.83 330.63 52.83 170.52 
500.40 72.11 52.83 330.63 52.83 170.52 
500.40 72.11 52.83 330.63 52.83 170.52 
500.40 72.11 52.83 330.63 52.83 170.52 
500.40 72.11 52.83 330.63 52.83 170.52 
500.40 72.11 52.83 330.63 52.83 170.52 
500.40 72.11 52.83 330.63 52.83 170.52 
500.40 72.11 52.83 330.63 52.83 170.52 
500.40 72.11 52.83 330.63 52.83 170.52 
500.40 72.11 52.83 330.63 52.83 170.52 
500.40 72.11 52.83 330.63 52.83 170.52 
500.40 72.11 52.83 330.63 52.83 170.52 
500.40 72.11 52.83 330.63 52.83 170.52 
500.40 72.11 52.83 330.63 52.83 170.52 
500.40 72.11 52.83 330.63 52.83 170.52 
500.40 72.11 52.83 330.63 52.83 170.52 
500.40 72.11 52.83 330.63 52.83 170.52 
500.40 72.11 52.83 330.63 52.83 170.52 
500.40 72.11 52.83 330.63 52.83 170.52 
500.40 72.11 52.83 330.63 52.83 170.52 
500.40 72.11 52.83 330.63 52.83 170.52 
500.40 72.11 52.83 330.63 52.83 170.52 
500.40 72.11 52.83 330.63 52.83 170.52 
500.40 72.11 52.83 330.63 52.83 170.52 
500.40 72.11 52.83 330.63 52.83 170.52 
500.40 72.11 52.83 330.63 52.83 170.52 
500.40 72.11 52.83 330.63 52.83 170.52 
500.40 72.11 52.83 330.63 52.83 170.52 
500.40 72.11 52.83 330.63 52.83 170.52 
500.40 72.11 52.83 330.63 52.83 170.52 
500.40 72.11 52.83 330.63 52.83 170.52 
500.40 72.11 52.83 330.63 52.83 170.52 
500.40 72.11 52.83 330.63 52.83 170.52 
500.40 72.11 52.83 330.63 52.83 170.52 
500.40 72.11 52.83 330.63 52.83 170.52 
500.40 72.11 52.83 330.63 52.83 170.52 
500.40 72.11 52.83 330.63 52.83 170.52 
500.40 72.11 52.83 330.63 52.83 170.52 
500.40 72.11 52.83 330.63 52.83 170.52 
500.40 72.11 52.83 330.63 52.83 170.52 
500.40 72.11 52.83 330.63 52.83 170.52 
500.40 72.11 52.83 330.63 52.83 170.52 
500.40 72.11 52.83 330.63 52.83 170.52 
500.40 72.11 52.83 330.63 52.83 170.52 
500.40 72.11 52.83 330.63 52.83 170.52 
500.40 72.11 52.83 330.63 52.83 170.52 
500.40 72.11 52.83 330.63 52.83 170.52 
500.40 72.11 52.83 330.63 52.83 170.52 
500.40 72.11 52.83 330.63 52.83 170.52 
500.40 72.11 52.83 330.63 52.83 170.52 
500.40 72.11 52.83 330.63 52.83 170.52 
500.40 72.11 52.83 330.63 52.83 170.52 
500.40 72.11 52.83 330.63 52.83 170.52 
500.40 72.11 52.83 330.63 52.83 170.52 
500.40 72.11 52.83 330.63 52.83 170.52 
500.40 72.11 52.83 330.63 52.83 170.52 
500.40 72.11 52.83 330.63 52.83 170.52 
500.40 72.11 52.83 330.63 52.83 170.52 
500.40 72.11 52.83 330.63 52.83 170.52 
500.40 72.11 52.83 330.63 52.83 170.52 
500.40 72.11 52.83 330.63 52.83 170.52 
500.40 72.11 52.83 330.63 52.83 170.52 
500.40 72.11 52.83 330.63 52.83 170.52 
500.40 72.11 52.83 330.63 52.83 170.52 
500.40 72.11 52.83 330.63 52.83 170.52 
500.40 72.11 52.83 330.63 52.83 170.52 
500.40 72.11 52.83 330.63 52.83 170.52 
500.40 72.11 52.83 330.63 52.83 170.52 
500.40 72.11 52.83 330.63 52.83 170.52 
500.40 72.11 52.83 330.63 52.83 170.52 
500.40 72.11 52.83 330.63 52.83 170.52 
500.40 72.11 52.83 330.63 52.83 170.52 
500.40 72.11 52.83 330.63 52.83 170.52 
500.40 72.11 52.83 330.63 52.83 170.52 
500.40 72.11 52.83 330.63 52.83 170.52 
500.40 72.11 52.83 330.63 52.83 170.52 
500.40 72.11 52.83 330.63 52.83 170.52 
500.40 72.11 52.83 330.63 52.83 170.52 
500.40 72.11 52.83 330.63 52.83 170.52 
500.40 72.11 52.83 330.63 52.83 170.52 
500.40 72.11 52.83 330.63 52.83 170.52 
500.40 72.11 52.83 330.63 52.83 170.52 
500.40 72.11 52.83 330.63 52.83 170.52 
500.40 72.11 52.83 330.63 52.83 170.52 
500.40 72.11 52.83 330.63 52.83 170.52 
500.40 72.11 52.83 330.63 52.83 170.52 
500.40 72.11 52.83 330.63 52.83 170.52 
500.40 72.11 52.83 330.63 52.83 170.52 
500.40 72.11 52.83 330.63 52.83 170.52 
500.40 72.11 52.83 330.63 52.83 170.52 
500.40 72.11 52.83 330.63 52.83 170.52 
500.40 72.11 52.83 330.63 52.83 170.52 
500.40 72.11 52.83 330.63 52.83 170.52 
500.40 72.11 52.83 330.63 52.83 170.52 
500.40 72.11 52.83 330.63 52.83 170.52 
500.40 72.11 52.83 330.63 52.83 170.52 
500.40 72.11 52.83 330.63 52.83 170.52 
500.40 72.11 52.83 330.63 52.83 170.52 
500.40 72.11 52.83 330.63 52.83 170.52 
500.40 72.11 52.83 330.63 52.83 170.52 
500.40 72.11 52.83 330.63 52.83 170.52 
500.40 72.11 52.83 330.63 52.83 170.52 
500.40 72.11 52.83 330.63 52.83 170.52 
500.40 72.11 52.83 330.63 52.83 170.52 
500.40 72.11 52.83 330.63 52.83 170.52 
500.40 72.11 52.83 330.63 52.83 170.52 
500.40 72.11 52.83 330.63 52.83 170.52 
500.40 72.11 52.83 330.63 52.83 170.52 
500.40 72.11 52.83 330.63 52.83 170.52 
500.40 72.11 52.83 330.63 52.83 170.52 
500.40 72.11 52.83 330.63 52.83 170.52 
500.40 72.11 52.83 330.63 52.83 170.52 
500.40 72.11 52.83 330.63 52.83 170.52 
500.40 72.11 52.83 330.63 52.83 170.52 
500.40 72.11 52.83 330.63 52.83 170.52 
500.40 72.11 52.83 330.63 52.83 170.52 
500.40 72.11 52.83 330.63 52.83 170.52 
500.40 72.11 52.83 330.63 52.83 170.52 
500.40 72.11 52.83 330.63 52.83 170.52 
500.40 72.11 52.83 330.63 52.83 170.52 
500.40 72.11 52.83 330.63 52.83 170.52 
500.40 72.11 52.83 330.63 52.83 170.52 
500.40 72.11 52.83 330.63 52.83 170.52 
500.40 72.11 52.83 330.63 52.83 170.52 
500.40 72.11 52.83 330.63 52.83 170.52 
500.40 72.11 52.83 330.63 52.83 170.52 
500.40 72.11 52.83 330.63 52.83 170.52 
500.40 72.11 52.83 330.63 52.83 170.52 
500.40 72.11 52.83 330.63 52.83 170.52 
500.40 72.11 52.83 330.63 52.83 170.52 
500.40 72.11 52.83 330.63 52.83 170.52 
500.40 72.11 52.83 330.63 52.83 170.52 
500.40 72.11 52.83 330.63 52.83 170.52 
500.40 72.11 52.83 330.63 52.83 170.52 
500.40 72.11 52.83 330.63 52.83 170.52 
500.40 72.11 52.83 330.63 52.83 170.52 
500.40 72.11 52.83 330.63 52.83 170.52 
500.40 72.11 52.83 330.63 52.83 170.52 
500.40 72.11 52.83 330.63 52.83 170.52 
500.40 72.11 52.83 330.63 52.83 170.52 
500.40 72.11 52.83 330.63 52.83 170.52 
500.40 72.11 52.83 330.63 52.83 170.52 
500.40 72.11 52.83 330.63 52.83 170.52 
500.40 72.11 52.83 330.63 52.83 170.52 
500.40 72.11 52.83 330.63 52.83 170.52 
500.40 72.11 52.83 330.63 52.83 170.52 
500.40 72.11 52.83 330.63 52.83 170.52 
500.40 72.11 52.83 330.63 52.83 170.52 
500.40 72.11 52.83 330.63 52.83 170.52 
500.40 72.11 52.83 330.63 52.83 170.52 
500.40 72.11 52.83 330.63 52.83 170.52 
500.40 72.11 52.83 330.63 52.83 170.52 
500.40 72.11 52.83 330.63 52.83 170.52 
500.40 72.11 52.83 330.63 52.83 170.52 
500.40 72.11 52.83 330.63 52.83 170.52 
500.40 72.11 52.83 330.63 52.83 170.52 
500.40 72.11 52.83 330.63 52.83 170.52 
500.40 72.11 52.83 330.63 52.83 170.52 
500.40 72.11 52.83 330.63 52.83 170.52 
500.40 72.11 52.83 330.63 52.83 170.52 
500.40 72.11 52.83 330.63 52.83 170.52 
500.40 72.11 52.83 330.63 52.83 170.52 
500.40 72.11 52.83 330.63 52.83 170.52 
500.40 72.11 52.83 330.63 52.83 170.52 
500.40 72.11 52.83 330.63 52.83 170.52 
500.40 72.11 52.83 330.63 52.83 170.52 
500.40 72.11 52.83 330.63 52.83 170.52 
500.40 72.11 52.83 330.63 52.83 170.52 
500.40 72.11 52.83 330.63 52.83 170.52 
500.40 72.11 52.83 330.63 52.83 170.52 
500.40 72.11 52.83 330.63 52.83 170.52 
500.40 72.11 52.83 330.63 52.83 170.52 
500.40 72.11 52.83 330.63 52.83 170.52 
500.40 72.11 52.83 330.63 52.83 170.52 
500.40 72.11 52.83 330.63 52.83 170.52 
500.40 72.11 52.83 330.63 52.83 170.52 
500.40 72.11 52.83 330.63 52.83 170.52 
500.40 72.11 52.83 330.63 52.83 170.52 
500.40 72.11 52.83 330.63 52.83 170.52 
500.40 72.11 52.83 330.63 52.83 170.52 
500.40 72.11 52.83 330.63 52.83 170.52 
500.40 72.11 52.83 330.63 52.83 170.52 
500.40 72.11 52.83 330.63 52.83 170.52 
500.40 72.11 52.83 330.63 52.83 170.52 
500.40 72.11 52.83 330.63 52.83 170.52 
500.40 72.11 52.83 330.63 52.83 170.52 
500.40 72.11 52.83 330.63 52.83 170.52 
500.40 72.11 52.83 330.63 52.83 170.52 
500.40 72.11 52.83 330.63 52.83 170.52 
500.40 72.11 52.83 330.63 52.83 170.52 
500.40 72.11 52.83 330.63 52.83 170.52 
500.40 72.11 52.83 330.63 52.83 170.52 
500.40 72.11 52.83 330.63 52.83 170.52 
500.40 72.11 52.83 330.63 52.83 170.52 
500.40 72.11 52.83 330.63 52.83 170.52 
500.40 72.11 52.83 330.63 52.83 170.52 
500.40 72.11 52.83 330.63 52.83 170.52 
500.40 72.11 52.83 330.63 52.83 170.52 
500.40 72.11 52.83 330.63 52.83 170.52 
500.40 72.11 52.83 330.63 52.83 170.52 
500.40 72.11 52.83 330.63 52.83 170.52 
500.40 72.11 52.83 330.63 52.83 170.52 
500.40 72.11 52.83 330.63 52.83 170.52 
500.40 72.11 52.83 330.63 52.83 170.52 
500.40 72.11 52.83 330.63 52.83 170.52 
500.40 72.11 52.83 330.63 52.83 170.52 
500.40 72.11 52.83 330.63 52.83 170.52 
500.40 72.11 52.83 330.63 52.83 170.52 
500.40 72.11 52.83 330.63 52.83 170.52 
500.40 72.11 52.83 330.63 52.83 170.52 
500.40 72.11 52.83 330.63 52.83 170.52 
500.40 72.11 52.83 330.63 52.83 170.52 
500.40 72.11 52.83 330.63 52.83 170.52 
500.40 72.11 52.83 330.63 52.83 170.52 
500.40 72.11 52.83 330.63 52.83 170.52 
500.40 72.11 52.83 330.63 52.83 170.52 
500.40 72.11 52.83 330.63 52.83 170.52 
500.40 72.11 52.83 330.63 52.83 170.52 
500.40 72.11 52.83 330.63 52.83 170.52 
500.40 72.11 52.83 330.63 52.83 170.52 
500.40 72.11 52.83 330.63 52.83 170.52 
500.40 72.11 52.83 330.63 52.83 170.52 
500.40 72.11 52.83 330.63 52.83 170.52 
500.40 72.11 52.83 330.63 52.83 170.52 
500.40 72.11 52.83 330.63 52.83 170.52 
500.40 72.11 52.83 330.63 52.83 170.52 
500.40 72.11 52.83 330.63 52.83 170.52 
500.40 72.11 52.83 330.63 52.83 170.52 
500.40 72.11 52.83 330.63 52.83 170.52 
500.40 72.11 52.83 330.63 52.83 170.52 
500.40 72.11 52.83 330.63 52.83 170.52 
500.40 72.11 52.83 330.63 52.83 170.52 
500.40 72.11 52.83 330.63 52.83 170.52 
500.40 72.11 52.83 330.63 52.83 170.52 
500.40 72.11 52.83 330.63 52.83 170.52 
500.40 72.11 52.83 330.63 52.83 170.52 
500.40 72.11 52.83 330.63 52.83 170.52 
500.40 72.11 52.83 330.63 52.83 170.52 
500.40 72.11 52.83 330.63 52.83 170.52 
500.40 72.11 52.83 330.63 52.83 170.52 
500.40 72.11 52.83 330.63 52.83 170.52 
500.40 72.11 52.83 330.63 52.83 170.52 
500.40 72.11 52.83 330.63 52.83 170.52 
500.40 72.11 52.83 330.63 52.83 170.52 
500.40 72.11 52.83 330.63 52.83 170.52 
500.40 72.11 52.83 330.63 52.83 170.52 
500.40 72.11 52.83 330.63 52.83 170.52 
500.40 72.11 52.83 330.63 52.83 170.52 
500.40 72.11 52.83 330.63 52.83 170.52 
500.40 72.11 52.83 330.63 52.83 170.52 
500.40 72.11 52.83 330.63 52.83 170.52 
500.40 72.11 52.83 330.63 52.83 170.52 
500.40 72.11 52.83 330.63 52.83 170.52 
500.40 72.11 52.83 330.63 52.83 170.52 
500.40 72.11 52.83 330.63 52.83 170.52 
500.40 72.11 52.83 330.63 52.83 170.52 
500.40 72.11 52.83 330.63 52.83 170.52 
500.40 72.11 52.83 330.63 52.83 170.52 
500.40 72.11 52.83 330.63 52.83 170.52 
500.40 72.11 52.83 330.63 52.83 170.52 
500.40 72.11 52.83 330.63 52.83 170.52 
500.40 72.11 52.83 330.63 52.83 170.52 
500.40 72.11 52.83 330.63 52.83 170.52 
500.40 72.11 52.83 330.63 52.83 170.52 
500.40 72.11 52.83 330.63 52.83 170.52 
500.40 72.11 52.83 330.63 52.83 170.52 
500.40 72.11 52.83 330.63 52.83 170.52 
500.40 72.11 52.83 330.63 52.83 170.52 
500.40 72.11 52.83 330.63 52.83 170.52 
500.40 72.11 52.83 330.63 52.83 170.52 
500.40 72.11 52.83 330.63 52.83 170.52 
500.40 72.11 52.83 330.63 52.83 170.52 
500.40 72.11 52.83 330.63 52.83 170.52 
500.40 72.11 52.83 330.63 52.83 170.52 
500.40 72.11 52.83 330.63 52.83 170.52 
500.40 72.11 52.83 330.63 52.83 170.52 
500.40 72.11 52.83 330.63 52.83 170.52 
500.40 72.11 52.83 330.63 52.83 170.52 
500.40 72.11 52.83 330.63 52.83 170.52 
500.40 72.11 52.83 330.63 52.83 170.52 
500.40 72.11 52.83 330.63 52.83 170.52 
500.40 72.11 52.83 330.63 52.83 170.52 
500.40 72.11 52.83 330.63 52.83 170.52 
500.40 72.11 52.83 330.63 52.83 170.52 
500.40 72.11 52.83 330.63 52.83 170.52 
500.40 72.11 52.83 330.63 52.83 170.52 
500.40 72.11 52.83 330.63 52.83 170.52 
500.40 72.11 52.83 330.63 52.83 170.52 
500.40 72.11 52.83 330.63 52.83 170.52 
500.40 72.11 52.83 330.63 52.83 170.52 
500.40 72.11 52.83 330.63 52.83 170.52 
500.40 72.11 52.83 330.63 52.83 170.52 
500.40 72.11 52.83 330.63 52.83 170.52 
500.40 72.11 52.83 330.63 52.83 170.52 
500.40 72.11 52.83 330.63 52.83 170.52 
500.40 72.11 52.83 330.63 52.83 170.52 
500.40 72.11 52.83 330.63 52.83 170.52 
500.40 72.11 52.83 330.63 52.83 170.52 
500.40 72.11 52.83 330.63 52.83 170.52 
500.40 72.11 52.83 330.63 52.83 170.52 
500.40 72.11 52.83 330.63 52.83 170.52 
500.40 72.11 52.83 330.63 52.83 170.52 
500.40 72.11 52.83 330.63 52.83 170.52 
500.40 72.11 52.83 330.63 52.83 170.52 
500.40 72.11 52.83 330.63 52.83 170.52 
500.40 72.11 52.83 330.63 52.83 170.52 
500.40 72.11 52.83 330.63 52.83 170.52 
500.40 72.11 52.83 330.63 52.83 170.52 
500.40 72.11 52.83 330.63 52.83 170.52 
500.40 72.11 52.83 330.63 52.83 170.52 
500.40 72.11 52.83 330.63 52.83 170.52 
500.40 72.11 52.83 330.63 52.83 170.52 
500.40 72.11 52.83 330.63 52.83 170.52 
500.40 72.11 52.83 330.63 52.83 170.52 
500.40 72.11 52.83 330.63 52.83 170.52 
500.40 72.11 52.83 330.63 52.83 170.52 
500.40 72.11 52.83 330.63 52.83 170.52 
500.40 72.11 52.83 330.63 52.83 170.52 
500.40 72.11 52.83 330.63 52.83 170.52 
500.40 72.11 52.83 330.63 52.83 170.52 
500.40 72.11 52.83 330.63 52.83 170.52 
500.40 72.11 52.83 330.63 52.83 170.52 
500.40 72.11 52.83 330.63 52.83 170.52 
500.40 72.11 52.83 330.63 52.83 170.52 
500.40 72.11 52.83 330.63 52.83 170.52 
500.40 72.11 52.83 330.63 52.83 170.52 
500.40 72.11 52.83 330.63 52.83 170.52 
500.40 72.11 52.83 330.63 52.83 170.52 
500.40 72.11 52.83 330.63 52.83 170.52 
500.40 72.11 52.83 330.63 52.83 170.52 
500.40 72.11 52.83 330.63 52.83 170.52 
500.40 72.11 52.83 330.63 52.83 170.52 
500.40 72.11 52.83 330.63 52.83 170.52 
500.40 72.11 52.83 330.63 52.83 170.52 
500.40 72.11 52.83 330.63 52.83 170.52 
500.40 72.11 52.83 330.63 52.83 170.52 
500.40 72.11 52.83 330.63 52.83 170.52 
500.40 72.11 52.83 330.63 52.83 170.52 
500.40 72.11 52.83 330.63 52.83 170.52 
500.40 72.11 52.83 330.63 52.83 170.52 
500.40 72.11 52.83 330.63 52.83 170.52 
500.40 72.11 52.83 330.63 52.83 170.52 
500.40 72.11 52.83 330.63 52.83 170.52 
500.40 72.11 52.83 330.63 52.83 170.52 
500.40 72.11 52.83 330.63 52.83 170.52 
500.40 72.11 52.83 330.63 52.83 170.52 
500.40 72.11 52.83 330.63 52.83 170.52 
500.40 72.11 52.83 330.63 52.83 170.52 
500.40 72.11 52.83 330.63 52.83 170.52 
500.40 72.11 52.83 330.63 52.83 170.52 
500.40 72.11 52.83 330.63 52.83 170.52 
500.40 72.11 52.83 330.63 52.83 170.52 
500.40 72.11 52.83 330.63 52.83 170.52 
500.40 72.11 52.83 330.63 52.83 170.52 
500.40 72.11 52.83 330.63 52.83 170.52 
500.40 72.11 52.83 330.63 52.83 170.52 
500.40 72.11 52.83 330.63 52.83 170.52 
500.40 72.11 52.83 330.63 52.83 170.52 
500.40 72.11 52.83 330.63 52.83 170.52 
500.40 72.11 52.83 330.63 52.83 170.52 
500.40 72.11 52.83 330.63 52.83 170.52 
500.40 72.11 52.83 330.63 52.83 170.52 
500.40 72.11 52.83 330.63 52.83 170.52 
500.40 72.11 52.83 330.63 52.83 170.52 
500.40 72.11 52.83 330.63 52.83 170.52 
500.40 72.11 52.83 330.63 52.83 170.52 
500.40 72.11 52.83 330.63 52.83 170.52 
500.40 72.11 52.83 330.63 52.83 170.52 
500.40 72.11 52.83 330.63 52.83 170.52 
500.40 72.11 52.83 330.63 52.83 170.52 
500.40 72.11 52.83 330.63 52.83 170.52 
500.40 72.11 52.83 330.63 52.83 170.52 
500.40 72.11 52.83 330.63 52.83 170.52 
500.40 72.11 52.83 330.63 52.83 170.52 
500.40 72.11 52.83 330.63 52.83 170.52 
500.40 72.11 52.83 330.63 52.83 170.52 
500.40 72.11 52.83 330.63 52.83 170.52 
500.40 72.11 52.83 330.63 52.83 170.52 
500.40 72.11 52.83 330.63 52.83 170.52 
500.40 72.11 52.83 330.63 52.83 170.52 
500.40 72.11 52.83 330.63 52.83 170.52 
500.40 72.11 52.83 330.63 52.83 170.52 
500.40 72.11 52.83 330.63 52.83 170.52 
500.40 72.11 52.83 330.63 52.83 170.52 
500.40 72.11 52.83 330.63 52.83 170.52 
500.40 72.11 52.83 330.63 52.83 170.52 
500.40 72.11 52.83 330.63 52.83 170.52 
500.40 72.11 52.83 330.63 52.83 170.52 
500.40 72.11 52.83 330.63 52.83 170.52 
500.40 72.11 52.83 330.63 52.83 170.52 
500.40 72.11 52.83 330.63 52.83 170.52 
500.40 72.11 52.83 330.63 52.83 170.52 
500.40 72.11 52.83 330.63 52.83 170.52 
500.40 72.11 52.83 330.63 52.83 170.52 
500.40 72.11 52.83 330.63 52.83 170.52 
500.40 72.11 52.83 330.63 52.83 170.52 
500.40 72.11 52.83 330.63 52.83 170.52 
500.40 72.11 52.83 330.63 52.83 170.52 
500.40 72.11 52.83 330.63 52.83 170.52 
500.40 72.11 52.83 330.63 52.83 170.52 
500.40 72.11 52.83 330.63 52.83 170.52 
500.40 72.11 52.83 330.63 52.83 170.52 
500.40 72.11 52.83 330.63 52.83 170.52 
500.40 72.11 52.83 330.63 52.83 170.52 
500.40 72.11 52.83 330.63 52.83 170.52 
500.40 72.11 52.83 330.63 52.83 170.52 
500.40 72.11 52.83 330.63 52.83 170.52 
500.40 72.11 52.83 330.63 52.83 170.52 
500.40 72.11 52.83 330.63 52.83 170.52 
500.40 72.11 52.83 330.63 52.83 170.52 
500.40 72.11 52.83 330.63 52.83 170.52 
500.40 72.11 52.83 330.63 52.83 170.52 
500.40 72.11 52.83 330.63 52.83 170.52 
500.40 72.11 52.83 330.63 52.83 170.52 
500.40 72.11 52.83 330.63 52.83 170.52 
500.40 72.11 52.83 330.63 52.83 170.52 
500.40 72.11 52.83 330.63 52.83 170.52 
500.40 72.11 52.83 330.63 52.83 170.52 
500.40 72.11 52.83 330.63 52.83 170.52 
500.40 72.11 52.83 330.63 52.83 170.52 
500.40 72.11 52.83 330.63 52.83 170.52 
500.40 72.11 52.83 330.63 52.83 170.52 
500.40 72.11 52.83 330.63 52.83 170.52 
500.40 72.11 52.83 330.63 52.83 170.52 
500.40 72.11 52.83 330.63 52.83 170.52 
500.40 72.11 52.83 330.63 52.83 170.52 
500.40 72.11 52.83 330.63 52.83 170.52 
500.40 72.11 52.83 330.63 52.83 170.52 
500.40 72.11 52.83 330.63 52.83 170.52 
500.40 72.11 52.83 330.63 52.83 170.52 
500.40 72.11 52.83 330.63 52.83 170.52 
500.40 72.11 52.83 330.63 52.83 170.52 
500.40 72.11 52.83 330.63 52.83 170.52 
500.40 72.11 52.83 330.63 52.83 170.52 
500.40 72.11 52.83 330.63 52.83 170.52 
500.40 72.11 52.83 330.63 52.83 170.52 
500.40 72.11 52.83 330.63 52.83 170.52 
500.40 72.11 52.83 330.63 52.83 170.52 
500.40 72.11 52.83 330.63 52.83 170.52 
500.40 72.11 52.83 330.63 52.83 170.52 
500.40 72.11 52.83 330.63 52.83 170.52 
500.40 72.11 52.83 330.63 52.83 170.52 
500.40 72.11 52.83 330.63 52.83 170.52 
500.40 72.11 52.83 330.63 52.83 170.52 
500.40 72.11 52.83 330.63 52.83 170.52 
500.40 72.11 52.83 330.63 52.83 170.52 
500.40 72.11 52.83 330.63 52.83 170.52 
500.40 72.11 52.83 330.63 52.83 170.52 
500.40 72.11 52.83 330.63 52.83 170.52 
500.40 72.11 52.83 330.63 52.83 170.52 
500.40 72.11 52.83 330.63 52.83 170.52 
500.40 72.11 52.83 330.63 52.83 170.52 
500.40 72.11 52.83 330.63 52.83 170.52 
500.40 72.11 52.83 330.63 52.83 170.52 
500.40 72.11 52.83 330.63 52.83 170.52 
500.40 72.11 52.83 330.63 52.83 170.52 
500.40 72.11 52.83 330.63 52.83 170.52 
500.40 72.11 52.83 330.63 52.83 170.52 
500.40 72.11 52.83 330.63 52.83 170.52 
500.40 72.11 52.83 330.63 52.83 170.52 
500.40 72.11 52.83 330.63 52.83 170.52 
500.40 72.11 52.83 330.63 52.83 170.52 
500.40 72.11 52.83 330.63 52.83 170.52 
500.40 72.11 52.83 330.63 52.83 170.52 
500.40 72.11 52.83 330.63 52.83 170.52 
500.40 72.11 52.83 330.63 52.83 170.52 
500.40 72.11 52.83 330.63 52.83 170.52 
500.40 72.11 52.83 330.63 52.83 170.52 
500.40 72.11 52.83 330.63 52.83 170.52 
500.40 72.11 52.83 330.63 52.83 170.52 
500.40 72.11 52.83 330.63 52.83 170.52 
500.40 72.11 52.83 330.63 52.83 170.52 
500.40 72.11 52.83 330.63 52.83 170.52 
500.40 72.11 52.83 330.63 52.83 170.52 
500.40 72.11 52.83 330.63 52.83 170.52 
500.40 72.11 52.83 330.63 52.83 170.52 
500.40 72.11 52.83 330.63 52.83 170.52 
500.40 72.11 52.83 330.63 52.83 170.52 
500.40 72.11 52.83 330.63 52.83 170.52 
500.40 72.11 52.83 330.63 52.83 170.52 
500.40 72.11 52.83 330.63 52.83 170.52 
500.40 72.11 52.83 330.63 52.83 170.52 
500.40 72.11 52.83 330.63 52.83 170.52 
500.40 72.11 52.83 330.63 52.83 170.52 
500.40 72.11 52.83 330.63 52.83 170.52 
500.40 72.11 52.83 330.63 52.83 170.52 
500.40 72.11 52.83 330.63 52.83 170.52 
500.40 72.11 52.83 330.63 52.83 170.52 
500.40 72.11 52.83 330.63 52.83 170.52 
500.40 72.11 52.83 330.63 52.83 170.52 
500.40 72.11 52.83 330.63 52.83 170.52 
500.40 72.11 52.83 330.63 52.83 170.52 
500.40 72.11 52.83 330.63 52.83 170.52 
500.40 72.11 52.83 330.63 52.83 170.52 
500.40 72.11 52.83 330.63 52.83 170.52 
500.40 72.11 52.83 330.63 52.83 170.52 
500.40 72.11 52.83 330.63 52.83 170.52 
500.40 72.11 52.83 330.63 52.83 170.52 
500.40 72.11 52.83 330.63 52.83 170.52 
500.40 72.11 52.83 330.63 52.83 170.52 
500.40 72.11 52.83 330.63 52.83 170.52 
500.40 72.11 52.83 330.63 52.83 170.52 
500.40 72.11 52.83 330.63 52.83 170.52 
500.40 72.11 52.83 330.63 52.83 170.52 
500.40 72.11 52.83 330.63 52.83 170.52 
500.40 72.11 52.83 330.63 52.83 170.52 
500.40 72.11 52.83 330.63 52.83 170.52 
500.40 72.11 52.83 330.63 52.83 170.52 
500.40 72.11 52.83 330.63 52.83 170.52 
500.40 72.11 52.83 330.63 52.83 170.52 
500.40 72.11 52.83 330.63 52.83 170.52 
500.40 72.11 52.83 330.63 52.83 170.52 
500.40 72.11 52.83 330.63 52.83 170.52 
500.40 72.11 52.83 330.63 52.83 170.52 
500.40 72.11 52.83 330.63 52.83 170.52 
500.40 72.11 52.83 330.63 52.83 170.52 
500.40 72.11 52.83 330.63 52.83 170.52 
500.40 72.11 52.83 330.63 52.83 170.52 
500.40 72.11 52.83 330.63 52.83 170.52 
500.40 72.11 52.83 330.63 52.83 170.52 
500.40 72.11 52.83 330.63 52.83 170.52 
500.40 72.11 52.83 330.63 52.83 170.52 
500.40 72.11 52.83 330.63 52.83 170.52 
500.40 72.11 52.83 330.63 52.83 170.52 
500.40 72.11 52.83 330.63 52.83 170.52 
500.40 72.11 52.83 330.63 52.83 170.52 
500.40 72.11 52.83 330.63 52.83 170.52 
500.40 72.11 52.83 330.63 52.83 170.52 
500.40 72.11 52.83 330.63 52.83 170.52 
500.40 72.11 52.83 330.63 52.83 170.52 
500.40 72.11 52.83 330.63 52.83 170.52 
500.40 72.11 52.83 330.63 52.83 170.52 
500.40 72.11 52.83 330.63 52.83 170.52 
500.40 72.11 52.83 330.63 52.83 170.52 
500.40 72.11 52.83 330.63 52.83 170.52 
500.40 72.11 52.83 330.63 52.83 170.52 
500.40 72.11 52.83 330.63 52.83 170.52 
500.40 72.11 52.83 330.63 52.83 170.52 
500.40 72.11 52.83 330.63 52.83 170.52 
500.40 72.11 52.83 330.63 52.83 170.52 
500.40 72.11 52.83 330.63 52.83 170.52 
500.40 72.11 52.83 330.63 52.83 170.52 
500.40 72.11 52.83 330.63 52.83 170.52 
500.40 72.11 52.83 330.63 52.83 170.52 
500.40 72.11 52.83 330.63 52.83 170.52 
500.40 72.11 52.83 330.63 52.83 170.52 
500.40 72.11 52.83 330.63 52.83 170.52 
500.40 72.11 52.83 330.63 52.83 170.52 
500.40 72.11 52.83 330.63 52.83 170.52 
500.40 72.11 52.83 330.63 52.83 170.52 
500.40 72.11 52.83 330.63 52.83 170.52 
500.40 72.11 52.83 330.63 52.83 170.52 
500.40 72.11 52.83 330.63 52.83 170.52 
500.40 72.11 52.83 330.63 52.83 170.52 
500.40 72.11 52.83 330.63 52.83 170.52 
500.40 72.11 52.83 330.63 52.83 170.52 
500.40 72.11 52.83 330.63 52.83 170.52 
500.40 72.11 52.83 330.63 52.83 170.52 
500.40 72.11 52.83 330.63 52.83 170.52 
500.40 72.11 52.83 330.63 52.83 170.52 
500.40 72.11 52.83 330.63 52.83 170.52 
500.40 72.11 52.83 330.63 52.83 170.52 
500.40 72.11 52.83 330.63 52.83 170.52 
500.40 72.11 52.83 330.63 52.83 170.52 
500.40 72.11 52.83 330.63 52.83 170.52 
500.40 72.11 52.83 330.63 52.83 170.52 
500.40 72.11 52.83 330.63 52.83 170.52 
500.40 72.11 52.83 330.63 52.83 170.52 
500.40 72.11 52.83 330.63 52.83 170.52 
500.40 72.11 52.83 330.63 52.83 170.52 
500.40 72.11 52.83 330.63 52.83 170.52 
500.40 72.11 52.83 330.63 52.83 170.52 
500.40 72.11 52.83 330.63 52.83 170.52 
500.40 72.11 52.83 330.63 52.83 170.52 
500.40 72.11 52.83 330.63 52.83 170.52 
500.40 72.11 52.83 330.63 52.83 170.52 
500.40 72.11 52.83 330.63 52.83 170.52 
500.40 72.11 52.83 330.63 52.83 170.52 
500.40 72.11 52.83 330.63 52.83 170.52 
500.40 72.11 52.83 330.63 52.83 170.52 
500.40 72.11 52.83 330.63 52.83 170.52 
500.40 72.11 52.83 330.63 52.83 170.52 
500.40 72.11 52.83 330.63 52.83 170.52 
500.40 72.11 52.83 330.63 52.83 170.52 
500.40 72.11 52.83 330.63 52.83 170.52 
500.40 72.11 52.83 330.63 52.83 170.52 
500.40 72.11 52.83 330.63 52.83 170.52 
500.40 72.11 52.83 330.63 52.83 170.52 
500.40 72.11 52.83 330.63 52.83 170.52 
500.40 72.11 52.83 330.63 52.83 170.52 
500.40 72.11 52.83 330.63 52.83 170.52 
500.40 72.11 52.83 330.63 52.83 170.52 
500.40 72.11 52.83 330.63 52.83 170.52 
500.40 72.11 52.83 330.63 52.83 170.52 
500.40 72.11 52.83 330.63 52.83 170.52 
500.40 72.11 52.83 330.63 52.83 170.52 
500.40 72.11 52.83 330.63 52.83 170.52 
500.40 72.11 52.83 330.63 52.83 170.52 
500.40 72.11 52.83 330.63 52.83 170.52 
500.40 72.11 52.83 330.63 52.83 170.52 
500.40 72.11 52.83 330.63 52.83 170.52 
500.40 72.11 52.83 330.63 52.83 170.52 
500.40 72.11 52.83 330.63 52.83 170.52 
500.40 72.11 52.83 330.63 52.83 170.52 
500.40 72.11 52.83 330.63 52.83 170.52 
500.40 72.11 52.83 330.63 52.83 170.52 
500.40 72.11 52.83 330.63 52.83 170.52 
500.40 72.11 52.83 330.63 52.83 170.52 
500.40 72.11 52.83 330.63 52.83 170.52 
500.40 72.11 52.83 330.63 52.83 170.52 
500.40 72.11 52.83 330.63 52.83 170.52 
500.40 72.11 52.83 330.63 52.83 170.52 
500.40 72.11 52.83 330.63 52.83 170.52 
500.40 72.11 52.83 330.63 52.83 170.52 
500.40 72.11 52.83 330.63 52.83 170.52 
500.40 72.11 52.83 330.63 52.83 170.52 
500.40 72.11 52.83 330.63 52.83 170.52 
500.40 72.11 52.83 330.63 52.83 170.52 
500.40 72.11 52.83 330.63 52.83 170.52 
500.40 72.11 52.83 330.63 52.83 170.52 
500.40 72.11 52.83 330.63 52.83 170.52 
500.40 72.11 52.83 330.63 52.83 170.52 
500.40 72.11 52.83 330.63 52.83 170.52 
500.40 72.11 52.83 330.63 52.83 170.52 
500.40 72.11 52.83 330.63 52.83 170.52 
500.40 72.11 52.83 330.63 52.83 170.52 
500.40 72.11 52.83 330.63 52.83 170.52 
500.40 72.11 52.83 330.63 52.83 170.52 
500.40 72.11 52.83 330.63 52.83 170.52 
500.40 72.11 52.83 330.63 52.83 170.52 
500.40 72.11 52.83 330.63 52.83 170.52 
500.40 72.11 52.83 330.63 52.83 170.52 
500.40 72.11 52.83 330.63 52.83 170.52 
500.40 72.11 52.83 330.63 52.83 170.52 
500.40 72.11 52.83 330.63 52.83 170.52 
500.40 72.11 52.83 330.63 52.83 170.52 
500.40 72.11 52.83 330.63 52.83 170.52 
500.40 72.11 52.83 330.63 52.83 170.52 
500.40 72.11 52.83 330.63 52.83 170.52 
500.40 72.11 52.83 330.63 52.83 170.52 
500.40 72.11 52.83 330.63 52.83 170.52 
500.40 72.11 52.83 330.63 52.83 170.52 
500.40 72.11 52.83 330.63 52.83 170.52 
500.40 72.11 52.83 330.63 52.83 170.52 
500.40 72.11 52.83 330.63 52.83 170.52 
500.40 72.11 52.83 330.63 52.83 170.52 
500.40 72.11 52.83 330.63 52.83 170.52 
500.40 72.11 52.83 330.63 52.83 170.52 
500.40 72.11 52.83 330.63 52.83 170.52 
500.40 72.11 52.83 330.63 52.83 170.52 
500.40 72.11 52.83 330.63 52.83 170.52 
500.40 72.11 52.83 330.63 52.83 170.52 
500.40 72.11 52.83 330.63 52.83 170.52 
500.40 72.11 52.83 330.63 52.83 170.52 
500.40 72.11 52.83 330.63 52.83 170.52 
500.40 72.11 52.83 330.63 52.83 170.52 
500.40 72.11 52.83 330.63 52.83 170.52 
500.40 72.11 52.83 330.63 52.83 170.52 
500.40 72.11 52.83 330.63 52.83 170.52 
500.40 72.11 52.83 330.63 52.83 170.52 
500.40 72.11 52.83 330.63 52.83 170.52 
500.40 72.11 52.83 330.63 52.83 170.52 
500.40 72.11 52.83 330.63 52.83 170.52 
500.40 72.11 52.83 330.63 52.83 170.52 
500.40 72.11 52.83 330.63 52.83 170.52 
500.40 72.11 52.83 330.63 52.83 170.52 
500.40 72.11 52.83 330.63 52.83 170.52 
500.40 72.11 52.83 330.63 52.83 170.52 
500.40 72.11 52.83 330.63 52.83 170.52 
500.40 72.11 52.83 330.63 52.83 170.52 
500.40 72.11 52.83 330.63 52.83 170.52 
500.40 72.11 52.83 330.63 52.83 170.52 
500.40 72.11 52.83 330.63 52.83 170.52 
500.40 72.11 52.83 330.63 52.83 170.52 
500.40 72.11 52.83 330.63 52.83 170.52 
500.40 72.11 52.83 330.63 52.83 170.52 
500.40 72.11 52.83 330.63 52.83 170.52 
500.40 72.11 52.83 330.63 52.83 170.52 
500.40 72.11 52.83 330.63 52.83 170.52 
500.40 72.11 52.83 330.63 52.83 170.52 
500.40 72.11 52.83 330.63 52.83 170.52 
500.40 72.11 52.83 330.63 52.83 170.52 
500.40 72.11 52.83 330.63 52.83 170.52 
500.40 72.11 52.83 330.63 52.83 170.52 
500.40 72.11 52.83 330.63 52.83 170.52 
500.40 72.11 52.83 330.63 52.83 170.52 
500.40 72.11 52.83 330.63 52.83 170.52 
500.40 72.11 52.83 330.63 52.83 170.52 
500.40 72.11 52.83 330.63 52.83 170.52 
500.40 72.11 52.83 330.63 52.83 170.52 
500.40 72.11 52.83 330.63 52.83 170.52 
500.40 72.11 52.83 330.63 52.83 170.52 
500.40 72.11 52.83 330.63 52.83 170.52 
500.40 72.11 52.83 330.63 52.83 170.52 
500.40 72.11 52.83 330.63 52.83 170.52 
500.40 72.11 52.83 330.63 52.83 170.52 
500.40 72.11 52.83 330.63 52.83 170.52 
500.40 72.11 52.83 330.63 52.83 170.52 
500.40 72.11 52.83 330.63 52.83 170.52 
500.40 72.11 52.83 330.63 52.83 170.52 
500.40 72.11 52.83 330.63 52.83 170.52 
500.40 72.11 52.83 330.63 52.83 170.52 
500.40 72.11 52.83 330.63 52.83 170.52 
500.40 72.11 52.83 330.63 52.83 170.52 
500.40 72.11 52.83 330.63 52.83 170.52 
500.40 72.11 52.83 330.63 52.83 170.52 
500.40 72.11 52.83 330.63 52.83 170.52 
500.40 72.11 52.83 330.63 52.83 170.52 
500.40 72.11 52.83 330.63 52.83 170.52 
500.40 72.11 52.83 330.63 52.83 170.52 
500.40 72.11 52.83 330.63 52.83 170.52 
500.40 72.11 52.83 330.63 52.83 170.52 
500.40 72.11 52.83 330.63 52.83 170.52 
500.40 72.11 52.83 330.63 52.83 170.52 
500.40 72.11 52.83 330.63 52.83 170.52 
500.40 72.11 52.83 330.63 52.83 170.52 
500.40 72.11 52.83 330.63 52.83 170.52 
500.40 72.11 52.83 330.63 52.83 170.52 
500.40 72.11 52.83 330.63 52.83 170.52 
500.40 72.11 52.83 330.63 52.83 170.52 
500.40 72.11 52.83 330.63 52.83 170.52 
500.40 72.11 52.83 330.63 52.83 170.52 
500.40 72.11 52.83 330.63 52.83 170.52 
500.40 72.11 52.83 330.63 52.83 170.52 
500.40 72.11 52.83 330.63 52.83 170.52 
500.40 72.11 52.83 330.63 52.83 170.52 
500.40 72.11 52.83 330.63 52.83 170.52 
500.40 72.11 52.83 330.63 52.83 170.52 
500.40 72.11 52.83 330.63 52.83 170.52 
500.40 72.11 52.83 330.63 52.83 170.52 
500.40 72.11 52.83 330.63 52.83 170.52 
500.40 72.11 52.83 330.63 52.83 170.52 
500.40 72.11 52.83 330.63 52.83 170.52 
500.40 72.11 52.83 330.63 52.83 170.52 
500.40 72.11 52.83 330.63 52.83 170.52 
500.40 72.11 52.83 330.63 52.83 170.52 
500.40 72.11 52.83 330.63 52.83 170.52 
500.40 72.11 52.83 330.63 52.83 170.52 
500.40 72.11 52.83 330.63 52.83 170.52 
500.40 72.11 52.83 330.63 52.83 170.52 
500.40 72.11 52.83 330.63 52.83 170.52 
500.40 72.11 52.83 330.63 52.83 170.52 
500.40 72.11 52.83 330.63 52.83 170.52 
500.40 72.11 52.83 330.63 52.83 170.52 
500.40 72.11 52.83 330.63 52.83 170.52 
500.40 72.11 52.83 330.63 52.83 170.52 
500.40 72.11 52.83 330.63 52.83 170.52 
500.40 72.11 52.83 330.63 52.83 170.52 
500.40 72.11 52.83 330.63 52.83 170.52 
500.40 72.11 52.83 330.63 52.83 170.52 
500.40 72.11 52.83 330.63 52.83 170.52 
500.40 72.11 52.83 330.63 52.83 170.52 
500.40 72.11 52.83 330.63 52.83 170.52 
500.40 72.11 52.83 330.63 52.83 170.52 
500.40 72.11 52.83 330.63 52.83 170.52 
500.40 72.11 52.83 330.63 52.83 170.52 
500.40 72.11 52.83 330.63 52.83 170.52 
500.40 72.11 52.83 330.63 52.83 170.52 
500.40 72.11 52.83 330.63 52.83 170.52 
500.40 72.11 52.83 330.63 52.83 170.52 
500.40 72.11 52.83 330.63 52.83 170.52 
500.40 72.11 52.83 330.63 52.83 170.52 
500.40 72.11 52.83 330.63 52.83 170.52 
500.40 72.11 52.83 330.63 52.83 170.52 
500.40 72.11 52.83 330.63 52.83 170.52 
500.40 72.11 52.83 330.63 52.83 170.52 
500.40 72.11 52.83 330.63 52.83 170.52 
500.40 72.11 52.83 330.63 52.83 170.52 
500.40 72.11 52.83 330.63 52.83 170.52 
500.40 72.11 52.83 330.63 52.83 170.52 
500.40 72.11 52.83 330.63 52.83 170.52 
500.40 72.11 52.83 330.63 52.83 170.52 
500.40 72.11 52.83 330.63 52.83 170.52 
500.40 72.11 52.83 330.63 52.83 170.52 
500.40 72.11 52.83 330.63 52.83 170.52 
500.40 72.11 52.83 330.63 52.83 170.52 
500.40 72.11 52.83 330.63 52.83 170.52 
500.40 72.11 52.83 330.63 52.83 170.52 
500.40 72.11 52.83 330.63 52.83 170.52 
500.40 72.11 52.83 330.63 52.83 170.52 
500.40 72.11 52.83 330.63 52.83 170.52 
500.40 72.11 52.83 330.63 52.83 170.52 
500.40 72.11 52.83 330.63 52.83 170.52 
500.40 72.11 52.83 330.63 52.83 170.52 
500.40 72.11 52.83 330.63 52.83 170.52 
500.40 72.11 52.83 330.63 52.83 170.52 
500.40 72.11 52.83 330.63 52.83 170.52 
500.40 72.11 52.83 330.63 52.83 170.52 
500.40 72.11 52.83 330.63 52.83 170.52 
500.40 72.11 52.83 330.63 52.83 170.52 
500.40 72.11 52.83 330.63 52.83 170.52 
500.40 72.11 52.83 330.63 52.83 170.52 
500.40 72.11 52.83 330.63 52.83 170.52 
500.40 72.11 52.83 330.63 52.83 170.52 
500.40 72.11 52.83 330.63 52.83 170.52 
500.40 72.11 52.83 330.63 52.83 170.52 
500.40 72.11 52.83 330.63 52.83 170.52 
500.40 72.11 52.83 330.63 52.83 170.52 
500.40 72.11 52.83 330.63 52.83 170.52 
500.40 72.11 52.83 330.63 52.83 170.52 
500.40 72.11 52.83 330.63 52.83 170.52 
500.40 72.11 52.83 330.63 52.83 170.52 
500.40 72.11 52.83 330.63 52.83 170.52 
500.40 72.11 52.83 330.63 52.83 170.52 
500.40 72.11 52.83 330.63 52.83 170.52 
500.40 72.11 52.83 330.63 52.83 170.52 
500.40 72.11 52.83 330.63 52.83 170.52 
500.40 72.11 52.83 330.63 52.83 170.52 
500.40 72.11 52.83 330.63 52.83 170.52 
500.40 72.11 52.83 330.63 52.83 170.52 
500.40 72.11 52.83 330.63 52.83 170.52 
500.40 72.11 52.83 330.63 52.83 170.52 
500.40 72.11 52.83 330.63 52.83 170.52 
500.40 72.11 52.83 330.63 52.83 170.52 
500.40 72.11 52.83 330.63 52.83 170.52 
500.40 72.11 52.83 330.63 52.83 170.52 
500.40 72.11 52.83 330.63 52.83 170.52 
500.40 72.11 52.83 330.63 52.83 170.52 
500.40 72.11 52.83 330.63 52.83 170.52 
500.40 72.11 52.83 330.63 52.83 170.52 
500.40 72.11 52.83 330.63 52.83 170.52 
500.40 72.11 52.83 330.63 52.83 170.52 
500.40 72.11 52.83 330.63 52.83 170.52 
500.40 72.11 52.83 330.63 52.83 170.52 
500.40 72.11 52.83 330.63 52.83 170.52 
500.40 72.11 52.83 330.63 52.83 170.52 
500.40 72.11 52.83 330.63 52.83 170.52 
500.40 72.11 52.83 330.63 52.83 170.52 
500.40 72.11 52.83 330.63 52.83 170.52 
500.40 72.11 52.83 330.63 52.83 170.52 
500.40 72.11 52.83 330.63 52.83 170.52 
500.40 72.11 52.83 330.63 52.83 170.52 
500.40 72.11 52.83 330.63 52.83 170.52 
500.40 72.11 52.83 330.63 52.83 170.52 
500.40 72.11 52.83 330.63 52.83 170.52 
500.40 72.11 52.83 330.63 52.83 170.52 
500.40 72.11 52.83 330.63 52.83 170.52 
500.40 72.11 52.83 330.63 52.83 170.52 
500.40 72.11 52.83 330.63 52.83 170.52 
500.40 72.11 52.83 330.63 52.83 170.52 
500.40 72.11 52.83 330.63 52.83 170.52 
500.40 72.11 52.83 330.63 52.83 170.52 
500.40 72.11 52.83 330.63 52.83 170.52 
500.40 72.11 52.83 330.63 52.83 170.52 
500.40 72.11 52.83 330.63 52.83 170.52 
500.40 72.11 52.83 330.63 52.83 170.52 
500.40 72.11 52.83 330.63 52.83 170.52 
500.40 72.11 52.83 330.63 52.83 170.52 
500.40 72.11 52.83 330.63 52.83 170.52 
500.40 72.11 52.83 330.63 52.83 170.52 
500.40 72.11 52.83 330.63 52.83 170.52 
500.40 72.11 52.83 330.63 52.83 170.52 
500.40 72.11 52.83 330.63 52.83 170.52 
500.40 72.11 52.83 330.63 52.83 170.52 
500.40 72.11 52.83 330.63 52.83 170.52 
500.40 72.11 52.83 330.63 52.83 170.52 
500.40 72.11 52.83 330.63 52.83 170.52 
500.40 72.11 52.83 330.63 52.83 170.52 
500.40 72.11 52.83 330.63 52.83 170.52 
500.40 72.11 52.83 330.63 52.83 170.52 
500.40 72.11 52.83 330.63 52.83 170.52 
500.40 72.11 52.83 330.63 52.83 170.52 
500.40 72.11 52.83 330.63 52.83 170.52 
500.40 72.11 52.83 330.63 52.83 170.52 
500.40 72.11 52.83 330.63 52.83 170.52 
500.40 72.11 52.83 330.63 52.83 170.52 
500.40 72.11 52.83 330.63 52.83 170.52 
500.40 72.11 52.83 330.63 52.83 170.52 
500.40 72.11 52.83 330.63 52.83 170.52 
500.40 72.11 52.83 330.63 52.83 170.52 
500.40 72.11 52.83 330.63 52.83 170.52 
500.40 72.11 52.83 330.63 52.83 170.52 
500.40 72.11 52.83 330.63 52.83 170.52 
500.40 72.11 52.83 330.63 52.83 170.52 
500.40 72.11 52.83 330.63 52.83 170.52 
500.40 72.11 52.83 330.63 52.83 170.52 
500.40 72.11 52.83 330.63 52.83 170.52 
500.40 72.11 52.83 330.63 52.83 170.52 
500.40 72.11 52.83 330.63 52.83 170.52 
500.40 72.11 52.83 330.63 52.83 170.52 
500.40 72.11 52.83 330.63 52.83 170.52 
500.40 72.11 52.83 330.63 52.83 170.52 
500.40 72.11 52.83 330.63 52.83 170.52 
500.40 72.11 52.83 330.63 52.83 170.52 
500.40 72.11 52.83 330.63 52.83 170.52 
500.40 72.11 52.83 330.63 52.83 170.52 
500.40 72.11 52.83 330.63 52.83 170.52 
500.40 72.11 52.83 330.63 52.83 170.52 
500.40 72.11 52.83 330.63 52.83 170.52 
500.40 72.11 52.83 330.63 52.83 170.52 
500.40 72.11 52.83 330.63 52.83 170.52 
500.40 72.11 52.83 330.63 52.83 170.52 
500.40 72.11 52.83 330.63 52.83 170.52 
500.40 72.11 52.83 330.63 52.83 170.52 
500.40 72.11 52.83 330.63 52.83 170.52 
500.40 72.11 52.83 330.63 52.83 170.52 
500.40 72.11 52.83 330.63 52.83 170.52 
500.40 72.11 52.83 330.63 52.83 170.52 
500.40 72.11 52.83 330.63 52.83 170.52 
500.40 72.11 52.83 330.63 52.83 170.52 
500.40 72.11 52.83 330.63 52.83 170.52 
500.40 72.11 52.83 330.63 52.83 170.52 
500.40 72.11 52.83 330.63 52.83 170.52 
500.40 72.11 52.83 330.63 52.83 170.52 
500.40 72.11 52.83 330.63 52.83 170.52 
500.40 72.11 52.83 330.63 52.83 170.52 
500.40 72.11 52.83 330.63 52.83 170.52 
500.40 72.11 52.83 330.63 52.83 170.52 
500.40 72.11 52.83 330.63 52.83 170.52 
500.40 72.11 52.83 330.63 52.83 170.52 
500.40 72.11 52.83 330.63 52.83 170.52 
500.40 72.11 52.83 330.63 52.83 170.52 
500.40 72.11 52.83 330.63 52.83 170.52 
500.40 72.11 52.83 330.63 52.83 170.52 
500.40 72.11 52.83 330.63 52.83 170.52 
500.40 72.11 52.83 330.63 52.83 170.52 
500.40 72.11 52.83 330.63 52.83 170.52 
500.40 72.11 52.83 330.63 52.83 170.52 
500.40 72.11 52.83 330.63 52.83 170.52 
500.40 72.11 52.83 330.63 52.83 170.52 
500.40 72.11 52.83 330.63 52.83 170.52 
500.40 72.11 52.83 330.63 52.83 170.52 
500.40 72.11 52.83 330.63 52.83 170.52 
500.40 72.11 52.83 330.63 52.83 170.52 
500.40 72.11 52.83 330.63 52.83 170.52 
500.40 72.11 52.83 330.63 52.83 170.52 
500.40 72.11 52.83 330.63 52.83 170.52 
500.40 72.11 52.83 330.63 52.83 170.52 
500.40 72.11 52.83 330.63 52.83 170.52 
500.40 72.11 52.83 330.63 52.83 170.51 
500.40 72.11 52.83 330.63 52.83 170.51 
500.40 72.11 52.82 330.63 52.82 170.49 
500.40 72.10 52.81 330.62 52.81 170.46 
500.39 72.10 52.80 330.60 52.80 170.42 
500.38 72.09 52.79 330.58 52.79 170.37 
500.37 72.09 52.76 330.54 52.76 170.30 
500.34 72.07 52.73 330.48 52.73 170.22 
500.30 72.05 52.69 330.39 52.69 170.12 
500.24 72.03 52.64 330.28 52.64 170.00 
500.16 72.00 52.57 330.13 52.57 169.87 
500.05 71.95 52.50 329.95 52.50 169.71 
499.89 71.90 52.40 329.74 52.40 169.55 
499.69 71.83 52.30 329.48 52.30 169.36 
499.43 71.74 52.17 329.19 52.17 169.16 
499.10 71.63 52.03 328.86 52.03 168.95 
498.67 71.49 51.87 328.49 51.87 168.73 
498.15 71.32 51.69 328.10 51.69 168.50 
497.49 71.11 51.49 327.68 51.49 168.26 
496.69 70.87 51.27 327.25 51.27 168.02 
495.84 70.61 51.05 326.82 51.05 167.78 
494.97 70.34 50.83 326.39 50.83 167.54 
494.11 70.08 50.60 325.96 50.60 167.30 
493.24 69.82 50.38 325.52 50.38 167.06 
492.36 69.55 50.15 325.08 50.15 166.81 
491.48 69.29 49.93 324.63 49.93 166.57 
490.59 69.02 49.70 324.19 49.70 166.32 
489.70 68.75 49.47 323.74 49.47 166.08 
488.81 68.49 49.24 323.28 49.24 165.83 
487.90 68.22 49.01 322.83 49.01 165.58 
487.00 67.95 48.78 322.37 48.78 165.33 
486.08 67.68 48.55 321.90 48.55 165.08 
485.16 67.41 48.32 321.44 48.32 164.83 
484.24 67.14 48.09 320.97 48.09 164.58 
483.31 66.86 47.86 320.50 47.86 164.32 
482.38 66.59 47.63 320.02 47.63 164.07 
481.44 66.32 47.39 319.54 47.39 163.81 
480.49 66.04 47.16 319.06 47.16 163.56 
479.54 65.77 46.93 318.57 46.93 163.30 
478.58 65.49 46.69 318.08 46.69 163.04 
477.62 65.22 46.46 317.59 46.46 162.78 
476.65 64.94 46.22 317.09 46.22 162.52 
475.67 64.66 45.98 316.60 45.98 162.26 
474.69 64.38 45.74 316.09 45.74 162.00 
473.71 64.10 45.51 315.59 45.51 161.73 
472.71 63.82 45.27 315.07 45.27 161.47 
471.71 63.54 45.03 314.56 45.03 161.20 
470.71 63.26 44.79 314.04 44.79 160.94 
469.70 62.98 44.55 313.52 44.55 160.67 
468.68 62.69 44.31 313.00 44.31 160.40 
467.66 62.41 44.06 312.47 44.06 160.13 
466.63 62.13 43.82 311.93 43.82 159.86 
465.59 61.84 43.58 311.40 43.58 159.59 
464.55 61.55 43.34 310.86 43.34 159.32 
463.50 61.27 43.09 310.31 43.09 159.04 
462.44 60.98 42.85 309.76 42.85 158.77 
461.38 60.69 42.60 309.21 42.60 158.49 
460.31 60.40 42.36 308.65 42.36 158.21 
459.23 60.11 42.11 308.09 42.11 157.94 
458.15 59.82 41.86 307.53 41.86 157.66 
457.06 59.53 41.61 306.96 41.61 157.38 
455.97 59.24 41.37 306.38 41.37 157.10 
454.86 58.95 41.12 305.80 41.12 156.81 
453.75 58.65 40.87 305.22 40.87 156.53 
452.63 58.36 40.62 304.63 40.62 156.25 
451.51 58.06 40.37 304.04 40.37 155.96 
450.38 57.77 40.12 303.45 40.12 155.68 
449.24 57.47 39.86 302.84 39.86 155.39 
448.09 57.17 39.61 302.24 39.61 155.10 
446.94 56.88 39.36 301.63 39.36 154.81 
445.77 56.58 39.10 301.01 39.10 154.52 
444.61 56.28 38.85 300.39 38.85 154.23 
443.43 55.98 38.60 299.77 38.60 153.93 
442.24 55.68 38.34 299.14 38.34 153.64 
441.05 55.38 38.09 298.51 38.09 153.35 
439.85 55.07 37.83 297.87 37.83 153.05 
438.64 54.77 37.57 297.22 37.57 152.75 
437.43 54.47 37.32 296.57 37.32 152.45 
436.20 54.16 37.06 295.92 37.06 152.15 
434.97 53.86 36.80 295.26 36.80 151.85 
433.73 53.55 36.54 294.59 36.54 151.55 
432.48 53.25 36.28 293.92 36.28 151.25 
431.23 52.94 36.02 293.24 36.02 150.95 
429.96 52.63 35.76 292.56 35.76 150.64 
428.69 52.32 35.50 291.87 35.50 150.34 
427.41 52.01 35.24 291.18 35.24 150.03 
426.12 51.70 34.98 290.48 34.98 149.72 
424.82 51.39 34.72 289.78 34.72 149.41 
423.51 51.08 34.46 289.07 34.46 149.10 
422.19 50.77 34.19 288.35 34.19 148.79 
420.87 50.46 33.93 287.63 33.93 148.48 
419.53 50.15 33.67 286.90 33.67 148.17 
418.19 49.83 33.40 286.16 33.40 147.85 
416.84 49.52 33.14 285.42 33.14 147.54 
415.47 49.20 32.87 284.68 32.87 147.22 
414.10 48.89 32.61 283.92 32.61 146.90 
412.72 48.57 32.34 283.16 32.34 146.58 
411.33 48.26 32.08 282.40 32.08 146.26 
409.93 47.94 31.81 281.62 31.81 145.94 
408.52 47.62 31.54 280.84 31.54 145.62 
407.10 47.30 31.28 280.06 31.28 145.30 
405.67 46.98 31.01 279.26 31.01 144.99 
404.23 46.66 30.75 278.47 30.75 144.69 
402.79 46.35 30.48 277.68 30.48 144.41 
401.34 46.03 30.23 276.90 30.23 144.13 
399.88 45.71 29.97 276.14 29.97 143.88 
398.42 45.39 29.73 275.40 29.73 143.65 
396.96 45.08 29.49 274.70 29.49 143.43 
395.51 44.77 29.26 274.04 29.26 143.24 
394.08 44.46 29.03 273.44 29.03 143.07 
392.67 44.16 28.83 272.89 28.83 142.93 
391.30 43.87 28.63 272.41 28.63 142.81 
389.98 43.59 28.46 272.00 28.46 142.71 
388.72 43.32 28.30 271.66 28.30 142.64 
387.56 43.08 28.16 271.40 28.16 142.58 
386.52 42.86 28.05 271.22 28.05 142.54 
385.63 42.67 27.95 271.10 27.95 142.52 
384.95 42.52 27.89 271.05 27.89 142.51 
384.51 42.43 27.85 271.03 27.85 142.51 