0.000000 -0.000547 0.000000 0.000000 0.000000 0.000000 0.000000 0.000000 0.000000 5.471164 0.000000 5.471164
0.000000 -0.000966 0.000000 0.000000 0.000000 0.000000 0.000000 0.000000 0.000000 5.471136 0.000000 5.471136
0.000000 -0.000253 0.000000 0.000000 0.000000 0.000000 0.000000 0.000000 0.000000 5.471214 0.000000 5.471214
0.000000 0.062112 0.000000 0.000000 0.000000 0.000000 0.000000 0.000000 0.000000 5.471226 0.000000 5.471226
0.000000 0.217205 0.000000 0.000000 0.000000 0.000000 0.000000 0.000000 0.000000 5.471183 0.000000 5.471183
0.000000 0.379981 0.000000 0.000000 0.000000 0.000000 0.000000 0.000000 0.000000 5.471143 0.000000 5.471143
0.000000 0.509792 0.000000 0.000000 0.000000 0.000000 0.000000 0.000000 0.000000 5.471108 0.000000 5.471108
0.000000 0.636193 0.000000 0.000000 0.000000 0.000000 0.000000 0.000000 0.000000 5.474118 0.000000 5.474118
0.000000 0.766661 0.000000 0.000000 0.000000 0.000000 0.000000 0.000000 0.000000 5.480489 0.000000 5.480489
0.000000 0.877276 0.000000 0.000000 0.000000 0.000000 0.000000 0.000000 0.000000 5.479284 0.000000 5.479284
0.000000 0.955637 0.000000 0.000000 0.000000 0.000000 0.000000 0.000000 0.000000 5.476487 0.000000 5.476487
0.662990 1.013761 0.000000 0.000000 0.000000 0.000000 0.000000 0.000000 0.000000 5.476785 0.000000 5.476785
0.560068 1.067412 0.000000 0.000000 0.000000 0.000000 0.000000 0.000000 0.000000 5.471317 0.000000 5.471317
0.494751 1.124551 0.000000 0.000000 0.000000 0.000000 0.000000 0.000000 0.000000 5.464043 0.000000 5.464043
0.444418 1.188954 0.000000 0.000000 0.000000 0.000000 0.000000 0.000000 0.000000 5.460423 0.000000 5.460423
0.360741 1.247615 0.000000 0.000000 0.000000 0.000000 0.000000 0.000000 0.000000 5.464103 0.000000 5.464103
0.279560 1.307415 0.000000 0.000000 0.000000 0.000000 0.000000 0.000000 0.000000 5.466021 0.000000 5.466021
0.230258 1.360872 0.000000 0.000000 0.000000 0.000000 0.000000 0.000000 0.000000 5.462135 0.000000 5.462135
0.203926 1.424388 0.000000 0.000000 0.000000 0.000000 0.000000 0.000000 0.000000 5.458868 0.000000 5.458868
0.228150 1.547911 0.000000 0.000000 0.000000 0.000000 0.000000 0.000000 0.000000 5.455327 0.000000 5.455327
0.220358 1.628383 0.000000 0.000000 0.000000 0.000000 0.000000 0.000000 0.000000 5.456520 0.000000 5.456520
0.172577 1.674735 0.000000 0.000000 0.000000 0.000000 0.000000 0.000000 0.000000 5.460193 0.000000 5.460193
0.116173 1.763279 0.000000 0.000000 0.000000 0.000000 0.000000 0.000000 0.000000 5.466008 0.000000 5.466008
0.081708 1.860321 0.000000 0.000000 0.000000 0.000000 0.000000 0.000000 0.000000 5.467041 0.000000 5.467041
0.084591 1.951505 0.000000 0.000000 0.000000 0.000000 0.000000 0.000000 0.000000 5.461196 0.000000 5.461196
0.070663 2.049893 0.000000 0.000000 0.000000 0.000000 0.000000 0.000000 0.000000 5.466574 0.000000 5.466574
0.048441 2.153523 0.000000 0.000000 0.000000 0.000000 0.000000 0.000000 0.000000 5.470088 0.000000 5.470088
0.036891 2.247412 0.000000 0.000000 0.000000 0.000000 0.000000 0.000000 0.000000 5.464446 0.000000 5.464446
0.024918 2.349347 0.000000 0.000000 0.000000 0.000000 0.000000 0.000000 0.000000 5.466599 0.000000 5.466599
0.012569 2.462710 0.000000 0.000000 0.000000 0.000000 0.000000 0.000000 0.000000 5.475911 0.000000 5.475911
0.018311 2.579337 0.000000 0.000000 0.000000 0.000000 0.000000 0.000000 0.000000 5.476860 0.000000 5.476860
0.027376 2.696513 0.000000 0.000000 0.000000 0.000000 0.000000 0.000000 0.000000 5.473818 0.000000 5.473818
0.023695 2.816976 0.000000 0.000000 0.000000 0.000000 0.000000 0.000000 0.000000 5.476891 0.000000 5.476891
0.017254 2.926767 0.000000 0.000000 0.000000 0.000000 0.000000 0.000000 0.000000 5.479504 0.000000 5.479504
0.015628 3.043013 0.000000 0.000000 0.000000 0.000000 0.000000 0.000000 0.000000 5.480581 0.000000 5.480581
0.017789 3.159385 0.000000 0.000000 0.000000 0.000000 0.000000 0.000000 0.000000 5.481441 0.000000 5.481441
0.022334 3.256118 0.000000 0.000000 0.000000 0.000000 0.000000 0.000000 0.000000 5.478522 0.000000 5.478522
0.034161 3.363688 0.000000 0.000000 0.000000 0.000000 0.000000 0.000000 0.000000 5.473092 0.000000 5.473092
0.049248 3.476594 0.000000 0.000000 0.000000 0.000000 0.000000 0.000000 0.000000 5.468571 0.000000 5.468571
0.047088 3.569823 0.000000 0.000000 0.000000 0.000000 0.000000 0.000000 0.000000 5.469431 0.000000 5.469431
0.034906 3.661454 0.000000 0.000000 0.000000 0.000000 0.000000 0.000000 0.000000 5.474188 0.000000 5.474188
0.024206 3.759724 0.000000 0.000000 0.000000 0.000000 0.000000 0.000000 0.000000 5.482493 0.000000 5.482493
0.020995 3.860428 0.000000 0.000000 0.000000 0.000000 0.000000 0.000000 0.000000 5.484175 0.000000 5.484175
0.016963 3.966444 0.000000 0.000000 0.000000 0.000000 0.000000 3.966444 3.966444 5.484290 0.000000 5.484290
0.010636 4.055277 0.000000 -0.000588 0.000000 0.260746 0.000000 4.522893 4.371877 5.482811 5.448717 5.482811
0.003702 4.134750 -0.000056 0.001569 0.015044 0.160194 0.000056 3.826700 770.267301 5.481466 3.347520 5.481466
-0.000050 4.224897 0.000194 5.069881 0.052120 0.198120 -0.507099 4.697753 693.817359 5.482817 4.140052 5.482817
0.008471 4.323947 -0.000075 4.563259 0.052120 0.189915 -0.305889 4.121993 624.965109 5.476621 3.968587 5.476621
0.010134 4.435223 0.000167 4.106839 0.052120 0.198093 0.302182 4.794848 563.021161 5.478545 4.139488 5.478545
0.006651 4.532319 -0.000046 3.696234 0.052120 0.195862 -0.701058 4.419119 507.269099 5.480805 4.092856 5.480805
0.007068 4.624849 0.000124 3.326639 0.052120 0.197451 -0.339481 4.889791 457.105032 9.721138 4.126078 9.721138
0.008001 4.733989 -0.000018 2.993917 0.052120 0.439867 0.328982 5.013907 412.272487 9.728653 9.191760 9.728653
0.040922 4.994836 0.000082 2.695476 0.052120 0.391009 -0.372212 5.018400 371.583543 9.694499 8.170791 9.694499
0.043865 5.097094 0.000086 2.425509 0.052120 0.398726 -0.078622 5.270224 335.045072 9.570196 8.332048 9.570196
0.033446 5.128367 0.000029 2.183480 0.052120 0.393763 1.273815 5.104407 302.142928 9.459905 8.228335 9.459905
0.054436 5.345877 0.000115 1.964285 0.052120 0.388445 1.003410 5.628105 272.552274 9.424555 8.117219 9.424555
0.059200 5.482702 -0.000048 1.767540 0.052120 0.385797 0.698831 5.460909 245.939845 9.416382 8.061871 9.416382
0.077691 5.685557 0.000048 1.590069 0.047160 0.383705 0.409445 5.963216 222.012357 9.353704 8.018152 9.353704
0.084993 5.806201 -0.000098 1.430912 0.042673 0.382289 0.164627 5.777159 200.488310 9.266872 7.988562 9.266872
0.069015 5.834293 0.000010 1.288274 0.038612 0.380522 -0.314435 5.972430 181.115339 9.104577 7.951639 9.104577
0.058167 5.973746 -0.000027 1.159136 0.034937 0.364416 0.012851 6.058165 163.684545 8.903949 7.615080 8.903949
0.043088 6.101739 -0.000025 1.042927 0.031613 0.342616 -8.850351 6.229791 148.019458 8.725855 7.159535 8.725855
0.031043 6.222713 -0.000050 0.938450 0.028604 0.319901 -7.954298 6.330305 133.953038 8.549482 6.684872 8.549482
0.027305 6.361115 -0.000041 0.844439 0.025882 0.302215 -7.150848 6.520587 121.328670 8.410120 6.315281 8.410120
0.026600 6.490779 -0.000056 0.760029 0.023419 0.292754 -6.429545 6.618403 109.996351 8.300936 6.117576 8.300936
0.026154 6.612136 -0.000032 0.684225 0.021191 0.290178 -5.783003 6.764993 99.815801 8.075459 6.063762 8.075459
0.028730 6.745292 -0.000025 0.615966 0.019174 0.285292 -5.200365 6.874991 90.654209 7.756814 5.961655 7.756814
0.033684 6.876029 -0.000010 0.554467 0.017349 0.277945 -4.669524 7.006662 82.406193 7.492491 5.808118 7.492491
0.037597 7.023669 -0.000010 0.498902 0.015698 0.272368 -4.183662 7.159066 74.989732 7.466674 5.691582 7.466674
0.036565 7.131962 -0.000020 0.449102 0.014204 0.273516 -3.743907 7.238630 68.332306 7.535528 5.715568 7.535528
0.036751 7.223651 -0.000001 0.404434 0.012853 0.280570 -3.357900 7.343262 62.353035 7.522493 5.862973 7.522493
0.038767 7.326563 0.000009 0.364180 0.011630 0.285603 -3.017758 7.433198 56.970382 7.533225 5.968163 7.533225
0.040837 7.420099 0.000018 0.327938 0.010523 0.291482 -2.717343 7.522785 52.128518 7.498275 6.091009 7.498275
0.048013 7.568607 0.000025 0.294910 0.009522 0.294766 -2.450131 7.707019 47.774282 7.385803 6.159639 7.385803
0.046409 7.658688 -0.000006 0.265496 0.008615 0.292603 -2.207993 7.708682 43.851382 7.249708 6.114426 7.249708
0.038902 7.722548 0.000025 0.239111 0.007796 0.286710 -1.987866 7.815728 40.320587 7.215445 5.991283 7.215445
0.037102 7.819873 0.000014 0.215099 0.007054 0.281226 -1.787375 7.911703 37.159030 7.195180 5.876681 7.109586
0.034856 7.900079 0.000010 0.193644 0.006382 0.278533 -1.609377 7.986115 34.328471 7.123799 5.820410 6.984002
0.048407 8.134819 0.000016 0.173357 0.005775 0.273280 -1.447131 8.348026 31.803350 7.315958 5.710643 7.027520
0.039314 8.169075 -0.000079 0.156418 0.021263 0.277267 -1.301273 8.141988 29.555997 7.508798 5.793957 7.122800
0.018115 8.081702 0.000041 0.142123 0.021263 0.286019 -1.192602 8.157467 27.532562 7.666493 5.976856 7.225426
0.020057 8.171603 0.000075 0.128136 0.021263 0.295734 -1.121872 8.305084 25.718638 7.796448 6.179868 7.320166
0.021712 8.261952 0.000059 0.115533 0.021263 0.305882 -1.080190 8.344335 24.089859 7.799650 6.391913 7.339657
0.022503 8.351023 0.000081 0.104164 0.021694 0.311268 -1.054916 8.458162 22.617764 7.796517 6.504476 7.331253
0.023313 8.417199 0.000069 0.093983 0.021694 0.315163 -1.032802 8.477851 21.291130 7.741650 6.585863 7.284588
0.028449 8.494225 0.000088 0.084693 0.023672 0.318777 -1.006559 8.590895 20.095011 7.429603 6.661381 7.075550
0.029652 8.563396 0.000069 0.076319 0.023672 0.314293 -0.950625 8.596944 18.997397 7.147422 6.567681 6.840759
0.027094 8.620829 0.000080 0.068675 0.023672 0.304889 -0.843947 8.681857 18.001659 6.655323 6.371165 6.442671
0.028346 8.680846 0.000057 0.061688 0.023672 0.286570 -0.723735 8.700583 17.090124 5.875528 5.988356 5.804625
0.026045 8.737458 0.000053 0.055280 0.023672 0.256820 -0.573016 8.758800 16.246699 5.434847 5.366688 5.305504
0.027350 8.817466 0.000024 0.049169 0.023672 0.231249 -0.341330 8.869328 15.508704 5.022718 4.832345 4.850323
0.025445 8.833168 -0.000015 0.044181 0.023672 0.210992 -0.029647 8.818005 14.854916 4.296149 4.409028 4.237659
0.016045 8.818747 0.000009 0.039949 0.023672 0.181832 3.934272 8.811179 14.243137 4.026865 3.799679 3.846166
0.011731 8.843275 0.000008 0.035738 0.023672 0.162834 3.508180 8.885379 13.719578 3.686704 3.402684 3.481753
0.009610 8.858656 -0.000013 0.032171 0.023672 0.146722 3.129245 8.857815 13.254022 3.140476 3.066008 3.013513
0.015083 8.921464 0.000005 0.028674 0.023672 0.126909 2.787339 8.977767 12.826151 2.605286 2.651982 2.528205
0.006895 8.900106 -0.000036 0.025984 0.021420 0.106749 2.474376 8.834600 12.430170 2.378302 2.230698 2.230438
-0.011920 8.828228 0.000017 0.023839 0.019381 0.090752 2.188819 8.833803 12.080649 2.432260 1.896419 2.134317
-0.021019 8.826150 0.000019 0.021539 0.017537 0.083280 1.954226 8.858772 11.793944 2.356558 1.740266 2.016654
-0.028309 8.825624 0.000022 0.019645 0.015868 0.075795 1.772930 8.843667 11.541674 1.972542 1.583873 1.705079
-0.031704 8.831585 0.000041 0.017936 0.014358 0.060790 1.631135 8.850022 11.298768 1.360215 1.270309 1.198808
-0.033429 8.830269 0.000045 0.016337 0.012992 0.039198 1.505360 8.820967 11.058419 0.793370 0.819118 0.678518
-0.035470 8.811731 0.000053 0.014869 0.014207 0.018541 1.378450 8.802480 10.831888 -0.015815 0.387436 0.015873
-0.033082 8.784852 0.000054 0.013548 0.014419 -0.007020 1.247018 8.741592 10.598027 -0.643886 -0.146696 -0.559739
-0.028106 8.754084 0.000060 0.012204 0.016032 -0.025053 1.100170 8.728127 10.377683 -0.839969 -0.523525 -0.803229
-0.025205 8.714693 0.000046 0.011006 0.016032 -0.027323 0.927654 8.681065 10.188503 -0.679891 -0.570962 -0.706641
-0.020374 8.668432 0.000050 0.010060 0.016032 -0.014260 0.760674 8.650449 10.028619 -0.828068 -0.297987 -0.692573
-0.016734 8.612934 0.000053 0.009369 0.016032 -0.006023 0.618948 8.544594 9.848722 -0.983039 -0.125865 -0.708322
-0.016495 8.557369 0.000072 0.008547 0.019329 -0.003525 0.484084 8.505609 9.657608 -0.916970 -0.073662 -0.619568
-0.015861 8.485530 0.000057 0.007757 0.019329 0.001655 0.361691 8.408491 9.479423 -1.074530 0.034590 -0.655633
-0.015070 8.401510 0.000064 0.007134 0.019329 0.001016 0.276569 8.315729 9.291435 -1.341010 0.021235 -0.799795
-0.016281 8.325842 0.000062 0.006391 0.019329 -0.006534 0.148850 8.235432 9.096377 -1.313312 -0.136546 -0.797307
-0.016976 8.237963 0.000050 0.005681 0.019329 -0.008116 -0.147468 8.154900 8.925447 -1.363119 -0.169587 -0.809961
-0.017627 8.160849 0.000044 0.005060 0.019329 -0.009633 0.134373 8.079308 8.762687 -1.264436 -0.201305 -0.724153
-0.023230 8.065069 0.000036 0.004617 0.019329 -0.008956 -0.240644 7.976806 8.616054 -0.941192 -0.187161 -0.475165
-0.026445 7.943601 0.000041 0.004450 0.019329 0.001315 -0.132769 7.862515 8.494287 -0.672645 0.027472 -0.209516
-0.023341 7.842569 0.000058 0.004313 0.019329 0.016912 -0.170408 7.775989 8.378493 -0.332163 0.353404 0.137865
-0.020520 7.738117 0.000065 0.004238 0.019329 0.038567 -0.260578 7.658248 8.264884 -0.003702 0.805922 0.513068
-0.016894 7.623417 0.000083 0.004245 0.022328 0.061958 -0.309183 7.537011 8.142196 0.299499 1.294709 0.883304
-0.011755 7.516936 0.000097 0.004138 0.026101 0.085567 -0.320935 7.428915 8.007710 0.514791 1.788066 1.195965
-0.006436 7.416444 0.000100 0.003913 0.027016 0.104299 -0.231678 7.314400 7.856517 0.745157 2.179498 1.498637
-0.005266 7.320116 0.000099 0.003550 0.027016 0.119538 0.049198 7.220977 7.699165 1.217940 2.497940 1.962914
0.017514 7.400939 0.000086 0.001974 0.027016 0.139381 -1.623648 7.452356 7.576790 1.730165 2.912596 2.474845
0.013898 7.273435 -0.000036 0.002008 0.027016 0.159254 -1.434963 7.044801 7.460957 2.094539 3.327888 2.872997
-0.009808 7.007075 0.000080 0.003004 0.027016 0.172510 -1.291720 6.887715 7.326389 2.438754 3.604892 3.223494
-0.004562 6.951946 0.000096 0.002478 0.027016 0.185638 -1.172880 6.919011 7.204626 2.745293 3.879216 3.540889
0.000479 6.910185 0.000047 0.001949 0.027016 0.196755 -1.060073 6.821134 7.093191 3.015436 4.111524 3.818618
0.001758 6.859440 0.000048 0.001547 0.027016 0.204768 -0.946165 6.810830 6.990562 3.247037 4.278977 4.050145
0.002434 6.798510 0.000019 0.001271 0.027016 0.210126 -0.827028 6.714038 6.896741 3.438432 4.390931 4.235672
0.007770 6.737020 0.000025 0.001057 0.027016 0.216633 -0.696992 6.686533 6.811897 3.533409 4.526915 4.346225
0.012095 6.683650 0.000008 0.000849 0.027016 0.222142 -0.507829 6.609506 6.727235 3.774943 4.642022 4.572388
0.012712 6.631713 0.000009 0.000632 0.024445 0.230929 -0.189339 6.586783 6.654987 4.128579 4.825647 4.898266
0.015615 6.582723 -0.000006 0.000478 0.022119 0.244334 0.420990 6.529073 6.597358 4.432876 5.105762 5.194891
0.023205 6.548566 -0.000002 0.000323 0.020014 0.258533 0.201905 6.515507 6.543825 4.741607 5.402482 5.497414
0.053187 6.674850 -0.000015 -0.000867 0.018109 0.275545 -0.062366 6.754539 6.509142 5.047921 5.757974 5.806749
0.051404 6.600615 -0.000113 -0.000605 0.030515 0.289698 0.537041 6.426134 6.466948 5.343509 6.053719 6.100037
0.026914 6.400648 -0.000006 0.000439 0.030515 0.299755 0.362163 6.328906 6.408965 5.568774 6.263879 6.320968
0.028088 6.395310 0.000011 0.000090 0.030515 0.304088 0.199164 6.398172 6.357339 5.747708 6.354421 6.484883
0.029086 6.398082 -0.000032 -0.000270 0.030515 0.304453 0.073765 6.354139 6.317544 5.989799 6.362052 6.688252
0.028411 6.397094 -0.000029 -0.000526 0.030515 0.306690 0.180541 6.404541 6.298582 6.271218 6.408809 6.921493
0.027807 6.401399 -0.000053 -0.000680 0.030515 0.311578 0.460351 6.388937 6.298915 6.538037 6.510935 7.140803
0.028140 6.418137 -0.000046 -0.000789 0.030515 0.316898 0.626615 6.443456 6.312797 6.675956 6.622118 7.244927
0.031125 6.452443 -0.000060 -0.000924 0.030515 0.317900 0.762466 6.463526 6.330654 6.739854 6.643046 7.272975
0.042736 6.542809 -0.000060 -0.001404 0.030515 0.316821 0.821735 6.613235 6.358870 6.799817 6.620506 7.290921
0.040354 6.536493 -0.000104 -0.001176 0.030515 0.316974 0.814374 6.488065 6.389597 6.881968 6.623704 7.329543
0.030462 6.496278 -0.000046 -0.000706 0.030515 0.318756 0.753057 6.521523 6.418940 6.839323 6.660944 7.265307
0.031622 6.543242 -0.000047 -0.000823 0.027611 0.313791 0.647971 6.573515 6.444268 6.750685 6.557188 7.145538
0.034480 6.595113 -0.000056 -0.000998 0.024984 0.306302 0.499900 6.626382 6.473344 6.710091 6.400686 7.058415
0.035942 6.647229 -0.000064 -0.001151 0.022606 0.301156 0.302889 6.686279 6.513104 6.724047 6.293168 7.021002
0.035026 6.682233 -0.000071 -0.001119 0.020455 0.298329 0.027893 6.710152 6.561172 6.763890 6.234081 7.009348
0.036482 6.719301 -0.000062 -0.001047 0.018508 0.299000 -1.930788 6.764929 6.615294 7.927857 6.248105 7.936846
0.038563 6.776433 -0.000062 -0.001066 0.016747 0.346742 -1.716683 6.907093 6.752865 8.012416 7.245754 8.104182
0.039697 6.805456 -0.000063 -0.000348 0.016994 0.356254 -1.527723 6.779581 6.813559 8.110383 7.444528 8.179544
0.048434 6.857025 0.000007 -0.000288 0.016994 0.365242 -1.365067 6.967126 6.866051 8.021369 7.632346 8.105348
0.068638 7.030316 -0.000043 -0.001087 0.016994 0.366546 -1.191407 7.108998 6.910607 8.027719 7.659599 8.092996
0.059956 7.014202 -0.000078 -0.000686 0.021065 0.366886 -0.996483 6.964983 6.947584 8.071432 7.666699 8.109169
0.048131 6.966948 -0.000011 -0.000128 0.021065 0.367033 -0.766220 6.997785 6.978785 8.193154 7.669772 8.186903
0.056161 7.046728 -0.000011 -0.000450 0.021065 0.370835 -0.524549 7.123726 7.023423 8.444882 7.749228 8.380326
0.055278 7.071256 -0.000041 -0.000317 0.021065 0.382076 -0.262062 7.079580 7.078507 8.749065 7.984109 8.640663
0.065905 7.244658 -0.000004 -0.001100 0.021065 0.392498 0.058163 7.432032 7.150433 9.014784 8.201898 8.865084
0.054488 7.272216 -0.000108 -0.000806 0.028963 0.396437 -0.319001 7.203141 7.221389 9.231151 8.284206 9.020133
0.030539 7.175248 0.000003 0.000305 0.028963 0.398460 -0.474692 7.221404 7.285245 9.339702 8.326489 9.078346
0.032507 7.232848 0.000020 0.000347 0.028963 0.399999 -0.697837 7.315265 7.353267 9.217025 8.358651 8.956310
0.034954 7.310484 0.000011 0.000283 0.028963 0.396478 -0.790250 7.368726 7.411055 9.301425 8.285074 8.974087
0.034272 7.372944 0.000013 0.000252 0.028963 0.398596 -0.773331 7.449808 7.480733 9.396922 8.329326 9.024039
0.037660 7.436402 0.000009 0.000293 0.028963 0.404127 -0.731368 7.502871 7.553494 9.248454 8.444920 8.909116
0.042528 7.514766 0.000017 0.000256 0.028963 0.402682 -0.634025 7.582382 7.607722 9.206683 8.414725 8.848208
0.047129 7.595377 0.000008 0.000082 0.028963 0.403195 -0.444317 7.663036 7.663751 9.266056 8.425426 8.874251
0.057343 7.689121 -0.000001 -0.000168 0.028963 0.408532 -0.143188 7.770772 7.727071 9.298856 8.536952 8.906288
0.060595 7.754448 -0.000017 -0.000181 0.028963 0.415136 0.817830 7.796480 7.784899 9.445539 8.674973 9.033084
0.060829 7.811076 -0.000006 -0.000173 0.028963 0.422163 0.552845 7.878470 7.843234 9.435186 8.821804 9.048216
0.065869 7.874513 -0.000014 -0.000207 0.026206 0.424513 0.288545 7.915699 7.890714 9.120486 8.870919 8.821907
0.070593 7.934491 -0.000010 -0.000290 0.023713 0.415768 -0.189021 7.967570 7.913137 8.985113 8.688165 8.675866
0.074740 7.987215 -0.000021 -0.000490 0.021456 0.410884 0.685232 8.024402 7.942016 8.869032 8.586109 8.564241
0.072006 8.028613 -0.000032 -0.000573 0.019414 0.406165 0.356478 8.052438 7.971133 8.930973 8.487499 8.581974
0.066775 8.084473 -0.000031 -0.000750 0.017567 0.402167 -0.142926 8.142167 8.014533 9.060874 8.403954 8.645307
0.062398 8.135103 -0.000048 -0.000798 0.015895 0.399141 0.643686 8.176951 8.074089 9.263211 8.340724 8.756880
0.055011 8.185999 -0.000039 -0.000741 0.014382 0.399176 0.498203 8.259940 8.151982 9.604522 8.341442 8.973365
0.051422 8.245961 -0.000041 -0.000622 0.013014 0.404408 0.452151 8.326107 8.252709 9.876161 8.450792 9.163639
0.056447 8.312186 -0.000029 -0.000394 0.011775 0.414741 0.521575 8.404113 8.361720 9.648107 8.666711 9.042723
0.057733 8.383295 -0.000017 -0.000143 0.010655 0.413425 0.571582 8.437603 8.434839 9.687099 8.639208 9.042356
0.054901 8.455467 -0.000002 -0.000137 0.009641 0.414088 0.564035 8.545528 8.512672 9.908296 8.653071 9.175846
0.081179 8.755410 -0.000013 -0.001607 0.008723 0.420277 0.555955 9.014076 8.627706 9.830182 8.782389 9.142302
0.072630 8.757569 -0.000144 -0.000859 0.038796 0.420785 0.547784 8.628125 8.716455 9.792216 8.793016 9.103775
0.042040 8.568392 0.000031 0.000980 0.038796 0.418866 0.540177 8.592854 8.773897 9.881059 8.752917 9.132933
0.049327 8.661538 0.000066 0.000744 0.038796 0.421808 0.545451 8.798057 8.844233 9.593416 8.814380 8.949448
0.050625 8.738023 0.000016 0.000703 0.038796 0.416735 0.474749 8.746325 8.889942 9.774504 8.708369 9.022184
0.075476 9.022901 0.000052 -0.000880 0.038796 0.420695 0.254187 9.321250 8.980326 9.602947 8.791138 8.926879
0.097615 9.286800 -0.000127 -0.002028 0.038796 0.419547 -0.055007 9.317940 9.069673 9.418059 8.767145 8.793692
0.065104 9.063255 -0.000093 0.000042 0.038796 0.412963 2.622377 8.906572 9.116096 9.829133 8.629559 9.001312
0.040223 8.884079 0.000076 0.001536 0.038796 0.422792 2.311973 8.952821 9.179632 9.647422 8.834947 8.946086
0.044444 8.983729 0.000083 0.001297 0.038796 0.420889 2.054988 9.067202 9.218789 9.602929 8.795181 8.898081
0.050128 9.084976 0.000056 0.000886 0.038796 0.418529 1.816057 9.157600 9.263813 9.641418 8.745869 8.898309
0.060418 9.183836 0.000039 0.000529 0.038796 0.422379 1.604540 9.269579 9.320569 9.462679 8.826327 8.810784
0.063409 9.254613 0.000019 0.000437 0.035104 0.422421 1.380974 9.288652 9.359986 9.515200 8.827200 8.844280
0.064097 9.310674 0.000027 0.000326 0.031764 0.424966 1.148086 9.378039 9.404802 9.576256 8.880367 8.901478
0.066660 9.388832 0.000010 0.000106 0.028741 0.428314 0.942570 9.447784 9.453522 9.448645 8.950348 8.849804
0.067638 9.462989 0.000002 -0.000063 0.026006 0.424077 0.747947 9.511184 9.490499 9.465431 8.861806 8.829926
0.070492 9.525224 -0.000007 -0.000230 0.023531 0.422469 0.570480 9.580102 9.537618 9.485449 8.828192 8.830242
0.072092 9.567110 -0.000015 -0.000195 0.021292 0.423759 0.394896 9.604239 9.588091 9.702999 8.855150 8.971978
0.073342 9.607059 -0.000006 -0.000126 0.019266 0.432496 0.210363 9.670620 9.651293 10.057914 9.037725 9.252572
0.077855 9.676702 -0.000007 -0.000168 0.017432 0.448210 0.055829 9.755334 9.727600 9.863601 9.366097 9.257296
0.079968 9.735953 -0.000010 -0.000055 0.015773 0.449547 -0.098792 9.756421 9.764408 9.409642 9.394045 9.002559
0.074151 9.779405 0.000003 -0.000099 0.014272 0.434482 0.124793 9.798920 9.767036 9.491869 9.079223 8.941018
0.065766 9.808790 -0.000012 -0.000276 0.012914 0.424481 -0.143098 9.846524 9.801048 9.578849 8.870246 8.911431
0.062030 9.830768 -0.000017 -0.000197 0.011685 0.418419 -0.035903 9.869401 9.855257 9.387427 8.743573 8.745225
0.060733 9.862449 -0.000005 -0.000048 0.010573 0.409668 0.149663 9.903442 9.902531 9.490955 8.560702 8.727702
0.060479 9.905496 -0.000000 -0.000020 0.009567 0.410179 0.058695 9.974403 9.970091 9.670041 8.571371 8.827250
0.061692 9.956092 -0.000002 0.000093 0.008657 0.417452 -0.101303 10.020884 10.048132 9.810944 8.723358 8.960704
0.062148 10.004472 0.000010 0.000289 0.007833 0.426499 -0.047654 10.069982 10.122406 9.891178 8.912401 9.076394
0.065806 10.071535 0.000019 0.000337 0.007087 0.434203 -0.050567 10.143550 10.188091 10.116690 9.073396 9.266270
0.070145 10.122981 0.000017 0.000431 0.006413 0.447161 -0.144590 10.181962 10.257017 10.270412 9.344172 9.461323
0.074057 10.159411 0.000028 0.000646 0.007508 0.461073 -0.178758 10.208344 10.314229 10.293634 9.634885 9.594310
0.077829 10.216976 0.000039 0.000644 0.010612 0.471301 -0.202689 10.271514 10.352136 10.217375 9.848630 9.645292
0.077930 10.276508 0.000030 0.000501 0.010612 0.473481 -0.186662 10.307166 10.371236 10.275107 9.894185 9.707406
0.077471 10.335020 0.000024 0.000240 0.010612 0.473275 -0.138715 10.384847 10.395157 10.482051 9.889865 9.830542
0.078339 10.387332 0.000004 0.000052 0.010612 0.476296 -0.108426 10.432139 10.437194 10.536907 9.953006 9.891877
0.081445 10.440714 0.000002 -0.000023 0.010612 0.478433 -0.115810 10.489795 10.479766 10.344695 9.997663 9.807290
0.086810 10.508684 -0.000003 -0.000191 0.010612 0.475328 -0.068874 10.548887 10.507750 10.238159 9.932776 9.728246
0.091120 10.580690 -0.000015 -0.000483 0.010612 0.472843 0.216607 10.628213 10.537125 10.483113 9.880844 9.851242
0.099673 10.672781 -0.000033 -0.000898 0.010612 0.480278 0.061040 10.751984 10.594239 10.637147 10.036219 10.007280
0.106367 10.724373 -0.000058 -0.000861 0.015681 0.492145 -0.358680 10.745735 10.650704 10.686757 10.284189 10.145881
0.103738 10.743350 -0.000035 -0.000613 0.015681 0.500235 -0.203360 10.770549 10.689076 10.809564 10.453243 10.295822
0.100991 10.803022 -0.000031 -0.000754 0.015681 0.502706 -0.003819 10.854764 2705.110636 10.792305 10.504888 10.317002
0.096516 10.842879 -0.000048 17.831411 0.015681 0.506375 -1.787020 10.854153 2435.704642 10.936520 10.581546 10.439506
0.092206 10.876067 -0.000036 16.048188 0.015681 0.504753 -1.607951 10.919266 2193.247452 11.104140 10.547665 10.521590
0.090199 10.913838 -0.000046 14.443289 0.015681 0.504015 -1.459182 10.949733 1975.054327 11.188999 10.532245 10.561449
0.086583 10.947747 -0.000039 12.999002 0.015681 0.503309 -1.332660 10.993647 1778.691157 11.319965 10.517476 10.623268
0.083710 10.998236 -0.000034 11.699082 0.015681 0.503640 -1.221907 11.059932 1601.979890 11.111607 10.524408 10.510855
0.082809 11.062669 -0.000033 10.529131 0.015681 0.496311 -1.124857 11.107316 1442.930626 10.748040 10.371258 10.247389
0.085286 11.164713 -0.000032 9.475824 0.015681 0.482241 -1.028263 11.237873 1299.781279 10.699364 10.077244 10.087814
0.089167 11.240105 -0.000065 8.527923 0.017471 0.475211 -0.927451 11.286873 1170.972145 11.033388 9.930338 10.191757
0.099236 11.356879 -0.000060 7.674655 0.017471 0.485124 -0.833370 11.492642 1055.090376 11.232047 10.137490 10.382018
0.104963 11.404214 -0.000099 6.907404 0.026500 0.501183 -0.748185 11.412615 950.800903 11.155281 10.473065 10.489797
0.106447 11.392022 -0.000033 6.217268 0.026500 0.513702 -0.654052 11.424876 856.909344 10.809360 10.734666 10.431263
0.118356 11.582437 -0.000017 5.594608 0.026500 0.514495 -0.511066 11.713886 772.382054 10.566632 10.751245 10.326417
0.115581 11.614007 -0.000115 5.034974 0.030897 0.506778 -0.270233 11.520754 696.291901 10.469219 10.589971 10.218640
0.103884 11.514689 -0.000041 4.532045 0.030897 0.497627 0.237117 11.501105 627.805448 10.520277 10.398745 10.170733
0.103387 11.563768 -0.000033 4.078458 0.030897 0.491632 -0.368727 11.622686 566.190068 10.607331 10.273482 10.165898
0.104109 11.621123 -0.000070 3.670291 0.030897 0.488361 -0.002345 11.644013 508.604837 10.564186 10.205129 10.115623
0.102233 11.668243 -0.000062 3.288864 0.030897 0.483447 -0.000928 11.713588 456.778811 10.361127 10.102440 9.965928
0.096394 11.712597 -0.000071 2.945572 0.030897 0.471638 0.000510 11.730509 410.169685 10.244365 9.855675 9.791389
0.090243 11.761100 -0.000064 2.636778 0.030897 0.456935 0.001906 11.813679 369.064740 10.473398 9.548419 9.755380
0.100382 11.990048 -0.000077 2.363219 0.030897 0.450331 0.002775 12.198026 333.327322 10.536029 9.410422 9.707050
0.096047 12.002165 -0.000181 2.126619 0.048633 0.447085 0.002942 11.926865 301.773318 10.568205 9.342594 9.674416
0.081479 11.863943 -0.000040 1.918701 0.048633 0.447673 0.002473 11.902225 273.903694 10.383708 9.354870 9.574274
0.079443 11.925045 0.000003 1.733847 0.048633 0.445021 0.001746 12.017693 247.990280 10.080680 9.299462 9.387724
0.073840 11.985116 -0.000012 1.561948 0.048633 0.434882 0.001622 12.015542 224.752326 10.042375 9.087598 9.255320
0.073189 12.095824 0.000010 1.407420 0.048633 0.425895 0.001397 12.229086 205.863201 10.184788 8.899785 9.217133
0.068664 12.129346 -0.000041 1.282184 0.048633 0.423217 -0.000078 12.142468 191.395143 10.247434 8.843822 9.202239
0.063936 12.139758 0.000025 1.186362 0.048633 0.423820 -0.003330 12.239081 179.714591 8.123878 8.856431 8.191941
0.063638 12.227383 0.000025 1.108477 0.048633 0.375507 -0.007395 12.165057 162.912902 8.889489 7.846853 8.043621
0.064435 12.304349 0.000030 0.996769 0.048633 0.372453 -11.408131 12.491172 147.927436 8.379702 7.783024 7.763136
0.069602 12.388558 -0.000061 0.897034 0.048633 0.362365 -10.273240 12.349611 134.416692 7.737664 7.572214 7.353090
0.072448 12.434827 0.000010 0.807310 0.048633 0.347296 -9.248261 12.514963 122.230468 7.694618 7.257342 7.174754
0.076620 12.476638 -0.000045 0.726381 0.044005 0.344328 -8.314342 12.477597 111.286703 7.382934 7.195310 7.000706
0.079769 12.505452 -0.000017 0.653762 0.039817 0.341620 -7.471152 12.541302 101.422145 6.582644 7.138731 6.607600
0.073241 12.511815 -0.000033 0.588433 0.036028 0.323800 -6.703622 12.448017 92.490903 5.812675 6.766345 6.077042
0.064839 12.525927 -0.000011 0.529230 0.032600 0.291785 -6.006211 12.519299 84.425449 5.343505 6.097335 5.532141
0.059479 12.519413 -0.000059 0.475894 0.029497 0.259882 -5.376939 12.464997 77.180338 5.435869 5.430667 5.237306
0.054481 12.502721 -0.000053 0.428054 0.026690 0.243267 -4.815132 12.533276 70.712953 5.556093 5.083462 5.110877
0.050505 12.491091 -0.000072 0.385328 0.024151 0.237063 -4.317371 12.491518 64.924941 5.420371 4.953819 4.977186
0.047201 12.481331 -0.000039 0.347086 0.021852 0.231670 -3.879445 12.506916 59.714315 5.253998 4.841141 4.839236
0.044015 12.467368 -0.000029 0.312693 0.019773 0.226664 -3.492198 12.465582 55.019472 5.071767 4.736530 4.699869
0.039497 12.431430 -0.000001 0.281859 0.017891 0.221806 -3.149103 12.428348 50.784908 4.883355 4.635002 4.561153
0.036562 12.412247 0.000021 0.253961 0.016189 0.216901 -2.843211 12.417323 46.965599 4.696189 4.532508 4.424290
0.032269 12.389062 0.000029 0.228837 0.014648 0.211535 -2.568982 12.378287 43.519781 4.299207 4.420381 4.190188
0.034536 12.487449 0.000044 0.205381 0.013254 0.199299 -2.321972 12.566016 40.407786 4.236535 4.164679 4.031117
0.029476 12.444271 -0.000029 0.185070 0.011993 0.189937 -2.097719 12.352071 37.616630 4.753054 3.969059 4.157356
0.022912 12.294605 0.000050 0.167588 0.013555 0.199802 -1.904615 12.305320 35.141116 4.972770 4.175197 4.360576
0.026404 12.294220 0.000082 0.151207 0.021996 0.216139 -1.736074 12.343009 32.914096 4.953260 4.516597 4.531813
0.027708 12.277759 0.000081 0.136577 0.021996 0.228727 -1.591111 12.257132 30.882036 5.021043 4.779636 4.706609
0.031711 12.253381 0.000114 0.123290 0.030758 0.241710 -1.461057 12.267834 29.036626 4.922945 5.050927 4.814794
0.034250 12.234261 0.000106 0.111203 0.030758 0.250996 -1.341212 12.198148 27.347135 4.475383 5.244985 4.729531
0.034979 12.220041 0.000117 0.100115 0.031441 0.247276 -1.209770 12.181908 25.778778 4.141126 5.167239 4.559943
0.035824 12.186324 0.000092 0.089959 0.031441 0.238057 -1.061278 12.115662 24.345338 -5.381633 4.974611 0.147413
0.038070 12.146141 0.000080 0.080738 0.031441 0.015249 -0.904766 11.421699 22.376594 -0.145792 0.318643 0.251367
0.039801 12.086602 0.000054 0.068102 0.031441 0.022346 -0.735844 12.584943 21.314013 -0.481816 0.466962 0.179585
0.033413 11.930606 -0.000370 0.062102 0.099558 0.020527 -0.600068 11.338533 20.307070 -0.713368 0.428945 0.065455
0.028570 11.838796 0.000077 0.056045 0.099558 0.014691 0.021076 12.156409 19.377645 -0.449856 0.306984 0.140146
0.023259 11.713076 -0.000245 0.050726 0.099558 0.020653 -16.498947 11.303685 18.556464 -0.401954 0.431581 0.236818
0.017418 11.552515 0.000057 0.046354 0.099558 0.025743 -14.839807 11.691309 17.795799 -0.405384 0.537952 0.300707
0.008903 11.484474 -0.000105 0.041770 0.099558 0.026432 -13.336646 11.250797 17.096457 0.276214 0.552338 0.640041
0.001585 11.434487 0.000035 0.037472 0.099558 0.035179 -11.997050 11.561474 16.510295 0.815738 0.735133 0.985853
-0.006089 11.358542 -0.000084 0.034096 0.099558 0.047124 -10.812900 11.202024 16.000948 1.613059 0.984740 1.483114
-0.019409 11.281955 0.000052 0.031232 0.099558 0.065593 -9.766651 11.391332 15.574480 3.052766 1.370672 2.354979
-0.024715 11.255736 -0.000003 0.028583 0.099558 0.103132 -8.851319 11.268886 15.264232 3.213831 2.155121 2.788706
-0.025903 11.232738 0.000082 0.026682 0.099558 0.122975 -8.066100 11.280371 14.937634 2.884361 2.569770 2.809300
-0.026670 11.218889 0.000097 0.024612 0.099558 0.124957 -7.363190 11.192451 14.588507 2.886992 2.611180 2.820302
-0.026076 11.221626 0.000127 0.022283 0.090084 0.127280 -6.715517 11.264910 14.271762 2.731731 2.659735 2.759113
-0.026001 11.219183 0.000096 0.020203 0.081511 0.126043 -6.104670 11.187807 13.971710 2.647620 2.633871 2.699996
-0.021201 11.224871 0.000116 0.018179 0.073754 0.125759 -5.531949 11.255516 13.698020 2.805825 2.627948 2.770856
-0.011478 11.223075 0.000082 0.016380 0.066736 0.135780 -4.995358 11.209984 13.463387 2.833499 2.837355 2.885808
-0.001539 11.215300 0.000094 0.014878 0.060385 0.150096 -4.490417 11.219274 13.238300 2.574602 3.136509 2.916005
0.005366 11.192647 0.000082 0.013539 0.054638 0.158641 -4.008847 11.130716 12.993105 2.324278 3.315074 2.898933
0.007193 11.159322 0.000091 0.012136 0.049439 0.160898 -3.552743 11.110565 12.738085 2.559547 3.362225 3.056753
0.003560 11.124337 0.000064 0.010680 0.044734 0.166098 -3.131917 11.077316 12.518672 2.652590 3.470904 3.172430
0.002683 11.084031 0.000049 0.009495 0.040477 0.166495 -2.769719 11.030234 12.316038 2.273841 3.479198 3.007594
0.003240 11.052934 0.000041 0.008360 0.036625 0.155349 -2.458949 10.983938 12.102572 2.281166 3.246269 2.913807
0.000242 11.022022 0.000022 0.007151 0.033140 0.146498 -2.174773 10.982706 11.924734 2.355655 3.061319 2.870664
0.000556 11.015064 -0.000004 0.006020 0.029986 0.140390 -1.924089 10.989925 11.782743 1.905790 2.933676 2.595490
0.000041 11.014699 -0.000024 0.005083 0.027133 0.123385 -1.698151 10.960194 11.631616 1.817842 2.578345 2.386157
-0.002245 10.993286 -0.000037 0.004225 0.024551 0.109496 -1.482309 10.964769 11.512793 2.009872 2.288107 2.340330
-0.002287 10.977221 -0.000054 0.003545 0.022214 0.105796 -1.291454 10.967065 11.439118 1.937023 2.210780 2.262704
-0.003336 10.980245 -0.000057 0.003037 0.020100 0.101014 -1.124688 10.970995 11.373436 1.811504 2.110852 2.147791
-0.003061 10.994928 -0.000060 0.002505 0.018188 0.093391 -0.979070 10.992429 11.313940 1.637026 1.951557 1.979326
0.000548 11.018748 -0.000069 0.001954 0.018637 0.084969 -0.854782 11.017061 11.261679 1.530652 1.775568 1.835838
0.003317 11.026614 -0.000079 0.001556 0.021320 0.079109 -0.735273 11.016547 11.220463 1.549069 1.653105 1.779095
0.005232 11.012861 -0.000078 0.001374 0.021320 0.078670 -0.610077 11.002390 11.192180 1.290490 1.643946 1.642116
0.007476 11.009914 -0.000068 0.001206 0.021320 0.074443 -0.476443 10.990377 11.148397 0.876706 1.555604 1.394509
0.003754 11.007835 -0.000066 0.000930 0.021320 0.062087 -0.288224 10.972712 11.085252 0.767454 1.297420 1.216662
-0.002775 10.989278 -0.000071 0.000635 0.021320 0.048931 0.014575 10.964210 11.037334 0.506879 1.022501 0.952592
-0.007545 10.967754 -0.000075 0.000461 0.021320 0.033378 -4.209557 10.933305 10.993093 0.295236 0.697489 0.686637
-0.010267 10.953764 -0.000070 0.000260 0.021320 0.017817 -3.775834 10.941046 10.960075 0.273398 0.372312 0.511689
-0.015671 10.944138 -0.000076 0.000105 0.021320 0.008194 -3.387293 10.939460 10.951329 0.535318 0.171237 0.533943
-0.024298 10.941193 -0.000071 0.000067 0.021320 0.005575 -3.041757 10.968905 10.976641 1.164581 0.116492 0.804765
-0.030086 10.950387 -0.000065 0.000174 0.021320 0.015486 -2.750029 11.011357 11.049799 1.656744 0.323605 1.122707
-0.031443 10.940162 -0.000047 0.000726 0.021320 0.030819 -2.513436 10.979600 11.135230 0.612159 0.644015 0.715790
-0.026484 10.947320 0.000002 0.001244 0.019291 0.015981 -2.315569 10.919193 11.114136 -2.726123 0.333945 -1.118051
-0.016926 11.013878 0.000022 0.000664 0.017455 -0.067264 -2.109039 10.868362 10.882847 -2.512856 -1.405584 -1.823409
-0.014922 11.089284 -0.000040 -0.001366 0.015794 -0.097790 -1.878881 11.185958 10.823428 -3.060792 -2.043482 -2.397346
-0.020154 11.139905 -0.000175 -0.002095 0.047027 -0.129968 -1.639686 11.029505 10.781517 -3.581263 -2.715904 -2.978431
-0.022598 11.163167 -0.000129 -0.002526 0.047027 -0.163207 -1.253376 11.207525 10.757111 -4.067395 -3.410476 -3.558284
-0.023919 11.166681 -0.000201 -0.002711 0.054078 -0.192881 -0.829865 11.086506 10.750568 -4.613561 -4.030565 -4.135045
-0.034735 11.139840 -0.000156 -0.002576 0.054078 -0.222573 -0.180742 11.140353 10.747341 -4.128693 -4.651027 -4.200515
-0.052695 11.091228 -0.000175 -0.002276 0.054078 -0.232014 2.243511 11.089697 10.819498 -3.320790 -4.848330 -3.907359
-0.064928 11.035873 -0.000127 -0.001432 0.054078 -0.221962 1.939615 11.103264 10.951587 -3.299307 -4.638276 -3.839889
-0.074801 10.977109 -0.000081 -0.000169 0.054078 -0.218021 1.792747 10.973001 11.050955 -3.332601 -4.555917 -3.856480
-0.089556 10.924736 0.000006 0.000835 0.054078 -0.218144 1.747712 10.974578 11.126787 -3.429260 -4.558483 -3.942970
-0.105809 10.877686 0.000036 0.001649 0.054078 -0.225024 1.772071 10.881823 11.183527 -3.641970 -4.702261 -4.153978
-0.118204 10.874392 0.000093 0.002046 0.054078 -0.238719 1.836589 10.945112 11.229280 -4.117498 -4.988427 -4.571917
-0.117490 10.974960 0.000089 0.001683 0.054078 -0.261184 1.906134 11.061812 11.266822 -4.551401 -5.457867 -5.041559
-0.104205 11.130613 0.000062 0.000901 0.054078 -0.278625 1.939759 11.251198 11.318744 -4.663995 -5.822345 -5.290691
-0.094474 11.239819 0.000013 0.000522 0.054078 -0.279727 1.912200 11.314472 11.394608 -4.609860 -5.845374 -5.298470
-0.091432 11.319308 0.000019 0.000498 0.048932 -0.271126 1.825875 11.412513 11.476414 -4.656865 -5.665631 -5.262741
-0.087759 11.396788 0.000014 0.000527 0.044275 -0.264161 1.721500 11.457149 11.541392 -5.138230 -5.520092 -5.459028
-0.076233 11.471452 0.000022 0.000463 0.040062 -0.267209 1.614355 11.510506 11.562009 -5.501927 -5.583787 -5.677110
-0.060943 11.533585 0.000011 0.000188 0.036250 -0.266115 1.476165 11.557968 11.565085 -5.931124 -5.560927 -5.873135
-0.055777 11.570405 -0.000004 -0.000035 0.032800 -0.266266 1.274529 11.553587 11.538850 -6.138385 -5.564083 -5.961387
-0.057409 11.597836 -0.000012 -0.000390 0.029679 -0.270473 1.028910 11.591709 11.503222 -6.214218 -5.651991 -6.024466
-0.061041 11.596443 -0.000039 -0.000617 0.026854 -0.277838 0.811729 11.559578 11.471892 -6.799559 -5.805899 -6.372645
-0.065670 11.578742 -0.000038 -0.000707 0.024299 -0.300792 0.637006 11.522226 11.410729 -7.118481 -6.285552 -6.745814
-0.067280 11.578457 -0.000046 -0.001110 0.021986 -0.323556 0.489002 11.563216 11.367275 -6.861422 -6.761237 -6.836537
-0.066736 11.581549 -0.000077 -0.001418 0.020792 -0.329585 0.384192 11.588972 11.381459 -6.736299 -6.887233 -6.834634
-0.067755 11.552105 -0.000082 -0.001129 0.021918 -0.328608 0.349597 11.533525 11.409437 -6.941481 -6.866818 -6.928810
-0.068881 11.521775 -0.000051 -0.000743 0.021918 -0.331501 0.359316 11.506977 11.415272 -7.224792 -6.927267 -7.097459
-0.068378 11.509108 -0.000038 -0.000621 0.021918 -0.338078 0.364203 11.489299 11.403143 -7.508650 -7.064706 -7.299862
-0.068321 11.488630 -0.000036 -0.000566 0.021918 -0.346441 0.338336 11.455994 11.379591 -7.728409 -7.239474 -7.485923
-0.070201 11.459878 -0.000032 -0.000531 0.021918 -0.354793 0.269367 11.427633 11.352267 -7.668037 -7.413989 -7.530751
-0.071409 11.431656 -0.000032 -0.000525 0.021918 -0.357104 0.166997 11.416505 11.341836 -7.685324 -7.462277 -7.557853
-0.072072 11.393325 -0.000031 -0.000341 0.021918 -0.357624 0.068341 11.358653 11.330857 -7.912967 -7.473148 -7.673884
-0.073758 11.355039 -0.000014 -0.000160 0.021918 -0.362628 -0.204050 11.320345 11.301474 -8.180517 -7.577722 -7.851811
-0.076800 11.311224 -0.000010 -0.000065 0.021918 -0.371928 -0.037832 11.260342 11.258863 -8.495140 -7.772064 -8.094733
-0.083238 11.259334 -0.000003 -0.000003 0.021918 -0.386370 1.127936 11.206245 11.206627 -8.267136 -8.073849 -8.106525
-0.088122 11.211703 -0.000002 -0.000034 0.021918 -0.390333 0.975519 11.202094 11.193158 -7.905234 -8.156672 -7.955040
-0.090567 11.169560 -0.000006 0.000156 0.019832 -0.383449 0.867306 11.161714 11.208979 -7.761776 -8.012810 -7.820993
-0.093629 11.125008 0.000015 0.000556 0.017945 -0.376732 0.797345 11.113795 11.218733 -7.752971 -7.872441 -7.759572
-0.094969 11.093439 0.000037 0.000829 0.016237 -0.372846 0.755851 11.085792 11.214842 -7.882331 -7.791252 -7.795968
-0.094776 11.095093 0.000046 0.000793 0.014692 -0.374026 0.718737 11.095949 11.196282 -7.577731 -7.815903 -7.644986
-0.090097 11.149498 0.000036 0.000310 0.013294 -0.366685 0.682617 11.209559 11.208825 -7.068030 -7.662495 -7.311800
-0.092721 11.078061 -0.000001 0.000865 0.012029 -0.348676 0.664045 11.015847 11.238732 -6.841177 -7.286179 -7.031752
-0.097037 10.961295 0.000082 0.001836 0.022018 -0.330816 0.652489 10.949830 11.243165 -6.842344 -6.912957 -6.873041
-0.093493 10.954815 0.000108 0.001908 0.029160 -0.318892 0.664961 10.963908 11.219436 -6.892839 -6.663774 -6.787228
-0.092718 10.950244 0.000095 0.001782 0.029160 -0.313187 0.636403 10.922750 11.175954 -6.832288 -6.544564 -6.693731
-0.094401 10.922627 0.000095 0.001677 0.029160 -0.309926 0.568615 10.901725 11.129817 -6.621655 -6.476433 -6.541412
-0.093235 10.892797 0.000086 0.001569 0.029160 -0.303277 0.499378 10.875153 11.095614 -8.702074 -6.337485 -7.601646
-0.089039 10.871197 0.000083 0.001485 0.029160 -0.354726 0.444908 10.697057 10.902197 -11.876149 -7.412590 -9.750620
-0.090240 10.828110 0.000078 0.000490 0.029160 -0.461504 0.374599 10.610208 10.572044 -12.967650 -9.643905 -11.251496
-0.096394 10.751942 -0.000012 -0.001191 0.029160 -0.539684 0.223918 10.624999 10.349705 -14.116387 -11.277597 -12.541554
-0.103818 10.643865 -0.000100 -0.001947 0.029160 -0.607617 -0.021041 10.453695 10.173858 -14.855675 -12.697184 -13.519347
-0.111503 10.516933 -0.000103 -0.002271 0.029160 -0.659240 2.623987 10.411451 10.052092 -15.251552 -13.775916 -14.167914
-0.116533 10.406297 -0.000133 -0.002344 0.035692 -0.690891 2.344839 10.295475 9.980815 -15.733029 -14.437317 -14.705933
-0.133159 10.256679 -0.000117 -0.001826 0.035692 -0.714712 2.089215 10.131954 9.914712 -16.026168 -14.935113 -15.088464
-0.159588 10.058715 -0.000081 -0.000953 0.035692 -0.733403 1.876048 9.921233 9.850222 -16.453228 -15.325691 -15.484312
-0.182943 9.856672 -0.000027 -0.000043 0.035692 -0.752702 1.754579 9.723496 9.769339 -17.416616 -15.728963 -16.025767
-0.206344 9.640256 0.000016 0.000854 0.035692 -0.776035 1.707533 9.451636 9.634402 -17.722267 -16.216562 -16.462275
-0.230052 9.413828 0.000067 0.001460 0.035692 -0.794513 1.695506 9.274709 9.503472 -15.732327 -16.602680 -16.450949
-0.257023 9.171622 0.000084 0.002196 0.035692 -0.794510 1.719215 9.152084 9.533220 -13.642091 -16.602622 -16.188860
-0.287094 8.936893 0.000141 0.003947 0.037947 -0.784770 1.799226 8.978806 9.687653 -16.491392 -16.399088 -16.315411
-0.316919 8.699160 0.000263 0.006542 0.070777 -0.790528 1.947319 8.468770 9.582129 -19.721521 -16.519406 -16.695120
-0.340873 8.512906 0.000414 0.007076 0.111397 -0.807127 2.392225 8.316681 9.243673 -19.245245 -16.866282 -16.976007
-0.362515 8.350965 0.000347 0.005908 0.111397 -0.819594 3.000017 8.206378 8.982388 -15.312451 -17.126782 -16.975404
-0.389468 8.098074 0.000292 0.005853 0.111397 -0.819507 3.394479 8.142619 9.025144 -10.442534 -17.124977 -16.726627
-0.417922 7.805521 0.000333 0.008072 0.111397 -0.808520 3.716832 8.019028 9.386367 -11.997235 -16.895383 -16.596031
-0.442149 7.580243 0.000513 0.011953 0.138052 -0.802425 3.985552 7.583383 9.559923 -20.652829 -16.768008 -16.830237
-0.459896 7.464502 0.000741 0.013868 0.199218 -0.812931 4.326182 7.088498 9.069482 -26.672425 -16.987561 -17.255270
-0.473482 7.391962 0.000745 0.011102 0.200385 -0.832715 4.822199 6.934454 8.201451 -24.200955 -17.400983 -17.559655
-0.495333 7.169238 0.000483 0.006831 0.200385 -0.846377 5.152268 6.865383 7.606547 -20.990900 -17.686466 -17.732229
-0.534269 6.642278 0.000289 0.006382 0.200385 -0.853539 5.365242 6.224862 7.271188 -9.326616 -17.836133 -17.574863
-0.574090 6.061430 0.000402 0.008007 0.200385 -0.846301 5.478653 6.545978 7.765506 1.215272 -17.684878 -17.203335
-0.599679 5.687227 0.000467 0.013755 0.200385 -0.828725 5.508544 6.366832 8.924283 -0.958715 -17.317597 -16.911238
-0.608168 5.561714 0.000963 0.022254 0.259023 -0.813968 5.451819 6.100475 9.770881 -15.250002 -17.009232 -16.914359
-0.594990 5.704579 0.001379 0.026912 0.370710 -0.813610 5.431718 5.515066 9.491455 -21.521760 -17.001750 -17.043685
-0.570347 5.955469 0.001497 0.023402 0.402463 -0.820057 5.365897 5.980966 8.811030 -9.635023 -17.136462 -16.896323
-0.561213 5.992962 0.001077 0.018651 0.402463 -0.811473 4.942474 6.544962 9.071627 6.856249 -16.957096 -16.330048
-0.581888 5.670151 0.000967 0.022512 0.402463 -0.784348 4.179161 6.692164 10.453341 7.562259 -16.390268 -15.789896
-0.605071 5.345839 0.001426 0.033803 0.402463 -0.758921 3.278423 6.000704 11.674516 -2.088191 -15.858927 -15.502974
-0.607244 5.352500 0.002138 0.041841 0.574872 -0.744448 2.405269 5.829651 12.038029 -5.584074 -15.556484 -15.296884
-0.593665 5.610992 0.002343 0.042536 0.629917 -0.733648 1.424068 6.157136 12.116396 -9.879365 -15.330796 -15.181144
-0.579144 5.860601 0.002257 0.041403 0.629917 -0.727916 1.743504 6.017547 11.884991 -19.387151 -15.211026 -15.285037
-0.569662 5.959597 0.002229 0.039216 0.629917 -0.733828 3.300178 5.611275 10.990490 -14.000230 -15.334566 -15.276245
-0.570589 5.915832 0.002053 0.033585 0.629917 -0.733328 3.922357 6.255959 10.579506 10.142684 -15.324117 -14.703363
-0.587325 5.708532 0.001666 0.032237 0.629917 -0.706236 4.073595 7.112008 11.933826 15.458327 -14.757984 -14.062227
-0.607825 5.456170 0.001852 0.042871 0.629917 -0.676364 4.254327 6.316337 13.470898 0.356935 -14.133754 -13.792525
-0.612082 5.398967 0.002719 0.053422 0.731074 -0.662988 4.579331 5.712844 13.711477 -30.564140 -13.854251 -14.157863
-0.585757 5.698187 0.003038 0.053034 0.816832 -0.682963 4.822382 4.478226 11.701913 -23.552988 -14.271660 -14.395471
-0.545510 6.182595 0.002758 0.036528 0.816832 -0.695946 4.350784 6.874988 10.478880 11.272639 -14.542965 -13.750100
-0.544683 6.167529 0.001422 0.028534 0.816832 -0.662407 3.241413 7.468200 11.914383 26.892068 -13.842098 -12.697011
-0.572853 5.691696 0.001732 0.041183 0.816832 -0.613209 2.082203 7.215842 14.237463 -7.941406 -12.814033 -12.585013
-0.588617 5.366108 0.002686 0.058713 0.816832 -0.606887 0.780831 4.238645 13.702650 -24.451921 -12.681914 -12.850648
-0.582653 5.429579 0.003595 0.054753 0.966740 -0.617846 -8.363365 5.531277 12.024294 9.943847 -12.910929 -12.248069
-0.559349 5.757962 0.002503 0.041472 0.966740 -0.585873 -5.967352 7.591860 13.050212 7.242006 -12.242808 -11.698106
-0.543092 5.934268 0.002122 0.047095 0.966740 -0.557323 -3.502714 6.017074 13.747498 -17.785538 -11.646192 -11.830114
-0.531184 5.983348 0.002964 0.051385 0.966740 -0.565356 -0.265733 5.512451 12.527167 -23.749024 -11.814067 -12.158300
-0.516166 6.137710 0.002703 0.042287 0.966740 -0.595453 50.307776 5.774941 11.025246 -0.474369 -12.442980 -12.027849
-0.510873 6.273185 0.002052 0.031450 0.966740 -0.586945 44.935064 7.537190 11.415449 3.839613 -12.265199 -11.740028
-0.525620 6.156475 0.001543 0.034805 0.966740 -0.572962 40.101393 6.216387 12.054036 3.786348 -11.973010 -11.482968
-0.545057 5.961049 0.002265 0.040325 0.966740 -0.560704 35.820277 6.896284 12.584242 2.407174 -11.716842 -11.294267
-0.545783 5.997748 0.002211 0.043591 0.966740 -0.550240 32.103892 6.300179 12.946852 0.088168 -11.498178 -11.163501
-0.533667 6.206200 0.002566 0.044612 0.966740 -0.542030 28.864851 6.968786 13.110556 -9.370019 -11.326620 -11.274775
-0.522978 6.398245 0.002381 0.044424 0.966740 -0.546629 26.042452 6.083288 12.580800 -16.626105 -11.422740 -11.578395
-0.514013 6.533081 0.002514 0.040025 0.874742 -0.561245 23.530518 6.516679 11.599791 -17.721455 -11.728153 -11.899760
-0.503533 6.568670 0.001991 0.033297 0.791500 -0.576784 21.264314 6.176908 10.663323 -12.977003 -12.052873 -12.057565
-0.499656 6.446336 0.001769 0.027909 0.716179 -0.583042 19.079013 6.595059 10.174804 1.042050 -12.183638 -11.725980
-0.510077 6.213233 0.001431 0.026219 0.648025 -0.565239 16.842932 6.864077 10.734951 13.950805 -11.811609 -10.976609
-0.520902 6.034100 0.001535 0.031112 0.586357 -0.527896 14.610684 7.232911 12.127658 5.548511 -11.031280 -10.518311
-0.514095 6.083027 0.001911 0.040005 0.530558 -0.503217 12.533921 6.361947 12.722023 -9.254513 -10.515555 -10.513383
-0.482101 6.385520 0.002454 0.041937 0.659795 -0.501828 10.611695 6.495560 12.179554 -7.298335 -10.486529 -10.413815
-0.428490 6.896755 0.002205 0.034963 0.659795 -0.493473 8.441236 7.448239 11.881802 -1.835005 -10.311956 -9.991951
-0.418333 6.931668 0.001743 0.032761 0.659795 -0.470040 5.948580 7.131351 11.999728 6.815511 -9.822281 -9.106435
-0.439017 6.644585 0.001902 0.035442 0.659795 -0.429335 2.999475 7.458194 12.667235 6.817451 -8.971672 -8.328967
-0.436197 6.678480 0.002028 0.039635 0.659795 -0.389510 -0.889333 7.196366 13.210017 -7.049529 -8.139474 -8.212505
-0.422937 6.868509 0.002326 0.041970 0.659795 -0.386898 8.448785 6.685033 12.654676 -13.179557 -8.084879 -8.459588
-0.407463 7.079428 0.002311 0.036899 0.659795 -0.400885 6.815111 7.026566 11.728773 -17.117250 -8.377166 -8.927089
-0.407118 7.157014 0.001842 0.030257 0.659795 -0.424871 5.128696 6.629407 10.639632 -7.827035 -8.878400 -8.888045
-0.420754 7.040284 0.001585 0.023821 0.659795 -0.423657 3.283578 7.445006 10.355717 -1.123610 -8.853016 -8.536168
-0.438199 6.818783 0.001175 0.023408 0.659795 -0.407318 1.556443 6.876692 10.560911 -2.010875 -8.511593 -8.265216
-0.447900 6.704245 0.001458 0.025524 0.659795 -0.393782 -0.813423 7.036332 10.645289 -2.620651 -8.228733 -8.032581
-0.444941 6.803493 0.001427 0.025426 0.597007 -0.383154 2.918198 7.022722 10.666611 -5.875811 -8.006652 -7.970374
-0.440794 6.959386 0.001438 0.024535 0.540195 -0.380235 1.774468 7.062791 10.449962 -7.481634 -7.945649 -7.983512
-0.431071 7.082059 0.001341 0.022290 0.488788 -0.381033 0.619311 7.131024 10.146723 -8.938944 -7.962329 -8.063815
-0.416240 7.176196 0.001201 0.019660 0.442274 -0.384364 -1.894613 7.141718 9.779055 3.105010 -8.031929 -7.531106
-0.403278 7.233525 0.001059 0.016847 0.400186 -0.354884 -0.509351 8.112245 10.329776 13.478147 -7.415902 -6.419012
-0.386303 7.336246 0.000900 0.019812 0.362103 -0.293076 3.158101 8.226225 11.541200 5.098007 -6.124319 -5.744439
-0.377875 7.457303 0.001303 0.027028 0.350377 -0.257476 2.402040 7.653613 11.944258 -0.810176 -5.380388 -5.426877
-0.365019 7.662359 0.001663 0.028339 0.447238 -0.241628 1.637006 7.999812 11.846525 -9.206157 -5.049226 -5.663716
-0.337899 7.934269 0.001499 0.025892 0.447238 -0.256644 0.617882 7.581260 11.154726 -13.524784 -5.363014 -6.255728
-0.321455 8.072361 0.001398 0.020400 0.447238 -0.288996 -4.336932 7.875093 10.256339 -3.996073 -6.039066 -6.017224
-0.323064 8.026342 0.000956 0.014759 0.447238 -0.277812 -2.726190 8.295064 10.181062 2.414547 -5.805341 -5.260190
-0.331456 7.908115 0.000769 0.015043 0.447238 -0.242624 -0.583022 8.192907 10.548119 2.052196 -5.070042 -4.639579
-0.330397 7.930078 0.000940 0.017327 0.447238 -0.213847 6.861760 8.234800 10.801300 -0.819859 -4.468688 -4.340966
-0.320633 8.114260 0.001016 0.017784 0.447238 -0.198903 5.663151 8.281662 10.796430 -6.349140 -4.156416 -4.534538
-0.313258 8.302402 0.000995 0.016506 0.447238 -0.210590 4.510510 8.160446 10.388479 -5.664961 -4.400637 -4.678545
-0.309429 8.407486 0.000887 0.013111 0.447238 -0.219391 3.279342 8.513699 10.098960 -2.866469 -4.584539 -4.580443
-0.301599 8.455868 0.000647 0.010874 0.447238 -0.214377 1.932014 8.533830 10.058879 -3.300157 -4.479776 -4.527236
-0.285605 8.546293 0.000622 0.010011 0.447238 -0.209658 -0.122789 8.641558 9.992915 -3.897376 -4.381150 -4.501259
-0.267065 8.709400 0.000555 0.008495 0.404678 -0.216172 38.758684 8.798654 9.899543 -2.286935 -4.517275 -4.415181
-0.255035 8.845732 0.000459 0.006974 0.366168 -0.208124 34.747644 9.044663 9.955430 -2.649193 -4.349101 -4.324017
-0.252971 8.939573 0.000386 0.006723 0.331322 -0.202956 31.126114 8.978414 9.976759 -1.811889 -4.241108 -4.117175
-0.245181 9.046836 0.000415 0.006154 0.299793 -0.192292 27.875573 9.277222 10.059415 -2.501269 -4.018263 -4.033237
-0.229356 9.151250 0.000333 0.006010 0.271264 -0.185426 24.975462 9.160161 10.078287 -3.984907 -3.874779 -4.162675
-0.221214 9.240719 0.000380 0.005543 0.245449 -0.190556 22.347959 9.297202 9.986568 -0.993423 -3.981982 -3.695557
-0.224010 9.316502 0.000294 0.004435 0.222092 -0.169114 19.974656 9.548034 10.135653 0.481777 -3.533911 -3.082029
-0.226915 9.387773 0.000253 0.004950 0.200957 -0.142424 17.880325 9.549925 10.351226 -2.550745 -2.976189 -3.149021
-0.219042 9.520872 0.000330 0.005496 0.181833 -0.147809 16.039405 9.528391 10.298953 -3.948987 -3.088718 -3.484227
-0.208170 9.609810 0.000317 0.004561 0.164530 -0.166034 14.391132 9.612741 10.167836 -2.779905 -3.469549 -3.536636
-0.199368 9.635730 0.000236 0.003522 0.148873 -0.165356 12.888186 9.703986 10.164491 -1.508292 -3.455389 -3.243143
-0.195017 9.696060 0.000199 0.003100 0.134706 -0.146908 11.510002 9.830507 10.258436 -0.725520 -3.069885 -2.776644
-0.188095 9.803659 0.000185 0.003010 0.121887 -0.121388 10.264809 9.951694 10.382471 -2.124869 -2.536599 -2.732557
-0.179793 9.881822 0.000184 0.003313 0.110288 -0.118499 9.157458 9.855695 10.362177 -3.081894 -2.476226 -2.937282
-0.176701 9.917458 0.000211 0.002943 0.099792 -0.128786 8.145219 9.923075 10.273911 -1.761901 -2.691205 -2.701583
-0.175687 9.973071 0.000152 0.001991 0.090296 -0.117816 7.222985 10.080263 10.311022 -0.550726 -2.461959 -2.195618
-0.171053 10.046569 0.000106 0.001750 0.081703 -0.092996 6.411839 10.157809 10.422771 -1.071818 -1.943310 -1.997664
-0.161972 10.129662 0.000117 0.001940 0.073928 -0.081967 5.714062 10.170159 10.456475 -1.714406 -1.712836 -2.053821
-0.155072 10.202655 0.000123 0.001680 0.066893 -0.084300 5.091186 10.228538 10.430980 -1.379715 -1.761584 -1.947614
-0.150768 10.255868 0.000091 0.001159 0.060527 -0.078431 4.526799 10.305344 10.441080 -1.109310 -1.638952 -1.759573
-0.145843 10.339834 0.000065 0.000670 0.054767 -0.069128 4.022024 10.405722 10.469252 -0.948955 -1.444546 -1.573316
-0.140006 10.406950 0.000037 0.000412 0.049555 -0.060653 3.577491 10.443767 10.498856 -1.232138 -1.267451 -1.593934
-0.132689 10.449004 0.000033 0.000330 0.044840 -0.060486 3.183394 10.455747 10.496424 -1.647178 -1.263956 -1.782172
-0.128213 10.503792 0.000027 -0.000049 0.040573 -0.068944 2.806997 10.514519 10.469452 -1.612327 -1.440696 -1.822009
-0.128219 10.553542 -0.000006 -0.000557 0.036712 -0.073330 2.441967 10.572351 10.465451 -1.576525 -1.532363 -1.828235
-0.124086 10.609786 -0.000030 -0.000955 0.033218 -0.077468 2.107865 10.636542 10.476691 -1.837905 -1.618826 -1.999133
-0.116263 10.681886 -0.000051 -0.001358 0.030057 -0.086115 1.801532 10.702320 10.481370 -1.646131 -1.799526 -1.950600
-0.107732 10.741809 -0.000075 -0.001724 0.027197 -0.082028 1.506912 10.784491 10.518505 -1.406531 -1.714109 -1.771915
-0.099645 10.785604 -0.000092 -0.001768 0.024832 -0.068959 1.239466 10.808735 10.567455 -1.693320 -1.441014 -1.804563
-0.093436 10.845604 -0.000084 -0.001841 0.024832 -0.068339 0.978209 10.856856 10.577026 -1.883999 -1.428063 -1.885115
-0.087816 10.906671 -0.000099 -0.002182 0.026744 -0.072771 0.692311 10.913556 10.577024 -1.971394 -1.520680 -1.953159
-0.081393 10.964779 -0.000121 -0.002566 0.032634 -0.077237 0.325356 10.973169 10.583210 -1.915807 -1.614005 -1.946784
-0.067579 11.090184 -0.000142 -0.003355 0.038202 -0.076962 -0.475567 11.161974 10.612085 -1.759753 -1.608251 -1.847413
-0.063886 11.098825 -0.000202 -0.003221 0.054382 -0.071511 0.144073 11.037351 10.649804 -2.042552 -1.494349 -1.926421
-0.072390 11.032205 -0.000143 -0.002531 0.054382 -0.076774 -2.592414 10.988449 10.648406 -2.369762 -1.604329 -2.129407
-0.077501 11.053748 -0.000126 -0.002683 0.054382 -0.094188 -2.177779 11.050642 10.633594 -2.483395 -1.968212 -2.336973
-0.079144 11.087277 -0.000155 -0.003003 0.054382 -0.112399 -1.792400 11.079334 10.641711 -2.442805 -2.348756 -2.479251
-0.073456 11.130641 -0.000164 -0.003236 0.054382 -0.122564 -1.442288 11.164885 10.683804 -2.257837 -2.561175 -2.479281
-0.064661 11.188215 -0.000180 -0.003338 0.054382 -0.119458 -1.125080 11.228813 10.756178 -2.229084 -2.496276 -2.436763
-0.060971 11.227630 -0.000178 -0.003120 0.054382 -0.114184 -0.801668 11.246004 10.822643 -2.325053 -2.386063 -2.434023
-0.063523 11.240495 -0.000160 -0.002765 0.054382 -0.114030 -0.438545 11.240499 10.868840 -2.505887 -2.382845 -2.522076
-0.067644 11.268927 -0.000142 -0.002648 0.054382 -0.122530 0.079038 11.282773 10.899952 -2.569404 -2.560474 -2.634962
-0.067059 11.321165 -0.000146 -0.002788 0.054382 -0.132266 -2.056088 11.351234 10.941428 -2.606361 -2.763910 -2.750512
-0.065880 11.322964 -0.000156 -0.002525 0.054382 -0.138772 -1.790264 11.311741 10.990973 -2.750290 -2.899875 -2.891145
-0.066951 11.310389 -0.000124 -0.002114 0.049206 -0.143410 -1.538213 11.320123 11.033731 -2.730805 -2.996783 -2.929454
-0.067419 11.327692 -0.000111 -0.001946 0.044524 -0.144141 -1.285203 11.352979 11.082359 -2.671993 -3.012074 -2.910418
-0.067455 11.340362 -0.000105 -0.001708 0.040287 -0.142389 -1.055857 11.354858 11.132749 -2.617502 -2.975464 -2.869602
-0.065999 11.361935 -0.000087 -0.001517 0.036453 -0.139401 -0.853999 11.393481 11.181551 -2.375249 -2.913017 -2.721536
-0.062332 11.385511 -0.000083 -0.001350 0.032984 -0.130068 -0.693227 11.418019 11.240831 -2.482277 -2.717998 -2.687020
-0.057470 11.414258 -0.000070 -0.001148 0.029845 -0.125128 -0.571276 11.428293 11.275218 -3.000218 -2.614766 -2.894207
-0.056424 11.438101 -0.000061 -0.001078 0.027005 -0.133580 -0.430601 11.418076 11.263635 -3.256402 -2.791380 -3.096963
-0.055962 11.451742 -0.000062 -0.001245 0.024435 -0.144529 -0.233424 11.445050 11.248822 -3.132945 -3.020173 -3.136863
-0.053412 11.469531 -0.000077 -0.001461 0.022110 -0.146356 0.041944 11.480961 11.262739 -3.021808 -3.058358 -3.095900
-0.049167 11.489393 -0.000085 -0.001500 0.022880 -0.143139 -1.305361 11.498780 11.288047 -0.841474 -2.991138 -1.991914
-0.043232 11.505834 -0.000082 -0.001441 0.022880 -0.085324 -1.133380 11.666912 11.465260 -1.650214 -1.782998 -1.811669
-0.039984 11.516709 -0.000079 -0.000341 0.022880 -0.073990 -0.964252 11.406149 11.480007 -1.210266 -1.546151 -1.475166
-0.035940 11.534630 0.000023 -0.000362 0.022880 -0.056661 -0.813893 11.661703 11.509756 -1.013461 -1.184017 -1.195964
-0.031873 11.542201 -0.000060 -0.000215 0.022880 -0.041943 -0.698322 11.458932 11.525332 -1.314359 -0.876477 -1.179198
-0.032360 11.533707 0.000021 -0.000055 0.022880 -0.041791 -0.611679 11.561866 11.494508 -1.624984 -0.873284 -1.312045
-0.032538 11.524902 -0.000028 -0.000201 0.022880 -0.051139 -0.518235 11.440977 11.443195 -1.852473 -1.068632 -1.501923
-0.031386 11.510188 -0.000002 -0.000443 0.022880 -0.062078 -0.408705 11.508880 11.393217 -1.949628 -1.297230 -1.646805
-0.033157 11.483474 -0.000045 -0.000597 0.022880 -0.070649 -0.233686 11.415977 11.355070 -1.720992 -1.476337 -1.612763
-0.034448 11.443431 -0.000025 -0.000585 0.022880 -0.070450 0.070291 11.447704 11.346216 -1.977658 -1.472178 -1.728415
-0.034691 11.400358 -0.000040 -0.000358 0.022880 -0.075446 -0.882491 11.325932 11.315081 -2.428417 -1.576568 -1.989011
-0.037619 11.353930 -0.000006 -0.000257 0.020703 -0.088654 -0.683480 11.314734 11.257371 -2.123010 -1.852579 -1.960671
-0.036473 11.311621 -0.000023 -0.000359 0.018733 -0.087171 -0.460661 11.289577 11.243242 -1.798880 -1.821584 -1.780619
-0.028370 11.311917 -0.000019 -0.000455 0.016950 -0.074547 -0.245155 11.331431 11.251752 -1.495100 -1.557793 -1.499311
-0.023033 11.285066 -0.000031 -0.000220 0.015337 -0.056290 0.015979 11.252507 11.259616 -1.102168 -1.176277 -1.115040
-0.021088 11.249354 0.000001 0.000068 0.013878 -0.033539 -2.028278 11.252190 11.263949 -0.950395 -0.700849 -0.799789
-0.019840 11.254002 0.000003 0.000066 0.012557 -0.019095 -1.819201 11.237408 11.244910 -0.817191 -0.399029 -0.575048
-0.019008 11.254221 0.000001 -0.000062 0.011362 -0.011940 -1.640519 11.237436 11.215605 -0.927964 -0.249514 -0.543300
-0.019643 11.246231 -0.000009 -0.000203 0.010281 -0.014740 -1.485217 11.204211 11.169612 -0.874015 -0.308023 -0.533242
-0.021436 11.245007 -0.000014 -0.000499 0.009302 -0.019419 -1.343864 11.236719 11.136226 -0.640663 -0.405789 -0.459277
-0.025210 11.215878 -0.000038 -0.000527 0.010341 -0.020520 -1.216749 11.182222 11.127208 0.819677 -0.428794 0.246216
-0.029286 11.171228 -0.000022 -0.000291 0.010341 0.011957 -1.105534 11.252706 11.221883 2.593412 0.249853 1.433058
-0.031169 11.156206 -0.000013 0.000435 0.010341 0.069940 -0.999798 11.248460 11.384770 3.697898 1.461517 2.535321
-0.020092 11.286161 0.000049 0.000653 0.013256 0.122676 -0.897320 11.478028 11.536614 4.868111 2.563519 3.619191
-0.019451 11.283658 0.000021 0.001674 0.013256 0.177024 -0.804317 11.294800 11.677956 4.037456 3.699209 3.753678
-0.024696 11.199872 0.000141 0.003164 0.037992 0.184699 -0.729946 11.148388 11.654605 2.620778 3.859602 3.138961
-0.014523 11.291396 0.000188 0.002404 0.050451 0.156167 -0.653870 11.316228 11.528709 2.300001 3.263364 2.709497
-0.002985 11.383541 0.000080 0.000961 0.050451 0.136798 -0.534098 11.367734 11.444535 2.006541 2.858620 2.383592
0.005138 11.437413 0.000030 0.000047 0.050451 0.123000 -0.410987 11.431546 11.382212 2.029393 2.570287 2.264210
0.008122 11.458230 -0.000017 -0.000503 0.050451 0.117744 -0.217567 11.440466 11.350703 2.338587 2.460458 2.366231
0.012986 11.459173 -0.000032 -0.000718 0.050451 0.123410 -0.047155 11.465326 11.352738 1.800822 2.578855 2.178699
0.014056 11.456492 -0.000041 -0.000687 0.050451 0.115225 0.380293 11.393168 11.306857 1.397106 2.407825 1.916500
0.009824 11.457968 -0.000031 -0.001000 0.050451 0.098494 0.089176 11.436727 11.248886 1.498529 2.058200 1.802994
0.009795 11.446510 -0.000069 -0.001308 0.050451 0.089034 -0.937201 11.413868 11.228181 0.944521 1.860522 1.449253
0.011648 11.413278 -0.000069 -0.001225 0.050451 0.071401 -0.749735 11.346574 11.180457 0.257684 1.492040 0.949348
0.020573 11.374917 -0.000062 -0.001287 0.050451 0.050285 -0.405048 11.308340 11.110651 -0.294431 1.050789 0.480695
0.030023 11.332290 -0.000074 -0.001467 0.050451 0.036594 0.450467 11.254181 11.035547 -0.533321 0.764696 0.244726
0.029261 11.267520 -0.000082 -0.001535 0.045650 0.030557 -0.387674 11.184336 10.964889 -0.269914 0.638531 0.333897
0.025759 11.204199 -0.000083 -0.001584 0.041306 0.034287 0.341967 11.154403 10.923133 0.037549 0.716483 0.538859
0.022850 11.159966 -0.000087 -0.001567 0.037375 0.040567 -0.090072 11.115325 10.897725 0.291161 0.847709 0.738594
0.020221 11.121742 -0.000082 -0.001483 0.033818 0.045172 0.350470 11.086634 10.879885 0.821905 0.943949 1.053384
0.016508 11.087433 -0.000079 -0.001374 0.030600 0.055615 0.356726 11.079247 10.891815 1.255851 1.162169 1.372248
0.011280 11.049286 -0.000072 -0.001042 0.027688 0.065956 0.457182 11.032091 10.914336 1.496848 1.378261 1.590534
0.007073 11.023132 -0.000046 -0.000720 0.025053 0.072064 0.510925 11.024539 10.933790 1.714590 1.505893 1.752109
-0.002254 11.002321 -0.000036 -0.000454 0.022669 0.074912 0.512068 10.999637 10.955733 1.801557 1.565414 1.813284
-0.015476 10.987982 -0.000018 -0.000213 0.020512 0.069428 0.474802 10.995734 10.976033 2.450411 1.450804 2.064489
-0.019248 11.014113 -0.000009 -0.000252 0.018560 0.074747 0.433922 11.101095 11.052119 3.228104 1.561956 2.476581
-0.020403 11.024364 -0.000020 0.000184 0.016794 0.094489 0.390609 11.083452 11.169817 3.375549 1.974500 2.714225
-0.021330 11.043737 0.000030 0.000834 0.015196 0.108331 0.298395 11.113270 11.258514 2.848464 2.263762 2.564122
-0.021487 11.089375 0.000052 0.001119 0.014065 0.103241 0.137093 11.112537 11.283878 2.753031 2.157391 2.448842
-0.025222 11.132231 0.000062 0.001004 0.016773 0.098089 -0.219604 11.191054 11.311782 3.097600 2.049738 2.550293
-0.026797 11.176584 0.000044 0.000895 0.016773 0.102290 0.021297 11.240775 11.374029 2.957242 2.137520 2.502013
-0.027252 11.206556 0.000049 0.001108 0.016773 0.101678 -1.394904 11.238453 11.416553 3.136235 2.124733 2.566002
-0.027414 11.245109 0.000066 0.001135 0.017706 0.106930 -1.242793 11.323571 11.472547 3.472735 2.234490 2.765676
-0.023698 11.288701 0.000055 0.001217 0.017706 0.120004 -1.125419 11.350338 11.543696 3.113357 2.507682 2.706467
-0.016844 11.338048 0.000072 0.001361 0.019380 0.122705 -1.036296 11.372010 11.566925 2.536778 2.564131 2.449591
-0.011976 11.369211 0.000073 0.001309 0.019617 0.115829 -0.940297 11.364994 11.545176 2.173424 2.420450 2.206727
-0.008618 11.381161 0.000068 0.001085 0.019617 0.108526 -0.816103 11.376233 11.510913 2.448185 2.267831 2.266958
-0.003325 11.395442 0.000051 0.000764 0.019617 0.115723 -0.671649 11.423850 11.512407 2.806328 2.418226 2.515267
0.001279 11.400387 0.000034 0.000741 0.019617 0.132178 -0.547751 11.409679 11.529267 2.740704 2.762076 2.662066
0.000691 11.398117 0.000046 0.000868 0.019617 0.140889 -0.457908 11.387323 11.514607 2.486156 2.944122 2.643780
0.018383 11.649138 0.000049 -0.000890 0.019617 0.137007 -0.414255 11.825477 11.494946 1.933500 2.862989 2.356313
0.008500 11.591348 -0.000121 -0.000638 0.032508 0.117195 -0.403545 11.336837 11.437378 1.685843 2.448976 2.043877
-0.016974 11.318402 0.000038 0.000787 0.032508 0.095906 -0.394174 11.248474 11.370301 1.667499 2.004125 1.823426
-0.014885 11.329903 0.000046 0.000267 0.032508 0.083877 -0.379511 11.370706 11.341921 1.508198 1.752753 1.624798
-0.016820 11.339804 -0.000010 0.000014 0.032508 0.073685 -0.312782 11.297399 11.324026 1.610323 1.539771 1.569136
-0.018876 11.323520 0.000011 0.000003 0.032508 0.069707 -0.232591 11.349517 11.329077 1.479845 1.456653 1.461809
-0.021092 11.297187 -0.000007 0.000211 0.032508 0.065705 -0.257224 11.257000 11.327565 1.596288 1.373012 1.474731
-0.022924 11.278717 0.000027 0.000323 0.032508 0.066881 -0.280695 11.312235 11.338824 1.851844 1.397583 1.606610
-0.021445 11.263694 0.000011 0.000497 0.032508 0.075932 -0.447588 11.257708 11.364157 1.526292 1.586733 1.535945
-0.020048 11.253179 0.000040 0.000734 0.032508 0.075354 -0.559038 11.245186 11.348689 1.277879 1.574657 1.411614
-0.019065 11.247891 0.000039 0.000667 0.032508 0.071316 -0.616363 11.228595 11.317151 1.220003 1.490273 1.347849
-0.018737 11.248648 0.000034 0.000453 0.032508 0.068867 -0.635398 11.245149 11.290758 1.169165 1.439084 1.303612
-0.018331 11.240524 0.000018 0.000332 0.029414 0.066465 -0.643126 11.217308 11.266218 0.943652 1.388895 1.174859
-0.017905 11.226128 0.000019 0.000265 0.026615 0.060324 -0.634910 11.200991 11.230015 0.818156 1.260564 1.058096
-0.017969 11.214178 0.000012 0.000105 0.024082 0.054467 -0.588747 11.192739 11.196442 0.710675 1.138183 0.952595
-0.016148 11.232215 0.000002 -0.000237 0.021791 0.048719 -0.518383 11.232884 11.169108 0.518995 1.018071 0.806669
0.001886 11.436849 -0.000023 -0.001772 0.019717 0.040646 -0.424156 11.563935 11.159795 0.425343 0.849376 0.683215
-0.004645 11.355632 -0.000149 -0.001296 0.040074 0.033559 -0.304261 11.158330 11.148719 0.230150 0.701270 0.520731
-0.025322 11.137456 -0.000004 0.000075 0.040074 0.023794 0.112397 11.086693 11.113527 0.190320 0.497218 0.406222
-0.026309 11.147499 0.000010 -0.000225 0.040074 0.016043 -1.103182 11.173953 11.094734 0.215731 0.335255 0.340960
-0.024862 11.167639 -0.000029 -0.000483 0.040074 0.011457 -0.893937 11.153946 11.093382 0.104750 0.239420 0.237411
-0.024621 11.172397 -0.000023 -0.000523 0.040074 0.005928 -0.707800 11.177420 11.091546 0.023008 0.123878 0.138561
-0.026211 11.154939 -0.000032 -0.000420 0.040074 0.001205 -0.530621 11.129660 11.090592 -0.066768 0.025190 0.043564
-0.025390 11.164993 -0.000015 -0.000492 0.040074 -0.003057 -0.348815 11.186610 11.091383 -0.164272 -0.063884 -0.050531
-0.024915 11.164744 -0.000036 -0.000486 0.040074 -0.007069 -0.129854 11.139992 11.091460 -0.360431 -0.147713 -0.190205
-0.026571 11.173610 -0.000019 -0.000544 0.040074 -0.014009 0.387397 11.185123 11.084294 -0.221193 -0.292745 -0.193369
-0.030610 11.186145 -0.000038 -0.000674 0.040074 -0.016759 0.191085 11.192135 11.099653 0.135209 -0.350203 -0.051347
-0.029227 11.199130 -0.000035 -0.000658 0.040074 -0.011591 0.208751 11.239824 11.144699 -0.070440 -0.242206 -0.111945
-0.025636 11.255303 -0.000036 -0.000732 0.036260 -0.013418 0.507890 11.280106 11.168179 -0.682661 -0.280400 -0.436410
-0.029699 11.275421 -0.000042 -0.000710 0.032810 -0.031507 0.546754 11.242586 11.149817 -1.025477 -0.658387 -0.789767
-0.034341 11.276748 -0.000035 -0.000840 0.029688 -0.051767 0.522479 11.277535 11.135967 -1.038970 -1.081760 -1.005484
-0.037009 11.295949 -0.000054 -0.001059 0.026862 -0.064500 0.482521 11.313774 11.155059 -1.088119 -1.347845 -1.168494
-0.038051 11.306727 -0.000060 -0.001004 0.024306 -0.072913 0.465567 11.319870 11.189006 -1.447244 -1.523645 -1.443021
-0.036408 11.332072 -0.000050 -0.000947 0.021993 -0.084467 0.454339 11.347358 11.208837 -1.759022 -1.765087 -1.722768
-0.037395 11.333955 -0.000053 -0.000828 0.019900 -0.095651 0.406727 11.323671 11.221787 -1.656782 -1.998781 -1.793724
-0.040426 11.316364 -0.000039 -0.000626 0.018006 -0.096838 0.343957 11.335247 11.255974 -1.565156 -2.023583 -1.770921
-0.042479 11.298153 -0.000031 -0.000279 0.016293 -0.093619 0.324017 11.301625 11.293339 -2.365715 -1.956321 -2.144914
-0.044370 11.274894 -0.000005 0.000122 0.014742 -0.110034 0.350438 11.223908 11.261893 -2.721115 -2.299352 -2.485107
-0.047254 11.266000 0.000013 -0.000027 0.013339 -0.125635 0.349928 11.269177 11.231807 -2.968538 -2.625360 -2.763095
-0.053402 11.233422 -0.000015 -0.000011 0.012070 -0.140310 0.311111 11.180004 11.207155 -2.892198 -2.932014 -2.870472
-0.059054 11.177927 0.000009 0.000193 0.010921 -0.146298 0.273857 11.179145 11.207111 -2.849306 -3.057149 -2.913057
-0.060712 11.129567 0.000009 0.000513 0.009882 -0.146461 0.262901 11.104933 11.214385 -2.903297 -3.060551 -2.949214
-0.062068 11.081150 0.000040 0.000882 0.010661 -0.144203 0.260127 11.073494 11.212432 -3.060720 -3.013365 -3.012667
-0.067670 11.035221 0.000051 0.001173 0.013674 -0.145057 0.237815 11.001178 11.191287 -3.198482 -3.031205 -3.092907
-0.076146 10.994666 0.000070 0.001301 0.018854 -0.151297 0.194247 10.977360 11.159529 -3.400862 -3.161600 -3.258283
-0.076067 11.033261 0.000068 0.000836 0.018854 -0.163187 0.162568 11.060681 11.129602 -3.403765 -3.410058 -3.373249
-0.082018 10.975510 0.000026 0.001020 0.018854 -0.170516 0.186421 10.907829 11.114648 -3.418768 -3.563218 -3.454791
-0.090303 10.863443 0.000077 0.001663 0.020726 -0.173850 0.231934 10.838379 11.099972 -3.627377 -3.632888 -3.604851
-0.087571 10.878276 0.000098 0.001467 0.026270 -0.178234 0.258294 10.910592 11.078201 -3.616395 -3.724503 -3.642493
-0.081174 10.954388 0.000063 0.000819 0.026270 -0.177738 0.226113 10.997242 11.073637 -3.630338 -3.714134 -3.648954
-0.074350 11.034882 0.000030 0.000256 0.026270 -0.176648 0.189076 11.071053 11.075820 -3.639435 -3.691352 -3.645975
-0.070627 11.077903 0.000003 -0.000014 0.026270 -0.175632 0.177965 11.087136 11.079782 -3.533914 -3.670118 -3.583097
-0.064093 11.116751 -0.000001 -0.000245 0.026270 -0.171037 0.212942 11.150291 11.093328 -3.327266 -3.574098 -3.434327
-0.053745 11.167932 -0.000020 -0.000494 0.026270 -0.159395 0.262576 11.199893 11.118636 -3.146602 -3.330824 -3.229410
-0.042158 11.236021 -0.000029 -0.000777 0.026270 -0.144452 0.287253 11.278244 11.143695 -3.249856 -3.018573 -3.128564
-0.041653 11.227868 -0.000049 -0.000557 0.026270 -0.136809 0.269379 11.170845 11.135389 -3.680254 -2.858844 -3.257048
-0.043474 11.251767 -0.000013 -0.000770 0.026270 -0.146440 0.185066 11.257111 11.087633 -4.150908 -3.060103 -3.573276
-0.049055 11.213080 -0.000063 -0.000830 0.026270 -0.168152 -0.004148 11.098982 5850.422970 -4.477351 -3.513817 -3.938689
-0.057130 11.120175 -0.000029 38.646125 0.026270 -0.170352 -3.868860 11.067459 5266.423021 -5.190855 -3.559784 -4.305084
-0.056444 11.118846 -0.000039 34.781060 0.023770 -0.193427 -3.462467 11.042018 4740.774666 -5.242751 -4.041980 -4.532331
-0.055701 11.131307 -0.000068 31.302091 0.021508 -0.207701 -3.090157 11.115914 4267.723507 -4.864348 -4.340263 -4.462802
-0.056902 11.133823 -0.000118 28.171290 0.031675 -0.207613 -2.756526 11.110256 3842.026643 -4.582655 -4.338429 -4.312524
-0.056797 11.129884 -0.000118 25.353937 0.031693 -0.202520 -2.461779 11.127928 3458.919308 -4.865094 -4.232001 -4.405534
-0.058013 11.126549 -0.000119 22.818448 0.032000 -0.208652 -2.215830 11.079670 3114.094256 -5.013065 -4.360129 -4.535529
-0.059444 11.114498 -0.000107 20.536380 0.032000 -0.217315 -2.000290 11.095149 2803.749068 -4.977872 -4.541162 -4.597536
-0.057402 11.109524 -0.000119 18.482463 0.032000 -0.220255 -1.814013 11.089447 2524.453537 -4.980761 -4.602604 -4.626375
-0.055109 11.103352 -0.000116 16.634048 0.032000 -0.220051 -1.646502 11.087133 2273.091175 -4.913176 -4.598328 -4.588680
-0.051963 11.103166 -0.000114 14.970464 0.032000 -0.216120 -1.492499 11.093227 2046.869609 -5.196797 -4.516186 -4.692922
-0.051110 11.103805 -0.000113 13.473262 0.032000 -0.220212 -1.344087 11.063056 1843.243816 -5.468600 -4.601699 -4.864623
-0.053397 11.101286 -0.000109 12.125627 0.032000 -0.230879 -1.184684 11.069188 1659.966880 -5.339592 -4.824611 -4.895825
-0.054147 11.118859 -0.000123 10.912533 0.033029 -0.236094 -1.031879 11.121359 1495.044841 -5.186448 -4.933586 -4.868050
-0.057104 11.105983 -0.000142 9.821119 0.038296 -0.238245 -0.913344 11.075398 1346.632672 -5.128949 -4.978535 -4.863772
-0.061729 11.069651 -0.000119 8.839126 0.038296 -0.240693 -0.839668 11.054178 1213.065494 -5.100388 -5.029676 -4.879318
-0.061496 11.062062 -0.000104 7.955192 0.038296 -0.242402 -0.811126 11.063255 1092.860038 -5.493208 -5.065398 -5.106246
-0.062881 11.058660 -0.000099 7.159661 0.038296 -0.253061 -0.787945 11.024050 984.648967 -5.523878 -5.288136 -5.227872
-0.063475 11.050028 -0.000087 6.443548 0.038296 -0.259705 -0.715807 11.053764 887.272027 -5.363754 -5.426962 -5.214997
-0.060074 11.043049 -0.000095 5.799126 0.038296 -0.256195 -0.661687 11.039047 799.653699 -5.452797 -5.353634 -5.235464
-0.059490 11.034917 -0.000079 5.219298 0.038296 -0.254129 -0.584182 11.024443 720.784651 -5.183185 -5.310451 -5.081172
-0.058260 11.033408 -0.000069 4.697330 0.038296 -0.245026 -0.504354 11.049783 649.818729 -5.520413 -5.120234 -5.173483
-0.056312 11.023354 -0.000068 4.227725 0.038296 -0.247949 -0.453548 10.973276 585.910256 -6.189096 -5.181304 -5.544549
-0.059269 11.004647 -0.000045 3.804885 0.038296 -0.266398 -0.294793 10.956874 528.346825 -6.021680 -5.566830 -5.626988
-0.061866 10.987666 -0.000060 3.424026 0.038296 -0.273297 0.083304 10.979411 476.578021 -5.994685 -5.710996 -5.679442
-0.064835 10.964231 -0.000074 3.081561 0.034652 -0.277207 -0.848536 10.931575 429.996129 -6.162021 -5.792701 -5.807335
-0.070287 10.942231 -0.000057 2.773415 0.031354 -0.286852 -0.697193 10.924051 388.064035 -5.991436 -5.994245 -5.812456
-0.075059 10.925693 -0.000059 2.496006 0.028370 -0.290404 -0.607826 10.927209 350.350404 -6.159613 -6.068487 -5.945092
-0.080413 10.905853 -0.000054 2.246538 0.025671 -0.300018 -0.590632 10.882178 316.399360 -6.210272 -6.269383 -6.071708
-0.085415 10.883366 -0.000036 2.021990 0.023228 -0.308405 -0.608141 10.888590 285.852035 -6.031978 -6.444637 -6.066324
-0.088221 10.868480 -0.000033 1.819917 0.021017 -0.308411 -0.652991 10.882230 258.383517 -6.023740 -6.444761 -6.079948
-0.089559 10.853836 -0.000017 1.638220 0.019017 -0.307288 -0.703505 10.861564 233.660992 -6.102428 -6.421289 -6.129164
-0.092798 10.838699 0.000002 1.474700 0.017207 -0.307391 -0.733040 10.843463 211.401818 -6.139499 -6.423447 -6.164232
-0.098142 10.819539 0.000017 1.327509 0.015570 -0.308936 -0.740888 10.820930 191.364121 -6.114196 -6.455733 -6.177281
-0.102262 10.803598 0.000030 1.195000 0.014088 -0.310000 -0.741564 10.814427 173.332764 -5.804365 -6.477979 -6.029585
-0.103684 10.793250 0.000038 1.075732 0.012748 -0.301811 -0.743070 10.825014 157.127520 -5.345261 -6.306838 -5.720527
-0.099939 10.783276 0.000048 0.968547 0.012857 -0.282269 -0.753975 10.819414 142.562624 -5.251655 -5.898492 -5.513616
-0.095630 10.774340 0.000070 0.872211 0.018701 -0.264265 -0.768642 10.785051 129.430566 -5.229106 -5.522270 -5.349933
-0.093561 10.770938 0.000091 0.785322 0.024554 -0.250647 -0.788547 10.780845 117.585801 -5.482792 -5.237693 -5.368556
-0.092905 10.766080 0.000092 0.706963 0.024607 -0.249007 -0.786658 10.736546 106.886106 -6.068089 -5.203409 -5.667507
-0.094025 10.754902 0.000092 0.636223 0.024764 -0.264454 -0.716960 10.707065 97.210464 -6.422244 -5.526199 -5.985421
-0.091590 10.736317 0.000072 0.572310 0.024764 -0.280785 -0.572551 10.694929 88.498259 -6.656833 -5.867469 -6.246296
-0.090287 10.711688 0.000047 0.514813 0.024764 -0.291648 -0.332140 10.668019 80.662526 -6.475118 -6.094472 -6.230834
-0.092120 10.696223 0.000032 0.463056 0.024764 -0.291793 0.149758 10.691263 73.638373 -6.208588 -6.097509 -6.078847
-0.093412 10.680385 0.000011 0.416673 0.024764 -0.286213 -0.759903 10.663652 67.334542 -6.356225 -5.980903 -6.109151
-0.093292 10.679229 0.000017 0.374961 0.024764 -0.290081 -0.541481 10.664552 61.641872 -6.495223 -6.061722 -6.216012
-0.095192 10.674368 0.000005 0.337317 0.024764 -0.298005 -0.311936 10.650876 56.513777 -6.087764 -6.227311 -6.056784
-0.095931 10.677149 -0.000001 0.303360 0.024764 -0.293117 -0.037067 10.708258 51.940204 -5.558744 -6.125166 -5.726138
-0.092963 10.670125 -0.000018 0.273137 0.024764 -0.276793 0.587572 10.680575 47.854153 -5.609359 -5.784062 -5.620602
-0.090643 10.662071 0.000008 0.246148 0.024764 -0.268488 0.545511 10.659900 44.147577 -5.786705 -5.610500 -5.648477
-0.090725 10.682524 0.000019 0.221481 0.024764 -0.269362 0.492759 10.687882 40.788331 -5.870882 -5.628772 -5.701245
-0.095502 10.677676 0.000003 0.199281 0.022408 -0.275329 0.422765 10.652005 37.759759 -5.726085 -5.753456 -5.673180
-0.099426 10.656301 0.000009 0.179378 0.020275 -0.278153 0.366788 10.661717 35.051392 -5.494342 -5.812484 -5.573911
-0.099076 10.656010 0.000005 0.161455 0.018346 -0.274322 0.358958 10.674448 32.634858 -5.377020 -5.732419 -5.484442
-0.099665 10.653160 0.000008 0.145481 0.016600 -0.269360 0.358147 10.661828 30.462386 -5.205341 -5.628723 -5.354630
-0.101234 10.649134 0.000021 0.131130 0.015020 -0.262469 0.354673 10.669593 28.511674 -5.045833 -5.484734 -5.215017
-0.100092 10.661856 0.000027 0.118135 0.013591 -0.255083 0.358467 10.687403 26.758428 -5.079116 -5.330380 -5.178146
-0.096783 10.671707 0.000029 0.106466 0.012298 -0.251005 0.364100 10.677319 25.167924 -5.028182 -5.245181 -5.119217
-0.091800 10.678935 0.000036 0.095892 0.011127 -0.243938 0.349145 10.695918 23.734715 -5.027332 -5.097484 -5.058534
-0.086728 10.680989 0.000032 0.086393 0.010068 -0.235742 0.314089 10.674118 22.434415 -5.260263 -4.926231 -5.110841
-0.085033 10.675912 0.000038 0.077821 0.010296 -0.234838 0.240010 10.653195 21.234412 -5.366747 -4.907335 -5.151834
-0.085893 10.666341 0.000034 0.069942 0.010296 -0.237061 0.103709 10.643638 20.144387 -5.376606 -4.953787 -5.166561
-0.090740 10.647711 0.000022 0.062852 0.010296 -0.240909 -0.210904 10.620397 19.164146 -5.106018 -5.034190 -5.042851
-0.100441 10.625613 0.000017 0.056510 0.010296 -0.242178 -0.067392 10.624593 18.305100 -4.603278 -5.060722 -4.772688
-0.104206 10.613337 0.000012 0.050906 0.010296 -0.236408 -0.042868 10.637409 17.569000 -4.885189 -4.940147 -4.892346
-0.100946 10.615388 0.000018 0.046021 0.010296 -0.242707 -0.563623 10.601745 16.877612 -5.599306 -5.071779 -5.352822
-0.097765 10.632547 0.000030 0.041332 0.010296 -0.262607 -0.522321 10.619046 16.214962 -5.457400 -5.487606 -5.444181
-0.095284 10.650013 0.000008 0.036830 0.010296 -0.264200 -0.436366 10.676972 15.660651 -4.999585 -5.520911 -5.206823
-0.092632 10.667540 -0.000012 0.033046 0.010296 -0.249848 -0.339292 10.697690 15.199036 -4.777447 -5.220985 -4.964854
-0.086872 10.687018 -0.000005 0.029862 0.010296 -0.235026 -0.252598 10.710551 14.779905 -4.737367 -4.911259 -4.815172
-0.081285 10.706590 0.000002 0.026958 0.010296 -0.223260 -0.177168 10.715996 14.385147 -4.493325 -4.665401 -4.574878
-0.076917 10.747039 0.000004 0.024078 0.009316 -0.209726 -0.073357 10.784316 14.033778 -4.042224 -4.382568 -4.205598
-0.075080 10.747116 -0.000016 0.021752 0.008429 -0.191398 0.023582 10.741966 13.729721 -4.192595 -3.999591 -4.118142
-0.074274 10.744815 0.000009 0.019755 0.007627 -0.187540 0.030447 10.733138 13.417275 -4.629071 -3.918953 -4.310032
-0.075259 10.749984 0.000007 0.017653 0.006901 -0.199597 -0.158784 10.712115 13.099200 -4.651906 -4.170905 -4.420039
-0.078970 10.737837 -0.000005 0.015628 0.006245 -0.209197 -0.062053 10.723634 12.828284 -4.396080 -4.371531 -4.361849
-0.080424 10.740967 -0.000020 0.013814 0.005650 -0.210394 0.134820 10.753058 12.617777 -4.227881 -4.396539 -4.282653
-0.080070 10.756853 -0.000029 0.012316 0.007876 -0.208704 0.076538 10.772083 12.443880 -4.096931 -4.361221 -4.201048
-0.075092 10.790914 -0.000029 0.010940 0.007876 -0.204994 0.021825 10.825088 12.297693 -4.252912 -4.283696 -4.256335
-0.071859 10.827494 -0.000038 0.009730 0.010218 -0.205607 -0.065635 10.831644 12.152899 -4.061511 -4.296499 -4.161715
-0.073668 10.859795 -0.000036 0.008558 0.010218 -0.202492 0.091868 10.899308 12.040580 -3.429212 -4.231416 -3.801355
-0.073168 10.910088 -0.000050 0.007482 0.013502 -0.187606 0.133634 10.976717 11.985535 -3.070575 -3.920347 -3.485594
-0.070817 10.936030 -0.000052 0.006946 0.014042 -0.173466 0.378483 10.964925 11.942029 -3.096677 -3.624868 -3.380150
-0.065380 10.958748 -0.000022 0.006508 0.014042 -0.165495 0.488086 10.991998 11.881893 -3.501561 -3.458302 -3.523770
-0.061436 10.967626 -0.000016 0.006051 0.014042 -0.168203 0.530258 10.945001 11.787338 -3.808982 -3.514879 -3.707616
-0.062426 10.954740 0.000001 0.005510 0.014042 -0.174219 0.501188 10.941266 11.682813 -4.336949 -3.640595 -4.033710
-0.063567 10.962976 -0.000005 0.004764 0.014042 -0.190873 0.406198 10.929993 11.560478 -4.840162 -3.988611 -4.443895
-0.062927 10.973722 -0.000018 0.003883 0.014042 -0.212570 0.226161 10.947133 11.440230 -4.526175 -4.442008 -4.476316
-0.060440 10.986113 -0.000044 0.003005 0.014042 -0.214142 -0.135065 11.011211 11.388732 -4.017697 -4.474851 -4.226920
-0.058452 11.004128 -0.000064 0.002545 0.017323 -0.201029 0.393577 11.031516 11.383327 -4.071365 -4.200843 -4.133940
-0.058073 11.019020 -0.000054 0.002411 0.017323 -0.196779 0.175413 11.018385 11.356258 -4.547709 -4.112026 -4.339663
-0.059157 11.028600 -0.000041 0.002169 0.017323 -0.208317 -0.192744 11.005269 11.291990 -4.923699 -4.353130 -4.639484
-0.062883 11.035649 -0.000043 0.001697 0.017323 -0.226404 0.193633 11.018698 11.225100 -4.892729 -4.731086 -4.792230
-0.064648 11.053885 -0.000058 0.001133 0.017323 -0.237573 -0.203360 11.070348 11.196290 -4.516097 -4.964482 -4.707019
-0.062211 11.065145 -0.000075 0.000868 0.020164 -0.233925 0.089428 11.093404 11.215597 -4.179536 -4.888262 -4.508816
-0.057573 11.075734 -0.000065 0.000926 0.020164 -0.220316 -0.324094 11.112843 11.252856 -4.171513 -4.603864 -4.384160
-0.055718 11.092530 -0.000047 0.001061 0.020164 -0.210280 -0.216969 11.107540 11.268085 -4.071161 -4.394163 -4.240780
-0.056637 11.104946 -0.000030 0.001080 0.020164 -0.202533 -0.102249 11.126226 11.275127 -3.958514 -4.232258 -4.111338
-0.056928 11.115751 -0.000026 0.001055 0.020164 -0.196862 -0.041385 11.127165 11.278983 -3.908173 -4.113755 -4.033384
-0.056751 11.115351 -0.000016 0.001083 0.020164 -0.193358 -0.193447 11.120764 11.277484 -3.876791 -4.040545 -3.985348
-0.054989 11.120042 -0.000007 0.001042 0.020164 -0.190107 -0.229661 11.131305 11.273581 -4.097927 -3.972600 -4.067224
-0.056045 11.119149 -0.000006 0.001022 0.020164 -0.193482 -0.203294 11.100363 11.249076 -4.332432 -4.043137 -4.216843
-0.060349 11.116890 0.000002 0.000875 0.020164 -0.202994 -0.066784 11.109193 11.214939 -4.433528 -4.241901 -4.357308
-0.064269 11.122690 -0.000009 0.000611 0.020164 -0.213826 0.482206 11.119631 11.191858 -4.352471 -4.468248 -4.420122
-0.065721 11.133541 -0.000016 0.000386 0.020164 -0.219769 0.363346 11.153041 11.194398 -4.249561 -4.592446 -4.429788
-0.062313 11.168378 -0.000024 0.000172 0.018245 -0.220220 0.265017 11.205441 11.216589 -4.131023 -4.601856 -4.381572
-0.058843 11.191092 -0.000031 0.000169 0.016509 -0.215184 0.184646 11.213657 11.248084 -3.985093 -4.496633 -4.266158
-0.057596 11.197175 -0.000019 0.000337 0.014938 -0.206297 0.106267 11.220977 11.279980 -4.005501 -4.310930 -4.195942
-0.055078 11.216892 -0.000007 0.000418 0.013516 -0.200468 0.007162 11.235708 11.295756 -4.131062 -4.189107 -4.204481
-0.052403 11.229631 -0.000004 0.000438 0.012230 -0.198384 -1.394217 11.228966 11.293341 -4.022644 -4.145562 -4.127584
-0.047977 11.240130 0.000001 0.000352 0.011066 -0.192148 -1.245708 11.257949 11.296907 -3.874015 -4.015258 -3.988972
-0.043992 11.246166 -0.000006 0.000336 0.010013 -0.182031 -1.111447 11.246953 11.302046 -3.893006 -3.803845 -3.893477
-0.043640 11.245747 0.000002 0.000373 0.009060 -0.176191 -0.988254 11.238335 11.289969 -4.008699 -3.681807 -3.885444
-0.044970 11.239149 0.000002 0.000336 0.008198 -0.177301 -0.876976 11.216164 11.261251 -4.289391 -3.705001 -4.027302
-0.047656 11.227725 0.000001 0.000222 0.007418 -0.187252 -0.775799 11.194719 11.215643 -4.203369 -3.912936 -4.072791
-0.046452 11.244323 -0.000006 -0.000190 0.006712 -0.192482 -0.682925 11.263005 11.197511 -4.058909 -4.022225 -4.047837
-0.046075 11.232046 -0.000037 -0.000229 0.009853 -0.191938 -0.603463 11.204627 11.198312 -3.824248 -4.010857 -3.923740
-0.047967 11.200174 -0.000014 -0.000012 0.009853 -0.185615 -0.529719 11.210106 11.211991 -3.591570 -3.878743 -3.745311
-0.047333 11.187157 -0.000010 0.000164 0.009853 -0.176145 -0.475312 11.189563 11.230272 -3.981553 -3.680846 -3.848914
-0.046970 11.173600 0.000006 0.000375 0.009853 -0.180316 -0.430831 11.139087 11.202862 -4.447965 -3.767997 -4.118629
-0.049275 11.172470 0.000015 0.000201 0.009853 -0.194485 -0.368448 11.150010 11.150656 -4.328994 -4.064095 -4.188944
-0.050602 11.161355 -0.000007 -0.000071 0.009853 -0.200470 -0.287788 11.151277 11.132572 -4.064075 -4.189147 -4.111137
-0.047775 11.146525 -0.000014 -0.000092 0.009853 -0.195683 -0.220208 11.151767 11.143011 -3.842287 -4.089125 -3.953446
-0.045465 11.136996 -0.000009 0.000040 0.009853 -0.185141 -0.144293 11.143028 11.160258 -0.588869 -3.868827 -2.212960
-0.046055 11.127255 0.000001 0.000218 0.009853 -0.096396 -0.053732 11.351798 11.394120 -1.610623 -2.014349 -1.887179
-0.049886 11.121725 0.000011 0.001803 0.009853 -0.082173 0.141981 10.966858 11.396072 -1.718573 -1.717148 -1.801187
-0.051407 11.155469 0.000155 0.001592 0.041567 -0.082775 0.110935 11.306254 11.371909 -1.590560 -1.729723 -1.738673
-0.049197 11.176109 0.000021 0.001296 0.041567 -0.083085 0.039259 11.082056 11.362392 -1.436385 -1.736207 -1.663834
-0.044985 11.173440 0.000101 0.001251 0.041567 -0.077901 0.402977 11.268226 11.365175 -1.293490 -1.627879 -1.541619
-0.036722 11.193995 0.000034 0.001133 0.041567 -0.067267 0.352643 11.158789 11.372236 -1.521794 -1.405657 -1.547064
-0.025289 11.217955 0.000077 0.001021 0.041567 -0.060649 0.175432 11.256890 11.348410 -2.303030 -1.267364 -1.852009
-0.014290 11.234239 0.000033 0.000756 0.041567 -0.068198 -0.742402 11.141234 11.262108 -3.004614 -1.425117 -2.244695
-0.010485 11.249828 0.000044 0.000081 0.041567 -0.084406 -0.237661 11.222496 11.146672 -2.962952 -1.763809 -2.361537
-0.008718 11.244662 -0.000029 -0.000649 0.041567 -0.093224 1.617651 11.175689 11.069765 -2.943642 -1.948063 -2.419612
-0.008780 11.222330 -0.000040 -0.001010 0.041567 -0.098472 1.188034 11.187656 11.013035 -2.144906 -2.057742 -2.069877
-0.013659 11.203410 -0.000065 -0.001260 0.041567 -0.086712 0.736765 11.209710 11.025770 -0.730028 -1.811991 -1.257447
-0.018954 11.184353 -0.000069 -0.001050 0.041567 -0.052785 0.385648 11.242300 11.119861 -0.794517 -1.103021 -0.952062
-0.025084 11.192444 -0.000047 -0.000480 0.037611 -0.045217 0.345110 11.174866 11.149426 -0.943226 -0.944887 -0.951581
-0.021955 11.307267 -0.000011 -0.001045 0.034032 -0.053507 0.615115 11.413308 11.165330 -0.593800 -1.118111 -0.871612
-0.026711 11.279312 -0.000093 -0.000754 0.030793 -0.054120 0.810985 11.210027 11.214640 -0.298596 -1.130929 -0.746038
-0.037714 11.168659 0.000000 0.000304 0.027863 -0.047906 0.930726 11.195748 11.270225 0.205908 -1.001068 -0.447987
-0.037106 11.181620 0.000026 0.000586 0.025211 -0.031645 0.998306 11.257590 11.348636 0.392802 -0.661268 -0.210513
-0.032438 11.201347 0.000033 0.000975 0.022812 -0.015928 1.035699 11.232569 11.410124 -0.148694 -0.332850 -0.333033
-0.031546 11.221786 0.000065 0.001246 0.020641 -0.017633 1.019111 11.226475 11.404606 -0.240958 -0.368480 -0.396538
-0.031040 11.240893 0.000066 0.001083 0.018677 -0.019886 0.944218 11.261648 11.397455 -0.240142 -0.415542 -0.418744
-0.026773 11.263140 0.000050 0.000889 0.016900 -0.018615 0.850330 11.277016 11.396706 -0.396440 -0.388995 -0.481296
-0.025483 11.270349 0.000044 0.000836 0.015291 -0.019520 0.730123 11.264478 11.383532 0.145051 -0.407901 -0.222798
-0.023729 11.267954 0.000044 0.000765 0.013836 -0.005020 0.603568 11.310716 11.411956 0.226180 -0.104903 -0.036531
-0.022383 11.273808 0.000038 0.000914 0.012520 0.005981 0.493400 11.268221 11.422081 0.058157 0.124985 -0.003076
-0.023084 11.283443 0.000058 0.000918 0.015500 0.006868 0.383439 11.290789 11.403385 0.014716 0.143527 -0.008523
-0.023981 11.292893 0.000043 0.000731 0.015500 0.004694 0.248902 11.285263 11.383022 0.276258 0.098084 0.102300
-0.023517 11.299689 0.000037 0.000552 0.015500 0.008375 0.081653 11.324113 11.387572 0.978064 0.175012 0.482049
-0.020498 11.302579 0.000025 0.000563 0.015500 0.027852 -0.143743 11.343419 11.437139 1.448316 0.582019 0.905002
-0.016240 11.308968 0.000036 0.000848 0.015500 0.051248 -0.146607 11.344046 11.486960 1.276585 1.070906 1.060787
-0.017178 11.301276 0.000054 0.001229 0.015500 0.060669 -0.204312 11.281931 11.483264 0.928358 1.267776 0.995547
-0.022020 11.298264 0.000076 0.001224 0.020400 0.054689 -0.172615 11.286788 11.440222 1.089428 1.142817 1.022061
-0.023853 11.308690 0.000058 0.000871 0.020400 0.051761 -0.068752 11.322352 11.423208 1.368975 1.081626 1.131779
-0.022242 11.314473 0.000039 0.000720 0.020400 0.055449 0.057572 11.328948 11.433112 1.476963 1.158709 1.221421
-0.019975 11.325590 0.000040 0.000712 0.020400 0.060855 -0.070113 11.345916 11.445372 1.464625 1.271664 1.270990
-0.020234 11.329704 0.000039 0.000766 0.020400 0.063892 0.214132 11.330686 11.447757 1.345471 1.335122 1.246457
-0.023993 11.326465 0.000045 0.000803 0.020400 0.061716 0.034880 11.323837 11.436376 1.513249 1.289658 1.308428
-0.029144 11.313906 0.000043 0.000811 0.020400 0.062068 -1.168593 11.322128 11.440296 2.038779 1.297018 1.567308
-0.028360 11.304143 0.000046 0.000901 0.020400 0.073875 -1.032266 11.343390 11.480315 2.254611 1.543746 1.786114
-0.023415 11.308555 0.000053 0.001137 0.020400 0.088130 -0.926497 11.332087 11.514540 2.372727 1.841634 1.985362
-0.019432 11.326808 0.000069 0.001242 0.020400 0.101959 -0.824684 11.360986 11.534168 2.698359 2.130602 2.285149
-0.016744 11.347200 0.000066 0.001237 0.020400 0.119015 -0.722883 11.377224 11.556524 2.843058 2.487025 2.532675
-0.014420 11.375388 0.000069 0.001199 0.018459 0.131605 -0.630305 11.399662 11.564154 2.836274 2.750111 2.664790
-0.012892 11.398233 0.000063 0.001098 0.016996 0.137046 -0.546890 11.403321 11.553792 2.754527 2.863801 2.689601
-0.011393 11.417052 0.000058 0.000905 0.016996 0.136870 -0.464093 11.420136 11.532216 2.670248 2.860122 2.656008
-0.010187 11.443729 0.000044 0.000586 0.016996 0.133629 -0.359787 11.448875 11.509639 2.799831 2.792409 2.691213
-0.009608 11.475312 0.000025 0.000227 0.016996 0.133148 -0.220839 11.496998 11.506743 3.102197 2.782361 2.833069
-0.006480 11.499594 0.000006 0.000047 0.016996 0.138738 -0.042107 11.524797 11.529154 3.288808 2.899163 2.980149
0.000054 11.518341 0.000004 0.000072 0.016996 0.147870 0.590239 11.541350 11.556247 3.466661 3.089986 3.161091
0.007603 11.546286 0.000007 0.000066 0.016996 0.160961 0.479829 11.577471 11.582487 3.705593 3.363540 3.415091
0.011775 11.567678 0.000004 0.000098 0.016996 0.176760 0.352326 11.584577 11.605738 4.249745 3.693699 3.842958
0.017232 11.614029 0.000009 -0.000055 0.016996 0.198652 0.209048 11.677797 11.646773 4.694052 4.151173 4.287152
0.019570 11.634601 -0.000010 0.000081 0.016996 0.220256 0.093391 11.639297 11.684810 4.914909 4.602615 4.623958
0.018458 11.637030 0.000018 0.000316 0.016996 0.234363 0.013034 11.657798 11.702613 5.346052 4.897407 4.981606
0.021837 11.690262 0.000018 0.000082 0.015379 0.248748 0.685593 11.748673 11.733818 5.745511 5.198007 5.324455
0.028619 11.758633 -0.000004 -0.000164 0.013915 0.263572 0.647272 11.806189 11.775887 5.553425 5.507769 5.393105
0.033477 11.828191 -0.000010 -0.000346 0.012591 0.265981 0.612336 11.849094 11.784419 5.464492 5.558111 5.383722
0.036198 11.900999 -0.000023 -0.000772 0.011393 0.262473 0.552890 11.935753 11.789308 5.774741 5.484823 5.497653
0.041379 11.947808 -0.000054 -0.001049 0.014404 0.266389 0.486973 11.978415 11.826121 6.000226 5.566641 5.645977
0.043934 11.957608 -0.000056 -0.000870 0.015074 0.275167 0.405416 11.972314 11.870620 6.960607 5.750071 6.189268
0.050929 11.954388 -0.000038 -0.000554 0.015074 0.305475 0.318529 12.027578 11.966527 7.069238 6.383413 6.554237
0.062058 11.964337 -0.000023 0.000014 0.015074 0.332508 0.261050 11.963334 12.015898 6.596338 6.948304 6.616164
0.063337 11.973412 0.000019 0.000281 0.015074 0.340093 0.088631 11.956025 11.986200 6.747774 7.106816 6.787117
0.057526 11.963028 0.000011 0.000153 0.015074 0.344637 -0.601838 11.942670 11.957921 6.700994 7.201778 6.830036
0.052149 11.969088 0.000006 -0.000074 0.015074 0.338558 -0.442816 11.954012 11.922828 6.670680 7.074745 6.766322
0.045854 11.959675 -0.000012 -0.000244 0.015074 0.326770 -0.282359 11.934988 11.897296 6.821423 6.828411 6.720862
0.040537 11.944687 -0.000014 -0.000314 0.015074 0.318132 -0.107833 11.951941 11.901530 6.751534 6.647900 6.597119
0.036789 11.979972 -0.000019 -0.000519 0.015074 0.307428 0.222426 12.009891 11.916868 6.520163 6.424213 6.372288
0.027700 11.989663 -0.000035 -0.000482 0.015074 0.290874 0.036951 11.980418 11.931085 6.344431 6.078296 6.106956
0.018870 11.982204 -0.000019 -0.000338 0.015074 0.273066 -0.869929 12.002877 11.955440 6.004368 5.706182 5.748065
0.012668 12.005192 -0.000018 -0.000329 0.013639 0.252732 -0.746616 12.028605 11.981976 6.390863 5.281260 5.687435
0.009414 12.035307 -0.000018 -0.000353 0.012341 0.248748 -0.635337 12.120901 12.067541 7.188211 5.198001 5.980058
0.012153 12.073063 -0.000020 -0.000037 0.011167 0.266828 -0.564550 12.178699 12.211998 7.347104 5.575823 6.222418
0.014006 12.101082 0.000012 0.000734 0.010104 0.285232 -0.526783 12.167064 12.328982 7.339579 5.960407 6.400372
0.014866 12.153386 0.000060 0.001162 0.016014 0.298982 -0.499946 12.242167 12.411146 7.183558 6.247732 6.468612
0.013841 12.208502 0.000063 0.001341 0.016806 0.304262 -0.489189 12.249236 12.458548 6.910465 6.358055 6.398016
0.010575 12.241987 0.000078 0.001433 0.020907 0.300431 -0.475204 12.276132 12.476834 6.557647 6.278017 6.195575
0.008470 12.304012 0.000075 0.001144 0.020907 0.288960 -0.446984 12.346535 12.479771 6.965741 6.038298 6.243905
0.007721 12.324384 0.000050 0.001028 0.020907 0.290476 -0.403272 12.373724 12.531293 6.927070 6.069981 6.235015
0.008650 12.318231 0.000059 0.001410 0.020907 0.293769 -0.388992 12.335811 12.571960 6.199598 6.138794 5.947068
0.007668 12.349244 0.000089 0.001474 0.023848 0.282766 -0.295101 12.364386 12.554085 6.352498 5.908861 5.893421
0.009211 12.386281 0.000072 0.001111 0.023848 0.281199 -0.056229 12.435875 12.569382 6.306602 5.876120 5.855679
0.014846 12.426720 0.000051 0.000944 0.023848 0.282497 1.156565 12.450522 12.586243 7.006390 5.903259 6.177784
0.017112 12.436688 0.000052 0.000990 0.023848 0.302572 0.974889 12.505384 12.651051 8.176522 6.322741 6.912772
0.022158 12.433748 0.000056 0.001438 0.023848 0.343848 0.833654 12.510480 12.763361 7.879256 7.185284 7.236801
0.027133 12.449324 0.000096 0.002078 0.025711 0.365377 0.738133 12.450578 12.782136 7.222782 7.635173 7.195463
0.022005 12.462184 0.000125 0.002118 0.033620 0.362463 0.624978 12.441650 12.720322 7.306358 7.574268 7.218926
0.030339 12.633125 0.000106 0.000577 0.033620 0.357167 0.465432 12.766933 12.692231 7.409858 7.463609 7.218731
0.027227 12.585958 -0.000025 0.000703 0.033620 0.353731 0.328910 12.437291 12.677717 7.308841 7.391808 7.145823
0.013483 12.403003 0.000091 0.001818 0.033620 0.349321 0.124570 12.369573 12.644247 7.562035 7.299650 7.216400
0.018574 12.431217 0.000104 0.001410 0.033620 0.353990 -0.530595 12.499504 12.641916 7.400576 7.397219 7.204332
0.018785 12.459108 0.000056 0.001210 0.033620 0.354595 -0.283810 12.427033 12.623878 7.320374 7.409848 7.185516
0.013179 12.484985 0.000076 0.000919 0.033620 0.349399 0.214854 12.524876 12.603519 7.789640 7.301270 7.338574
0.017442 12.525909 0.000032 0.000514 0.033620 0.353498 -0.287618 12.562048 12.631070 8.312186 7.386933 7.612397
0.028335 12.549440 0.000028 0.000540 0.033620 0.371414 -0.059621 12.606256 12.689809 8.838166 7.761319 8.042566
0.037323 12.560722 0.000034 0.000854 0.033620 0.400847 0.790645 12.602158 12.754763 8.967169 8.376378 8.429152
0.040348 12.579372 0.000059 0.001161 0.033620 0.425402 0.628305 12.603862 12.779942 8.741659 8.889496 8.612369
0.037772 12.603496 0.000068 0.001168 0.030421 0.432281 0.434830 12.592514 12.751608 8.665100 9.033246 8.672114
0.033609 12.614794 0.000062 0.000905 0.027526 0.428729 0.237914 12.605999 12.711307 8.855250 8.959020 8.731123
0.033114 12.620192 0.000042 0.000603 0.024906 0.425910 0.040025 12.624043 12.694693 9.112061 8.900111 8.821508
0.038661 12.637119 0.000029 0.000381 0.022536 0.429765 -0.516864 12.662906 12.704261 9.495407 8.980661 9.039165
0.046124 12.679441 0.000018 0.000164 0.020392 0.443587 -0.425399 12.729888 12.738998 9.370955 9.269502 9.142378
0.044016 12.678414 0.000006 0.000401 0.018451 0.449815 -0.304061 12.644570 12.740275 9.123147 9.399645 9.111723
0.035652 12.656108 0.000038 0.000557 0.016695 0.443798 -0.120685 12.645346 12.711866 9.316498 9.273913 9.139589
0.037646 12.683607 0.000027 0.000187 0.015106 0.440396 0.185425 12.717295 12.712119 9.538026 9.202808 9.203160
0.044558 12.708884 0.000000 0.000021 0.013669 0.445151 0.061398 12.726394 12.736034 9.883049 9.302167 9.410755
0.054093 12.751161 0.000005 -0.000100 0.012368 0.460240 -0.338439 12.812976 12.779549 9.946391 9.617482 9.609119
0.064539 12.788698 -0.000011 -0.000061 0.011191 0.476969 -0.215908 12.793058 12.804246 9.640087 9.967075 9.665754
0.068475 12.813136 0.000006 -0.000059 0.010126 0.484011 0.021558 12.805554 12.781491 10.007202 10.114226 9.925862
0.070036 12.854722 -0.000008 -0.000485 0.009163 0.495756 -2.461429 12.886318 12.781076 10.619309 10.359659 10.344385
