0.000000 -0.001094 0.000000 0.000000 0.000000 0.000000 0.000000 0.000000 0.000000 8.337795 0.000000 8.337795
0.000000 -0.001933 0.000000 0.000000 0.000000 0.000000 0.000000 0.000000 0.000000 8.341222 0.000000 8.341222
0.000000 -0.001053 0.000000 0.000000 0.000000 0.000000 0.000000 0.000000 0.000000 8.344059 0.000000 8.344059
0.000000 0.088798 0.000000 0.000000 0.000000 0.000000 0.000000 0.000000 0.000000 8.346400 0.000000 8.346400
0.000000 0.376010 0.000000 0.000000 0.000000 0.000000 0.000000 0.000000 0.000000 8.348332 0.000000 8.348332
0.000000 0.750801 0.000000 0.000000 0.000000 0.000000 0.000000 0.000000 0.000000 8.349931 0.000000 8.349931
0.000000 0.941972 0.000000 0.000000 0.000000 0.000000 0.000000 0.000000 0.000000 8.351254 0.000000 8.351254
0.000000 0.968891 0.000000 0.000000 0.000000 0.000000 0.000000 0.000000 0.000000 8.352398 0.000000 8.352398
0.000000 0.959818 0.000000 0.000000 0.000000 0.000000 0.000000 0.000000 0.000000 8.353390 0.000000 8.353390
0.000000 0.984505 0.000000 0.000000 0.000000 0.000000 0.000000 0.000000 0.000000 8.354211 0.000000 8.354211
0.999483 1.063312 0.000000 0.000000 0.000000 0.000000 0.000000 0.000000 0.000000 8.354891 0.000000 8.354891
0.999367 1.147905 0.000000 0.000000 0.000000 0.000000 0.000000 0.000000 0.000000 8.355454 0.000000 8.355454
0.999307 1.240036 0.000000 0.000000 0.000000 0.000000 0.000000 0.000000 0.000000 8.355919 0.000000 8.355919
0.999267 1.322878 0.000000 0.000000 0.000000 0.000000 0.000000 0.000000 0.000000 8.356304 0.000000 8.356304
0.999241 1.395931 0.000000 0.000000 0.000000 0.000000 0.000000 0.000000 0.000000 8.356623 0.000000 8.356623
0.999227 1.469164 0.000000 0.000000 0.000000 0.000000 0.000000 0.000000 0.000000 8.356887 0.000000 8.356887
0.999221 1.537558 0.000000 0.000000 0.000000 0.000000 0.000000 0.000000 0.000000 8.357106 0.000000 8.357106
0.999222 1.605046 0.000000 0.000000 0.000000 0.000000 0.000000 0.000000 0.000000 8.357287 0.000000 8.357287
0.999231 1.678909 0.000000 0.000000 0.000000 0.000000 0.000000 0.000000 0.000000 8.357436 0.000000 8.357436
0.999247 1.761945 0.000000 0.000000 0.000000 0.000000 0.000000 0.000000 0.000000 8.357560 0.000000 8.357560
0.999271 1.859384 0.000000 0.000000 0.000000 0.000000 0.000000 0.000000 0.000000 8.357663 0.000000 8.357663
0.993618 1.954391 0.000000 0.000000 0.000000 0.000000 0.000000 0.000000 0.000000 8.357255 0.000000 8.357255
0.984334 2.048386 0.000000 0.000000 0.000000 0.000000 0.000000 0.000000 0.000000 8.356453 0.000000 8.356453
0.977519 2.149841 0.000000 0.000000 0.000000 0.000000 0.000000 0.000000 0.000000 8.355790 0.000000 8.355790
0.972515 2.247512 0.000000 0.000000 0.000000 0.000000 0.000000 0.000000 0.000000 8.355241 0.000000 8.355241
0.969214 2.331313 0.000000 0.000000 0.000000 0.000000 0.000000 0.000000 0.000000 8.354790 0.000000 8.354790
0.967279 2.413944 0.000000 0.000000 0.000000 0.000000 0.000000 0.000000 0.000000 8.354420 0.000000 8.354420
0.966157 2.510401 0.000000 0.000000 0.000000 0.000000 0.000000 0.000000 0.000000 8.354113 0.000000 8.354113
0.965514 2.606916 0.000000 0.000000 0.000000 0.000000 0.000000 0.000000 0.000000 8.353860 0.000000 8.353860
0.965268 2.706269 0.000000 0.000000 0.000000 0.000000 0.000000 0.000000 0.000000 8.353650 0.000000 8.353650
0.965364 2.811612 0.000000 0.000000 0.000000 0.000000 0.000000 0.000000 0.000000 8.353476 0.000000 8.353476
0.965556 2.908706 0.000000 0.000000 0.000000 0.000000 0.000000 0.000000 0.000000 8.353332 0.000000 8.353332
0.965904 3.006450 0.000000 0.000000 0.000000 0.000000 0.000000 0.000000 0.000000 8.353213 0.000000 8.353213
0.966373 3.105573 0.000000 0.000000 0.000000 0.000000 0.000000 0.000000 0.000000 8.353114 0.000000 8.353114
0.962453 3.205442 0.000000 0.000000 0.000000 0.000000 0.000000 0.000000 0.000000 8.352959 0.000000 8.352959
0.955666 3.315689 0.000000 0.000000 0.000000 0.000000 0.000000 0.000000 0.000000 8.352760 0.000000 8.352760
0.950550 3.418664 0.000000 0.000000 0.000000 0.000000 0.000000 0.000000 0.000000 8.352595 0.000000 8.352595
0.946752 3.517680 0.000000 0.000000 0.000000 0.000000 0.000000 0.000000 0.000000 8.352459 0.000000 8.352459
0.944016 3.615668 0.000000 0.000000 0.000000 0.000000 0.000000 0.000000 0.000000 8.352346 0.000000 8.352346
0.933974 3.718561 0.000000 0.000000 0.000000 0.000000 0.000000 0.000000 0.000000 8.352132 0.000000 8.352132
0.919053 3.828755 0.000000 0.000000 0.000000 0.000000 0.000000 0.000000 0.000000 8.351841 0.000000 8.351841
0.907931 3.945314 0.000000 0.000000 0.000000 0.000000 0.000000 0.000000 0.000000 8.351601 0.000000 8.351601
0.903013 4.200315 0.000000 0.000000 0.000000 0.000000 0.000000 0.000000 0.000000 8.351402 0.000000 8.351402
0.895906 4.264477 0.000000 0.000000 0.000000 0.000000 0.000000 0.000000 0.000000 8.351237 0.000000 8.351237
0.887736 4.223545 0.000000 0.000000 0.000000 0.000000 0.000000 0.000000 0.000000 8.351100 0.000000 8.351100
0.885060 4.342991 0.000000 0.000000 0.000000 0.000000 0.000000 0.000000 0.000000 8.350987 0.000000 8.350987
0.884606 4.455230 0.000000 0.000000 0.000000 0.000000 0.000000 0.000000 0.000000 8.350898 0.000000 8.350898
0.885831 4.563516 0.000000 0.000000 0.000000 0.000000 0.000000 0.000000 0.000000 8.350829 0.000000 8.350829
0.888196 4.711167 0.000000 0.000000 0.000000 0.000000 0.000000 0.000000 0.000000 8.350771 0.000000 8.350771
0.889286 4.800284 0.000000 0.000000 0.000000 0.000000 0.000000 0.000000 0.000000 8.350724 0.000000 8.350724
0.889736 4.855363 0.000000 0.000000 0.000000 0.000000 0.000000 0.000000 0.000000 25.192723 0.000000 25.192723
0.892674 5.018479 0.000000 0.000000 0.000000 0.000000 0.000000 0.000000 0.000000 25.225543 0.000000 25.225543
0.893970 5.105151 0.000000 0.000000 0.000000 0.000000 0.000000 0.000000 0.000000 25.261286 0.000000 25.261286
0.896996 5.276671 0.000000 0.000000 0.000000 0.000000 0.000000 0.000000 0.000000 25.298721 0.000000 25.298721
0.904577 5.715196 0.000000 0.000000 0.000000 0.000000 0.000000 0.000000 0.000000 25.337278 0.000000 25.337278
0.912807 6.272070 0.000000 0.000000 0.000000 0.000000 0.000000 0.000000 0.000000 25.376705 0.000000 25.376705
0.920179 6.867153 0.000000 0.000000 0.000000 0.000000 0.000000 0.000000 0.000000 25.416895 0.000000 25.416895
0.920512 7.501025 0.000000 0.000000 0.000000 0.000000 0.000000 0.000000 0.000000 25.331792 0.000000 25.331792
0.916871 8.183067 0.000000 0.000000 0.000000 0.000000 0.000000 0.000000 0.000000 25.164406 0.000000 25.164406
0.916821 9.014139 0.000000 0.000000 0.000000 0.000000 0.000000 0.000000 0.000000 25.042970 0.000000 25.042970
0.916264 9.641718 0.000000 0.000000 0.000000 0.000000 0.000000 0.000000 0.000000 24.954740 0.000000 24.954740
0.915174 10.079600 0.000000 0.000000 0.000000 0.000000 0.000000 0.000000 0.000000 24.891712 0.000000 24.891712
0.915961 10.643384 0.000000 0.000000 0.000000 0.000000 0.000000 0.000000 0.000000 24.848360 0.000000 24.848360
0.917170 11.192934 0.000000 0.000000 0.000000 0.000000 0.000000 0.000000 0.000000 24.820638 0.000000 24.820638
0.918482 11.704674 0.000000 0.000000 0.000000 0.000000 0.000000 0.000000 0.000000 24.805476 0.000000 24.805476
0.919740 12.166900 0.000000 0.000000 0.000000 0.000000 0.000000 0.000000 0.000000 24.800487 0.000000 24.800487
0.921109 12.612925 0.000000 0.000000 0.000000 0.000000 0.000000 0.000000 0.000000 24.803782 0.000000 24.803782
0.922851 13.096438 0.000000 0.000000 0.000000 0.000000 0.000000 0.000000 0.000000 24.813856 0.000000 24.813856
0.922392 13.581428 0.000000 0.000000 0.000000 0.000000 0.000000 0.000000 0.000000 24.758823 0.000000 24.758823
0.920353 14.052473 0.000000 0.000000 0.000000 0.000000 0.000000 0.000000 0.000000 24.647894 0.000000 24.647894
0.919358 14.548447 0.000000 0.000000 0.000000 0.000000 0.000000 0.000000 0.000000 24.557731 0.000000 24.557731
0.919093 15.053083 0.000000 0.000000 0.000000 0.000000 0.000000 0.000000 0.000000 24.486801 0.000000 24.486801
0.919233 15.537056 0.000000 0.000000 0.000000 0.000000 0.000000 0.000000 0.000000 24.432979 0.000000 24.432979
0.919589 15.986521 0.000000 0.000000 0.000000 0.000000 0.000000 0.000000 0.000000 24.394032 0.000000 24.394032
0.920480 16.484417 0.000000 0.000000 0.000000 0.000000 0.000000 0.000000 0.000000 24.367843 0.000000 24.367843
0.915690 16.816059 0.000000 0.000000 0.000000 0.000000 0.000000 0.000000 0.000000 24.150177 0.000000 24.150177
0.906764 17.020822 0.000000 0.000000 0.000000 0.000000 0.000000 0.000000 0.000000 23.775555 0.000000 23.775555
0.900491 17.355285 0.000000 0.000000 0.000000 0.000000 0.000000 0.000000 0.000000 23.463220 0.000000 23.463220
0.896089 17.735701 0.000000 0.000000 0.000000 0.000000 0.000000 0.000000 0.000000 23.206133 0.000000 23.206133
0.894373 18.135754 0.000000 0.000000 0.000000 0.000000 0.000000 0.000000 0.000000 23.043054 0.000000 23.043054
0.894606 18.539429 0.000000 0.000000 0.000000 0.000000 0.000000 0.000000 0.000000 22.956606 0.000000 22.956606
0.894874 18.888365 0.000000 0.000000 0.000000 0.000000 0.000000 0.000000 0.000000 22.890564 0.000000 22.890564
0.895423 19.238562 0.000000 0.000000 0.000000 0.000000 0.000000 0.000000 0.000000 22.841533 0.000000 22.841533
0.896264 19.603974 0.000000 0.000000 0.000000 0.000000 0.000000 0.000000 0.000000 22.806648 0.000000 22.806648
0.896917 19.902645 0.000000 0.000000 0.000000 0.000000 0.000000 0.000000 0.000000 22.783511 0.000000 22.783511
0.897391 20.139681 0.000000 0.000000 0.000000 0.000000 0.000000 0.000000 0.000000 22.770118 0.000000 22.770118
0.898010 20.382871 0.000000 0.000000 0.000000 0.000000 0.000000 0.000000 0.000000 22.764806 0.000000 22.764806
0.898997 20.683117 0.000000 0.000000 0.000000 0.000000 0.000000 0.000000 0.000000 22.766193 0.000000 22.766193
0.900137 21.003737 0.000000 0.000000 0.000000 0.000000 0.000000 0.000000 0.000000 22.773132 0.000000 22.773132
0.901249 21.311156 0.000000 0.000000 0.000000 0.000000 0.000000 0.000000 0.000000 22.784672 0.000000 22.784672
0.899585 21.657734 0.000000 0.000000 0.000000 0.000000 0.000000 0.000000 0.000000 22.615594 0.000000 22.615594
0.895628 21.974270 0.000000 0.000000 0.000000 0.000000 0.000000 0.000000 0.000000 22.309882 0.000000 22.309882
0.892512 22.251630 0.000000 0.000000 0.000000 0.000000 0.000000 0.000000 0.000000 22.063453 0.000000 22.063453
0.890302 22.544954 0.000000 0.000000 0.000000 0.000000 0.000000 0.000000 0.000000 21.865387 0.000000 21.865387
0.888649 22.815142 0.000000 0.000000 0.000000 0.000000 0.000000 0.000000 0.000000 21.706953 0.000000 21.706953
0.887382 23.053452 0.000000 0.000000 0.000000 0.000000 0.000000 0.000000 0.000000 21.581093 0.000000 21.581093
0.886391 23.258662 0.000000 0.000000 0.000000 0.000000 0.000000 0.000000 0.000000 21.482055 0.000000 21.482055
0.885770 23.466589 0.000000 0.000000 0.000000 0.000000 0.000000 0.000000 0.000000 21.405131 0.000000 21.405131
0.885349 23.656299 0.000000 0.000000 0.000000 0.000000 0.000000 0.000000 0.000000 21.346456 0.000000 21.346456
0.884679 23.745871 0.000000 0.000000 0.000000 0.000000 0.000000 0.000000 0.000000 21.302848 0.000000 21.302848
0.882688 23.845715 0.000000 0.000000 0.000000 0.000000 0.000000 0.000000 0.000000 21.140776 0.000000 21.140776
0.882025 24.422563 0.000000 0.000000 0.000000 0.000000 0.000000 0.000000 0.000000 20.889211 0.000000 20.889211
0.879157 24.417558 0.000000 0.000000 0.000000 0.000000 0.000000 0.000000 0.000000 20.685965 0.000000 20.685965
0.875736 24.207821 0.000000 0.000000 0.000000 0.000000 0.000000 0.000000 0.000000 20.522406 0.000000 20.522406
0.874866 24.419706 0.000000 0.000000 0.000000 0.000000 0.000000 0.000000 0.000000 20.391581 0.000000 20.391581
0.874300 24.622982 0.000000 0.000000 0.000000 0.000000 0.000000 0.000000 0.000000 20.287813 0.000000 20.287813
0.877569 25.546762 0.000000 0.000000 0.000000 0.000000 0.000000 0.000000 0.000000 20.206434 0.000000 20.206434
0.877008 25.649635 0.000000 0.000000 0.000000 0.000000 0.000000 0.000000 0.000000 20.143584 0.000000 20.143584
0.874620 25.339363 0.000000 0.000000 0.000000 0.000000 0.000000 0.000000 0.000000 20.096062 0.000000 20.096062
0.874439 25.450150 0.000000 0.000000 0.000000 0.000000 0.000000 0.000000 0.000000 20.061216 0.000000 20.061216
0.871469 25.378310 0.000000 0.000000 0.000000 0.000000 0.000000 0.000000 0.000000 19.860377 0.000000 19.860377
0.867742 25.440996 0.000000 0.000000 0.000000 0.000000 0.000000 0.000000 0.000000 19.532768 0.000000 19.532768
0.864486 25.457994 0.000000 0.000000 0.000000 0.000000 0.000000 0.000000 0.000000 19.265546 0.000000 19.265546
0.861875 25.487182 0.000000 0.000000 0.000000 0.000000 0.000000 0.000000 0.000000 19.048115 0.000000 19.048115
0.860252 25.608682 0.000000 0.000000 0.000000 0.000000 0.000000 0.000000 0.000000 18.866064 0.000000 18.866064
0.863838 26.637911 0.000000 0.000000 0.000000 0.000000 0.000000 0.000000 0.000000 18.719260 0.000000 18.719260
0.861466 26.470502 0.000000 0.000000 0.000000 0.000000 0.000000 0.000000 0.000000 18.601600 0.000000 18.601600
0.855319 25.574608 0.000000 0.000000 0.000000 0.000000 0.000000 0.000000 0.000000 18.508025 0.000000 18.508025
0.855533 25.802024 0.000000 0.000000 0.000000 0.000000 0.000000 0.000000 0.000000 18.434341 0.000000 18.434341
0.856087 26.058961 0.000000 0.000000 0.000000 0.000000 0.000000 26.058961 26.058961 18.377081 0.000000 18.377081
0.856449 26.255484 0.000000 -0.000882 0.000000 0.000898 0.000000 28.001041 27.666952 18.333373 0.023154 18.333373
0.852233 26.383275 -0.000084 0.005758 0.022557 0.001821 0.000084 26.671621 -296.468766 17.959494 0.046976 17.959494
0.844237 26.404793 0.000615 -1.448293 0.165277 0.001897 0.145433 27.739517 -262.633224 17.337743 0.048940 17.337743
0.838236 26.521858 0.000670 -1.297044 0.180169 0.002384 -1.794419 27.042010 -232.223437 16.835045 0.061489 16.835045
0.831985 26.409300 0.001126 -1.160132 0.302779 0.002744 -1.407944 27.352879 -204.910418 16.431242 0.070780 16.431242
0.825724 26.158109 0.001289 -1.036489 0.346576 0.002941 -0.640442 26.616335 -180.389523 16.072812 0.075863 16.072812
0.825932 26.767395 0.001676 -0.929230 0.450717 0.002693 1.160730 28.270866 -158.291208 15.777697 0.069457 15.777697
0.823510 26.872145 0.001452 -0.830575 0.450717 0.002902 -0.362776 27.110838 -138.417203 15.534073 0.074865 15.534073
0.816052 26.157480 0.001911 -0.738222 0.513842 0.002177 4.026100 26.730940 -120.623589 15.332954 0.056151 15.332954
0.812819 26.010727 0.002136 -0.657748 0.574350 0.001799 3.155286 26.754938 -104.639777 14.951258 0.046402 14.951258
0.812485 26.216431 0.002240 -0.586973 0.602337 0.001746 2.166731 27.073859 -90.265923 14.806785 0.045039 14.806785
0.811972 26.352873 0.002257 -0.523109 0.606804 0.002092 0.948775 27.051948 -77.328179 14.684825 0.053968 14.684825
0.807113 26.380748 0.002350 -0.465200 0.631791 0.003101 -1.340823 27.108340 -65.692735 14.270323 0.079986 14.270323
0.802235 26.768333 0.002412 -0.414747 0.648684 0.003595 0.397225 27.722805 -55.220152 13.653359 0.092730 13.653359
0.794164 26.544463 0.002328 -0.366766 0.648684 0.005476 -5.501474 26.773841 -45.871639 13.145586 0.141255 13.145586
0.783821 25.925380 0.002609 -0.322055 0.701614 0.007085 -4.520208 26.370581 -37.567967 12.722910 0.182743 12.722910
0.778823 25.866147 0.002723 -0.284542 0.732206 0.008395 -3.445433 26.546452 -30.140704 12.373978 0.216540 12.373978
0.773776 25.715321 0.002679 -0.250550 0.732206 0.009425 -2.211896 26.101190 -23.504329 12.086033 0.243111 12.086033
0.770241 25.667091 0.002779 -0.220565 0.747213 0.010114 -0.621200 26.343401 -17.563598 11.848041 0.260883 11.848041
0.769150 25.831955 0.002700 -0.194657 0.747213 0.009606 4.405958 26.424282 -12.222560 11.641288 0.247778 11.641288
0.763937 25.493248 0.002661 -0.169179 0.747213 0.009504 3.280315 25.733166 -7.466233 11.477448 0.245151 11.477448
0.761215 25.392153 0.002805 -0.147391 0.754249 0.009813 2.056978 26.090155 -3.209582 11.341968 0.253101 11.341968
0.758000 25.209704 0.002684 -0.127479 0.754249 0.010632 0.452660 25.463758 0.590762 11.229829 0.274243 11.229829
0.758613 25.652318 0.002804 -0.112417 0.754249 0.013023 -5.761555 26.750063 4.043813 10.959211 0.335915 10.959211
0.751349 25.435148 0.002456 -0.095954 0.754249 0.015144 -4.714732 25.301392 7.101123 10.558256 0.390606 10.558256
0.736650 24.431420 0.002784 -0.077737 0.754249 0.017050 -3.701606 24.614237 9.712947 10.231241 0.439770 10.231241
0.730902 24.246614 0.002890 -0.065193 0.777163 0.018649 -2.655750 24.798796 12.012594 9.961340 0.481010 9.961340
0.725225 24.018795 0.002772 -0.053855 0.777163 0.019935 -1.409965 24.214183 14.032603 9.737446 0.514189 9.737446
0.719786 23.774401 0.002841 -0.043698 0.777163 0.020772 0.543681 24.219745 15.803953 9.538500 0.535778 9.538500
0.715060 23.560609 0.002758 -0.034794 0.777163 0.022853 -4.180705 23.811410 17.357728 9.383763 0.589457 9.383763
0.712588 23.506090 0.002777 -0.027579 0.777163 0.024733 -3.164520 24.021930 18.732660 10.692325 0.637957 10.692325
0.712036 23.583458 0.002643 -0.021759 0.777163 0.026647 -2.055382 24.101683 20.086743 69.177678 0.687329 10.669132
0.710612 23.568195 0.002579 -0.015617 0.777163 0.039361 -0.630251 29.061055 26.354538 69.221298 1.015265 10.676115
0.706248 23.300320 0.002561 0.013700 0.777163 0.051578 3.475837 24.586809 31.944192 69.986885 1.330370 10.685190
0.706286 23.496523 0.004776 0.037893 1.051578 0.064105 2.342758 28.558306 37.033437 69.426137 1.653501 10.741632
0.705391 23.701632 0.004787 0.059802 1.064105 0.076956 0.123773 25.673910 41.557874 68.839935 1.984969 10.826013
0.704726 23.876665 0.006404 0.079311 1.076956 0.098659 -36.312840 28.217173 45.568056 55.191790 2.544746 10.897103
0.716419 25.058018 0.006562 0.092001 1.098659 0.115508 -32.576447 27.081000 48.067359 64.963386 2.979361 10.984128
0.732426 26.729782 0.007285 0.095713 1.115508 0.131520 -29.213244 31.806113 51.290907 60.185484 3.392341 11.071857
0.742351 27.907883 0.006742 0.104888 1.131520 0.145205 -26.147150 29.697954 53.861260 56.818471 3.745345 11.152688
0.750353 28.929335 0.007764 0.111836 1.145205 0.157172 -23.397311 32.901571 55.955200 53.899162 4.054007 11.242491
0.753191 29.368159 0.007353 0.119260 1.157172 0.167961 -20.870208 30.849566 57.604634 52.645002 4.332284 11.335080
0.755969 29.791451 0.008161 0.124760 1.167961 0.177859 -18.587551 33.120647 58.999004 51.435234 4.587598 11.411226
0.763985 30.879392 0.007836 0.126134 1.177859 0.186654 -16.474214 33.135449 60.236104 48.325898 4.814458 11.508850
0.769731 31.818455 0.008047 0.127471 1.186654 0.194352 -14.537657 34.525572 61.155051 -94.509557 5.013019 11.054384
0.773832 32.636855 0.007843 0.127922 1.194352 0.188482 -12.722794 22.524103 49.701453 -229.855332 4.861592 10.124475
0.777810 33.424512 0.007902 0.073012 1.188482 0.171017 -10.974737 21.858156 27.787076 -232.106454 4.411123 9.371577
0.781349 34.136657 0.002497 -0.028482 1.171017 0.153797 -9.141622 23.517144 7.979720 -197.438277 3.966966 8.761685
0.783514 34.621120 -0.002982 -0.119504 1.153797 0.139424 -7.307653 26.096761 -6.763681 -154.298749 3.596222 8.247409
0.782571 34.588837 -0.007438 -0.185492 1.139424 0.127913 -5.445286 27.735570 -16.275358 -91.093348 3.299308 7.853713
0.777949 33.964432 -0.010354 -0.225357 1.127913 0.120571 -3.447892 30.789125 -19.409776 -49.085125 3.109939 7.534677
0.769294 32.766393 -0.012028 -0.234043 1.120571 0.115707 -0.924451 29.836965 -18.703401 -15.433493 2.984491 7.275407
0.756021 31.043497 -0.011726 -0.223146 1.115707 0.111773 6.865512 30.416849 -15.320585 29.025546 2.883002 7.086813
0.739528 29.123995 -0.011125 -0.199362 1.111773 0.113578 5.189990 30.349222 -8.616616 35.883262 2.929559 6.954498
0.721531 27.277529 -0.009514 -0.161008 1.113578 0.117564 3.383624 27.668377 -2.178999 32.013915 3.032392 6.850765
0.705591 26.301288 -0.007297 -0.127752 1.117564 0.122121 1.109966 27.712503 3.173915 -176.491902 3.149917 5.889072
0.695939 26.297397 -0.006019 -0.103724 1.122121 0.089398 -4.733975 9.638795 -10.040255 -211.737162 2.305892 4.281825
0.680664 25.694449 -0.004842 -0.160293 1.089398 0.044505 -2.895121 20.039140 -24.966617 -210.013935 1.147926 2.972493
0.672290 25.566170 -0.011234 -0.226672 1.044505 -0.003275 -0.293883 11.736985 -38.164147 -170.575589 -0.084473 1.873881
0.671712 25.957724 -0.012524 -0.287627 1.003275 -0.046796 19.761261 22.598696 -46.487579 -72.362739 -1.207032 1.190760
0.665877 25.859538 -0.017402 -0.324523 1.046796 -0.068789 17.632049 22.318193 -45.402886 -51.804572 -1.774297 0.627089
0.657577 25.519505 -0.017137 -0.318132 1.068789 -0.086203 15.573319 23.756417 -42.634784 -34.296074 -2.223477 0.170168
0.641662 24.613017 -0.016872 -0.301649 1.086203 -0.099874 13.669404 22.526248 -38.682052 -20.674796 -2.576087 -0.201892
0.617651 23.243317 -0.015632 -0.277775 1.099874 -0.110346 11.876946 22.252694 -34.053794 -7.467478 -2.846213 -0.473893
0.585782 21.589535 -0.014450 -0.249596 1.110346 -0.116360 10.189214 20.659591 -28.888879 -5.072077 -3.001325 -0.714690
0.545229 20.214454 -0.012791 -0.220260 1.116360 -0.121433 8.562894 19.679368 -24.157522 -29.236225 -3.132174 -1.302391
0.509365 19.549394 -0.011383 -0.196053 1.121433 -0.145649 7.030961 17.189231 -22.043015 -40.007110 -3.756798 -2.201916
0.491476 19.510680 -0.010244 -0.186395 1.145649 -0.181584 5.769716 18.234710 -21.020775 -27.040765 -4.683678 -2.916034
0.482832 19.712805 -0.010260 -0.182716 1.181584 -0.207285 4.869214 18.962948 -18.879749 -20.091692 -5.346584 -3.499228
0.468025 19.589229 -0.009914 -0.172558 1.207285 -0.228186 4.273540 18.815827 -16.307278 -13.626141 -5.885709 -3.960182
0.437258 18.850902 -0.009237 -0.157707 1.228186 -0.245174 3.842539 18.209953 -13.460469 -8.232005 -6.323886 -4.315833
0.392562 17.718930 -0.008373 -0.139859 1.245174 -0.257533 3.344118 17.161192 -10.507448 -6.213081 -6.642657 -4.630734
0.351266 16.788776 -0.007366 -0.122441 1.257533 -0.266902 2.463978 16.527972 -7.740697 -4.430209 -6.884330 -4.846915
0.326041 16.317958 -0.006506 -0.107918 1.266902 -0.269920 0.651359 16.362058 -5.122721 -4.865024 -6.962166 -5.048306
0.311511 16.101272 -0.005797 -0.095203 1.269920 -0.270419 -8.366548 16.073900 -2.819065 -5.208016 -6.975032 -5.180139
0.301977 15.985605 -0.005134 -0.084351 1.270419 -0.270991 -6.637812 16.067692 -0.785874 -5.343239 -6.989804 -5.291416
0.309336 16.278216 -0.004607 -0.076543 1.270991 -0.271066 -4.637653 16.588949 1.062848 4.628922 -6.991716 -4.528103
0.292963 16.032319 -0.004259 -0.067148 1.271066 -0.230947 -2.456686 16.591392 3.564172 10.636121 -5.956913 -3.121809
0.261970 15.462996 -0.003616 -0.053374 1.230947 -0.149370 -0.164161 15.994422 6.188198 10.131682 -3.852764 -1.499747
0.257539 15.456241 -0.002790 -0.041573 1.149370 -0.082345 15.767157 16.234377 8.323683 10.731229 -2.123970 -0.039469
0.264286 15.669427 -0.002294 -0.032950 1.082345 -0.025292 14.258143 16.328547 10.169338 10.761447 -0.652375 1.147495
0.281786 16.111828 -0.001835 -0.026656 1.025292 0.016290 13.085445 16.924955 11.750089 12.218943 0.420164 2.175672
0.303128 16.656942 -0.001568 -0.022010 1.016290 0.051433 12.170252 17.462305 13.260547 13.633030 1.326628 3.042758
0.325420 17.251596 -0.001304 -0.017902 1.051433 0.081377 11.393709 18.146677 14.723300 14.468209 2.099000 3.737847
0.348056 17.888434 -0.001090 -0.014198 1.081377 0.105865 10.672769 18.750915 16.108889 16.266399 2.730622 4.358571
0.371804 18.597205 -0.000876 -0.011162 1.044101 0.127873 9.957600 19.644140 17.527624 17.622372 3.298276 4.885557
0.394811 19.314786 -0.000727 -0.008017 0.944742 0.147084 9.245278 20.289341 18.944378 66.417231 3.793805 7.162936
0.413346 19.917210 -0.000517 -0.004364 0.854838 0.228255 8.633022 25.032075 24.454230 79.655813 5.887475 10.603795
0.426378 20.363129 -0.000309 0.018351 0.773489 0.314509 8.357962 23.003800 30.420949 78.381379 8.112258 13.411282
0.448163 21.161332 0.001713 0.041535 0.699882 0.382912 8.352254 25.760747 35.568377 76.100113 9.876616 15.721364
0.466021 21.864173 0.002337 0.061472 0.633280 0.438331 8.493893 24.470638 39.921681 74.091394 11.306079 17.563169
0.485936 22.706987 0.003777 0.077219 1.015748 0.482725 8.570844 26.722628 43.626773 71.682630 12.451153 19.031029
0.516460 24.136731 0.004171 0.087425 1.121479 0.514909 8.958893 27.187415 46.797171 67.596423 13.281268 19.767653
0.566921 26.945658 0.004877 0.089047 1.311522 0.533652 9.187339 31.446735 49.506501 59.568509 13.764717 22.591681
0.587675 28.298981 0.004516 0.095129 1.311522 0.546328 9.268343 29.739619 51.344591 55.700712 14.091679 22.983536
0.593302 28.688042 0.005430 0.101629 1.460099 0.557092 9.078204 31.443066 52.675222 54.588777 14.369331 23.560266
0.617228 30.479055 0.005362 0.099564 1.460099 0.565271 8.654414 33.184030 53.931789 49.470061 14.580298 24.122683
0.635232 31.930089 0.005263 0.098692 1.460099 0.570978 8.047218 33.942473 54.747156 45.323006 14.727496 25.580228
0.650903 33.266807 0.005297 0.096353 1.460099 0.575030 7.350944 35.370657 55.243504 41.502666 14.832011 27.780872
0.662253 34.302046 0.005081 0.093936 1.460099 0.577904 6.924619 35.752313 55.454514 38.543953 14.906137 29.674244
0.677892 35.895684 0.005054 0.087734 1.460099 0.579710 6.825155 38.053406 55.541658 33.989336 14.952722 31.199009
0.683293 36.447433 0.004511 0.085650 1.460099 0.580652 6.909888 36.807996 55.277578 32.412437 14.977029 32.467908
0.681312 36.171212 0.004767 0.085704 1.460099 0.581404 6.966879 37.168733 54.873891 33.201877 14.996425 33.492023
0.688035 36.908723 0.004585 0.080585 1.460099 0.582147 6.910561 38.274219 54.650879 31.094070 15.015567 34.483960
0.692360 37.392291 0.004260 0.077416 1.460099 0.582588 6.691993 38.076420 54.314692 29.712034 15.026954 35.229008
0.695452 37.742380 0.004231 0.074337 1.460099 0.582918 6.287659 38.744385 53.926698 28.711479 15.035467 35.881183
0.706508 39.138832 0.003971 0.066333 1.321152 0.583112 5.705114 40.636413 53.629935 24.720418 15.040461 36.441395
0.705963 39.265370 0.003424 0.064434 1.195428 0.582998 5.093635 39.005179 53.030122 24.358771 15.037527 37.330434
0.698069 38.600375 0.003683 0.064727 1.081668 0.582945 4.421653 39.082170 52.392786 26.259329 15.036173 37.925082
0.699628 39.101726 0.003506 0.059619 0.978733 0.583093 3.792770 40.087393 52.033702 24.826467 15.039975 37.440538
0.699139 39.286906 0.003163 0.057177 0.885595 0.583080 3.247966 39.492367 51.604873 24.297223 15.039654 37.052441
0.701733 39.836259 0.003204 0.052790 0.861550 0.583042 2.765804 40.911508 51.228147 22.727173 15.038668 36.744243
0.700110 39.791617 0.002752 0.051300 0.861550 0.582952 2.252132 39.560225 50.749015 22.854758 15.036347 36.502248
0.694787 39.236638 0.002968 0.051640 0.861550 0.583114 1.591910 39.653516 50.273526 24.440890 15.040507 36.315119
0.694877 39.363469 0.002824 0.048939 0.861550 0.583772 0.640234 39.943911 49.994999 24.078404 15.057489 36.173469
0.694329 39.387987 0.002679 0.047579 0.861550 0.585079 -1.826551 39.722930 49.713980 24.008332 15.091210 36.069528
0.693411 39.348550 0.002661 0.046496 0.861550 0.586171 -0.667650 39.819756 49.448147 24.121045 15.119369 35.996865
0.694391 39.387947 0.002568 0.045126 0.861550 0.586543 2.416333 39.820518 49.220146 24.008448 15.128970 36.014584
0.696310 39.421033 0.002507 0.043955 0.861550 0.587430 1.075807 39.868901 49.007692 23.913889 15.151855 36.103493
0.697834 39.440191 0.002439 0.042916 0.861550 0.589651 -3.473643 39.854528 48.808248 23.859136 15.209141 36.191124
0.700299 39.614717 0.002390 0.041239 0.861550 0.591393 -1.027221 40.170490 48.636517 23.360339 15.254063 36.277761
0.701149 39.602843 0.002265 0.040522 0.861550 0.590869 8.173811 39.849354 48.433779 23.394275 15.240541 36.363636
0.701255 39.513844 0.002292 0.040012 0.779562 0.590931 6.052087 39.950166 48.246516 23.648635 15.242157 36.448943
0.702167 39.549348 0.002217 0.039012 0.705377 0.591578 3.820798 39.955269 48.103375 23.547164 15.258826 36.533841
0.702720 39.551854 0.002177 0.038359 0.638252 0.592841 1.180863 39.945486 47.964587 23.540002 15.291400 36.618462
0.703851 39.644009 0.002142 0.037323 0.577514 0.595611 -5.085825 40.115757 47.845459 23.276622 15.362865 36.702917
0.703567 39.557263 0.002066 0.037178 0.555660 0.597880 -3.413843 39.794457 47.700629 23.524542 15.421388 36.787296
0.702362 39.356886 0.002108 0.037427 0.566864 0.599677 -1.580999 39.707189 47.566614 24.097219 15.467749 36.871674
0.703329 39.211690 0.002094 0.037477 0.566864 0.600741 1.524670 39.561139 47.476970 24.512191 15.495179 36.183761
0.705744 39.078070 0.002106 0.037674 0.566864 0.602826 -1.752762 39.470960 47.416424 -248.264325 15.548967 33.381933
0.707569 38.942472 0.002112 0.038011 0.567913 0.572243 2.250324 15.718187 23.767535 -247.876785 14.760106 29.640355
0.708757 38.786088 0.002137 -0.067368 0.574507 0.543100 -2.146053 34.540591 2.569572 -247.429840 14.008421 27.650585
0.715114 39.384616 -0.007913 -0.165139 1.543100 0.514254 3.725860 20.663616 -16.345143 -249.140433 13.264393 25.992628
0.714086 39.022890 -0.009228 -0.248361 1.514254 0.487671 -7.711042 31.030548 -33.488100 -248.106619 12.578720 24.619717
0.706622 37.852590 -0.016186 -0.320008 1.487671 0.457310 -1.365912 20.779079 -48.885175 -174.858216 11.795593 23.483057
0.701298 37.033578 -0.017557 -0.385400 1.457310 0.427101 28.349907 33.904609 -56.425868 -136.616082 11.016406 22.269755
0.690876 35.669465 -0.022824 -0.413106 1.427101 0.400788 24.334256 24.321412 -59.976273 -100.322187 10.337713 21.183618
0.675073 33.843763 -0.021404 -0.420842 1.400788 0.378092 20.529803 31.897262 -60.158651 -50.183750 9.752294 20.286168
0.655669 31.645038 -0.023431 -0.411798 1.378092 0.362608 17.100361 26.262962 -56.158580 -227.020720 9.352921 17.644351
0.631860 29.179045 -0.021093 -0.382793 1.362608 0.301950 13.678549 11.082038 -68.054691 -219.972911 7.788335 13.681115
0.601111 26.609354 -0.020330 -0.424628 1.301950 0.227399 9.669266 19.345705 -78.273788 -212.628733 5.865394 10.295786
0.563908 24.096699 -0.025022 -0.459197 1.227399 0.131605 4.304731 9.012954 -86.921279 -205.447566 3.394553 7.349026
0.515654 21.515202 -0.024668 -0.486407 1.131605 -0.001240 -7.286798 13.466688 -94.127944 -135.476621 -0.031978 4.923029
0.447281 18.722538 -0.027656 -0.506206 1.001240 -0.152309 0.155484 11.220681 -94.549433 -63.723811 -3.928564 2.926162
0.346938 15.753911 -0.027267 -0.494781 1.152309 -0.234332 -278.662698 14.212367 -88.687227 -48.176529 -6.044219 1.647888
0.191832 12.668910 -0.026606 -0.454647 1.234332 -0.708281 -250.575379 7.792630 -82.193127 -25.010807 -18.269001 0.793865
-0.050097 9.686624 -0.023414 -0.412139 1.708281 -0.797837 -225.241619 10.619121 -73.587849 -23.607537 -20.578973 0.157207
-0.281882 7.298558 -0.021994 -0.362827 1.797837 -0.766949 -202.006402 4.380347 -65.760969 -24.511329 -19.782252 -0.436370
-0.428393 5.793388 -0.018483 -0.320967 1.766949 -0.738793 -181.367345 6.515086 -59.014269 -30.414118 -19.056026 -1.313212
-0.499121 5.043904 -0.017326 -0.287342 1.738793 -0.731864 -162.856419 2.885273 -53.590136 -43.478933 -18.877286 -2.989340
-0.543803 4.551427 -0.015049 -0.260802 1.731864 -0.759115 -146.225115 3.758019 -49.902311 -64.032247 -19.580194 -5.736005
-0.605335 3.907068 -0.014327 -0.241369 1.759115 -0.820942 -131.141760 0.184297 -48.363383 -65.938353 -21.174931 -8.006411
-0.692943 3.020159 -0.013027 -0.230488 1.820942 -0.864929 -117.445028 1.419928 -47.093950 -69.583403 -22.309492 -9.869740
-0.815430 1.805640 -0.012997 -0.219346 1.864929 -0.895148 -104.948301 -1.971694 -46.289895 -75.784195 -23.088945 -11.401008
-0.965503 0.335972 -0.011925 -0.209147 1.895148 -0.917023 -93.601573 -2.372369 -46.181781 -83.106376 -23.653189 -12.664229
-1.138640 -1.345214 -0.011774 -0.201121 1.917023 -0.933196 -83.284860 -5.662055 -46.836689 140.423823 -24.070342 -1.600673
-1.326962 -3.162689 -0.011092 -0.195906 1.933196 -0.839727 -73.952131 13.054104 -28.251988 145.618166 -21.659449 12.602687
-1.524907 -5.064360 -0.011103 -0.104011 1.839727 -0.765481 -65.501607 -5.101256 -11.475350 151.053142 -19.744401 25.897189
-1.716267 -6.895901 -0.002312 -0.020542 1.765481 -0.704192 -58.126498 6.430487 3.744698 156.287685 -18.163548 38.792817
-1.891399 -8.431266 -0.001326 0.054617 1.704192 -0.651330 -51.406302 -5.242776 17.604996 160.675760 -16.800043 38.878191
-1.985247 -9.313100 0.005144 0.120745 1.651330 -0.603036 -45.496908 2.769948 30.252495 163.196041 -15.554381 39.053548
-1.947180 -9.440267 0.006392 0.178047 1.603036 -0.556429 -40.031584 -3.758965 41.732694 163.559484 -14.352208 39.199680
-1.978326 -8.941667 0.010995 0.227307 1.556429 -0.509205 -35.087698 2.289155 52.042240 162.134484 -13.134146 39.321620
-1.905671 -7.777414 0.012161 0.268329 1.509205 -0.458114 -30.487072 -0.682127 61.208817 158.807049 -11.816334 39.423541
-1.719364 -6.082000 0.015300 0.301842 1.458114 -0.398655 -26.310652 4.345154 69.226786 153.961555 -10.282675 39.508901
-1.478589 -3.993714 0.016148 0.328440 1.398655 -0.323145 -22.454869 3.530890 76.100435 147.993234 -8.335019 39.580563
-1.200525 -1.655090 0.018171 0.348783 1.323145 -0.216113 -18.966245 7.707643 81.836399 124.720240 -5.574297 39.640902
-0.898018 0.834056 0.018654 0.363347 1.216113 -0.057940 -15.767718 6.596598 84.997577 64.135568 -1.494462 39.691884
-0.577317 3.430546 0.019813 0.365880 1.057940 0.136180 -12.874957 6.570137 82.513305 26.689562 3.512541 39.735137
-0.227799 6.216234 0.019278 0.342241 1.136180 0.590234 -10.184713 7.936312 76.886798 16.434117 15.224173 39.661304
0.093665 8.806573 0.017594 0.305383 1.590234 0.673218 -5.044061 9.607357 70.183351 17.151389 17.364624 39.497668
0.265356 10.787741 0.015547 0.266427 1.673218 0.677858 16.886732 11.713619 64.225360 21.597175 17.484301 39.363848
0.352561 12.168460 0.013563 0.233508 1.677858 0.692860 13.298725 12.887811 59.375148 28.648539 17.871254 39.254686
0.393431 12.924487 0.012078 0.208361 1.692860 0.718691 10.919824 13.885314 55.661567 33.853012 18.537508 39.165929
0.415120 13.348919 0.010912 0.189799 1.718691 0.749218 9.079240 14.243528 52.754028 37.169682 19.324919 39.094066
0.433397 13.732647 0.010103 0.175036 1.749218 0.779935 7.504993 14.866273 50.394220 40.132524 20.117222 39.036197
0.454841 14.232511 0.009359 0.162208 1.779935 0.809031 6.025558 15.455432 48.507980 43.823569 20.867693 38.989925
0.480590 14.903025 0.008738 0.150740 1.809031 0.836351 4.480174 16.445186 47.131571 48.741589 21.572366 38.953270
0.505809 15.633062 0.008142 0.141291 1.836351 0.863092 2.622247 17.331611 46.329967 54.051955 22.262128 38.924596
0.530846 16.440763 0.007714 0.134072 1.863092 0.889361 -0.442691 18.475693 46.088655 59.573254 22.939692 38.902549
0.556579 17.439740 0.007360 0.128509 1.889361 0.908842 18.897782 19.777233 46.390018 86.736422 23.442178 39.083838
0.584052 18.699477 0.007101 0.124210 1.908842 0.937523 16.676888 23.307821 49.091512 -190.022305 24.181947 -13.103294
0.614034 20.248282 0.006885 0.129380 1.937523 0.849957 15.487979 -0.713113 27.693425 -194.448790 21.923324 -14.943180
0.643752 22.023649 0.007536 0.025433 1.849957 0.780825 15.533779 21.511926 8.425314 -160.684255 20.140158 -14.705344
0.669352 23.805753 -0.002887 -0.068991 1.780825 0.733428 16.607984 10.012085 -5.665373 -201.789851 18.917634 -14.505104
0.687497 25.255447 -0.003591 -0.138700 1.733428 0.684347 17.629713 18.374296 -21.649132 -208.759269 17.651676 -14.335949
0.696641 26.074199 -0.009756 -0.214069 1.684347 0.637685 18.574118 12.665327 -36.445593 -211.099260 16.448094 -14.192493
0.696238 26.087093 -0.012114 -0.280499 1.637685 0.590546 19.087901 17.157491 -49.859338 -211.136111 15.232228 -14.070282
0.685200 25.210355 -0.016690 -0.336735 1.590546 0.539014 19.279597 12.087535 -61.917481 -204.901298 13.903037 -13.965628
0.661697 23.488124 -0.018538 -0.383098 1.539014 0.478369 19.072251 13.697244 -72.288271 -154.457853 12.338795 -13.875481
0.627223 21.337945 -0.021640 -0.419973 1.478369 0.416249 18.596670 13.034201 -77.341955 -105.193188 10.736504 -13.797319
0.589938 19.176787 -0.022841 -0.432948 1.416249 0.356667 17.842057 14.071004 -77.709933 -52.513425 9.199679 -13.528566
0.542128 16.810796 -0.023289 -0.423986 1.356667 0.308806 16.920392 13.668740 -73.591750 -21.756632 7.965162 -13.113587
0.465999 14.156130 -0.022241 -0.393605 1.308806 0.266883 15.923935 11.977175 -67.385829 -10.020264 6.883819 -12.765202
0.369281 11.804460 -0.020332 -0.355219 1.266883 0.217045 14.861429 10.205260 -60.927827 -2.726634 5.598333 -12.471933
0.280419 10.215479 -0.018322 -0.319123 1.217045 0.167655 13.621763 9.504123 -54.533027 -0.143003 4.324396 -12.224276
0.227357 9.412746 -0.016583 -0.286837 1.167655 0.129749 11.951846 8.953525 -48.524569 0.194628 3.346665 -12.014361
0.221432 9.257999 -0.014965 -0.259192 1.129749 0.106255 9.650724 9.229146 -43.018744 -0.249221 2.740674 -11.835671
0.245670 9.484451 -0.013670 -0.235510 1.106255 0.089280 7.143424 9.430276 -38.026842 -1.097268 2.302845 -11.682810
0.274702 9.802960 -0.012478 -0.214547 1.089280 0.072969 4.861943 9.807234 -33.537735 -2.124420 1.882113 -11.551310
0.293387 10.010231 -0.011449 -0.195340 1.072969 0.055039 2.627917 9.826342 -29.529225 -2.990883 1.419649 -11.437473
0.301272 10.079703 -0.010446 -0.177671 1.055039 0.035857 -0.558668 9.901188 -25.949536 -3.610501 0.924885 -11.338235
0.307997 10.082797 -0.009559 -0.161628 1.035857 0.012450 13.428724 9.836090 -22.738298 -2.314839 0.321117 -11.095135
0.316658 10.075421 -0.008727 -0.147190 1.012450 0.000192 11.493511 10.039059 -19.684753 -1.662104 0.004960 -10.742283
0.324401 10.077732 -0.007998 -0.133504 1.000192 -0.006774 9.623524 9.964586 -16.852590 -2.129023 -0.174734 -10.445209
0.332172 10.100230 -0.007253 -0.120901 1.006774 -0.014760 7.730493 10.039835 -14.326218 -2.616654 -0.380716 -10.194411
0.340150 10.142946 -0.006621 -0.109760 1.014760 -0.023427 5.695127 10.032182 -12.072554 -3.131631 -0.604261 -9.981987
0.346322 10.172369 -0.006034 -0.099783 1.023427 -0.032638 3.317393 10.066078 -10.066504 -3.645894 -0.841842 -9.801370
0.361794 10.362712 -0.005520 -0.091638 1.032638 -0.041122 -0.225883 10.357664 -8.265938 -4.459584 -1.060677 -9.647106
0.361771 10.315769 -0.005121 -0.083351 1.041122 -0.063538 45.917103 9.988485 -6.701536 -1.701200 -1.638877 -9.514669
0.351377 10.112544 -0.004616 -0.075422 1.063538 -0.072499 41.092972 10.206404 -5.025515 -2.229534 -1.870010 -9.400303
0.352999 10.106421 -0.004229 -0.067876 1.072499 -0.081676 36.706914 9.995361 -3.543395 -2.694947 -2.106706 -9.300894
0.355192 10.114634 -0.003784 -0.061265 1.081676 -0.090840 32.725485 10.159210 -2.228434 -3.129708 -2.343073 -9.213860
0.339118 10.162080 -0.003474 -0.055579 1.090840 -0.099552 29.109073 10.096387 -1.057372 -5.362672 -2.567794 -9.328673
0.307014 10.204631 -0.003145 -0.050517 1.099552 -0.124311 25.910677 10.049663 -0.172734 -5.663642 -3.206401 -9.598795
0.282958 10.272960 -0.002892 -0.046856 1.124311 -0.156344 23.499041 10.239217 0.659455 -4.673231 -4.032654 -9.817656
0.257302 10.246314 -0.002712 -0.043003 1.156344 -0.184687 21.984986 10.196627 1.562776 -4.071741 -4.763722 -9.994125
0.233630 10.193133 -0.002457 -0.038713 1.184687 -0.207914 21.143005 10.250145 2.485620 -3.879136 -5.362820 -10.135522
0.217064 10.190808 -0.002221 -0.034563 1.207914 -0.225340 20.614024 10.271573 3.384374 -3.976543 -5.812294 -10.247895
0.203281 10.188071 -0.001984 -0.030519 1.144010 -0.238118 20.109635 10.279934 4.223408 -4.223205 -6.141881 -10.336240
0.198786 10.273786 -0.001760 -0.027140 1.035143 -0.247087 19.419052 10.434700 4.994278 -4.552120 -6.373216 -10.404686
0.197798 10.379245 -0.001590 -0.024155 0.936637 -0.253831 18.586977 10.492278 5.690173 -4.911251 -6.547165 -10.456649
0.194245 10.430831 -0.001415 -0.021265 0.847504 -0.259223 17.632711 10.523065 6.305631 -5.268316 -6.686258 -10.494952
0.192795 10.398259 -0.001254 -0.018358 0.766853 -0.262586 16.543814 10.420968 6.837447 -5.247609 -6.772998 -10.357394
0.192651 10.296452 -0.001081 -0.015516 0.693877 -0.254513 15.379624 10.328678 7.315188 -5.299870 -6.564771 -10.083768
0.189384 10.172554 -0.000925 -0.012817 0.627846 -0.239879 14.176888 10.156981 7.710250 -5.658233 -6.187295 -9.851496
0.186354 10.066718 -0.000770 -0.010570 0.568099 -0.229066 12.938170 10.040234 7.991624 -5.952745 -5.908409 -9.653438
0.183551 9.976084 -0.000659 -0.008902 0.514037 -0.222423 11.698073 9.920932 8.186238 -6.168572 -5.737049 -9.483683
0.179549 9.881240 -0.000568 -0.007603 0.465120 -0.219369 10.482375 9.812191 8.318442 -6.314737 -5.658278 -9.337338
0.174914 9.787714 -0.000497 -0.006591 0.420858 -0.219217 9.301719 9.711395 8.408631 -6.409693 -5.654374 -9.210353
0.169895 9.697253 -0.000440 -0.005780 0.380808 -0.221232 8.165238 9.620657 8.472211 -6.472928 -5.706324 -9.099373
0.165069 9.615459 -0.000392 -0.005128 0.344569 -0.224724 7.078191 9.545043 8.520278 -6.519946 -5.796401 -9.001625
0.161464 9.552906 -0.000352 -0.004632 0.311779 -0.229055 6.043852 9.496661 8.561004 -6.560397 -5.908125 -8.914808
0.158978 9.507155 -0.000322 -0.004244 0.282110 -0.233734 5.068880 9.459174 8.599243 -6.598510 -6.028799 -8.837022
0.155248 9.450818 -0.000296 -0.003820 0.255263 -0.237232 4.154835 9.394893 8.635160 -6.424501 -6.119039 -8.606051
0.152211 9.405184 -0.000264 -0.003454 0.230972 -0.230996 3.375733 9.387015 8.685761 -6.170480 -5.958194 -8.257421
0.147093 9.339058 -0.000243 -0.002930 0.208992 -0.218336 3.074162 9.282345 8.732743 -6.018519 -5.631643 -7.961571
0.138889 9.242138 -0.000200 -0.002285 0.189104 -0.209804 3.290570 9.176535 8.750245 -5.896541 -5.411566 -7.709382
0.129582 9.136814 -0.000164 -0.001734 0.171108 -0.204507 3.752484 9.063120 8.746985 -5.797184 -5.274934 -7.493308
0.119835 9.030310 -0.000131 -0.001271 0.154825 -0.201758 4.168665 8.958924 8.730179 -5.714270 -5.204037 -7.307104
0.111136 8.937571 -0.000105 -0.000930 0.140091 -0.200772 4.447204 8.876388 8.706819 -5.644220 -5.178602 -7.145604
0.101627 8.839389 -0.000085 -0.000595 0.126760 -0.200939 4.582700 8.769546 8.679832 -5.584322 -5.182906 -7.004532
0.090560 8.728899 -0.000062 -0.000220 0.114697 -0.201758 4.595060 8.661687 8.650044 -5.532760 -5.204023 -6.880349
0.078311 8.610508 -0.000038 0.000177 0.103782 -0.202852 4.510223 8.541152 8.617678 -5.488240 -5.232260 -6.770125
0.065051 8.486436 -0.000013 0.000589 0.093906 -0.203981 4.352918 8.420540 8.582429 -5.449659 -5.261368 -6.671438
0.036131 8.387366 0.000012 0.000875 0.084970 -0.210224 4.144751 8.344553 8.546649 -5.330521 -5.422396 -6.543668
-0.000900 8.343123 0.000025 0.000913 0.076884 -0.221008 3.966954 8.349919 8.534237 -5.120142 -5.700546 -6.393580
-0.026939 8.340202 0.000023 0.000870 0.069567 -0.230607 4.002613 8.382593 8.564998 -4.926732 -5.948144 -6.260617
-0.046035 8.350624 0.000025 0.000962 0.062947 -0.236394 4.192106 8.413330 8.631842 -4.760604 -6.097415 -6.141784
-0.061434 8.357611 0.000036 0.001230 0.056957 -0.237504 4.398384 8.428576 8.719960 -4.625267 -6.126041 -6.034608
-0.074387 8.358025 0.000057 0.001624 0.051537 -0.234694 4.538921 8.431296 8.813479 -4.517185 -6.053555 -5.937047
-0.081581 8.388137 0.000081 0.001908 0.046632 -0.229440 4.587768 8.486399 8.903734 -4.430250 -5.918059 -5.847415
-0.088466 8.403371 0.000092 0.002244 0.042195 -0.222599 4.549121 8.465540 8.982289 -4.361576 -5.741599 -5.764318
-0.098981 8.370351 0.000119 0.002745 0.038179 -0.214869 4.436926 8.413476 9.040372 -4.306935 -5.542222 -5.686602
-0.111204 8.308992 0.000148 0.003281 0.039800 -0.207048 4.268608 8.332172 9.074000 -4.261453 -5.340483 -5.613315
-0.129714 8.218299 0.000179 0.003838 0.048004 -0.206277 4.091726 8.220462 9.081691 -4.244047 -5.320592 -5.582655
-0.149560 8.134245 0.000210 0.004250 0.056504 -0.201178 3.943499 8.158318 9.079993 -4.276553 -5.189067 -5.585332
-0.162412 8.095576 0.000227 0.004416 0.061021 -0.199460 3.856486 8.124251 9.060420 -4.308536 -5.144767 -5.579405
-0.172738 8.064664 0.000232 0.004467 0.062413 -0.197937 3.824159 8.089271 9.033120 -4.340570 -5.105490 -5.566333
-0.183901 8.012102 0.000235 0.004580 0.063311 -0.196353 3.807062 8.016479 8.997131 -4.375729 -5.064611 -5.547322
-0.194991 7.949167 0.000246 0.004701 0.066141 -0.194770 3.781395 7.954858 8.951875 -4.413131 -5.023788 -5.523374
-0.204311 7.894723 0.000251 0.004742 0.067570 -0.193240 3.743311 7.899394 8.898939 -4.449853 -4.984330 -5.495316
-0.211813 7.851107 0.000253 0.004700 0.068040 -0.191776 3.677426 7.858673 8.840351 -4.483606 -4.946565 -5.463835
-0.217591 7.818885 0.000250 0.004582 0.068040 -0.190378 3.579569 7.827068 8.778218 -4.512711 -4.910516 -5.429499
-0.220733 7.808366 0.000243 0.004350 0.068040 -0.189025 3.452388 7.827787 8.715615 -4.536238 -4.875611 -5.392778
-0.226395 7.768794 0.000228 0.004247 0.068040 -0.187770 3.301636 7.750933 8.650265 -4.553042 -4.843245 -5.354061
-0.241937 7.678520 0.000231 0.004359 0.068040 -0.186148 3.133457 7.645673 8.578173 -4.834405 -4.801401 -5.392186
-0.260026 7.596028 0.000240 0.004406 0.068040 -0.192095 2.983600 7.553460 8.477106 -4.885456 -4.954800 -5.489240
-0.272046 7.554669 0.000238 0.004138 0.068040 -0.200240 2.953981 7.561629 8.390856 -4.644307 -5.164876 -5.561472
-0.282236 7.515869 0.000215 0.003925 0.068040 -0.205998 3.023880 7.524253 8.348350 -4.452868 -5.313404 -5.613138
-0.293503 7.452447 0.000214 0.004019 0.068040 -0.209395 3.122128 7.469378 8.333136 -4.356600 -5.401012 -5.647759
-0.303848 7.387820 0.000224 0.004240 0.068040 -0.211055 3.199448 7.412842 8.328873 -4.345210 -5.443840 -5.668251
-0.311824 7.339591 0.000238 0.004438 0.068040 -0.211547 3.234702 7.375945 8.324900 -4.394606 -5.456528 -5.677024
-0.317205 7.312114 0.000247 0.004543 0.066296 -0.211269 3.223915 7.352832 8.315404 -4.481634 -5.449352 -5.676075
-0.319852 7.308426 0.000250 0.004517 0.067311 -0.210487 3.164486 7.356541 8.298347 -4.587517 -5.429192 -5.667054
-0.324519 7.278550 0.000245 0.004574 0.067311 -0.209404 3.075260 7.288904 8.269113 -4.699209 -5.401253 -5.651329
-0.311303 7.217701 0.000255 0.004716 0.068669 -0.206624 2.958793 7.221417 8.224650 -5.226156 -5.329540 -5.680477
-0.280356 7.149994 0.000261 0.004821 0.070304 -0.202999 2.816308 7.101791 8.126120 -5.845045 -5.236046 -5.744796
-0.255357 7.062576 0.000267 0.004771 0.071809 -0.199174 2.666027 6.978568 7.967130 -6.295727 -5.137388 -5.791846
-0.236935 6.952445 0.000258 0.004552 0.071809 -0.194725 2.514183 6.831431 7.765545 -6.658547 -5.022638 -5.824561
-0.224643 6.824839 0.000245 0.004220 0.071809 -0.191523 2.352721 6.678173 7.530082 -6.904727 -4.940031 -5.845376
-0.218542 6.678639 0.000224 0.003819 0.071809 -0.190461 2.178711 6.509201 7.275128 -7.051081 -4.912649 -5.856313
-0.219521 6.504999 0.000203 0.003455 0.071809 -0.191540 1.993332 6.316812 7.013290 -7.120557 -4.940489 -5.859049
-0.226186 6.313802 0.000185 0.003138 0.071809 -0.194030 1.801035 6.122970 6.754917 -7.131224 -5.004692 -5.854975
-0.238664 6.101521 0.000169 0.002931 0.071809 -0.197116 1.606726 5.900564 6.505780 -7.094279 -5.084295 -5.845244
-0.245189 5.958560 0.000162 0.002455 0.071809 -0.199938 1.415427 5.831234 6.277335 -7.040570 -5.157097 -5.830810
-0.267606 5.708769 0.000122 0.002550 0.071809 -0.202724 1.226065 5.448007 6.057689 -6.942846 -5.228956 -5.812465
-0.286243 5.386330 0.000163 0.003011 0.071809 -0.204162 1.045188 5.188855 5.842420 -6.396924 -5.266052 -5.641381
-0.282579 5.154791 0.000163 0.003011 0.071809 -0.204162 1.045188 5.188855 5.842420 -5.352410 -5.266052 -5.352410
-0.286966 4.910029 0.000163 0.003011 0.071809 -0.204162 1.045188 5.188855 5.842420 -5.105715 -5.266052 -5.105715
-0.296649 4.669221 0.000163 0.003011 0.071809 -0.204162 1.045188 5.188855 5.842420 -4.894013 -5.266052 -4.894013
-0.308266 4.450344 0.000163 0.003011 0.071809 -0.204162 1.045188 5.188855 5.842420 -4.711271 -5.266052 -4.711271
-0.321341 4.251094 0.000163 0.003011 0.071809 -0.204162 1.045188 5.188855 5.842420 -4.552492 -5.266052 -4.552492
-0.336365 4.063784 0.000163 0.003011 0.071809 -0.204162 1.045188 5.188855 5.842420 -4.413537 -5.266052 -4.413537
-0.342008 3.952739 0.000163 0.003011 0.071809 -0.204162 1.045188 5.188855 5.842420 -4.290979 -5.266052 -4.290979
-0.364732 3.755096 0.000163 0.003011 0.071809 -0.204162 1.045188 5.188855 5.842420 -4.181979 -5.266052 -4.181979
-0.400741 3.494507 0.000163 0.003011 0.071809 -0.204162 1.045188 5.188855 5.842420 -4.084188 -5.266052 -4.084188
-0.425591 3.311721 0.000163 0.003011 0.071809 -0.204162 1.045188 5.188855 5.842420 -3.995660 -5.266052 -3.995660
-0.452077 3.129107 0.000163 0.003011 0.071809 -0.204162 1.045188 5.188855 5.842420 -3.914783 -5.266052 -3.914783
-0.441613 2.941200 0.000163 0.003011 0.071809 -0.204162 1.045188 5.188855 5.842420 -3.897038 -5.266052 -3.897038
-0.392226 2.750852 0.000163 0.003011 0.071809 -0.204162 1.045188 5.188855 5.842420 -3.928961 -5.266052 -3.928961
-0.344367 2.565194 0.000163 0.003011 0.071809 -0.204162 1.045188 5.188855 5.842420 50.699147 -5.266052 50.699147
-0.301083 2.379556 0.000163 0.003011 0.071809 -0.204162 1.045188 5.188855 5.842420 50.688125 -5.266052 50.688125
-0.263989 2.196389 0.000163 0.003011 0.071809 -0.204162 1.045188 5.188855 5.842420 48.292299 -5.266052 48.292299
-0.151225 2.237484 0.000163 0.003011 0.071809 -0.204162 1.045188 5.188855 5.842420 3.357438 -5.266052 3.357438
0.153653 2.774298 0.000163 0.003011 0.071809 -0.204162 1.045188 5.188855 5.842420 -3.951478 -5.266052 -3.951478
0.429968 3.700704 0.000163 0.003011 0.071809 -0.204162 1.045188 5.188855 5.842420 -3.938190 -5.266052 -3.938190
0.597571 4.751365 0.000163 0.003011 0.071809 -0.204162 1.045188 5.188855 5.842420 -3.921164 -5.266052 -3.921164
0.689191 5.626146 0.000163 0.003011 0.071809 -0.204162 1.045188 5.188855 5.842420 -3.901031 -5.266052 -3.901031
0.741083 5.917362 0.000163 0.003011 0.071809 -0.204162 1.045188 5.188855 5.842420 -3.735393 -5.266052 -3.735393
0.774367 5.657649 0.000163 0.003011 0.071809 -0.204162 1.045188 5.188855 5.842420 -3.457450 -5.266052 -3.457450
0.794985 5.194757 0.000163 0.003011 0.071809 -0.204162 1.045188 5.188855 5.842420 -3.220209 -5.266052 -3.220209
