384.40 42.41 27.84 271.03 27.84 142.51 
384.40 42.41 27.84 271.03 27.84 142.51 
384.40 42.41 27.84 271.03 27.84 142.51 
384.40 42.41 27.84 271.03 27.84 142.51 
384.40 42.41 27.84 271.03 27.84 142.51 
384.40 42.41 27.84 271.03 27.84 142.51 
384.40 42.41 27.84 271.03 27.84 142.51 
384.40 42.41 27.84 271.03 27.84 142.51 
384.40 42.41 27.84 271.03 27.84 142.51 
384.40 42.41 27.84 271.03 27.84 142.51 
384.40 42.41 27.84 271.03 27.84 142.51 
384.40 42.41 27.84 271.03 27.84 142.51 
384.40 42.41 27.84 271.03 27.84 142.51 
384.40 42.41 27.84 271.03 27.84 142.51 
384.40 42.41 27.84 271.03 27.84 142.51 
384.40 42.41 27.84 271.03 27.84 142.51 
384.40 42.41 27.84 271.03 27.84 142.51 
384.40 42.41 27.84 271.03 27.84 142.51 
384.40 42.41 27.84 271.03 27.84 142.51 
384.40 42.41 27.84 271.03 27.84 142.51 
384.40 42.41 27.84 271.03 27.84 142.51 
384.40 42.41 27.84 271.03 27.84 142.51 
384.40 42.41 27.84 271.03 27.84 142.51 
384.40 42.41 27.84 271.03 27.84 142.51 
384.40 42.41 27.84 271.03 27.84 142.51 
384.40 42.41 27.84 271.03 27.84 142.51 
384.40 42.41 27.84 271.03 27.84 142.51 
384.40 42.41 27.84 271.03 27.84 142.51 
384.40 42.41 27.84 271.03 27.84 142.51 
384.40 42.41 27.84 271.03 27.84 142.51 
384.40 42.41 27.84 271.03 27.84 142.51 
384.40 42.41 27.84 271.03 27.84 142.51 
384.40 42.41 27.84 271.03 27.84 142.51 
384.40 42.41 27.84 271.03 27.84 142.51 
384.40 42.41 27.84 271.03 27.84 142.51 
384.40 42.41 27.84 271.03 27.84 142.51 
384.40 42.41 27.84 271.03 27.84 142.51 
384.40 42.41 27.84 271.03 27.84 142.51 
384.40 42.41 27.84 271.03 27.84 142.51 
384.40 42.41 27.84 271.03 27.84 142.51 
384.40 42.41 27.84 271.03 27.84 142.51 
384.40 42.41 27.84 271.03 27.84 142.51 
384.40 42.41 27.84 271.03 27.84 142.51 
384.40 42.41 27.84 271.03 27.84 142.51 
384.40 42.41 27.84 271.03 27.84 142.51 
384.40 42.41 27.84 271.03 27.84 142.51 
384.40 42.41 27.84 271.03 27.84 142.51 
384.40 42.41 27.84 271.03 27.84 142.51 
384.40 42.41 27.84 271.03 27.84 142.51 
384.40 42.41 27.84 271.03 27.84 142.51 
384.40 42.41 27.84 271.03 27.84 142.51 
384.40 42.41 27.84 271.03 27.84 142.51 
384.40 42.41 27.84 271.03 27.84 142.51 
384.40 42.41 27.84 271.03 27.84 142.51 
384.40 42.41 27.84 271.03 27.84 142.51 
384.40 42.41 27.84 271.03 27.84 142.51 
384.40 42.41 27.84 271.03 27.84 142.51 
384.40 42.41 27.84 271.03 27.84 142.51 
384.40 42.41 27.84 271.03 27.84 142.51 
384.40 42.41 27.84 271.03 27.84 142.51 
384.40 42.41 27.84 271.03 27.84 142.51 
384.40 42.41 27.84 271.03 27.84 142.51 
384.40 42.41 27.84 271.03 27.84 142.51 
384.40 42.41 27.84 271.03 27.84 142.51 
384.40 42.41 27.84 271.03 27.84 142.51 
384.40 42.41 27.84 271.03 27.84 142.51 
384.40 42.41 27.84 271.03 27.84 142.51 
384.40 42.41 27.84 271.03 27.84 142.51 
384.40 42.41 27.84 271.03 27.84 142.51 
384.40 42.41 27.84 271.03 27.84 142.51 
384.40 42.41 27.84 271.03 27.84 142.51 
384.40 42.41 27.84 271.03 27.84 142.51 
384.40 42.41 27.84 271.03 27.84 142.51 
384.40 42.41 27.84 271.03 27.84 142.51 
384.40 42.41 27.84 271.03 27.84 142.51 
384.40 42.41 27.84 271.03 27.84 142.51 
384.40 42.41 27.84 271.03 27.84 142.51 
384.40 42.41 27.84 271.03 27.84 142.51 
384.40 42.41 27.84 271.03 27.84 142.51 
384.40 42.41 27.84 271.03 27.84 142.51 
384.40 42.41 27.84 271.03 27.84 142.51 
384.40 42.41 27.84 271.03 27.84 142.51 
384.40 42.41 27.84 271.03 27.84 142.52 
384.40 42.41 27.85 271.03 27.85 142.53 
384.40 42.41 27.85 271.04 27.85 142.56 
384.40 42.41 27.86 271.06 27.86 142.60 
384.41 42.41 27.87 271.10 27.87 142.66 
384.42 42.41 27.88 271.16 27.88 142.73 
384.44 42.42 27.90 271.26 27.90 142.83 
384.48 42.43 27.93 271.40 27.93 142.95 
384.53 42.44 27.97 271.59 27.97 143.09 
384.61 42.46 28.02 271.84 28.02 143.26 
384.73 42.48 28.09 272.16 28.09 143.44 
384.90 42.52 28.17 272.54 28.17 143.66 
385.13 42.56 28.26 272.99 28.26 143.89 
385.44 42.63 28.38 273.52 28.38 144.15 
385.86 42.71 28.52 274.13 28.52 144.43 
386.42 42.83 28.68 274.80 28.68 144.72 
387.16 42.98 28.87 275.54 28.87 145.03 
388.11 43.18 29.09 276.33 29.09 145.35 
389.34 43.44 29.33 277.14 29.33 145.67 
390.91 43.77 29.61 277.95 29.61 145.99 
392.47 44.10 29.88 278.76 29.88 146.32 
394.01 44.44 30.16 279.56 30.16 146.64 
395.55 44.77 30.44 280.35 30.44 146.96 
397.07 45.10 30.71 281.13 30.71 147.28 
398.59 45.43 30.98 281.91 30.98 147.59 
400.09 45.76 31.26 282.68 31.26 147.91 
401.58 46.09 31.53 283.45 31.53 148.23 
403.06 46.42 31.80 284.20 31.80 148.54 
404.53 46.75 32.08 284.96 32.08 148.85 
405.99 47.07 32.35 285.70 32.35 149.17 
407.43 47.40 32.62 286.44 32.62 149.48 
408.87 47.73 32.89 287.17 32.89 149.79 
410.30 48.05 33.16 287.90 33.16 150.10 
411.72 48.38 33.43 288.62 33.43 150.40 
413.12 48.70 33.70 289.33 33.70 150.71 
414.52 49.02 33.97 290.04 33.97 151.02 
415.91 49.35 34.24 290.75 34.24 151.32 
417.29 49.67 34.51 291.44 34.51 151.63 
418.66 49.99 34.78 292.13 34.78 151.93 
420.01 50.31 35.04 292.82 35.04 152.23 
421.36 50.63 35.31 293.50 35.31 152.53 
422.70 50.95 35.57 294.18 35.57 152.83 
424.03 51.27 35.84 294.84 35.84 153.13 
425.35 51.58 36.11 295.51 36.11 153.42 
426.67 51.90 36.37 296.17 36.37 153.72 
427.97 52.22 36.63 296.82 36.63 154.01 
429.26 52.53 36.90 297.47 36.90 154.31 
430.55 52.85 37.16 298.11 37.16 154.60 
431.82 53.16 37.42 298.75 37.42 154.89 
433.09 53.47 37.68 299.38 37.68 155.18 
434.35 53.78 37.94 300.01 37.94 155.47 
435.60 54.10 38.20 300.63 38.20 155.76 
436.84 54.41 38.46 301.25 38.46 156.05 
438.08 54.72 38.72 301.86 38.72 156.33 
439.30 55.03 38.98 302.47 38.98 156.62 
440.52 55.33 39.24 303.08 39.24 156.90 
441.73 55.64 39.50 303.68 39.50 157.19 
442.93 55.95 39.75 304.27 39.75 157.47 
444.12 56.25 40.01 304.86 40.01 157.75 
445.30 56.56 40.27 305.45 40.27 158.03 
446.48 56.86 40.52 306.03 40.52 158.31 
447.65 57.17 40.78 306.60 40.78 158.58 
448.81 57.47 41.03 307.18 41.03 158.86 
449.96 57.77 41.28 307.74 41.28 159.14 
451.11 58.07 41.53 308.31 41.53 159.41 
452.25 58.37 41.79 308.87 41.79 159.68 
453.38 58.67 42.04 309.42 42.04 159.95 
454.50 58.97 42.29 309.97 42.29 160.23 
455.62 59.27 42.54 310.52 42.54 160.50 
456.73 59.57 42.79 311.06 42.79 160.76 
457.83 59.86 43.04 311.60 43.04 161.03 
458.93 60.16 43.28 312.14 43.28 161.30 
460.01 60.45 43.53 312.67 43.53 161.57 
461.09 60.75 43.78 313.20 43.78 161.83 
462.17 61.04 44.02 313.72 44.02 162.09 
463.24 61.33 44.27 314.24 44.27 162.36 
464.30 61.62 44.51 314.76 44.51 162.62 
465.35 61.91 44.76 315.27 44.76 162.88 
466.40 62.20 45.00 315.78 45.00 163.14 
467.44 62.49 45.24 316.29 45.24 163.40 
468.47 62.78 45.49 316.79 45.49 163.66 
469.50 63.07 45.73 317.29 45.73 163.91 
470.52 63.36 45.97 317.78 45.97 164.17 
471.53 63.64 46.21 318.27 46.21 164.42 
472.54 63.93 46.45 318.76 46.45 164.68 
473.54 64.21 46.69 319.24 46.69 164.93 
474.54 64.49 46.92 319.72 46.92 165.18 
475.53 64.78 47.16 320.20 47.16 165.43 
476.51 65.06 47.40 320.68 47.40 165.68 
477.49 65.34 47.63 321.15 47.63 165.93 
478.46 65.62 47.87 321.61 47.87 166.18 
479.42 65.90 48.11 322.08 48.11 166.43 
480.38 66.18 48.34 322.54 48.34 166.67 
481.34 66.46 48.57 323.00 48.57 166.92 
482.29 66.73 48.81 323.45 48.81 167.16 
483.23 67.01 49.04 323.91 49.04 167.40 
484.16 67.29 49.27 324.36 49.27 167.64 
485.09 67.56 49.50 324.80 49.50 167.89 
486.02 67.84 49.73 325.24 49.73 168.13 
486.94 68.11 49.96 325.68 49.96 168.37 
487.85 68.38 50.19 326.12 50.19 168.60 
488.76 68.65 50.41 326.56 50.41 168.83 
489.66 68.92 50.64 326.99 50.64 169.04 
490.56 69.19 50.85 327.41 50.85 169.25 
491.45 69.45 51.07 327.82 51.07 169.44 
492.32 69.72 51.27 328.21 51.27 169.62 
493.19 69.97 51.47 328.58 51.47 169.78 
494.04 70.23 51.67 328.93 51.67 169.93 
494.86 70.48 51.85 329.26 51.85 170.06 
495.67 70.71 52.02 329.55 52.02 170.17 
496.44 70.94 52.17 329.82 52.17 170.26 
497.18 71.16 52.31 330.04 52.31 170.34 
497.87 71.37 52.44 330.23 52.44 170.40 
498.51 71.56 52.55 330.38 52.55 170.45 
499.08 71.72 52.64 330.49 52.64 170.48 
499.57 71.87 52.72 330.56 52.72 170.50 
499.96 71.98 52.77 330.60 52.77 170.51 
500.25 72.06 52.81 330.62 52.81 170.52 
500.40 72.11 52.83 330.63 52.83 170.52 
500.40 72.11 52.83 330.63 52.83 170.52 
500.40 72.11 52.83 330.63 52.83 170.52 
500.40 72.11 52.83 330.63 52.83 170.52 
500.40 72.11 52.83 330.63 52.83 170.52 
500.40 72.11 52.83 330.63 52.83 170.52 
500.40 72.11 52.83 330.63 52.83 170.52 
500.40 72.11 52.83 330.63 52.83 170.52 
500.40 72.11 52.83 330.63 52.83 170.52 
500.40 72.11 52.83 330.63 52.83 170.52 
500.40 72.11 52.83 330.63 52.83 170.52 
500.40 72.11 52.83 330.63 52.83 170.52 
500.40 72.11 52.83 330.63 52.83 170.52 
500.40 72.11 52.83 330.63 52.83 170.52 
500.40 72.11 52.83 330.63 52.83 170.52 
500.40 72.11 52.83 330.63 52.83 170.52 
500.40 72.11 52.83 330.63 52.83 170.52 
500.40 72.11 52.83 330.63 52.83 170.52 
500.40 72.11 52.83 330.63 52.83 170.52 
500.40 72.11 52.83 330.63 52.83 170.52 
500.40 72.11 52.83 330.63 52.83 170.52 
500.40 72.11 52.83 330.63 52.83 170.52 
500.40 72.11 52.83 330.63 52.83 170.52 
500.40 72.11 52.83 330.63 52.83 170.52 
500.40 72.11 52.83 330.63 52.83 170.52 
500.40 72.11 52.83 330.63 52.83 170.52 
500.40 72.11 52.83 330.63 52.83 170.52 
500.40 72.11 52.83 330.63 52.83 170.52 
500.40 72.11 52.83 330.63 52.83 170.52 
500.40 72.11 52.83 330.63 52.83 170.52 
500.40 72.11 52.83 330.63 52.83 170.52 
500.40 72.11 52.83 330.63 52.83 170.52 
500.40 72.11 52.83 330.63 52.83 170.52 
500.40 72.11 52.83 330.63 52.83 170.52 
500.40 72.11 52.83 330.63 52.83 170.52 
500.40 72.11 52.83 330.63 52.83 170.52 
500.40 72.11 52.83 330.63 52.83 170.52 
500.40 72.11 52.83 330.63 52.83 170.52 
500.40 72.11 52.83 330.63 52.83 170.52 
500.40 72.11 52.83 330.63 52.83 170.52 
500.40 72.11 52.83 330.63 52.83 170.52 
500.40 72.11 52.83 330.63 52.83 170.52 
500.40 72.11 52.83 330.63 52.83 170.52 
500.40 72.11 52.83 330.63 52.83 170.52 
500.40 72.11 52.83 330.63 52.83 170.52 
500.40 72.11 52.83 330.63 52.83 170.52 
500.40 72.11 52.83 330.63 52.83 170.52 
500.40 72.11 52.83 330.63 52.83 170.52 
500.40 72.11 52.83 330.63 52.83 170.52 
500.40 72.11 52.83 330.63 52.83 170.52 
500.40 72.11 52.83 330.63 52.83 170.52 
500.40 72.11 52.83 330.63 52.83 170.52 
500.40 72.11 52.83 330.63 52.83 170.52 
500.40 72.11 52.83 330.63 52.83 170.52 
500.40 72.11 52.83 330.63 52.83 170.52 
500.40 72.11 52.83 330.63 52.83 170.52 
500.40 72.11 52.83 330.63 52.83 170.52 
500.40 72.11 52.83 330.63 52.83 170.52 
500.40 72.11 52.83 330.63 52.83 170.52 
500.40 72.11 52.83 330.63 52.83 170.52 
500.40 72.11 52.83 330.63 52.83 170.52 
500.40 72.11 52.83 330.63 52.83 170.52 
500.40 72.11 52.83 330.63 52.83 170.52 
500.40 72.11 52.83 330.63 52.83 170.52 
500.40 72.11 52.83 330.63 52.83 170.52 
500.40 72.11 52.83 330.63 52.83 170.52 
500.40 72.11 52.83 330.63 52.83 170.52 
500.40 72.11 52.83 330.63 52.83 170.52 
500.40 72.11 52.83 330.63 52.83 170.52 
500.40 72.11 52.83 330.63 52.83 170.52 
500.40 72.11 52.83 330.63 52.83 170.52 
500.40 72.11 52.83 330.63 52.83 170.52 
500.40 72.11 52.83 330.63 52.83 170.52 
500.40 72.11 52.83 330.63 52.83 170.52 
500.40 72.11 52.83 330.63 52.83 170.52 
500.40 72.11 52.83 330.63 52.83 170.52 
500.40 72.11 52.83 330.63 52.83 170.52 
500.40 72.11 52.83 330.63 52.83 170.52 
500.40 72.11 52.83 330.63 52.83 170.52 
500.40 72.11 52.83 330.63 52.83 170.52 
500.40 72.11 52.83 330.63 52.83 170.52 
500.40 72.11 52.83 330.63 52.83 170.52 
500.40 72.11 52.83 330.63 52.83 170.52 
500.40 72.11 52.83 330.63 52.83 170.52 
500.40 72.11 52.83 330.63 52.83 170.52 
500.40 72.11 52.83 330.63 52.83 170.52 
500.40 72.11 52.83 330.63 52.83 170.52 
500.40 72.11 52.83 330.63 52.83 170.52 
500.40 72.11 52.83 330.63 52.83 170.52 
500.40 72.11 52.83 330.63 52.83 170.52 
500.40 72.11 52.83 330.63 52.83 170.52 
500.40 72.11 52.83 330.63 52.83 170.52 
500.40 72.11 52.83 330.63 52.83 170.52 
500.40 72.11 52.83 330.63 52.83 170.52 
500.40 72.11 52.83 330.63 52.83 170.52 
500.40 72.11 52.83 330.63 52.83 170.52 
500.40 72.11 52.83 330.63 52.83 170.52 
500.40 72.11 52.83 330.63 52.83 170.52 
500.40 72.11 52.83 330.63 52.83 170.52 
500.40 72.11 52.83 330.63 52.83 170.52 
500.40 72.11 52.83 330.63 52.83 170.52 
500.40 72.11 52.83 330.63 52.83 170.52 
500.40 72.11 52.83 330.63 52.83 170.52 
500.40 72.11 52.83 330.63 52.83 170.52 
500.40 72.11 52.83 330.63 52.83 170.52 
500.40 72.11 52.83 330.63 52.83 170.52 
500.40 72.11 52.83 330.63 52.83 170.52 
500.40 72.11 52.83 330.63 52.83 170.52 
500.40 72.11 52.83 330.63 52.83 170.52 
500.40 72.11 52.83 330.63 52.83 170.52 
500.40 72.11 52.83 330.63 52.83 170.52 
500.40 72.11 52.83 330.63 52.83 170.52 
500.40 72.11 52.83 330.63 52.83 170.52 
500.40 72.11 52.83 330.63 52.83 170.52 
500.40 72.11 52.83 330.63 52.83 170.52 
500.40 72.11 52.83 330.63 52.83 170.52 
500.40 72.11 52.83 330.63 52.83 170.52 
500.40 72.11 52.83 330.63 52.83 170.52 
500.40 72.11 52.83 330.63 52.83 170.52 
500.40 72.11 52.83 330.63 52.83 170.52 
500.40 72.11 52.83 330.63 52.83 170.52 
500.40 72.11 52.83 330.63 52.83 170.52 
500.40 72.11 52.83 330.63 52.83 170.52 
500.40 72.11 52.83 330.63 52.83 170.52 
500.40 72.11 52.83 330.63 52.83 170.52 
500.40 72.11 52.83 330.63 52.83 170.52 
500.40 72.11 52.83 330.63 52.83 170.52 
500.40 72.11 52.83 330.63 52.83 170.52 
500.40 72.11 52.83 330.63 52.83 170.52 
500.40 72.11 52.83 330.63 52.83 170.52 
500.40 72.11 52.83 330.63 52.83 170.52 
500.40 72.11 52.83 330.63 52.83 170.52 
500.40 72.11 52.83 330.63 52.83 170.52 
500.40 72.11 52.83 330.63 52.83 170.52 
500.40 72.11 52.83 330.63 52.83 170.52 
500.40 72.11 52.83 330.63 52.83 170.52 
500.40 72.11 52.83 330.63 52.83 170.52 
500.40 72.11 52.83 330.63 52.83 170.52 
500.40 72.11 52.83 330.63 52.83 170.52 
500.40 72.11 52.83 330.63 52.83 170.52 
500.40 72.11 52.83 330.63 52.83 170.52 
500.40 72.11 52.83 330.63 52.83 170.52 
500.40 72.11 52.83 330.63 52.83 170.52 
500.40 72.11 52.83 330.63 52.83 170.52 
500.40 72.11 52.83 330.63 52.83 170.52 
500.40 72.11 52.83 330.63 52.83 170.52 
500.40 72.11 52.83 330.63 52.83 170.52 
500.40 72.11 52.83 330.63 52.83 170.52 
500.40 72.11 52.83 330.63 52.83 170.52 
500.40 72.11 52.83 330.63 52.83 170.52 
500.40 72.11 52.83 330.63 52.83 170.52 
500.40 72.11 52.83 330.63 52.83 170.52 
500.40 72.11 52.83 330.63 52.83 170.52 
500.40 72.11 52.83 330.63 52.83 170.52 
500.40 72.11 52.83 330.63 52.83 170.52 
500.40 72.11 52.83 330.63 52.83 170.52 
500.40 72.11 52.83 330.63 52.83 170.52 
500.40 72.11 52.83 330.63 52.83 170.52 
500.40 72.11 52.83 330.63 52.83 170.52 
500.40 72.11 52.83 330.63 52.83 170.52 
500.40 72.11 52.83 330.63 52.83 170.52 
500.40 72.11 52.83 330.63 52.83 170.52 
500.40 72.11 52.83 330.63 52.83 170.52 
500.40 72.11 52.83 330.63 52.83 170.52 
500.40 72.11 52.83 330.63 52.83 170.52 
500.40 72.11 52.83 330.63 52.83 170.52 
500.40 72.11 52.83 330.63 52.83 170.52 
500.40 72.11 52.83 330.63 52.83 170.52 
500.40 72.11 52.83 330.63 52.83 170.52 
500.40 72.11 52.83 330.63 52.83 170.52 
500.40 72.11 52.83 330.63 52.83 170.52 
500.40 72.11 52.83 330.63 52.83 170.52 
500.40 72.11 52.83 330.63 52.83 170.52 
500.40 72.11 52.83 330.63 52.83 170.52 
500.40 72.11 52.83 330.63 52.83 170.52 
500.40 72.11 52.83 330.63 52.83 170.52 
500.40 72.11 52.83 330.63 52.83 170.52 
500.40 72.11 52.83 330.63 52.83 170.52 
500.40 72.11 52.83 330.63 52.83 170.52 
500.40 72.11 52.83 330.63 52.83 170.52 
500.40 72.11 52.83 330.63 52.83 170.52 
500.40 72.11 52.83 330.63 52.83 170.52 
500.40 72.11 52.83 330.63 52.83 170.52 
500.40 72.11 52.83 330.63 52.83 170.52 
500.40 72.11 52.83 330.63 52.83 170.52 
500.40 72.11 52.83 330.63 52.83 170.52 
500.40 72.11 52.83 330.63 52.83 170.52 
500.40 72.11 52.83 330.63 52.83 170.52 
500.40 72.11 52.83 330.63 52.83 170.52 
500.40 72.11 52.83 330.63 52.83 170.52 
500.40 72.11 52.83 330.63 52.83 170.52 
500.40 72.11 52.83 330.63 52.83 170.52 
500.40 72.11 52.83 330.63 52.83 170.52 
500.40 72.11 52.83 330.63 52.83 170.52 
500.40 72.11 52.83 330.63 52.83 170.52 
500.40 72.11 52.83 330.63 52.83 170.52 
500.40 72.11 52.83 330.63 52.83 170.52 
500.40 72.11 52.83 330.63 52.83 170.52 
500.40 72.11 52.83 330.63 52.83 170.52 
500.40 72.11 52.83 330.63 52.83 170.52 
500.40 72.11 52.83 330.63 52.83 170.52 
500.40 72.11 52.83 330.63 52.83 170.52 
500.40 72.11 52.83 330.63 52.83 170.52 
500.40 72.11 52.83 330.63 52.83 170.52 
500.40 72.11 52.83 330.63 52.83 170.52 
500.40 72.11 52.83 330.63 52.83 170.52 
500.40 72.11 52.83 330.63 52.83 170.52 
500.40 72.11 52.83 330.63 52.83 170.52 
500.40 72.11 52.83 330.63 52.83 170.52 
500.40 72.11 52.83 330.63 52.83 170.52 
500.40 72.11 52.83 330.63 52.83 170.52 
500.40 72.11 52.83 330.63 52.83 170.52 
500.40 72.11 52.83 330.63 52.83 170.52 
500.40 72.11 52.83 330.63 52.83 170.52 
500.40 72.11 52.83 330.63 52.83 170.52 
500.40 72.11 52.83 330.63 52.83 170.52 
500.40 72.11 52.83 330.63 52.83 170.52 
500.40 72.11 52.83 330.63 52.83 170.52 
500.40 72.11 52.83 330.63 52.83 170.52 
500.40 72.11 52.83 330.63 52.83 170.52 
500.40 72.11 52.83 330.63 52.83 170.52 
500.40 72.11 52.83 330.63 52.83 170.52 
500.40 72.11 52.83 330.63 52.83 170.52 
500.40 72.11 52.83 330.63 52.83 170.52 
500.40 72.11 52.83 330.63 52.83 170.52 
500.40 72.11 52.83 330.63 52.83 170.52 
500.40 72.11 52.83 330.63 52.83 170.52 
500.40 72.11 52.83 330.63 52.83 170.52 
500.40 72.11 52.83 330.63 52.83 170.52 
500.40 72.11 52.83 330.63 52.83 170.52 
500.40 72.11 52.83 330.63 52.83 170.52 
500.40 72.11 52.83 330.63 52.83 170.52 
500.40 72.11 52.83 330.63 52.83 170.52 
500.40 72.11 52.83 330.63 52.83 170.52 
500.40 72.11 52.83 330.63 52.83 170.52 
500.40 72.11 52.83 330.63 52.83 170.52 
500.40 72.11 52.83 330.63 52.83 170.52 
500.40 72.11 52.83 330.63 52.83 170.52 
500.40 72.11 52.83 330.63 52.83 170.52 
500.40 72.11 52.83 330.63 52.83 170.52 
500.40 72.11 52.83 330.63 52.83 170.52 
500.40 72.11 52.83 330.63 52.83 170.52 
500.40 72.11 52.83 330.63 52.83 170.52 
500.40 72.11 52.83 330.63 52.83 170.52 
500.40 72.11 52.83 330.63 52.83 170.52 
500.40 72.11 52.83 330.63 52.83 170.52 
500.40 72.11 52.83 330.63 52.83 170.52 
500.40 72.11 52.83 330.63 52.83 170.52 
500.40 72.11 52.83 330.63 52.83 170.52 
500.40 72.11 52.83 330.63 52.83 170.52 
500.40 72.11 52.83 330.63 52.83 170.52 
500.40 72.11 52.83 330.63 52.83 170.52 
500.40 72.11 52.83 330.63 52.83 170.52 
500.40 72.11 52.83 330.63 52.83 170.52 
500.40 72.11 52.83 330.63 52.83 170.52 
500.40 72.11 52.83 330.63 52.83 170.52 
500.40 72.11 52.83 330.63 52.83 170.52 
500.40 72.11 52.83 330.63 52.83 170.52 
500.40 72.11 52.83 330.63 52.83 170.52 
500.40 72.11 52.83 330.63 52.83 170.52 
500.40 72.11 52.83 330.63 52.83 170.52 
500.40 72.11 52.83 330.63 52.83 170.52 
500.40 72.11 52.83 330.63 52.83 170.52 
500.40 72.11 52.83 330.63 52.83 170.52 
500.40 72.11 52.83 330.63 52.83 170.52 
500.40 72.11 52.83 330.63 52.83 170.52 
500.40 72.11 52.83 330.63 52.83 170.52 
500.40 72.11 52.83 330.63 52.83 170.52 
500.40 72.11 52.83 330.63 52.83 170.52 
500.40 72.11 52.83 330.63 52.83 170.52 
500.40 72.11 52.83 330.63 52.83 170.52 
500.40 72.11 52.83 330.63 52.83 170.52 
500.40 72.11 52.83 330.63 52.83 170.52 
500.40 72.11 52.83 330.63 52.83 170.52 
500.40 72.11 52.83 330.63 52.83 170.52 
500.40 72.11 52.83 330.63 52.83 170.52 
500.40 72.11 52.83 330.63 52.83 170.52 
500.40 72.11 52.83 330.63 52.83 170.52 
500.40 72.11 52.83 330.63 52.83 170.52 
500.40 72.11 52.83 330.63 52.83 170.52 
500.40 72.11 52.83 330.63 52.83 170.52 
500.40 72.11 52.83 330.63 52.83 170.52 
500.40 72.11 52.83 330.63 52.83 170.52 
500.40 72.11 52.83 330.63 52.83 170.52 
500.40 72.11 52.83 330.63 52.83 170.52 
500.40 72.11 52.83 330.63 52.83 170.52 
500.40 72.11 52.83 330.63 52.83 170.52 
500.40 72.11 52.83 330.63 52.83 170.52 
500.40 72.11 52.83 330.63 52.83 170.52 
500.40 72.11 52.83 330.63 52.83 170.52 
500.40 72.11 52.83 330.63 52.83 170.52 
500.40 72.11 52.83 330.63 52.83 170.52 
500.40 72.11 52.83 330.63 52.83 170.52 
500.40 72.11 52.83 330.63 52.83 170.52 
500.40 72.11 52.83 330.63 52.83 170.52 
500.40 72.11 52.83 330.63 52.83 170.52 
500.40 72.11 52.83 330.63 52.83 170.52 
500.40 72.11 52.83 330.63 52.83 170.52 
500.40 72.11 52.83 330.63 52.83 170.52 
500.40 72.11 52.83 330.63 52.83 170.52 
500.40 72.11 52.83 330.63 52.83 170.52 
500.40 72.11 52.83 330.63 52.83 170.52 
500.40 72.11 52.83 330.63 52.83 170.52 
500.40 72.11 52.83 330.63 52.83 170.52 
500.40 72.11 52.83 330.63 52.83 170.52 
500.40 72.11 52.83 330.63 52.83 170.52 
500.40 72.11 52.83 330.63 52.83 170.52 
500.40 72.11 52.83 330.63 52.83 170.52 
500.40 72.11 52.83 330.63 52.83 170.52 
500.40 72.11 52.83 330.63 52.83 170.52 
500.40 72.11 52.83 330.63 52.83 170.52 
500.40 72.11 52.83 330.63 52.83 170.52 
500.40 72.11 52.83 330.63 52.83 170.52 
500.40 72.11 52.83 330.63 52.83 170.52 
500.40 72.11 52.83 330.63 52.83 170.52 
500.40 72.11 52.83 330.63 52.83 170.52 
500.40 72.11 52.83 330.63 52.83 170.52 
500.40 72.11 52.83 330.63 52.83 170.52 
500.40 72.11 52.83 330.63 52.83 170.52 
500.40 72.11 52.83 330.63 52.83 170.52 
500.40 72.11 52.83 330.63 52.83 170.52 
500.40 72.11 52.83 330.63 52.83 170.52 
500.40 72.11 52.83 330.63 52.83 170.52 
500.40 72.11 52.83 330.63 52.83 170.52 
500.40 72.11 52.83 330.63 52.83 170.52 
500.40 72.11 52.83 330.63 52.83 170.52 
500.40 72.11 52.83 330.63 52.83 170.52 
500.40 72.11 52.83 330.63 52.83 170.52 
500.40 72.11 52.83 330.63 52.83 170.52 
500.40 72.11 52.83 330.63 52.83 170.52 
500.40 72.11 52.83 330.63 52.83 170.52 
500.40 72.11 52.83 330.63 52.83 170.52 
500.40 72.11 52.83 330.63 52.83 170.52 
500.40 72.11 52.83 330.63 52.83 170.52 
500.40 72.11 52.83 330.63 52.83 170.52 
500.40 72.11 52.83 330.63 52.83 170.52 
500.40 72.11 52.83 330.63 52.83 170.52 
500.40 72.11 52.83 330.63 52.83 170.52 
500.40 72.11 52.83 330.63 52.83 170.52 
500.40 72.11 52.83 330.63 52.83 170.52 
500.40 72.11 52.83 330.63 52.83 170.52 
500.40 72.11 52.83 330.63 52.83 170.52 
500.40 72.11 52.83 330.63 52.83 170.52 
500.40 72.11 52.83 330.63 52.83 170.52 
500.40 72.11 52.83 330.63 52.83 170.52 
500.40 72.11 52.83 330.63 52.83 170.52 
500.40 72.11 52.83 330.63 52.83 170.52 
500.40 72.11 52.83 330.63 52.83 170.52 
500.40 72.11 52.83 330.63 52.83 170.52 
500.40 72.11 52.83 330.63 52.83 170.52 
500.40 72.11 52.83 330.63 52.83 170.52 
500.40 72.11 52.83 330.63 52.83 170.52 
500.40 72.11 52.83 330.63 52.83 170.52 
500.40 72.11 52.83 330.63 52.83 170.52 
500.40 72.11 52.83 330.63 52.83 170.52 
500.40 72.11 52.83 330.63 52.83 170.52 
500.40 72.11 52.83 330.63 52.83 170.52 
500.40 72.11 52.83 330.63 52.83 170.52 
500.40 72.11 52.83 330.63 52.83 170.52 
500.40 72.11 52.83 330.63 52.83 170.52 
500.40 72.11 52.83 330.63 52.83 170.52 
500.40 72.11 52.83 330.63 52.83 170.52 
500.40 72.11 52.83 330.63 52.83 170.52 
500.40 72.11 52.83 330.63 52.83 170.52 
500.40 72.11 52.83 330.63 52.83 170.52 
500.40 72.11 52.83 330.63 52.83 170.52 
500.40 72.11 52.83 330.63 52.83 170.52 
500.40 72.11 52.83 330.63 52.83 170.52 
500.40 72.11 52.83 330.63 52.83 170.52 
500.40 72.11 52.83 330.63 52.83 170.52 
500.40 72.11 52.83 330.63 52.83 170.52 
500.40 72.11 52.83 330.63 52.83 170.52 
500.40 72.11 52.83 330.63 52.83 170.52 
500.40 72.11 52.83 330.63 52.83 170.52 
500.40 72.11 52.83 330.63 52.83 170.52 
500.40 72.11 52.83 330.63 52.83 170.52 
500.40 72.11 52.83 330.63 52.83 170.52 
500.40 72.11 52.83 330.63 52.83 170.52 
500.40 72.11 52.83 330.63 52.83 170.52 
500.40 72.11 52.83 330.63 52.83 170.52 
500.40 72.11 52.83 330.63 52.83 170.52 
500.40 72.11 52.83 330.63 52.83 170.52 
500.40 72.11 52.83 330.63 52.83 170.52 
500.40 72.11 52.83 330.63 52.83 170.52 
500.40 72.11 52.83 330.63 52.83 170.52 
500.40 72.11 52.83 330.63 52.83 170.52 
500.40 72.11 52.83 330.63 52.83 170.52 
500.40 72.11 52.83 330.63 52.83 170.52 
500.40 72.11 52.83 330.63 52.83 170.52 
500.40 72.11 52.83 330.63 52.83 170.52 
500.40 72.11 52.83 330.63 52.83 170.52 
500.40 72.11 52.83 330.63 52.83 170.52 
500.40 72.11 52.83 330.63 52.83 170.52 
500.40 72.11 52.83 330.63 52.83 170.52 
500.40 72.11 52.83 330.63 52.83 170.52 
500.40 72.11 52.83 330.63 52.83 170.52 
500.40 72.11 52.83 330.63 52.83 170.52 
500.40 72.11 52.83 330.63 52.83 170.52 
500.40 72.11 52.83 330.63 52.83 170.52 
500.40 72.11 52.83 330.63 52.83 170.52 
500.40 72.11 52.83 330.63 52.83 170.52 
500.40 72.11 52.83 330.63 52.83 170.52 
500.40 72.11 52.83 330.63 52.83 170.52 
500.40 72.11 52.83 330.63 52.83 170.52 
500.40 72.11 52.83 330.63 52.83 170.52 
500.40 72.11 52.83 330.63 52.83 170.52 
500.40 72.11 52.83 330.63 52.83 170.52 
500.40 72.11 52.83 330.63 52.83 170.52 
500.40 72.11 52.83 330.63 52.83 170.52 
500.40 72.11 52.83 330.63 52.83 170.52 
500.40 72.11 52.83 330.63 52.83 170.52 
500.40 72.11 52.83 330.63 52.83 170.52 
500.40 72.11 52.83 330.63 52.83 170.52 
500.40 72.11 52.83 330.63 52.83 170.52 
500.40 72.11 52.83 330.63 52.83 170.52 
500.40 72.11 52.83 330.63 52.83 170.52 
500.40 72.11 52.83 330.63 52.83 170.52 
500.40 72.11 52.83 330.63 52.83 170.52 
500.40 72.11 52.83 330.63 52.83 170.52 
500.40 72.11 52.83 330.63 52.83 170.52 
500.40 72.11 52.83 330.63 52.83 170.52 
500.40 72.11 52.83 330.63 52.83 170.52 
500.40 72.11 52.83 330.63 52.83 170.52 
500.40 72.11 52.83 330.63 52.83 170.52 
500.40 72.11 52.83 330.63 52.83 170.52 
500.40 72.11 52.83 330.63 52.83 170.52 
500.40 72.11 52.83 330.63 52.83 170.52 
500.40 72.11 52.83 330.63 52.83 170.52 
500.40 72.11 52.83 330.63 52.83 170.52 
500.40 72.11 52.83 330.63 52.83 170.52 
500.40 72.11 52.83 330.63 52.83 170.52 
500.40 72.11 52.83 330.63 52.83 170.52 
500.40 72.11 52.83 330.63 52.83 170.52 
500.40 72.11 52.83 330.63 52.83 170.52 
500.40 72.11 52.83 330.63 52.83 170.52 
500.40 72.11 52.83 330.63 52.83 170.52 
500.40 72.11 52.83 330.63 52.83 170.52 
500.40 72.11 52.83 330.63 52.83 170.52 
500.40 72.11 52.83 330.63 52.83 170.52 
500.40 72.11 52.83 330.63 52.83 170.52 
500.40 72.11 52.83 330.63 52.83 170.52 
500.40 72.11 52.83 330.63 52.83 170.52 
500.40 72.11 52.83 330.63 52.83 170.52 
500.40 72.11 52.83 330.63 52.83 170.52 
500.40 72.11 52.83 330.63 52.83 170.52 
500.40 72.11 52.83 330.63 52.83 170.52 
500.40 72.11 52.83 330.63 52.83 170.52 
500.40 72.11 52.83 330.63 52.83 170.52 
500.40 72.11 52.83 330.63 52.83 170.52 
500.40 72.11 52.83 330.63 52.83 170.52 
500.40 72.11 52.83 330.63 52.83 170.52 
500.40 72.11 52.83 330.63 52.83 170.52 
500.40 72.11 52.83 330.63 52.83 170.52 
500.40 72.11 52.83 330.63 52.83 170.52 
500.40 72.11 52.83 330.63 52.83 170.52 
500.40 72.11 52.83 330.63 52.83 170.52 
500.40 72.11 52.83 330.63 52.83 170.52 
500.40 72.11 52.83 330.63 52.83 170.52 
500.40 72.11 52.83 330.63 52.83 170.52 
500.40 72.11 52.83 330.63 52.83 170.52 
500.40 72.11 52.83 330.63 52.83 170.52 
500.40 72.11 52.83 330.63 52.83 170.52 
500.40 72.11 52.83 330.63 52.83 170.52 
500.40 72.11 52.83 330.63 52.83 170.52 
500.40 72.11 52.83 330.63 52.83 170.52 
500.40 72.11 52.83 330.63 52.83 170.52 
500.40 72.11 52.83 330.63 52.83 170.52 
500.40 72.11 52.83 330.63 52.83 170.52 
500.40 72.11 52.83 330.63 52.83 170.52 
500.40 72.11 52.83 330.63 52.83 170.52 
500.40 72.11 52.83 330.63 52.83 170.52 
500.40 72.11 52.83 330.63 52.83 170.52 
500.40 72.11 52.83 330.63 52.83 170.52 
500.40 72.11 52.83 330.63 52.83 170.52 
500.40 72.11 52.83 330.63 52.83 170.52 
500.40 72.11 52.83 330.63 52.83 170.52 
500.40 72.11 52.83 330.63 52.83 170.52 
500.40 72.11 52.83 330.63 52.83 170.52 
500.40 72.11 52.83 330.63 52.83 170.52 
500.40 72.11 52.83 330.63 52.83 170.52 
500.40 72.11 52.83 330.63 52.83 170.52 
500.40 72.11 52.83 330.63 52.83 170.52 
500.40 72.11 52.83 330.63 52.83 170.52 
500.40 72.11 52.83 330.63 52.83 170.52 
500.40 72.11 52.83 330.63 52.83 170.52 
500.40 72.11 52.83 330.63 52.83 170.52 
500.40 72.11 52.83 330.63 52.83 170.52 
500.40 72.11 52.83 330.63 52.83 170.52 
500.40 72.11 52.83 330.63 52.83 170.52 
500.40 72.11 52.83 330.63 52.83 170.52 
500.40 72.11 52.83 330.63 52.83 170.52 
500.40 72.11 52.83 330.63 52.83 170.52 
500.40 72.11 52.83 330.63 52.83 170.52 
500.40 72.11 52.83 330.63 52.83 170.52 
500.40 72.11 52.83 330.63 52.83 170.52 
500.40 72.11 52.83 330.63 52.83 170.52 
500.40 72.11 52.83 330.63 52.83 170.52 
500.40 72.11 52.83 330.63 52.83 170.52 
500.40 72.11 52.83 330.63 52.83 170.52 
500.40 72.11 52.83 330.63 52.83 170.52 
500.40 72.11 52.83 330.63 52.83 170.52 
500.40 72.11 52.83 330.63 52.83 170.52 
500.40 72.11 52.83 330.63 52.83 170.52 
500.40 72.11 52.83 330.63 52.83 170.52 
500.40 72.11 52.83 330.63 52.83 170.52 
500.40 72.11 52.83 330.63 52.83 170.52 
500.40 72.11 52.83 330.63 52.83 170.52 
500.40 72.11 52.83 330.63 52.83 170.52 
500.40 72.11 52.83 330.63 52.83 170.52 
500.40 72.11 52.83 330.63 52.83 170.52 
500.40 72.11 52.83 330.63 52.83 170.52 
500.40 72.11 52.83 330.63 52.83 170.52 
500.40 72.11 52.83 330.63 52.83 170.52 
500.40 72.11 52.83 330.63 52.83 170.52 
500.40 72.11 52.83 330.63 52.83 170.52 
500.40 72.11 52.83 330.63 52.83 170.52 
500.40 72.11 52.83 330.63 52.83 170.52 
500.40 72.11 52.83 330.63 52.83 170.52 
500.40 72.11 52.83 330.63 52.83 170.52 
500.40 72.11 52.83 330.63 52.83 170.52 
500.40 72.11 52.83 330.63 52.83 170.52 
500.40 72.11 52.83 330.63 52.83 170.52 
500.40 72.11 52.83 330.63 52.83 170.52 
500.40 72.11 52.83 330.63 52.83 170.52 
500.40 72.11 52.83 330.63 52.83 170.52 
500.40 72.11 52.83 330.63 52.83 170.52 
500.40 72.11 52.83 330.63 52.83 170.52 
500.40 72.11 52.83 330.63 52.83 170.52 
500.40 72.11 52.83 330.63 52.83 170.52 
500.40 72.11 52.83 330.63 52.83 170.52 
500.40 72.11 52.83 330.63 52.83 170.52 
500.40 72.11 52.83 330.63 52.83 170.52 
500.40 72.11 52.83 330.63 52.83 170.52 
500.40 72.11 52.83 330.63 52.83 170.52 
500.40 72.11 52.83 330.63 52.83 170.52 
500.40 72.11 52.83 330.63 52.83 170.52 
500.40 72.11 52.83 330.63 52.83 170.52 
500.40 72.11 52.83 330.63 52.83 170.52 
500.40 72.11 52.83 330.63 52.83 170.52 
500.40 72.11 52.83 330.63 52.83 170.52 
500.40 72.11 52.83 330.63 52.83 170.52 
500.40 72.11 52.83 330.63 52.83 170.52 
500.40 72.11 52.83 330.63 52.83 170.52 
500.40 72.11 52.83 330.63 52.83 170.52 
500.40 72.11 52.83 330.63 52.83 170.52 
500.40 72.11 52.83 330.63 52.83 170.52 
500.40 72.11 52.83 330.63 52.83 170.52 
500.40 72.11 52.83 330.63 52.83 170.52 
500.40 72.11 52.83 330.63 52.83 170.52 
500.40 72.11 52.83 330.63 52.83 170.52 
500.40 72.11 52.83 330.63 52.83 170.52 
500.40 72.11 52.83 330.63 52.83 170.52 
500.40 72.11 52.83 330.63 52.83 170.52 
500.40 72.11 52.83 330.63 52.83 170.52 
500.40 72.11 52.83 330.63 52.83 170.52 
500.40 72.11 52.83 330.63 52.83 170.52 
500.40 72.11 52.83 330.63 52.83 170.52 
500.40 72.11 52.83 330.63 52.83 170.52 
500.40 72.11 52.83 330.63 52.83 170.52 
500.40 72.11 52.83 330.63 52.83 170.52 
500.40 72.11 52.83 330.63 52.83 170.52 
500.40 72.11 52.83 330.63 52.83 170.52 
500.40 72.11 52.83 330.63 52.83 170.52 
500.40 72.11 52.83 330.63 52.83 170.52 
500.40 72.11 52.83 330.63 52.83 170.52 
500.40 72.11 52.83 330.63 52.83 170.52 
500.40 72.11 52.83 330.63 52.83 170.52 
500.40 72.11 52.83 330.63 52.83 170.52 
500.40 72.11 52.83 330.63 52.83 170.52 
500.40 72.11 52.83 330.63 52.83 170.52 
500.40 72.11 52.83 330.63 52.83 170.52 
500.40 72.11 52.83 330.63 52.83 170.52 
500.40 72.11 52.83 330.63 52.83 170.51 
500.40 72.11 52.83 330.63 52.83 170.50 
500.40 72.11 52.82 330.62 52.82 170.48 
500.40 72.10 52.81 330.62 52.81 170.45 
500.39 72.10 52.80 330.60 52.80 170.41 
500.38 72.09 52.78 330.57 52.78 170.35 
500.36 72.08 52.75 330.52 52.75 170.28 
500.33 72.07 52.72 330.45 52.72 170.19 
500.29 72.05 52.67 330.36 52.67 170.08 
500.22 72.02 52.62 330.24 52.62 169.96 
500.13 71.99 52.55 330.08 52.55 169.82 
500.01 71.94 52.47 329.89 52.47 169.66 
499.84 71.88 52.37 329.66 52.37 169.49 
499.62 71.80 52.26 329.39 52.26 169.30 
499.34 71.71 52.13 329.09 52.13 169.09 
498.98 71.59 51.98 328.74 51.98 168.88 
498.52 71.44 51.81 328.37 51.81 168.65 
497.96 71.26 51.63 327.96 51.63 168.42 
497.26 71.04 51.42 327.54 51.42 168.18 
496.41 70.78 51.20 327.11 51.20 167.94 
495.55 70.52 50.98 326.68 50.98 167.70 
494.69 70.26 50.75 326.25 50.75 167.46 
493.82 69.99 50.53 325.81 50.53 167.22 
492.95 69.73 50.30 325.37 50.30 166.98 
492.07 69.46 50.08 324.93 50.08 166.73 
491.19 69.20 49.85 324.48 49.85 166.49 
490.30 68.93 49.62 324.04 49.62 166.24 
489.40 68.66 49.39 323.58 49.39 165.99 
488.50 68.40 49.17 323.13 49.17 165.75 
487.60 68.13 48.94 322.67 48.94 165.50 
486.69 67.86 48.71 322.21 48.71 165.25 
485.78 67.59 48.48 321.75 48.48 165.00 
484.86 67.32 48.25 321.28 48.25 164.74 
483.93 67.05 48.01 320.81 48.01 164.49 
483.00 66.77 47.78 320.34 47.78 164.24 
482.06 66.50 47.55 319.86 47.55 163.98 
481.12 66.23 47.32 319.38 47.32 163.73 
480.17 65.95 47.08 318.90 47.08 163.47 
479.22 65.68 46.85 318.41 46.85 163.21 
478.26 65.40 46.61 317.92 46.61 162.95 
477.30 65.12 46.38 317.43 46.38 162.69 
476.32 64.85 46.14 316.93 46.14 162.43 
475.35 64.57 45.90 316.43 45.90 162.17 
474.37 64.29 45.67 315.92 45.67 161.91 
473.38 64.01 45.43 315.42 45.43 161.65 
472.38 63.73 45.19 314.90 45.19 161.38 
471.38 63.45 44.95 314.39 44.95 161.11 
470.37 63.17 44.71 313.87 44.71 160.85 
469.36 62.88 44.47 313.35 44.47 160.58 
468.34 62.60 44.23 312.82 44.23 160.31 
467.31 62.32 43.98 312.29 43.98 160.04 
466.28 62.03 43.74 311.76 43.74 159.77 
465.24 61.74 43.50 311.22 43.50 159.50 
464.20 61.46 43.25 310.68 43.25 159.23 
463.15 61.17 43.01 310.13 43.01 158.95 
462.09 60.88 42.76 309.58 42.76 158.68 
461.02 60.59 42.52 309.02 42.52 158.40 
459.95 60.31 42.27 308.47 42.27 158.12 
458.87 60.02 42.03 307.90 42.03 157.84 
457.79 59.72 41.78 307.34 41.78 157.56 
456.70 59.43 41.53 306.77 41.53 157.28 
455.60 59.14 41.28 306.19 41.28 157.00 
454.49 58.85 41.03 305.61 41.03 156.72 
453.38 58.55 40.78 305.03 40.78 156.44 
452.26 58.26 40.53 304.44 40.53 156.15 
451.13 57.96 40.28 303.84 40.28 155.87 
450.00 57.67 40.03 303.25 40.03 155.58 
448.86 57.37 39.78 302.64 39.78 155.29 
447.71 57.07 39.53 302.04 39.53 155.00 
446.55 56.78 39.27 301.42 39.27 154.71 
445.39 56.48 39.02 300.81 39.02 154.42 
444.21 56.18 38.77 300.19 38.77 154.13 
443.03 55.88 38.51 299.56 38.51 153.84 
441.85 55.58 38.26 298.93 38.26 153.54 
440.65 55.27 38.00 298.29 38.00 153.25 
439.45 54.97 37.74 297.65 37.74 152.95 
438.24 54.67 37.49 297.00 37.49 152.65 
437.02 54.37 37.23 296.35 37.23 152.35 
435.79 54.06 36.97 295.70 36.97 152.05 
434.56 53.76 36.71 295.03 36.71 151.75 
433.32 53.45 36.46 294.37 36.46 151.45 
432.07 53.14 36.20 293.69 36.20 151.15 
430.81 52.84 35.94 293.02 35.94 150.84 
429.54 52.53 35.68 292.33 35.68 150.54 
428.26 52.22 35.42 291.64 35.42 150.23 
426.98 51.91 35.15 290.95 35.15 149.93 
425.68 51.60 34.89 290.25 34.89 149.62 
424.38 51.29 34.63 289.54 34.63 149.31 
423.07 50.98 34.37 288.83 34.37 149.00 
421.75 50.67 34.11 288.11 34.11 148.69 
420.42 50.36 33.84 287.38 33.84 148.37 
419.08 50.04 33.58 286.65 33.58 148.06 
417.74 49.73 33.31 285.92 33.31 147.75 
416.38 49.41 33.05 285.17 33.05 147.43 
415.02 49.10 32.78 284.43 32.78 147.11 
413.64 48.78 32.52 283.67 32.52 146.80 
412.26 48.47 32.25 282.91 32.25 146.48 
410.86 48.15 31.99 282.14 31.99 146.16 
409.46 47.83 31.72 281.36 31.72 145.84 
408.05 47.51 31.45 280.58 31.45 145.51 
406.63 47.20 31.19 279.79 31.19 145.20 
405.19 46.88 30.92 279.00 30.92 144.89 
403.75 46.56 30.66 278.20 30.66 144.59 
402.30 46.24 30.40 277.41 30.40 144.31 
400.85 45.92 30.14 276.64 30.14 144.05 
399.39 45.60 29.89 275.88 29.89 143.80 
397.93 45.29 29.64 275.16 29.64 143.57 
396.48 44.97 29.41 274.47 29.41 143.36 
395.03 44.66 29.18 273.83 29.18 143.18 
393.61 44.36 28.96 273.24 28.96 143.02 
392.21 44.06 28.76 272.71 28.76 142.88 
390.85 43.77 28.57 272.25 28.57 142.77 
389.54 43.50 28.40 271.87 28.40 142.68 
388.31 43.24 28.25 271.56 28.25 142.61 
387.19 43.00 28.12 271.33 28.12 142.56 
386.19 42.79 28.01 271.17 28.01 142.53 
385.36 42.61 27.93 271.07 27.93 142.52 
384.74 42.48 27.87 271.03 27.87 142.51 
384.40 42.41 27.84 271.03 27.84 142.51 