384.40 42.41 27.84 271.03 27.84 142.51 
384.40 42.41 27.84 271.03 27.84 142.51 
384.40 42.41 27.84 271.03 27.84 142.51 
384.40 42.41 27.84 271.03 27.84 142.51 
384.40 42.41 27.84 271.03 27.84 142.51 
384.40 42.41 27.84 271.03 27.84 142.51 
384.40 42.41 27.84 271.03 27.84 142.51 
384.40 42.41 27.84 271.03 27.84 142.51 
384.40 42.41 27.84 271.03 27.84 142.51 
384.40 42.41 27.84 271.03 27.84 142.51 
384.40 42.41 27.84 271.03 27.84 142.51 
384.40 42.41 27.84 271.03 27.84 142.51 
384.40 42.41 27.84 271.03 27.84 142.51 
384.40 42.41 27.84 271.03 27.84 142.51 
384.40 42.41 27.84 271.03 27.84 142.51 
384.40 42.41 27.84 271.03 27.84 142.51 
384.40 42.41 27.84 271.03 27.84 142.51 
384.40 42.41 27.84 271.03 27.84 142.51 
384.40 42.41 27.84 271.03 27.84 142.51 
384.40 42.41 27.84 271.03 27.84 142.51 
384.40 42.41 27.84 271.03 27.84 142.51 
384.40 42.41 27.84 271.03 27.84 142.51 
384.40 42.41 27.84 271.03 27.84 142.51 
384.40 42.41 27.84 271.03 27.84 142.51 
384.40 42.41 27.84 271.03 27.84 142.51 
384.40 42.41 27.84 271.03 27.84 142.51 
384.40 42.41 27.84 271.03 27.84 142.51 
384.40 42.41 27.84 271.03 27.84 142.51 
384.40 42.41 27.84 271.03 27.84 142.51 
384.40 42.41 27.84 271.03 27.84 142.51 
384.40 42.41 27.84 271.03 27.84 142.51 
384.40 42.41 27.84 271.03 27.84 142.51 
384.40 42.41 27.84 271.03 27.84 142.51 
384.40 42.41 27.84 271.03 27.84 142.51 
384.40 42.41 27.84 271.03 27.84 142.51 
384.40 42.41 27.84 271.03 27.84 142.51 
384.40 42.41 27.84 271.03 27.84 142.51 
384.40 42.41 27.84 271.03 27.84 142.51 
384.40 42.41 27.84 271.03 27.84 142.51 
384.40 42.41 27.84 271.03 27.84 142.51 
384.40 42.41 27.84 271.03 27.84 142.51 
384.40 42.41 27.84 271.03 27.84 142.51 
384.40 42.41 27.84 271.03 27.84 142.51 
384.40 42.41 27.84 271.03 27.84 142.51 
384.40 42.41 27.84 271.03 27.84 142.51 
384.40 42.41 27.84 271.03 27.84 142.51 
384.40 42.41 27.84 271.03 27.84 142.51 
384.40 42.41 27.84 271.03 27.84 142.51 
384.40 42.41 27.84 271.03 27.84 142.51 
384.40 42.41 27.84 271.03 27.84 142.51 
384.40 42.41 27.84 271.03 27.84 142.51 
384.40 42.41 27.84 271.03 27.84 142.51 
384.40 42.41 27.84 271.03 27.84 142.51 
384.40 42.41 27.84 271.03 27.84 142.51 
384.40 42.41 27.84 271.03 27.84 142.51 
384.40 42.41 27.84 271.03 27.84 142.51 
384.40 42.41 27.84 271.03 27.84 142.51 
384.40 42.41 27.84 271.03 27.84 142.51 
384.40 42.41 27.84 271.03 27.84 142.51 
384.40 42.41 27.84 271.03 27.84 142.51 
384.40 42.41 27.84 271.03 27.84 142.51 
384.40 42.41 27.84 271.03 27.84 142.51 
384.40 42.41 27.84 271.03 27.84 142.51 
384.40 42.41 27.84 271.03 27.84 142.51 
384.40 42.41 27.84 271.03 27.84 142.51 
384.40 42.41 27.84 271.03 27.84 142.51 
384.40 42.41 27.84 271.03 27.84 142.51 
384.40 42.41 27.84 271.03 27.84 142.51 
384.40 42.41 27.84 271.03 27.84 142.51 
384.40 42.41 27.84 271.03 27.84 142.51 
384.40 42.41 27.84 271.03 27.84 142.51 
384.40 42.41 27.84 271.03 27.84 142.51 
384.40 42.41 27.84 271.03 27.84 142.51 
384.40 42.41 27.84 271.03 27.84 142.51 
384.40 42.41 27.84 271.03 27.84 142.51 
384.40 42.41 27.84 271.03 27.84 142.51 
384.40 42.41 27.84 271.03 27.84 142.51 
384.40 42.41 27.84 271.03 27.84 142.51 
384.40 42.41 27.84 271.03 27.84 142.51 
384.40 42.41 27.84 271.03 27.84 142.51 
384.40 42.41 27.84 271.03 27.84 142.51 
384.40 42.41 27.84 271.03 27.84 142.51 
384.40 42.41 27.84 271.03 27.84 142.52 
384.40 42.41 27.85 271.03 27.85 142.53 
384.40 42.41 27.85 271.04 27.85 142.56 
384.40 42.41 27.86 271.06 27.86 142.60 
384.41 42.41 27.87 271.10 27.87 142.66 
384.42 42.41 27.88 271.16 27.88 142.73 
384.44 42.42 27.90 271.26 27.90 142.83 
384.48 42.43 27.93 271.40 27.93 142.95 
384.53 42.44 27.97 271.59 27.97 143.09 
384.61 42.46 28.02 271.84 28.02 143.26 
384.73 42.48 28.09 272.16 28.09 143.44 
384.90 42.52 28.17 272.54 28.17 143.66 
385.13 42.56 28.26 272.99 28.26 143.89 
385.44 42.63 28.38 273.52 28.38 144.15 
385.86 42.71 28.52 274.13 28.52 144.43 
386.42 42.83 28.68 274.80 28.68 144.72 
387.16 42.98 28.87 275.54 28.87 145.03 
388.11 43.18 29.09 276.33 29.09 145.35 
389.34 43.44 29.33 277.14 29.33 145.67 
390.91 43.77 29.61 277.95 29.61 145.99 
392.47 44.10 29.88 278.76 29.88 146.32 
394.01 44.44 30.16 279.56 30.16 146.64 
395.55 44.77 30.44 280.35 30.44 146.96 
397.07 45.10 30.71 281.13 30.71 147.28 
398.59 45.43 30.98 281.91 30.98 147.59 
400.09 45.76 31.26 282.68 31.26 147.91 
401.58 46.09 31.53 283.45 31.53 148.23 
403.06 46.42 31.80 284.20 31.80 148.54 
404.53 46.75 32.08 284.96 32.08 148.85 
405.99 47.07 32.35 285.70 32.35 149.17 
407.43 47.40 32.62 286.44 32.62 149.48 
408.87 47.73 32.89 287.17 32.89 149.79 
410.30 48.05 33.16 287.90 33.16 150.10 
411.72 48.38 33.43 288.62 33.43 150.40 
413.12 48.70 33.70 289.33 33.70 150.71 
414.52 49.02 33.97 290.04 33.97 151.02 
415.91 49.35 34.24 290.75 34.24 151.32 
417.29 49.67 34.51 291.44 34.51 151.63 
418.66 49.99 34.78 292.13 34.78 151.93 
420.01 50.31 35.04 292.82 35.04 152.23 
421.36 50.63 35.31 293.50 35.31 152.53 
422.70 50.95 35.57 294.18 35.57 152.83 
424.03 51.27 35.84 294.84 35.84 153.13 
425.35 51.58 36.11 295.51 36.11 153.42 
426.67 51.90 36.37 296.17 36.37 153.72 
427.97 52.22 36.63 296.82 36.63 154.01 
429.26 52.53 36.90 297.47 36.90 154.31 
430.55 52.85 37.16 298.11 37.16 154.60 
431.82 53.16 37.42 298.75 37.42 154.89 
433.09 53.47 37.68 299.38 37.68 155.18 
434.35 53.78 37.94 300.01 37.94 155.47 
435.60 54.10 38.20 300.63 38.20 155.76 
436.84 54.41 38.46 301.25 38.46 156.05 
438.08 54.72 38.72 301.86 38.72 156.33 
439.30 55.03 38.98 302.47 38.98 156.62 
440.52 55.33 39.24 303.08 39.24 156.90 
441.73 55.64 39.50 303.68 39.50 157.19 
442.93 55.95 39.75 304.27 39.75 157.47 
444.12 56.25 40.01 304.86 40.01 157.75 
445.30 56.56 40.27 305.45 40.27 158.03 
446.48 56.86 40.52 306.03 40.52 158.31 
447.65 57.17 40.78 306.60 40.78 158.58 
448.81 57.47 41.03 307.18 41.03 158.86 
449.96 57.77 41.28 307.74 41.28 159.14 
451.11 58.07 41.53 308.31 41.53 159.41 
452.25 58.37 41.79 308.87 41.79 159.68 
453.38 58.67 42.04 309.42 42.04 159.95 
454.50 58.97 42.29 309.97 42.29 160.23 
455.62 59.27 42.54 310.52 42.54 160.50 
456.73 59.57 42.79 311.06 42.79 160.76 
457.83 59.86 43.04 311.60 43.04 161.03 
458.93 60.16 43.28 312.14 43.28 161.30 
460.01 60.45 43.53 312.67 43.53 161.57 
461.09 60.75 43.78 313.20 43.78 161.83 
462.17 61.04 44.02 313.72 44.02 162.09 
463.24 61.33 44.27 314.24 44.27 162.36 
464.30 61.62 44.51 314.76 44.51 162.62 
465.35 61.91 44.76 315.27 44.76 162.88 
466.40 62.20 45.00 315.78 45.00 163.14 
467.44 62.49 45.24 316.29 45.24 163.40 
468.47 62.78 45.49 316.79 45.49 163.66 
469.50 63.07 45.73 317.29 45.73 163.91 
470.52 63.36 45.97 317.78 45.97 164.17 
471.53 63.64 46.21 318.27 46.21 164.42 
472.54 63.93 46.45 318.76 46.45 164.68 
473.54 64.21 46.69 319.24 46.69 164.93 
474.54 64.49 46.92 319.72 46.92 165.18 
475.53 64.78 47.16 320.20 47.16 165.43 
476.51 65.06 47.40 320.68 47.40 165.68 
477.49 65.34 47.63 321.15 47.63 165.93 
478.46 65.62 47.87 321.61 47.87 166.18 
479.42 65.90 48.11 322.08 48.11 166.43 
480.38 66.18 48.34 322.54 48.34 166.67 
481.34 66.46 48.57 323.00 48.57 166.92 
482.29 66.73 48.81 323.45 48.81 167.16 
483.23 67.01 49.04 323.91 49.04 167.40 
484.16 67.29 49.27 324.36 49.27 167.64 
485.09 67.56 49.50 324.80 49.50 167.89 
486.02 67.84 49.73 325.24 49.73 168.13 
486.94 68.11 49.96 325.68 49.96 168.37 
487.85 68.38 50.19 326.12 50.19 168.60 
488.76 68.65 50.41 326.56 50.41 168.83 
489.66 68.92 50.64 326.99 50.64 169.04 
490.56 69.19 50.85 327.41 50.85 169.25 
491.45 69.45 51.07 327.82 51.07 169.44 
492.32 69.72 51.27 328.21 51.27 169.62 
493.19 69.97 51.47 328.58 51.47 169.78 
494.04 70.23 51.67 328.93 51.67 169.93 
494.86 70.48 51.85 329.26 51.85 170.06 
495.67 70.71 52.02 329.55 52.02 170.17 
496.44 70.94 52.17 329.82 52.17 170.26 
497.18 71.16 52.31 330.04 52.31 170.34 
497.87 71.37 52.44 330.23 52.44 170.40 
498.51 71.56 52.55 330.38 52.55 170.45 
499.08 71.72 52.64 330.49 52.64 170.48 
499.57 71.87 52.72 330.56 52.72 170.50 
499.96 71.98 52.77 330.60 52.77 170.51 
500.25 72.06 52.81 330.62 52.81 170.52 
500.40 72.11 52.83 330.63 52.83 170.52 
500.40 72.11 52.83 330.63 52.83 170.52 
500.40 72.11 52.83 330.63 52.83 170.52 
500.40 72.11 52.83 330.63 52.83 170.52 
500.40 72.11 52.83 330.63 52.83 170.52 
500.40 72.11 52.83 330.63 52.83 170.52 
500.40 72.11 52.83 330.63 52.83 170.52 
500.40 72.11 52.83 330.63 52.83 170.52 
500.40 72.11 52.83 330.63 52.83 170.52 
500.40 72.11 52.83 330.63 52.83 170.52 
500.40 72.11 52.83 330.63 52.83 170.52 
500.40 72.11 52.83 330.63 52.83 170.52 
500.40 72.11 52.83 330.63 52.83 170.52 
500.40 72.11 52.83 330.63 52.83 170.52 
500.40 72.11 52.83 330.63 52.83 170.52 
500.40 72.11 52.83 330.63 52.83 170.52 
500.40 72.11 52.83 330.63 52.83 170.52 
500.40 72.11 52.83 330.63 52.83 170.52 
500.40 72.11 52.83 330.63 52.83 170.52 
500.40 72.11 52.83 330.63 52.83 170.52 
500.40 72.11 52.83 330.63 52.83 170.52 
500.40 72.11 52.83 330.63 52.83 170.52 
500.40 72.11 52.83 330.63 52.83 170.52 
500.40 72.11 52.83 330.63 52.83 170.52 
500.40 72.11 52.83 330.63 52.83 170.52 
500.40 72.11 52.83 330.63 52.83 170.52 
500.40 72.11 52.83 330.63 52.83 170.52 
500.40 72.11 52.83 330.63 52.83 170.52 
500.40 72.11 52.83 330.63 52.83 170.52 
500.40 72.11 52.83 330.63 52.83 170.52 
500.40 72.11 52.83 330.63 52.83 170.52 
500.40 72.11 52.83 330.63 52.83 170.52 
500.40 72.11 52.83 330.63 52.83 170.52 
500.40 72.11 52.83 330.63 52.83 170.52 
500.40 72.11 52.83 330.63 52.83 170.52 
500.40 72.11 52.83 330.63 52.83 170.52 
500.40 72.11 52.83 330.63 52.83 170.52 
500.40 72.11 52.83 330.63 52.83 170.52 
500.40 72.11 52.83 330.63 52.83 170.52 
500.40 72.11 52.83 330.63 52.83 170.52 
500.40 72.11 52.83 330.63 52.83 170.52 
500.40 72.11 52.83 330.63 52.83 170.52 
500.40 72.11 52.83 330.63 52.83 170.52 
500.40 72.11 52.83 330.63 52.83 170.52 
500.40 72.11 52.83 330.63 52.83 170.52 
500.40 72.11 52.83 330.63 52.83 170.52 
500.40 72.11 52.83 330.63 52.83 170.52 
500.40 72.11 52.83 330.63 52.83 170.52 
500.40 72.11 52.83 330.63 52.83 170.52 
500.40 72.11 52.83 330.63 52.83 170.52 
500.40 72.11 52.83 330.63 52.83 170.52 
500.40 72.11 52.83 330.63 52.83 170.52 
500.40 72.11 52.83 330.63 52.83 170.52 
500.40 72.11 52.83 330.63 52.83 170.52 
500.40 72.11 52.83 330.63 52.83 170.52 
500.40 72.11 52.83 330.63 52.83 170.52 
500.40 72.11 52.83 330.63 52.83 170.52 
500.40 72.11 52.83 330.63 52.83 170.52 
500.40 72.11 52.83 330.63 52.83 170.52 
500.40 72.11 52.83 330.63 52.83 170.52 
500.40 72.11 52.83 330.63 52.83 170.52 
500.40 72.11 52.83 330.63 52.83 170.52 
500.40 72.11 52.83 330.63 52.83 170.52 
500.40 72.11 52.83 330.63 52.83 170.52 
500.40 72.11 52.83 330.63 52.83 170.52 
500.40 72.11 52.83 330.63 52.83 170.52 
500.40 72.11 52.83 330.63 52.83 170.52 
500.40 72.11 52.83 330.63 52.83 170.52 
500.40 72.11 52.83 330.63 52.83 170.52 
500.40 72.11 52.83 330.63 52.83 170.52 
500.40 72.11 52.83 330.63 52.83 170.52 
500.40 72.11 52.83 330.63 52.83 170.52 
500.40 72.11 52.83 330.63 52.83 170.52 
500.40 72.11 52.83 330.63 52.83 170.52 
500.40 72.11 52.83 330.63 52.83 170.52 
500.40 72.11 52.83 330.63 52.83 170.52 
500.40 72.11 52.83 330.63 52.83 170.52 
500.40 72.11 52.83 330.63 52.83 170.52 
500.40 72.11 52.83 330.63 52.83 170.52 
500.40 72.11 52.83 330.63 52.83 170.52 
500.40 72.11 52.83 330.63 52.83 170.52 
500.40 72.11 52.83 330.63 52.83 170.52 
500.40 72.11 52.83 330.63 52.83 170.52 
500.40 72.11 52.83 330.63 52.83 170.52 
500.40 72.11 52.83 330.63 52.83 170.52 
500.40 72.11 52.83 330.63 52.83 170.52 
500.40 72.11 52.83 330.63 52.83 170.52 
500.40 72.11 52.83 330.63 52.83 170.52 
500.40 72.11 52.83 330.63 52.83 170.52 
500.40 72.11 52.83 330.63 52.83 170.52 
500.40 72.11 52.83 330.63 52.83 170.52 
500.40 72.11 52.83 330.63 52.83 170.52 
500.40 72.11 52.83 330.63 52.83 170.52 
500.40 72.11 52.83 330.63 52.83 170.52 
500.40 72.11 52.83 330.63 52.83 170.52 
500.40 72.11 52.83 330.63 52.83 170.52 
500.40 72.11 52.83 330.63 52.83 170.52 
500.40 72.11 52.83 330.63 52.83 170.52 
500.40 72.11 52.83 330.63 52.83 170.52 
500.40 72.11 52.83 330.63 52.83 170.52 
500.40 72.11 52.83 330.63 52.83 170.52 
500.40 72.11 52.83 330.63 52.83 170.52 
500.40 72.11 52.83 330.63 52.83 170.52 
500.40 72.11 52.83 330.63 52.83 170.52 
500.40 72.11 52.83 330.63 52.83 170.52 
500.40 72.11 52.83 330.63 52.83 170.52 
500.40 72.11 52.83 330.63 52.83 170.52 
500.40 72.11 52.83 330.63 52.83 170.52 
500.40 72.11 52.83 330.63 52.83 170.52 
500.40 72.11 52.83 330.63 52.83 170.52 
500.40 72.11 52.83 330.63 52.83 170.52 
500.40 72.11 52.83 330.63 52.83 170.52 
500.40 72.11 52.83 330.63 52.83 170.52 
500.40 72.11 52.83 330.63 52.83 170.52 
500.40 72.11 52.83 330.63 52.83 170.52 
500.40 72.11 52.83 330.63 52.83 170.52 
500.40 72.11 52.83 330.63 52.83 170.52 
500.40 72.11 52.83 330.63 52.83 170.52 
500.40 72.11 52.83 330.63 52.83 170.52 
500.40 72.11 52.83 330.63 52.83 170.52 
500.40 72.11 52.83 330.63 52.83 170.52 
500.40 72.11 52.83 330.63 52.83 170.52 
500.40 72.11 52.83 330.63 52.83 170.52 
500.40 72.11 52.83 330.63 52.83 170.52 
500.40 72.11 52.83 330.63 52.83 170.52 
500.40 72.11 52.83 330.63 52.83 170.52 
500.40 72.11 52.83 330.63 52.83 170.52 
500.40 72.11 52.83 330.63 52.83 170.52 
500.40 72.11 52.83 330.63 52.83 170.52 
500.40 72.11 52.83 330.63 52.83 170.52 
500.40 72.11 52.83 330.63 52.83 170.52 
500.40 72.11 52.83 330.63 52.83 170.52 
500.40 72.11 52.83 330.63 52.83 170.52 
500.40 72.11 52.83 330.63 52.83 170.52 
500.40 72.11 52.83 330.63 52.83 170.52 
500.40 72.11 52.83 330.63 52.83 170.52 
500.40 72.11 52.83 330.63 52.83 170.52 
500.40 72.11 52.83 330.63 52.83 170.52 
500.40 72.11 52.83 330.63 52.83 170.52 
500.40 72.11 52.83 330.63 52.83 170.52 
500.40 72.11 52.83 330.63 52.83 170.52 
500.40 72.11 52.83 330.63 52.83 170.52 
500.40 72.11 52.83 330.63 52.83 170.52 
500.40 72.11 52.83 330.63 52.83 170.52 
500.40 72.11 52.83 330.63 52.83 170.52 
500.40 72.11 52.83 330.63 52.83 170.52 
500.40 72.11 52.83 330.63 52.83 170.52 
500.40 72.11 52.83 330.63 52.83 170.52 
500.40 72.11 52.83 330.63 52.83 170.52 
500.40 72.11 52.83 330.63 52.83 170.52 
500.40 72.11 52.83 330.63 52.83 170.52 
500.40 72.11 52.83 330.63 52.83 170.52 
500.40 72.11 52.83 330.63 52.83 170.52 
500.40 72.11 52.83 330.63 52.83 170.52 
500.40 72.11 52.83 330.63 52.83 170.52 
500.40 72.11 52.83 330.63 52.83 170.52 
500.40 72.11 52.83 330.63 52.83 170.52 
500.40 72.11 52.83 330.63 52.83 170.52 
500.40 72.11 52.83 330.63 52.83 170.52 
500.40 72.11 52.83 330.63 52.83 170.52 
500.40 72.11 52.83 330.63 52.83 170.52 
500.40 72.11 52.83 330.63 52.83 170.52 
500.40 72.11 52.83 330.63 52.83 170.52 
500.40 72.11 52.83 330.63 52.83 170.52 
500.40 72.11 52.83 330.63 52.83 170.52 
500.40 72.11 52.83 330.63 52.83 170.52 
500.40 72.11 52.83 330.63 52.83 170.52 
500.40 72.11 52.83 330.63 52.83 170.52 
500.40 72.11 52.83 330.63 52.83 170.52 
500.40 72.11 52.83 330.63 52.83 170.52 
500.40 72.11 52.83 330.63 52.83 170.52 
500.40 72.11 52.83 330.63 52.83 170.52 
500.40 72.11 52.83 330.63 52.83 170.52 
500.40 72.11 52.83 330.63 52.83 170.52 
500.40 72.11 52.83 330.63 52.83 170.52 
500.40 72.11 52.83 330.63 52.83 170.52 
500.40 72.11 52.83 330.63 52.83 170.52 
500.40 72.11 52.83 330.63 52.83 170.52 
500.40 72.11 52.83 330.63 52.83 170.52 
500.40 72.11 52.83 330.63 52.83 170.52 
500.40 72.11 52.83 330.63 52.83 170.52 
500.40 72.11 52.83 330.63 52.83 170.52 
500.40 72.11 52.83 330.63 52.83 170.52 
500.40 72.11 52.83 330.63 52.83 170.52 
500.40 72.11 52.83 330.63 52.83 170.52 
500.40 72.11 52.83 330.63 52.83 170.52 
500.40 72.11 52.83 330.63 52.83 170.52 
500.40 72.11 52.83 330.63 52.83 170.52 
500.40 72.11 52.83 330.63 52.83 170.52 
500.40 72.11 52.83 330.63 52.83 170.52 
500.40 72.11 52.83 330.63 52.83 170.52 
500.40 72.11 52.83 330.63 52.83 170.52 
500.40 72.11 52.83 330.63 52.83 170.52 
500.40 72.11 52.83 330.63 52.83 170.52 
500.40 72.11 52.83 330.63 52.83 170.52 
500.40 72.11 52.83 330.63 52.83 170.52 
500.40 72.11 52.83 330.63 52.83 170.52 
500.40 72.11 52.83 330.63 52.83 170.52 
500.40 72.11 52.83 330.63 52.83 170.52 
500.40 72.11 52.83 330.63 52.83 170.52 
500.40 72.11 52.83 330.63 52.83 170.52 
500.40 72.11 52.83 330.63 52.83 170.52 
500.40 72.11 52.83 330.63 52.83 170.52 
500.40 72.11 52.83 330.63 52.83 170.52 
500.40 72.11 52.83 330.63 52.83 170.52 
500.40 72.11 52.83 330.63 52.83 170.52 
500.40 72.11 52.83 330.63 52.83 170.52 
500.40 72.11 52.83 330.63 52.83 170.52 
500.40 72.11 52.83 330.63 52.83 170.52 
500.40 72.11 52.83 330.63 52.83 170.52 
500.40 72.11 52.83 330.63 52.83 170.52 
500.40 72.11 52.83 330.63 52.83 170.52 
500.40 72.11 52.83 330.63 52.83 170.52 
500.40 72.11 52.83 330.63 52.83 170.52 
500.40 72.11 52.83 330.63 52.83 170.52 
500.40 72.11 52.83 330.63 52.83 170.52 
500.40 72.11 52.83 330.63 52.83 170.52 
500.40 72.11 52.83 330.63 52.83 170.52 
500.40 72.11 52.83 330.63 52.83 170.52 
500.40 72.11 52.83 330.63 52.83 170.52 
500.40 72.11 52.83 330.63 52.83 170.52 
500.40 72.11 52.83 330.63 52.83 170.52 
500.40 72.11 52.83 330.63 52.83 170.52 
500.40 72.11 52.83 330.63 52.83 170.52 
500.40 72.11 52.83 330.63 52.83 170.52 
500.40 72.11 52.83 330.63 52.83 170.52 
500.40 72.11 52.83 330.63 52.83 170.52 
500.40 72.11 52.83 330.63 52.83 170.52 
500.40 72.11 52.83 330.63 52.83 170.52 
500.40 72.11 52.83 330.63 52.83 170.52 
500.40 72.11 52.83 330.63 52.83 170.52 
500.40 72.11 52.83 330.63 52.83 170.52 
500.40 72.11 52.83 330.63 52.83 170.52 
500.40 72.11 52.83 330.63 52.83 170.52 
500.40 72.11 52.83 330.63 52.83 170.52 
500.40 72.11 52.83 330.63 52.83 170.52 
500.40 72.11 52.83 330.63 52.83 170.52 
500.40 72.11 52.83 330.63 52.83 170.52 
500.40 72.11 52.83 330.63 52.83 170.52 
500.40 72.11 52.83 330.63 52.83 170.52 
500.40 72.11 52.83 330.63 52.83 170.52 
500.40 72.11 52.83 330.63 52.83 170.52 
500.40 72.11 52.83 330.63 52.83 170.52 
500.40 72.11 52.83 330.63 52.83 170.52 
500.40 72.11 52.83 330.63 52.83 170.52 
500.40 72.11 52.83 330.63 52.83 170.52 
500.40 72.11 52.83 330.63 52.83 170.52 
500.40 72.11 52.83 330.63 52.83 170.52 
500.40 72.11 52.83 330.63 52.83 170.52 
500.40 72.11 52.83 330.63 52.83 170.52 
500.40 72.11 52.83 330.63 52.83 170.52 
500.40 72.11 52.83 330.63 52.83 170.52 
500.40 72.11 52.83 330.63 52.83 170.52 
500.40 72.11 52.83 330.63 52.83 170.52 
500.40 72.11 52.83 330.63 52.83 170.52 
500.40 72.11 52.83 330.63 52.83 170.52 
500.40 72.11 52.83 330.63 52.83 170.52 
500.40 72.11 52.83 330.63 52.83 170.52 
500.40 72.11 52.83 330.63 52.83 170.52 
500.40 72.11 52.83 330.63 52.83 170.52 
500.40 72.11 52.83 330.63 52.83 170.52 
500.40 72.11 52.83 330.63 52.83 170.52 
500.40 72.11 52.83 330.63 52.83 170.52 
500.40 72.11 52.83 330.63 52.83 170.52 
500.40 72.11 52.83 330.63 52.83 170.52 
500.40 72.11 52.83 330.63 52.83 170.52 
500.40 72.11 52.83 330.63 52.83 170.52 
500.40 72.11 52.83 330.63 52.83 170.52 
500.40 72.11 52.83 330.63 52.83 170.52 
500.40 72.11 52.83 330.63 52.83 170.52 
500.40 72.11 52.83 330.63 52.83 170.52 
500.40 72.11 52.83 330.63 52.83 170.52 
500.40 72.11 52.83 330.63 52.83 170.52 
500.40 72.11 52.83 330.63 52.83 170.52 
500.40 72.11 52.83 330.63 52.83 170.52 
500.40 72.11 52.83 330.63 52.83 170.52 
500.40 72.11 52.83 330.63 52.83 170.52 
500.40 72.11 52.83 330.63 52.83 170.52 
500.40 72.11 52.83 330.63 52.83 170.52 
500.40 72.11 52.83 330.63 52.83 170.52 
500.40 72.11 52.83 330.63 52.83 170.52 
500.40 72.11 52.83 330.63 52.83 170.52 
500.40 72.11 52.83 330.63 52.83 170.52 
500.40 72.11 52.83 330.63 52.83 170.52 
500.40 72.11 52.83 330.63 52.83 170.52 
500.40 72.11 52.83 330.63 52.83 170.52 
500.40 72.11 52.83 330.63 52.83 170.52 
500.40 72.11 52.83 330.63 52.83 170.52 
500.40 72.11 52.83 330.63 52.83 170.52 
500.40 72.11 52.83 330.63 52.83 170.52 
500.40 72.11 52.83 330.63 52.83 170.52 
500.40 72.11 52.83 330.63 52.83 170.52 
500.40 72.11 52.83 330.63 52.83 170.52 
500.40 72.11 52.83 330.63 52.83 170.52 
500.40 72.11 52.83 330.63 52.83 170.52 
500.40 72.11 52.83 330.63 52.83 170.52 
500.40 72.11 52.83 330.63 52.83 170.52 
500.40 72.11 52.83 330.63 52.83 170.52 
500.40 72.11 52.83 330.63 52.83 170.52 
500.40 72.11 52.83 330.63 52.83 170.52 
500.40 72.11 52.83 330.63 52.83 170.52 
500.40 72.11 52.83 330.63 52.83 170.52 
500.40 72.11 52.83 330.63 52.83 170.52 
500.40 72.11 52.83 330.63 52.83 170.52 
500.40 72.11 52.83 330.63 52.83 170.52 
500.40 72.11 52.83 330.63 52.83 170.52 
500.40 72.11 52.83 330.63 52.83 170.52 
500.40 72.11 52.83 330.63 52.83 170.52 
500.40 72.11 52.83 330.63 52.83 170.52 
500.40 72.11 52.83 330.63 52.83 170.52 
500.40 72.11 52.83 330.63 52.83 170.52 
500.40 72.11 52.83 330.63 52.83 170.52 
500.40 72.11 52.83 330.63 52.83 170.52 
500.40 72.11 52.83 330.63 52.83 170.52 
500.40 72.11 52.83 330.63 52.83 170.52 
500.40 72.11 52.83 330.63 52.83 170.52 
500.40 72.11 52.83 330.63 52.83 170.52 
500.40 72.11 52.83 330.63 52.83 170.52 
500.40 72.11 52.83 330.63 52.83 170.52 
500.40 72.11 52.83 330.63 52.83 170.52 
500.40 72.11 52.83 330.63 52.83 170.52 
500.40 72.11 52.83 330.63 52.83 170.52 
500.40 72.11 52.83 330.63 52.83 170.52 
500.40 72.11 52.83 330.63 52.83 170.52 
500.40 72.11 52.83 330.63 52.83 170.52 
500.40 72.11 52.83 330.63 52.83 170.52 
500.40 72.11 52.83 330.63 52.83 170.52 
500.40 72.11 52.83 330.63 52.83 170.52 
500.40 72.11 52.83 330.63 52.83 170.52 
500.40 72.11 52.83 330.63 52.83 170.52 
500.40 72.11 52.83 330.63 52.83 170.52 
500.40 72.11 52.83 330.63 52.83 170.52 
500.40 72.11 52.83 330.63 52.83 170.52 
500.40 72.11 52.83 330.63 52.83 170.52 
500.40 72.11 52.83 330.63 52.83 170.52 
500.40 72.11 52.83 330.63 52.83 170.52 
500.40 72.11 52.83 330.63 52.83 170.52 
500.40 72.11 52.83 330.63 52.83 170.52 
500.40 72.11 52.83 330.63 52.83 170.52 
500.40 72.11 52.83 330.63 52.83 170.52 
500.40 72.11 52.83 330.63 52.83 170.52 
500.40 72.11 52.83 330.63 52.83 170.52 
500.40 72.11 52.83 330.63 52.83 170.52 
500.40 72.11 52.83 330.63 52.83 170.52 
500.40 72.11 52.83 330.63 52.83 170.52 
500.40 72.11 52.83 330.63 52.83 170.52 
500.40 72.11 52.83 330.63 52.83 170.52 
500.40 72.11 52.83 330.63 52.83 170.52 
500.40 72.11 52.83 330.63 52.83 170.52 
500.40 72.11 52.83 330.63 52.83 170.52 
500.40 72.11 52.83 330.63 52.83 170.52 
500.40 72.11 52.83 330.63 52.83 170.52 
500.40 72.11 52.83 330.63 52.83 170.52 
500.40 72.11 52.83 330.63 52.83 170.52 
500.40 72.11 52.83 330.63 52.83 170.52 
500.40 72.11 52.83 330.63 52.83 170.52 
500.40 72.11 52.83 330.63 52.83 170.52 
500.40 72.11 52.83 330.63 52.83 170.52 
500.40 72.11 52.83 330.63 52.83 170.52 
500.40 72.11 52.83 330.63 52.83 170.52 
500.40 72.11 52.83 330.63 52.83 170.52 
500.40 72.11 52.83 330.63 52.83 170.52 
500.40 72.11 52.83 330.63 52.83 170.52 
500.40 72.11 52.83 330.63 52.83 170.52 
500.40 72.11 52.83 330.63 52.83 170.52 
500.40 72.11 52.83 330.63 52.83 170.52 
500.40 72.11 52.83 330.63 52.83 170.52 
500.40 72.11 52.83 330.63 52.83 170.52 
500.40 72.11 52.83 330.63 52.83 170.52 
500.40 72.11 52.83 330.63 52.83 170.52 
500.40 72.11 52.83 330.63 52.83 170.52 
500.40 72.11 52.83 330.63 52.83 170.52 
500.40 72.11 52.83 330.63 52.83 170.52 
500.40 72.11 52.83 330.63 52.83 170.52 
500.40 72.11 52.83 330.63 52.83 170.52 
500.40 72.11 52.83 330.63 52.83 170.52 
500.40 72.11 52.83 330.63 52.83 170.52 
500.40 72.11 52.83 330.63 52.83 170.52 
500.40 72.11 52.83 330.63 52.83 170.52 
500.40 72.11 52.83 330.63 52.83 170.52 
500.40 72.11 52.83 330.63 52.83 170.52 
500.40 72.11 52.83 330.63 52.83 170.52 
500.40 72.11 52.83 330.63 52.83 170.52 
500.40 72.11 52.83 330.63 52.83 170.52 
500.40 72.11 52.83 330.63 52.83 170.52 
500.40 72.11 52.83 330.63 52.83 170.52 
500.40 72.11 52.83 330.63 52.83 170.52 
500.40 72.11 52.83 330.63 52.83 170.52 
500.40 72.11 52.83 330.63 52.83 170.52 
500.40 72.11 52.83 330.63 52.83 170.52 
500.40 72.11 52.83 330.63 52.83 170.52 
500.40 72.11 52.83 330.63 52.83 170.52 
500.40 72.11 52.83 330.63 52.83 170.52 
500.40 72.11 52.83 330.63 52.83 170.52 
500.40 72.11 52.83 330.63 52.83 170.52 
500.40 72.11 52.83 330.63 52.83 170.52 
500.40 72.11 52.83 330.63 52.83 170.52 
500.40 72.11 52.83 330.63 52.83 170.52 
500.40 72.11 52.83 330.63 52.83 170.52 
500.40 72.11 52.83 330.63 52.83 170.52 
500.40 72.11 52.83 330.63 52.83 170.52 
500.40 72.11 52.83 330.63 52.83 170.52 
500.40 72.11 52.83 330.63 52.83 170.52 
500.40 72.11 52.83 330.63 52.83 170.52 
500.40 72.11 52.83 330.63 52.83 170.52 
500.40 72.11 52.83 330.63 52.83 170.52 
500.40 72.11 52.83 330.63 52.83 170.52 
500.40 72.11 52.83 330.63 52.83 170.52 
500.40 72.11 52.83 330.63 52.83 170.52 
500.40 72.11 52.83 330.63 52.83 170.52 
500.40 72.11 52.83 330.63 52.83 170.52 
500.40 72.11 52.83 330.63 52.83 170.52 
500.40 72.11 52.83 330.63 52.83 170.52 
500.40 72.11 52.83 330.63 52.83 170.52 
500.40 72.11 52.83 330.63 52.83 170.52 
500.40 72.11 52.83 330.63 52.83 170.52 
500.40 72.11 52.83 330.63 52.83 170.52 
500.40 72.11 52.83 330.63 52.83 170.52 
500.40 72.11 52.83 330.63 52.83 170.52 
500.40 72.11 52.83 330.63 52.83 170.52 
500.40 72.11 52.83 330.63 52.83 170.52 
500.40 72.11 52.83 330.63 52.83 170.52 
500.40 72.11 52.83 330.63 52.83 170.52 
500.40 72.11 52.83 330.63 52.83 170.52 
500.40 72.11 52.83 330.63 52.83 170.52 
500.40 72.11 52.83 330.63 52.83 170.52 
500.40 72.11 52.83 330.63 52.83 170.52 
500.40 72.11 52.83 330.63 52.83 170.52 
500.40 72.11 52.83 330.63 52.83 170.52 
500.40 72.11 52.83 330.63 52.83 170.52 
500.40 72.11 52.83 330.63 52.83 170.52 
500.40 72.11 52.83 330.63 52.83 170.52 
500.40 72.11 52.83 330.63 52.83 170.52 
500.40 72.11 52.83 330.63 52.83 170.52 
500.40 72.11 52.83 330.63 52.83 170.52 
500.40 72.11 52.83 330.63 52.83 170.52 
500.40 72.11 52.83 330.63 52.83 170.52 
500.40 72.11 52.83 330.63 52.83 170.52 
500.40 72.11 52.83 330.63 52.83 170.52 
500.40 72.11 52.83 330.63 52.83 170.52 
500.40 72.11 52.83 330.63 52.83 170.52 
500.40 72.11 52.83 330.63 52.83 170.52 
500.40 72.11 52.83 330.63 52.83 170.52 
500.40 72.11 52.83 330.63 52.83 170.52 
500.40 72.11 52.83 330.63 52.83 170.52 
500.40 72.11 52.83 330.63 52.83 170.52 
500.40 72.11 52.83 330.63 52.83 170.52 
500.40 72.11 52.83 330.63 52.83 170.52 
500.40 72.11 52.83 330.63 52.83 170.52 
500.40 72.11 52.83 330.63 52.83 170.52 
500.40 72.11 52.83 330.63 52.83 170.52 
500.40 72.11 52.83 330.63 52.83 170.52 
500.40 72.11 52.83 330.63 52.83 170.52 
500.40 72.11 52.83 330.63 52.83 170.52 
500.40 72.11 52.83 330.63 52.83 170.52 
500.40 72.11 52.83 330.63 52.83 170.52 
500.40 72.11 52.83 330.63 52.83 170.52 
500.40 72.11 52.83 330.63 52.83 170.52 
500.40 72.11 52.83 330.63 52.83 170.52 
500.40 72.11 52.83 330.63 52.83 170.52 
500.40 72.11 52.83 330.63 52.83 170.52 
500.40 72.11 52.83 330.63 52.83 170.52 
500.40 72.11 52.83 330.63 52.83 170.52 
500.40 72.11 52.83 330.63 52.83 170.52 
500.40 72.11 52.83 330.63 52.83 170.52 
500.40 72.11 52.83 330.63 52.83 170.52 
500.40 72.11 52.83 330.63 52.83 170.52 
500.40 72.11 52.83 330.63 52.83 170.52 
500.40 72.11 52.83 330.63 52.83 170.52 
500.40 72.11 52.83 330.63 52.83 170.52 
500.40 72.11 52.83 330.63 52.83 170.52 
500.40 72.11 52.83 330.63 52.83 170.52 
500.40 72.11 52.83 330.63 52.83 170.52 
500.40 72.11 52.83 330.63 52.83 170.52 
500.40 72.11 52.83 330.63 52.83 170.52 
500.40 72.11 52.83 330.63 52.83 170.52 
500.40 72.11 52.83 330.63 52.83 170.52 
500.40 72.11 52.83 330.63 52.83 170.52 
500.40 72.11 52.83 330.63 52.83 170.52 
500.40 72.11 52.83 330.63 52.83 170.52 
500.40 72.11 52.83 330.63 52.83 170.52 
500.40 72.11 52.83 330.63 52.83 170.52 
500.40 72.11 52.83 330.63 52.83 170.52 
500.40 72.11 52.83 330.63 52.83 170.52 
500.40 72.11 52.83 330.63 52.83 170.52 
500.40 72.11 52.83 330.63 52.83 170.52 
500.40 72.11 52.83 330.63 52.83 170.52 
500.40 72.11 52.83 330.63 52.83 170.52 
500.40 72.11 52.83 330.63 52.83 170.52 
500.40 72.11 52.83 330.63 52.83 170.52 
500.40 72.11 52.83 330.63 52.83 170.52 
500.40 72.11 52.83 330.63 52.83 170.52 
500.40 72.11 52.83 330.63 52.83 170.52 
500.40 72.11 52.83 330.63 52.83 170.52 
500.40 72.11 52.83 330.63 52.83 170.52 
500.40 72.11 52.83 330.63 52.83 170.52 
500.40 72.11 52.83 330.63 52.83 170.52 
500.40 72.11 52.83 330.63 52.83 170.52 
500.40 72.11 52.83 330.63 52.83 170.52 
500.40 72.11 52.83 330.63 52.83 170.52 
500.40 72.11 52.83 330.63 52.83 170.52 
500.40 72.11 52.83 330.63 52.83 170.52 
500.40 72.11 52.83 330.63 52.83 170.52 
500.40 72.11 52.83 330.63 52.83 170.52 
500.40 72.11 52.83 330.63 52.83 170.52 
500.40 72.11 52.83 330.63 52.83 170.52 
500.40 72.11 52.83 330.63 52.83 170.52 
500.40 72.11 52.83 330.63 52.83 170.52 
500.40 72.11 52.83 330.63 52.83 170.52 
500.40 72.11 52.83 330.63 52.83 170.52 
500.40 72.11 52.83 330.63 52.83 170.52 
500.40 72.11 52.83 330.63 52.83 170.52 
500.40 72.11 52.83 330.63 52.83 170.52 
500.40 72.11 52.83 330.63 52.83 170.52 
500.40 72.11 52.83 330.63 52.83 170.52 
500.40 72.11 52.83 330.63 52.83 170.52 
500.40 72.11 52.83 330.63 52.83 170.52 
500.40 72.11 52.83 330.63 52.83 170.52 
500.40 72.11 52.83 330.63 52.83 170.52 
500.40 72.11 52.83 330.63 52.83 170.52 
500.40 72.11 52.83 330.63 52.83 170.52 
500.40 72.11 52.83 330.63 52.83 170.52 
500.40 72.11 52.83 330.63 52.83 170.52 
500.40 72.11 52.83 330.63 52.83 170.52 
500.40 72.11 52.83 330.63 52.83 170.52 
500.40 72.11 52.83 330.63 52.83 170.52 
500.40 72.11 52.83 330.63 52.83 170.52 
500.40 72.11 52.83 330.63 52.83 170.52 
500.40 72.11 52.83 330.63 52.83 170.52 
500.40 72.11 52.83 330.63 52.83 170.52 
500.40 72.11 52.83 330.63 52.83 170.52 
500.40 72.11 52.83 330.63 52.83 170.52 
500.40 72.11 52.83 330.63 52.83 170.52 
500.40 72.11 52.83 330.63 52.83 170.52 
500.40 72.11 52.83 330.63 52.83 170.52 
500.40 72.11 52.83 330.63 52.83 170.52 
500.40 72.11 52.83 330.63 52.83 170.52 
500.40 72.11 52.83 330.63 52.83 170.52 
500.40 72.11 52.83 330.63 52.83 170.52 
500.40 72.11 52.83 330.63 52.83 170.52 
500.40 72.11 52.83 330.63 52.83 170.52 
500.40 72.11 52.83 330.63 52.83 170.52 
500.40 72.11 52.83 330.63 52.83 170.52 
500.40 72.11 52.83 330.63 52.83 170.52 
500.40 72.11 52.83 330.63 52.83 170.52 
500.40 72.11 52.83 330.63 52.83 170.52 
500.40 72.11 52.83 330.63 52.83 170.52 
500.40 72.11 52.83 330.63 52.83 170.52 
500.40 72.11 52.83 330.63 52.83 170.52 
500.40 72.11 52.83 330.63 52.83 170.52 
500.40 72.11 52.83 330.63 52.83 170.52 
500.40 72.11 52.83 330.63 52.83 170.52 
500.40 72.11 52.83 330.63 52.83 170.52 
500.40 72.11 52.83 330.63 52.83 170.52 
500.40 72.11 52.83 330.63 52.83 170.52 
500.40 72.11 52.83 330.63 52.83 170.52 
500.40 72.11 52.83 330.63 52.83 170.52 
500.40 72.11 52.83 330.63 52.83 170.52 
500.40 72.11 52.83 330.63 52.83 170.52 
500.40 72.11 52.83 330.63 52.83 170.52 
500.40 72.11 52.83 330.63 52.83 170.52 
500.40 72.11 52.83 330.63 52.83 170.52 
500.40 72.11 52.83 330.63 52.83 170.52 
500.40 72.11 52.83 330.63 52.83 170.52 
500.40 72.11 52.83 330.63 52.83 170.52 
500.40 72.11 52.83 330.63 52.83 170.52 
500.40 72.11 52.83 330.63 52.83 170.52 
500.40 72.11 52.83 330.63 52.83 170.52 
500.40 72.11 52.83 330.63 52.83 170.52 
500.40 72.11 52.83 330.63 52.83 170.52 
500.40 72.11 52.83 330.63 52.83 170.52 
500.40 72.11 52.83 330.63 52.83 170.52 
500.40 72.11 52.83 330.63 52.83 170.52 
500.40 72.11 52.83 330.63 52.83 170.52 
500.40 72.11 52.83 330.63 52.83 170.52 
500.40 72.11 52.83 330.63 52.83 170.52 
500.40 72.11 52.83 330.63 52.83 170.52 
500.40 72.11 52.83 330.63 52.83 170.52 
500.40 72.11 52.83 330.63 52.83 170.52 
500.40 72.11 52.83 330.63 52.83 170.52 
500.40 72.11 52.83 330.63 52.83 170.52 
500.40 72.11 52.83 330.63 52.83 170.52 
500.40 72.11 52.83 330.63 52.83 170.52 
500.40 72.11 52.83 330.63 52.83 170.52 
500.40 72.11 52.83 330.63 52.83 170.52 
500.40 72.11 52.83 330.63 52.83 170.52 
500.40 72.11 52.83 330.63 52.83 170.52 
500.40 72.11 52.83 330.63 52.83 170.52 
500.40 72.11 52.83 330.63 52.83 170.52 
500.40 72.11 52.83 330.63 52.83 170.52 
500.40 72.11 52.83 330.63 52.83 170.52 
500.40 72.11 52.83 330.63 52.83 170.52 
500.40 72.11 52.83 330.63 52.83 170.52 
500.40 72.11 52.83 330.63 52.83 170.52 
500.40 72.11 52.83 330.63 52.83 170.52 
500.40 72.11 52.83 330.63 52.83 170.52 
500.40 72.11 52.83 330.63 52.83 170.52 
500.40 72.11 52.83 330.63 52.83 170.52 
500.40 72.11 52.83 330.63 52.83 170.52 
500.40 72.11 52.83 330.63 52.83 170.52 
500.40 72.11 52.83 330.63 52.83 170.52 
500.40 72.11 52.83 330.63 52.83 170.52 
500.40 72.11 52.83 330.63 52.83 170.52 
500.40 72.11 52.83 330.63 52.83 170.52 
500.40 72.11 52.83 330.63 52.83 170.52 
500.40 72.11 52.83 330.63 52.83 170.52 
500.40 72.11 52.83 330.63 52.83 170.52 
500.40 72.11 52.83 330.63 52.83 170.52 
500.40 72.11 52.83 330.63 52.83 170.52 
500.40 72.11 52.83 330.63 52.83 170.52 
500.40 72.11 52.83 330.63 52.83 170.52 
500.40 72.11 52.83 330.63 52.83 170.52 
500.40 72.11 52.83 330.63 52.83 170.52 
500.40 72.11 52.83 330.63 52.83 170.52 
500.40 72.11 52.83 330.63 52.83 170.52 
500.40 72.11 52.83 330.63 52.83 170.52 
500.40 72.11 52.83 330.63 52.83 170.52 
500.40 72.11 52.83 330.63 52.83 170.52 
500.40 72.11 52.83 330.63 52.83 170.52 
500.40 72.11 52.83 330.63 52.83 170.52 
500.40 72.11 52.83 330.63 52.83 170.52 
500.40 72.11 52.83 330.63 52.83 170.52 
500.40 72.11 52.83 330.63 52.83 170.52 
500.40 72.11 52.83 330.63 52.83 170.52 
500.40 72.11 52.83 330.63 52.83 170.52 
500.40 72.11 52.83 330.63 52.83 170.52 
500.40 72.11 52.83 330.63 52.83 170.52 
500.40 72.11 52.83 330.63 52.83 170.52 
500.40 72.11 52.83 330.63 52.83 170.52 
500.40 72.11 52.83 330.63 52.83 170.52 
500.40 72.11 52.83 330.63 52.83 170.52 
500.40 72.11 52.83 330.63 52.83 170.52 
500.40 72.11 52.83 330.63 52.83 170.52 
500.40 72.11 52.83 330.63 52.83 170.52 
500.40 72.11 52.83 330.63 52.83 170.52 
500.40 72.11 52.83 330.63 52.83 170.52 
500.40 72.11 52.83 330.63 52.83 170.52 
500.40 72.11 52.83 330.63 52.83 170.52 
500.40 72.11 52.83 330.63 52.83 170.52 
500.40 72.11 52.83 330.63 52.83 170.52 
500.40 72.11 52.83 330.63 52.83 170.52 
500.40 72.11 52.83 330.63 52.83 170.52 
500.40 72.11 52.83 330.63 52.83 170.52 
500.40 72.11 52.83 330.63 52.83 170.52 
500.40 72.11 52.83 330.63 52.83 170.52 
500.40 72.11 52.83 330.63 52.83 170.52 
500.40 72.11 52.83 330.63 52.83 170.52 
500.40 72.11 52.83 330.63 52.83 170.52 
500.40 72.11 52.83 330.63 52.83 170.52 
500.40 72.11 52.83 330.63 52.83 170.52 
500.40 72.11 52.83 330.63 52.83 170.52 
500.40 72.11 52.83 330.63 52.83 170.52 
500.40 72.11 52.83 330.63 52.83 170.52 
500.40 72.11 52.83 330.63 52.83 170.52 
500.40 72.11 52.83 330.63 52.83 170.52 
500.40 72.11 52.83 330.63 52.83 170.52 
500.40 72.11 52.83 330.63 52.83 170.52 
500.40 72.11 52.83 330.63 52.83 170.52 
500.40 72.11 52.83 330.63 52.83 170.52 
500.40 72.11 52.83 330.63 52.83 170.52 
500.40 72.11 52.83 330.63 52.83 170.52 
500.40 72.11 52.83 330.63 52.83 170.52 
500.40 72.11 52.83 330.63 52.83 170.52 
500.40 72.11 52.83 330.63 52.83 170.52 
500.40 72.11 52.83 330.63 52.83 170.52 
500.40 72.11 52.83 330.63 52.83 170.52 
500.40 72.11 52.83 330.63 52.83 170.52 
500.40 72.11 52.83 330.63 52.83 170.52 
500.40 72.11 52.83 330.63 52.83 170.52 
500.40 72.11 52.83 330.63 52.83 170.52 
500.40 72.11 52.83 330.63 52.83 170.52 
500.40 72.11 52.83 330.63 52.83 170.52 
500.40 72.11 52.83 330.63 52.83 170.52 
500.40 72.11 52.83 330.63 52.83 170.52 
500.40 72.11 52.83 330.63 52.83 170.52 
500.40 72.11 52.83 330.63 52.83 170.52 
500.40 72.11 52.83 330.63 52.83 170.52 
500.40 72.11 52.83 330.63 52.83 170.52 
500.40 72.11 52.83 330.63 52.83 170.52 
500.40 72.11 52.83 330.63 52.83 170.52 
500.40 72.11 52.83 330.63 52.83 170.52 
500.40 72.11 52.83 330.63 52.83 170.52 
500.40 72.11 52.83 330.63 52.83 170.52 
500.40 72.11 52.83 330.63 52.83 170.52 
500.40 72.11 52.83 330.63 52.83 170.52 
500.40 72.11 52.83 330.63 52.83 170.52 
500.40 72.11 52.83 330.63 52.83 170.52 
500.40 72.11 52.83 330.63 52.83 170.52 
500.40 72.11 52.83 330.63 52.83 170.52 
500.40 72.11 52.83 330.63 52.83 170.52 
500.40 72.11 52.83 330.63 52.83 170.52 
500.40 72.11 52.83 330.63 52.83 170.52 
500.40 72.11 52.83 330.63 52.83 170.52 
500.40 72.11 52.83 330.63 52.83 170.52 
500.40 72.11 52.83 330.63 52.83 170.52 
500.40 72.11 52.83 330.63 52.83 170.52 
500.40 72.11 52.83 330.63 52.83 170.52 
500.40 72.11 52.83 330.63 52.83 170.52 
500.40 72.11 52.83 330.63 52.83 170.52 
500.40 72.11 52.83 330.63 52.83 170.52 
500.40 72.11 52.83 330.63 52.83 170.52 
500.40 72.11 52.83 330.63 52.83 170.52 
500.40 72.11 52.83 330.63 52.83 170.52 
500.40 72.11 52.83 330.63 52.83 170.52 
500.40 72.11 52.83 330.63 52.83 170.52 
500.40 72.11 52.83 330.63 52.83 170.52 
500.40 72.11 52.83 330.63 52.83 170.52 
500.40 72.11 52.83 330.63 52.83 170.52 
500.40 72.11 52.83 330.63 52.83 170.52 
500.40 72.11 52.83 330.63 52.83 170.52 
500.40 72.11 52.83 330.63 52.83 170.52 
500.40 72.11 52.83 330.63 52.83 170.52 
500.40 72.11 52.83 330.63 52.83 170.52 
500.40 72.11 52.83 330.63 52.83 170.52 
500.40 72.11 52.83 330.63 52.83 170.52 
500.40 72.11 52.83 330.63 52.83 170.52 
500.40 72.11 52.83 330.63 52.83 170.52 
500.40 72.11 52.83 330.63 52.83 170.52 
500.40 72.11 52.83 330.63 52.83 170.52 
500.40 72.11 52.83 330.63 52.83 170.52 
500.40 72.11 52.83 330.63 52.83 170.52 
500.40 72.11 52.83 330.63 52.83 170.52 
500.40 72.11 52.83 330.63 52.83 170.52 
500.40 72.11 52.83 330.63 52.83 170.52 
500.40 72.11 52.83 330.63 52.83 170.52 
500.40 72.11 52.83 330.63 52.83 170.52 
500.40 72.11 52.83 330.63 52.83 170.52 
500.40 72.11 52.83 330.63 52.83 170.51 
500.40 72.11 52.82 330.63 52.82 170.49 
500.40 72.10 52.82 330.62 52.82 170.47 
500.39 72.10 52.81 330.61 52.81 170.43 
500.39 72.10 52.79 330.59 52.79 170.38 
500.37 72.09 52.77 330.55 52.77 170.32 
500.35 72.08 52.74 330.49 52.74 170.24 
500.31 72.06 52.70 330.41 52.70 170.15 
500.26 72.04 52.65 330.31 52.65 170.03 
500.18 72.01 52.59 330.17 52.59 169.90 
500.08 71.97 52.52 330.00 52.52 169.76 
499.94 71.91 52.43 329.80 52.43 169.59 
499.75 71.85 52.33 329.55 52.33 169.41 
499.50 71.76 52.21 329.27 52.21 169.22 
499.19 71.66 52.07 328.95 52.07 169.01 
498.79 71.53 51.91 328.59 51.91 168.79 
498.29 71.37 51.74 328.20 51.74 168.56 
497.67 71.17 51.54 327.79 51.54 168.32 
496.91 70.94 51.33 327.37 51.33 168.08 
496.06 70.67 51.11 326.94 51.11 167.84 
495.20 70.41 50.88 326.50 50.88 167.60 
494.34 70.15 50.66 326.07 50.66 167.36 
493.47 69.89 50.44 325.63 50.44 167.12 
492.60 69.62 50.21 325.19 50.21 166.87 
491.70 69.35 49.98 324.74 49.98 166.63 
490.82 69.09 49.76 324.30 49.76 166.38 
489.93 68.82 49.53 323.85 49.53 166.14 
489.03 68.55 49.30 323.40 49.30 165.89 
488.13 68.28 49.07 322.94 49.07 165.64 
487.22 68.02 48.84 322.48 48.84 165.39 
486.31 67.75 48.61 322.02 48.61 165.14 
485.39 67.48 48.38 321.55 48.38 164.89 
484.47 67.20 48.15 321.09 48.15 164.64 
483.54 66.93 47.92 320.61 47.92 164.39 
482.61 66.66 47.69 320.14 47.69 164.13 
481.67 66.39 47.45 319.66 47.45 163.88 
480.73 66.11 47.22 319.18 47.22 163.62 
479.78 65.84 46.98 318.69 46.98 163.36 
478.82 65.56 46.75 318.21 46.75 163.11 
477.86 65.29 46.51 317.71 46.51 162.85 
476.89 65.01 46.28 317.22 46.28 162.59 
475.92 64.73 46.04 316.72 46.04 162.32 
474.94 64.45 45.80 316.22 45.80 162.06 
473.95 64.17 45.57 315.71 45.57 161.80 
472.96 63.89 45.33 315.20 45.33 161.54 
471.97 63.61 45.09 314.69 45.09 161.27 
470.96 63.33 44.85 314.17 44.85 161.00 
469.95 63.05 44.61 313.65 44.61 160.74 
468.94 62.77 44.37 313.13 44.37 160.47 
467.91 62.48 44.13 312.60 44.13 160.20 
466.89 62.20 43.88 312.07 43.88 159.93 
465.85 61.91 43.64 311.53 43.64 159.66 
464.81 61.63 43.40 310.99 43.40 159.38 
463.76 61.34 43.15 310.45 43.15 159.11 
462.71 61.05 42.91 309.90 42.91 158.84 
461.65 60.76 42.66 309.35 42.66 158.56 
460.58 60.47 42.42 308.79 42.42 158.28 
459.50 60.18 42.17 308.23 42.17 158.01 
458.42 59.89 41.92 307.67 41.92 157.73 
457.33 59.60 41.68 307.10 41.68 157.45 
456.24 59.31 41.43 306.53 41.43 157.17 
455.14 59.02 41.18 305.95 41.18 156.89 
454.03 58.72 40.93 305.37 40.93 156.60 
452.91 58.43 40.68 304.78 40.68 156.32 
451.79 58.14 40.43 304.19 40.43 156.03 
450.66 57.84 40.18 303.60 40.18 155.75 
449.52 57.54 39.93 303.00 39.93 155.46 
448.38 57.25 39.67 302.39 39.67 155.17 
447.23 56.95 39.42 301.78 39.42 154.88 
446.07 56.65 39.17 301.17 39.17 154.59 
444.90 56.35 38.91 300.55 38.91 154.30 
443.72 56.05 38.66 299.93 38.66 154.01 
442.54 55.75 38.41 299.30 38.41 153.71 
441.35 55.45 38.15 298.66 38.15 153.42 
440.15 55.15 37.89 298.03 37.89 153.12 
438.95 54.85 37.64 297.38 37.64 152.83 
437.73 54.54 37.38 296.73 37.38 152.53 
436.51 54.24 37.12 296.08 37.12 152.23 
435.28 53.93 36.87 295.42 36.87 151.93 
434.04 53.63 36.61 294.76 36.61 151.63 
432.80 53.32 36.35 294.09 36.35 151.33 
431.54 53.02 36.09 293.41 36.09 151.02 
430.28 52.71 35.83 292.73 35.83 150.72 
429.01 52.40 35.57 292.05 35.57 150.41 
427.73 52.09 35.31 291.35 35.31 150.11 
426.44 51.78 35.05 290.66 35.05 149.80 
425.14 51.47 34.78 289.95 34.78 149.49 
423.84 51.16 34.52 289.24 34.52 149.18 
422.52 50.85 34.26 288.53 34.26 148.87 
421.20 50.54 34.00 287.81 34.00 148.56 
419.87 50.22 33.73 287.08 33.73 148.24 
418.52 49.91 33.47 286.35 33.47 147.93 
417.17 49.60 33.20 285.61 33.20 147.61 
415.81 49.28 32.94 284.86 32.94 147.30 
414.45 48.97 32.67 284.11 32.67 146.98 
413.07 48.65 32.41 283.35 32.41 146.66 
411.68 48.34 32.14 282.59 32.14 146.34 
410.28 48.02 31.88 281.82 31.88 146.02 
408.87 47.70 31.61 281.04 31.61 145.70 
407.46 47.38 31.34 280.25 31.34 145.38 
406.03 47.06 31.08 279.46 31.08 145.07 
404.59 46.74 30.81 278.67 30.81 144.77 
403.15 46.43 30.55 277.88 30.55 144.48 
401.70 46.11 30.29 277.09 30.29 144.20 
400.24 45.79 30.04 276.33 30.04 143.94 
398.78 45.47 29.79 275.58 29.79 143.70 
397.33 45.16 29.55 274.87 29.55 143.49 
395.88 44.84 29.31 274.20 29.31 143.29 
394.44 44.54 29.09 273.58 29.09 143.11 
393.02 44.24 28.88 273.02 28.88 142.96 
391.64 43.94 28.68 272.52 28.68 142.84 
390.30 43.66 28.50 272.09 28.50 142.73 
389.03 43.39 28.34 271.74 28.34 142.65 
387.85 43.14 28.19 271.46 28.19 142.59 
386.77 42.91 28.07 271.26 28.07 142.55 
385.84 42.71 27.98 271.13 27.98 142.53 
385.10 42.56 27.90 271.06 27.90 142.51 
384.60 42.45 27.86 271.03 27.86 142.51 